 <API - 조위예측극치자료>

대상조위관측소 : 가거도
위도(WGS84) : N 125.1289
경도(WGS84) : E 34.0508
관측기관 : 20201221 ~ 20220101

2020 12 21 05 18 MAX   178
2020 12 21 11 03 MIN    59
2020 12 21 18 05 MAX   209
2020 12 22 00 13 MIN    79
2020 12 22 06 25 MAX   174
2020 12 22 12 07 MIN    78
2020 12 22 19 02 MAX   194
2020 12 23 01 16 MIN    78
2020 12 23 07 37 MAX   175
2020 12 23 13 26 MIN    91
2020 12 23 20 02 MAX   183
2020 12 24 02 18 MIN    73
2020 12 24 08 49 MAX   181
2020 12 24 14 50 MIN    94
2020 12 24 21 01 MAX   177
2020 12 25 03 13 MIN    65
2020 12 25 09 52 MAX   192
2020 12 25 15 59 MIN    91
2020 12 25 21 54 MAX   175
2020 12 26 03 59 MIN    54
2020 12 26 10 43 MAX   204
2020 12 26 16 51 MIN    84
2020 12 26 22 38 MAX   177
2020 12 27 04 39 MIN    43
2020 12 27 11 25 MAX   217
2020 12 27 17 32 MIN    76
2020 12 27 23 16 MAX   180
2020 12 28 05 14 MIN    31
2020 12 28 12 01 MAX   229
2020 12 28 18 07 MIN    69
2020 12 28 23 51 MAX   184
2020 12 29 05 48 MIN    20
2020 12 29 12 34 MAX   239
2020 12 29 18 39 MIN    63
2020 12 30 00 25 MAX   189
2020 12 30 06 22 MIN    10
2020 12 30 13 08 MAX   248
2020 12 30 19 12 MIN    58
2020 12 31 00 59 MAX   192
2020 12 31 06 58 MIN     2
2020 12 31 13 43 MAX   254
2020 12 31 19 46 MIN    54
2021 01 01 01 35 MAX   194
2021 01 01 07 35 MIN    -2
2021 01 01 14 21 MAX   257
2021 01 01 20 24 MIN    53
2021 01 02 02 15 MAX   194
2021 01 02 08 15 MIN    -2
2021 01 02 15 01 MAX   255
2021 01 02 21 03 MIN    52
2021 01 03 02 59 MAX   193
2021 01 03 08 57 MIN     4
2021 01 03 15 44 MAX   250
2021 01 03 21 46 MIN    53
2021 01 04 03 49 MAX   191
2021 01 04 09 43 MIN    14
2021 01 04 16 29 MAX   241
2021 01 04 22 34 MIN    54
2021 01 05 04 45 MAX   190
2021 01 05 10 34 MIN    30
2021 01 05 17 19 MAX   229
2021 01 05 23 27 MIN    54
2021 01 06 05 49 MAX   191
2021 01 06 11 34 MIN    47
2021 01 06 18 14 MAX   215
2021 01 07 00 27 MIN    51
2021 01 07 06 59 MAX   196
2021 01 07 12 46 MIN    63
2021 01 07 19 15 MAX   203
2021 01 08 01 31 MIN    45
2021 01 08 08 14 MAX   205
2021 01 08 14 09 MIN    71
2021 01 08 20 20 MAX   194
2021 01 09 02 37 MIN    34
2021 01 09 09 27 MAX   220
2021 01 09 15 30 MIN    70
2021 01 09 21 26 MAX   190
2021 01 10 03 39 MIN    20
2021 01 10 10 33 MAX   237
2021 01 10 16 38 MIN    62
2021 01 10 22 27 MAX   191
2021 01 11 04 34 MIN     6
2021 01 11 11 30 MAX   252
2021 01 11 17 34 MIN    53
2021 01 11 23 21 MAX   194
2021 01 12 05 25 MIN    -7
2021 01 12 12 21 MAX   263
2021 01 12 18 22 MIN    45
2021 01 13 00 10 MAX   198
2021 01 13 06 12 MIN   -16
2021 01 13 13 06 MAX   269
2021 01 13 19 06 MIN    40
2021 01 14 00 55 MAX   201
2021 01 14 06 56 MIN   -20
2021 01 14 13 49 MAX   268
2021 01 14 19 46 MIN    37
2021 01 15 01 38 MAX   202
2021 01 15 07 38 MIN   -18
2021 01 15 14 29 MAX   262
2021 01 15 20 26 MIN    37
2021 01 16 02 21 MAX   201
2021 01 16 08 19 MIN    -9
2021 01 16 15 08 MAX   252
2021 01 16 21 06 MIN    40
2021 01 17 03 05 MAX   198
2021 01 17 09 00 MIN     4
2021 01 17 15 47 MAX   239
2021 01 17 21 46 MIN    44
2021 01 18 03 50 MAX   193
2021 01 18 09 41 MIN    22
2021 01 18 16 25 MAX   224
2021 01 18 22 27 MIN    50
2021 01 19 04 38 MAX   188
2021 01 19 10 25 MIN    43
2021 01 19 17 05 MAX   206
2021 01 19 23 11 MIN    56
2021 01 20 05 31 MAX   182
2021 01 20 11 14 MIN    65
2021 01 20 17 49 MAX   189
2021 01 21 00 00 MIN    62
2021 01 21 00 00 MIN    62
2021 01 21 06 30 MAX   178
2021 01 21 12 15 MIN    85
2021 01 21 18 40 MAX   173
2021 01 22 00 58 MIN    66
2021 01 22 07 40 MAX   177
2021 01 22 13 37 MIN    99
2021 01 22 19 43 MAX   161
2021 01 23 02 02 MIN    66
2021 01 23 08 55 MAX   182
2021 01 23 15 14 MIN   101
2021 01 23 20 53 MAX   156
2021 01 24 03 06 MIN    60
2021 01 24 10 03 MAX   193
2021 01 24 16 28 MIN    94
2021 01 24 21 57 MAX   158
2021 01 25 04 01 MIN    49
2021 01 25 10 57 MAX   207
2021 01 25 17 16 MIN    83
2021 01 25 22 49 MAX   165
2021 01 26 04 48 MIN    35
2021 01 26 11 40 MAX   221
2021 01 26 17 53 MIN    71
2021 01 26 23 32 MAX   175
2021 01 27 05 30 MIN    20
2021 01 27 12 18 MAX   235
2021 01 27 18 26 MIN    60
2021 01 28 00 10 MAX   184
2021 01 28 06 08 MIN     5
2021 01 28 12 53 MAX   246
2021 01 28 18 59 MIN    49
2021 01 29 00 48 MAX   193
2021 01 29 06 46 MIN    -7
2021 01 29 13 29 MAX   255
2021 01 29 19 31 MIN    39
2021 01 30 01 26 MAX   201
2021 01 30 07 24 MIN   -16
2021 01 30 14 05 MAX   260
2021 01 30 20 06 MIN    31
2021 01 31 02 07 MAX   207
2021 01 31 08 03 MIN   -18
2021 01 31 14 43 MAX   260
2021 01 31 20 43 MIN    25
2021 02 01 02 50 MAX   212
2021 02 01 08 45 MIN   -14
2021 02 01 15 22 MAX   254
2021 02 01 21 22 MIN    23
2021 02 02 03 36 MAX   214
2021 02 02 09 29 MIN    -1
2021 02 02 16 03 MAX   243
2021 02 02 22 04 MIN    23
2021 02 03 04 28 MAX   215
2021 02 03 10 17 MIN    18
2021 02 03 16 47 MAX   227
2021 02 03 22 50 MIN    27
2021 02 04 05 25 MAX   213
2021 02 04 11 13 MIN    42
2021 02 04 17 38 MAX   208
2021 02 04 23 45 MIN    33
2021 02 05 06 32 MAX   210
2021 02 05 12 21 MIN    66
2021 02 05 18 37 MAX   189
2021 02 06 00 49 MIN    38
2021 02 06 07 51 MAX   210
2021 02 06 13 48 MIN    83
2021 02 06 19 50 MAX   175
2021 02 07 02 05 MIN    39
2021 02 07 09 15 MAX   216
2021 02 07 15 26 MIN    85
2021 02 07 21 11 MAX   170
2021 02 08 03 22 MIN    33
2021 02 08 10 31 MAX   228
2021 02 08 16 42 MIN    75
2021 02 08 22 24 MAX   175
2021 02 09 04 29 MIN    21
2021 02 09 11 30 MAX   240
2021 02 09 17 35 MIN    62
2021 02 09 23 22 MAX   184
2021 02 10 05 23 MIN     7
2021 02 10 12 17 MAX   249
2021 02 10 18 17 MIN    50
2021 02 11 00 09 MAX   194
2021 02 11 06 08 MIN    -4
2021 02 11 12 58 MAX   253
2021 02 11 18 54 MIN    39
2021 02 12 00 50 MAX   202
2021 02 12 06 48 MIN   -10
2021 02 12 13 33 MAX   254
2021 02 12 19 29 MIN    30
2021 02 13 01 29 MAX   208
2021 02 13 07 26 MIN   -11
2021 02 13 14 06 MAX   251
2021 02 13 20 02 MIN    24
2021 02 14 02 07 MAX   211
2021 02 14 08 03 MIN    -6
2021 02 14 14 39 MAX   245
2021 02 14 20 36 MIN    23
2021 02 15 02 45 MAX   212
2021 02 15 08 39 MIN     4
2021 02 15 15 11 MAX   235
2021 02 15 21 10 MIN    25
2021 02 16 03 23 MAX   210
2021 02 16 09 15 MIN    19
2021 02 16 15 43 MAX   222
2021 02 16 21 44 MIN    31
2021 02 17 04 04 MAX   206
2021 02 17 09 53 MIN    39
2021 02 17 16 16 MAX   206
2021 02 17 22 19 MIN    40
2021 02 18 04 47 MAX   200
2021 02 18 10 34 MIN    60
2021 02 18 16 51 MAX   188
2021 02 18 22 57 MIN    50
2021 02 19 05 36 MAX   193
2021 02 19 11 22 MIN    82
2021 02 19 17 33 MAX   171
2021 02 19 23 43 MIN    60
2021 02 20 06 36 MAX   187
2021 02 20 12 28 MIN   101
2021 02 20 18 28 MAX   157
2021 02 21 00 43 MIN    68
2021 02 21 07 51 MAX   185
2021 02 21 14 18 MIN   109
2021 02 21 19 48 MAX   149
2021 02 22 02 03 MIN    70
2021 02 22 09 17 MAX   191
2021 02 22 16 03 MIN   102
2021 02 22 21 17 MAX   151
2021 02 23 03 23 MIN    62
2021 02 23 10 26 MAX   204
2021 02 23 16 57 MIN    88
2021 02 23 22 25 MAX   161
2021 02 24 04 24 MIN    46
2021 02 24 11 16 MAX   220
2021 02 24 17 35 MIN    72
2021 02 24 23 15 MAX   176
2021 02 25 05 12 MIN    27
2021 02 25 11 57 MAX   235
2021 02 25 18 06 MIN    55
2021 02 25 23 57 MAX   191
2021 02 26 05 53 MIN     8
2021 02 26 12 32 MAX   248
2021 02 26 18 37 MIN    39
2021 02 27 00 35 MAX   206
2021 02 27 06 32 MIN    -8
2021 02 27 13 07 MAX   258
2021 02 27 19 09 MIN    23
2021 02 28 01 14 MAX   220
2021 02 28 07 10 MIN   -19
2021 02 28 13 42 MAX   264
2021 02 28 19 42 MIN    10
2021 03 01 01 53 MAX   232
2021 03 01 07 49 MIN   -22
2021 03 01 14 18 MAX   263
2021 03 01 20 17 MIN     1
2021 03 02 02 36 MAX   241
2021 03 02 08 30 MIN   -17
2021 03 02 14 56 MAX   255
2021 03 02 20 54 MIN    -2
2021 03 03 03 21 MAX   246
2021 03 03 09 13 MIN    -1
2021 03 03 15 36 MAX   241
2021 03 03 21 35 MIN     2
2021 03 04 04 11 MAX   244
2021 03 04 10 02 MIN    23
2021 03 04 16 20 MAX   222
2021 03 04 22 19 MIN    13
2021 03 05 05 07 MAX   236
2021 03 05 10 56 MIN    52
2021 03 05 17 09 MAX   200
2021 03 05 23 11 MIN    28
2021 03 06 06 14 MAX   225
2021 03 06 12 05 MIN    80
2021 03 06 18 11 MAX   179
2021 03 07 00 17 MIN    44
2021 03 07 07 38 MAX   216
2021 03 07 13 45 MIN    97
2021 03 07 19 35 MAX   165
2021 03 08 01 45 MIN    54
2021 03 08 09 10 MAX   216
2021 03 08 15 35 MIN    94
2021 03 08 21 11 MAX   165
2021 03 09 03 18 MIN    51
2021 03 09 10 28 MAX   223
2021 03 09 16 42 MIN    81
2021 03 09 22 28 MAX   176
2021 03 10 04 28 MIN    39
2021 03 10 11 24 MAX   232
2021 03 10 17 27 MIN    66
2021 03 10 23 22 MAX   190
2021 03 11 05 19 MIN    26
2021 03 11 12 06 MAX   237
2021 03 11 18 02 MIN    51
2021 03 12 00 05 MAX   203
2021 03 12 06 00 MIN    15
2021 03 12 12 41 MAX   240
2021 03 12 18 34 MIN    38
2021 03 13 00 42 MAX   213
2021 03 13 06 36 MIN     8
2021 03 13 13 11 MAX   241
2021 03 13 19 04 MIN    26
2021 03 14 01 16 MAX   221
2021 03 14 07 10 MIN     6
2021 03 14 13 39 MAX   240
2021 03 14 19 34 MIN    18
2021 03 15 01 49 MAX   226
2021 03 15 07 43 MIN     9
2021 03 15 14 07 MAX   236
2021 03 15 20 04 MIN    16
2021 03 16 02 23 MAX   228
2021 03 16 08 16 MIN    17
2021 03 16 14 36 MAX   228
2021 03 16 20 34 MIN    18
2021 03 17 02 57 MAX   229
2021 03 17 08 50 MIN    30
2021 03 17 15 05 MAX   217
2021 03 17 21 04 MIN    24
2021 03 18 03 32 MAX   226
2021 03 18 09 25 MIN    46
2021 03 18 15 35 MAX   204
2021 03 18 21 35 MIN    33
2021 03 19 04 10 MAX   221
2021 03 19 10 03 MIN    65
2021 03 19 16 08 MAX   189
2021 03 19 22 09 MIN    44
2021 03 20 04 54 MAX   214
2021 03 20 10 46 MIN    85
2021 03 20 16 46 MAX   174
2021 03 20 22 49 MIN    57
2021 03 21 05 47 MAX   204
2021 03 21 11 44 MIN   103
2021 03 21 17 37 MAX   160
2021 03 21 23 43 MIN    70
2021 03 22 06 59 MAX   197
2021 03 22 13 24 MIN   114
2021 03 22 18 58 MAX   151
2021 03 23 01 04 MIN    78
2021 03 23 08 28 MAX   197
2021 03 23 15 26 MIN   108
2021 03 23 20 41 MAX   153
2021 03 24 02 43 MIN    74
2021 03 24 09 47 MAX   207
2021 03 24 16 25 MIN    92
2021 03 24 22 00 MAX   167
2021 03 25 03 57 MIN    58
2021 03 25 10 43 MAX   222
2021 03 25 17 03 MIN    72
2021 03 25 22 53 MAX   186
2021 03 26 04 49 MIN    38
2021 03 26 11 25 MAX   236
2021 03 26 17 35 MIN    51
2021 03 26 23 36 MAX   206
2021 03 27 05 32 MIN    18
2021 03 27 12 02 MAX   249
2021 03 27 18 06 MIN    30
2021 03 28 00 15 MAX   227
2021 03 28 06 12 MIN     1
2021 03 28 12 37 MAX   258
2021 03 28 18 38 MIN    10
2021 03 29 00 55 MAX   246
2021 03 29 06 52 MIN   -10
2021 03 29 13 13 MAX   261
2021 03 29 19 12 MIN    -5
2021 03 30 01 35 MAX   262
2021 03 30 07 32 MIN   -12
2021 03 30 13 50 MAX   258
2021 03 30 19 48 MIN   -14
2021 03 31 02 18 MAX   272
2021 03 31 08 14 MIN    -4
2021 03 31 14 29 MAX   248
2021 03 31 20 26 MIN   -15
2021 04 01 03 05 MAX   274
2021 04 01 08 59 MIN    14
2021 04 01 15 11 MAX   233
2021 04 01 21 08 MIN    -6
2021 04 02 03 56 MAX   268
2021 04 02 09 48 MIN    40
2021 04 02 15 57 MAX   213
2021 04 02 21 53 MIN    11
2021 04 03 04 53 MAX   254
2021 04 03 10 46 MIN    68
2021 04 03 16 49 MAX   192
2021 04 03 22 47 MIN    33
2021 04 04 06 03 MAX   237
2021 04 04 12 00 MIN    93
2021 04 04 17 58 MAX   174
2021 04 04 23 56 MIN    55
2021 04 05 07 28 MAX   223
2021 04 05 13 48 MIN   104
2021 04 05 19 32 MAX   166
2021 04 06 01 33 MIN    69
2021 04 06 08 58 MAX   218
2021 04 06 15 24 MIN    98
2021 04 06 21 08 MAX   172
2021 04 07 03 11 MIN    67
2021 04 07 10 11 MAX   220
2021 04 07 16 22 MIN    84
2021 04 07 22 20 MAX   186
2021 04 08 04 18 MIN    57
2021 04 08 11 03 MAX   223
2021 04 08 17 02 MIN    69
2021 04 08 23 11 MAX   201
2021 04 09 05 07 MIN    47
2021 04 09 11 42 MAX   226
2021 04 09 17 35 MIN    54
2021 04 09 23 51 MAX   214
2021 04 10 05 45 MIN    39
2021 04 10 12 14 MAX   227
2021 04 10 18 05 MIN    40
2021 04 11 00 26 MAX   224
2021 04 11 06 19 MIN    33
2021 04 11 12 42 MAX   227
2021 04 11 18 34 MIN    28
2021 04 12 00 58 MAX   232
2021 04 12 06 52 MIN    31
2021 04 12 13 09 MAX   226
2021 04 12 19 03 MIN    21
2021 04 13 01 29 MAX   238
2021 04 13 07 23 MIN    33
2021 04 13 13 35 MAX   223
2021 04 13 19 31 MIN    19
2021 04 14 01 59 MAX   242
2021 04 14 07 55 MIN    38
2021 04 14 14 03 MAX   217
2021 04 14 19 59 MIN    20
2021 04 15 02 31 MAX   244
2021 04 15 08 27 MIN    48
2021 04 15 14 32 MAX   209
2021 04 15 20 28 MIN    25
2021 04 16 03 05 MAX   243
2021 04 16 09 01 MIN    60
2021 04 16 15 02 MAX   199
2021 04 16 20 58 MIN    33
2021 04 17 03 41 MAX   239
2021 04 17 09 39 MIN    75
2021 04 17 15 36 MAX   189
2021 04 17 21 33 MIN    44
2021 04 18 04 24 MAX   231
2021 04 18 10 23 MIN    91
2021 04 18 16 16 MAX   177
2021 04 18 22 14 MIN    57
2021 04 19 05 15 MAX   221
2021 04 19 11 20 MIN   105
2021 04 19 17 09 MAX   166
2021 04 19 23 08 MIN    71
2021 04 20 06 22 MAX   212
2021 04 20 12 47 MIN   113
2021 04 20 18 28 MAX   159
2021 04 21 00 23 MIN    81
2021 04 21 07 43 MAX   209
2021 04 21 14 32 MIN   107
2021 04 21 20 06 MAX   163
2021 04 22 01 59 MIN    81
2021 04 22 09 00 MAX   214
2021 04 22 15 35 MIN    91
2021 04 22 21 25 MAX   178
2021 04 23 03 20 MIN    69
2021 04 23 09 58 MAX   223
2021 04 23 16 18 MIN    70
2021 04 23 22 22 MAX   199
2021 04 24 04 18 MIN    51
2021 04 24 10 44 MAX   234
2021 04 24 16 55 MIN    47
2021 04 24 23 08 MAX   223
2021 04 25 05 06 MIN    33
2021 04 25 11 25 MAX   243
2021 04 25 17 30 MIN    24
2021 04 25 23 50 MAX   247
2021 04 26 05 49 MIN    18
2021 04 26 12 03 MAX   249
2021 04 26 18 05 MIN     3
2021 04 27 00 33 MAX   268
2021 04 27 06 32 MIN     9
2021 04 27 12 41 MAX   250
2021 04 27 18 42 MIN   -12
2021 04 28 01 16 MAX   285
2021 04 28 07 15 MIN     9
2021 04 28 13 22 MAX   245
2021 04 28 19 21 MIN   -20
2021 04 29 02 02 MAX   293
2021 04 29 08 00 MIN    19
2021 04 29 14 04 MAX   235
2021 04 29 20 02 MIN   -17
2021 04 30 02 51 MAX   292
2021 04 30 08 47 MIN    36
2021 04 30 14 50 MAX   221
2021 04 30 20 46 MIN    -4
2021 05 01 03 45 MAX   281
2021 05 01 09 40 MIN    58
2021 05 01 15 40 MAX   205
2021 05 01 21 34 MIN    16
2021 05 02 04 44 MAX   264
2021 05 02 10 41 MIN    81
2021 05 02 16 39 MAX   190
2021 05 02 22 31 MIN    40
2021 05 03 05 53 MAX   245
2021 05 03 11 57 MIN    97
2021 05 03 17 52 MAX   178
2021 05 03 23 42 MIN    63
2021 05 04 07 10 MAX   229
2021 05 04 13 28 MIN   102
2021 05 04 19 20 MAX   176
2021 05 05 01 13 MIN    78
2021 05 05 08 28 MAX   219
2021 05 05 14 46 MIN    96
2021 05 05 20 45 MAX   183
2021 05 06 02 44 MIN    80
2021 05 06 09 34 MAX   215
2021 05 06 15 42 MIN    85
2021 05 06 21 54 MAX   195
2021 05 07 03 53 MIN    76
2021 05 07 10 26 MAX   213
2021 05 07 16 25 MIN    71
2021 05 07 22 47 MAX   208
2021 05 08 04 45 MIN    70
2021 05 08 11 07 MAX   212
2021 05 08 17 00 MIN    58
2021 05 08 23 30 MAX   220
2021 05 09 05 25 MIN    65
2021 05 09 11 40 MAX   211
2021 05 09 17 33 MIN    46
2021 05 10 00 05 MAX   229
2021 05 10 06 00 MIN    60
2021 05 10 12 10 MAX   211
2021 05 10 18 02 MIN    37
2021 05 11 00 37 MAX   237
2021 05 11 06 33 MIN    58
2021 05 11 12 37 MAX   210
2021 05 11 18 31 MIN    30
2021 05 12 01 08 MAX   243
2021 05 12 07 04 MIN    58
2021 05 12 13 05 MAX   208
2021 05 12 18 59 MIN    27
2021 05 13 01 37 MAX   249
2021 05 13 07 36 MIN    61
2021 05 13 13 33 MAX   205
2021 05 13 19 28 MIN    27
2021 05 14 02 09 MAX   252
2021 05 14 08 09 MIN    66
2021 05 14 14 04 MAX   201
2021 05 14 19 58 MIN    30
2021 05 15 02 43 MAX   252
2021 05 15 08 44 MIN    74
2021 05 15 14 38 MAX   195
2021 05 15 20 33 MIN    35
2021 05 16 03 21 MAX   250
2021 05 16 09 24 MIN    84
2021 05 16 15 15 MAX   188
2021 05 16 21 11 MIN    44
2021 05 17 04 05 MAX   244
2021 05 17 10 09 MIN    94
2021 05 17 16 00 MAX   181
2021 05 17 21 55 MIN    55
2021 05 18 04 56 MAX   235
2021 05 18 11 05 MIN   102
2021 05 18 16 57 MAX   175
2021 05 18 22 48 MIN    67
2021 05 19 05 56 MAX   227
2021 05 19 12 16 MIN   105
2021 05 19 18 10 MAX   172
2021 05 19 23 56 MIN    78
2021 05 20 07 02 MAX   222
2021 05 20 13 33 MIN    99
2021 05 20 19 31 MAX   178
2021 05 21 01 17 MIN    82
2021 05 21 08 08 MAX   221
2021 05 21 14 36 MIN    84
2021 05 21 20 44 MAX   192
2021 05 22 02 36 MIN    77
2021 05 22 09 07 MAX   224
2021 05 22 15 27 MIN    65
2021 05 22 21 45 MAX   214
2021 05 23 03 42 MIN    66
2021 05 23 09 57 MAX   228
2021 05 23 16 11 MIN    43
2021 05 23 22 37 MAX   238
2021 05 24 04 37 MIN    52
2021 05 24 10 44 MAX   232
2021 05 24 16 53 MIN    21
2021 05 24 23 26 MAX   261
2021 05 25 05 28 MIN    41
2021 05 25 11 29 MAX   234
2021 05 25 17 34 MIN     2
2021 05 26 00 13 MAX   281
2021 05 26 06 15 MIN    35
2021 05 26 12 13 MAX   233
2021 05 26 18 16 MIN   -10
2021 05 27 01 01 MAX   295
2021 05 27 07 02 MIN    36
2021 05 27 12 58 MAX   229
2021 05 27 18 59 MIN   -15
2021 05 28 01 50 MAX   300
2021 05 28 07 50 MIN    43
2021 05 28 13 45 MAX   222
2021 05 28 19 44 MIN   -10
2021 05 29 02 42 MAX   296
2021 05 29 08 40 MIN    55
2021 05 29 14 36 MAX   213
2021 05 29 20 31 MIN     2
2021 05 30 03 37 MAX   285
2021 05 30 09 33 MIN    69
2021 05 30 15 30 MAX   203
2021 05 30 21 22 MIN    21
2021 05 31 04 34 MAX   269
2021 05 31 10 32 MIN    82
2021 05 31 16 31 MAX   194
2021 05 31 22 18 MIN    43
2021 06 01 05 35 MAX   251
2021 06 01 11 37 MIN    91
2021 06 01 17 39 MAX   189
2021 06 01 23 23 MIN    64
2021 06 02 06 38 MAX   234
2021 06 02 12 46 MIN    94
2021 06 02 18 52 MAX   188
2021 06 03 00 38 MIN    82
2021 06 03 07 41 MAX   219
2021 06 03 13 52 MIN    91
2021 06 03 20 06 MAX   192
2021 06 04 02 00 MIN    92
2021 06 04 08 41 MAX   209
2021 06 04 14 50 MIN    83
2021 06 04 21 15 MAX   200
2021 06 05 03 14 MIN    95
2021 06 05 09 35 MAX   202
2021 06 05 15 39 MIN    74
2021 06 05 22 14 MAX   210
2021 06 06 04 15 MIN    93
2021 06 06 10 21 MAX   198
2021 06 06 16 20 MIN    64
2021 06 06 23 02 MAX   220
2021 06 07 05 03 MIN    89
2021 06 07 11 01 MAX   197
2021 06 07 16 57 MIN    55
2021 06 07 23 42 MAX   230
2021 06 08 05 42 MIN    85
2021 06 08 11 36 MAX   196
2021 06 08 17 30 MIN    48
2021 06 09 00 16 MAX   238
2021 06 09 06 17 MIN    82
2021 06 09 12 08 MAX   197
2021 06 09 18 02 MIN    42
2021 06 10 00 48 MAX   245
2021 06 10 06 50 MIN    80
2021 06 10 12 39 MAX   197
2021 06 10 18 33 MIN    37
2021 06 11 01 20 MAX   251
2021 06 11 07 23 MIN    79
2021 06 11 13 11 MAX   197
2021 06 11 19 05 MIN    34
2021 06 12 01 54 MAX   256
2021 06 12 07 57 MIN    80
2021 06 12 13 45 MAX   197
2021 06 12 19 39 MIN    33
2021 06 13 02 30 MAX   258
2021 06 13 08 33 MIN    83
2021 06 13 14 23 MAX   195
2021 06 13 20 17 MIN    35
2021 06 14 03 10 MAX   258
2021 06 14 09 13 MIN    86
2021 06 14 15 06 MAX   192
2021 06 14 20 58 MIN    40
2021 06 15 03 53 MAX   254
2021 06 15 09 58 MIN    89
2021 06 15 15 54 MAX   190
2021 06 15 21 43 MIN    49
2021 06 16 04 40 MAX   248
2021 06 16 10 48 MIN    91
2021 06 16 16 50 MAX   188
2021 06 16 22 34 MIN    60
2021 06 17 05 30 MAX   241
2021 06 17 11 43 MIN    90
2021 06 17 17 53 MAX   190
2021 06 17 23 33 MIN    71
2021 06 18 06 24 MAX   233
2021 06 18 12 42 MIN    84
2021 06 18 18 59 MAX   197
2021 06 19 00 42 MIN    80
2021 06 19 07 21 MAX   227
2021 06 19 13 41 MIN    73
2021 06 19 20 07 MAX   210
2021 06 20 01 57 MIN    84
2021 06 20 08 18 MAX   222
2021 06 20 14 38 MIN    58
2021 06 20 21 12 MAX   228
2021 06 21 03 11 MIN    81
2021 06 21 09 14 MAX   219
2021 06 21 15 31 MIN    42
2021 06 21 22 12 MAX   248
2021 06 22 04 16 MIN    74
2021 06 22 10 09 MAX   218
2021 06 22 16 21 MIN    25
2021 06 22 23 08 MAX   268
2021 06 23 05 13 MIN    67
2021 06 23 11 03 MAX   218
2021 06 23 17 10 MIN    10
2021 06 24 00 02 MAX   284
2021 06 24 06 06 MIN    61
2021 06 24 11 54 MAX   218
2021 06 24 17 58 MIN     0
2021 06 25 00 53 MAX   295
2021 06 25 06 56 MIN    58
2021 06 25 12 44 MAX   217
2021 06 25 18 46 MIN    -4
2021 06 26 01 44 MAX   298
2021 06 26 07 44 MIN    60
2021 06 26 13 35 MAX   216
2021 06 26 19 33 MIN    -1
2021 06 27 02 35 MAX   295
2021 06 27 08 33 MIN    63
2021 06 27 14 27 MAX   213
2021 06 27 20 21 MIN     8
2021 06 28 03 25 MAX   285
2021 06 28 09 21 MIN    69
2021 06 28 15 21 MAX   210
2021 06 28 21 10 MIN    23
2021 06 29 04 15 MAX   271
2021 06 29 10 11 MIN    74
2021 06 29 16 17 MAX   207
2021 06 29 22 01 MIN    42
2021 06 30 05 05 MAX   255
2021 06 30 11 02 MIN    79
2021 06 30 17 15 MAX   204
2021 06 30 22 55 MIN    64
2021 07 01 05 55 MAX   237
2021 07 01 11 57 MIN    82
2021 07 01 18 16 MAX   202
2021 07 01 23 56 MIN    84
2021 07 02 06 46 MAX   220
2021 07 02 12 54 MIN    83
2021 07 02 19 21 MAX   202
2021 07 03 01 06 MIN   101
2021 07 03 07 39 MAX   205
2021 07 03 13 51 MIN    82
2021 07 03 20 27 MAX   205
2021 07 04 02 26 MIN   111
2021 07 04 08 35 MAX   194
2021 07 04 14 46 MIN    79
2021 07 04 21 33 MAX   211
2021 07 05 03 41 MIN   113
2021 07 05 09 31 MAX   188
2021 07 05 15 37 MIN    74
2021 07 05 22 30 MAX   219
2021 07 06 04 42 MIN   110
2021 07 06 10 21 MAX   186
2021 07 06 16 22 MIN    68
2021 07 06 23 17 MAX   229
2021 07 07 05 29 MIN   105
2021 07 07 11 05 MAX   187
2021 07 07 17 02 MIN    60
2021 07 07 23 57 MAX   238
2021 07 08 06 07 MIN    99
2021 07 08 11 44 MAX   191
2021 07 08 17 40 MIN    52
2021 07 09 00 33 MAX   248
2021 07 09 06 41 MIN    93
2021 07 09 12 21 MAX   195
2021 07 09 18 15 MIN    43
2021 07 10 01 08 MAX   256
2021 07 10 07 14 MIN    88
2021 07 10 12 58 MAX   198
2021 07 10 18 51 MIN    37
2021 07 11 01 43 MAX   262
2021 07 11 07 47 MIN    84
2021 07 11 13 35 MAX   201
2021 07 11 19 28 MIN    32
2021 07 12 02 19 MAX   266
2021 07 12 08 22 MIN    81
2021 07 12 14 15 MAX   203
2021 07 12 20 07 MIN    31
2021 07 13 02 58 MAX   267
2021 07 13 08 59 MIN    78
2021 07 13 14 59 MAX   205
2021 07 13 20 47 MIN    34
2021 07 14 03 37 MAX   265
2021 07 14 09 38 MIN    76
2021 07 14 15 45 MAX   207
2021 07 14 21 30 MIN    41
2021 07 15 04 19 MAX   260
2021 07 15 10 20 MIN    74
2021 07 15 16 36 MAX   210
2021 07 15 22 17 MIN    53
2021 07 16 05 02 MAX   251
2021 07 16 11 07 MIN    72
2021 07 16 17 31 MAX   214
2021 07 16 23 11 MIN    68
2021 07 17 05 49 MAX   240
2021 07 17 11 58 MIN    69
2021 07 17 18 32 MAX   220
2021 07 18 00 14 MIN    83
2021 07 18 06 41 MAX   227
2021 07 18 12 55 MIN    64
2021 07 18 19 39 MAX   228
2021 07 19 01 28 MIN    95
2021 07 19 07 40 MAX   216
2021 07 19 13 57 MIN    58
2021 07 19 20 49 MAX   240
2021 07 20 02 51 MIN   100
2021 07 20 08 44 MAX   208
2021 07 20 15 01 MIN    49
2021 07 20 21 59 MAX   254
2021 07 21 04 07 MIN    96
2021 07 21 09 50 MAX   206
2021 07 21 16 02 MIN    38
2021 07 21 23 03 MAX   269
2021 07 22 05 11 MIN    88
2021 07 22 10 52 MAX   208
2021 07 22 16 59 MIN    26
2021 07 22 23 59 MAX   282
2021 07 23 06 05 MIN    79
2021 07 23 11 49 MAX   212
2021 07 23 17 51 MIN    15
2021 07 24 00 50 MAX   291
2021 07 24 06 52 MIN    71
2021 07 24 12 41 MAX   217
2021 07 24 18 39 MIN     9
2021 07 25 01 37 MAX   293
2021 07 25 07 35 MIN    65
2021 07 25 13 29 MAX   222
2021 07 25 19 25 MIN     8
2021 07 26 02 21 MAX   290
2021 07 26 08 17 MIN    62
2021 07 26 14 18 MAX   224
2021 07 26 20 09 MIN    15
2021 07 27 03 04 MAX   283
2021 07 27 08 58 MIN    61
2021 07 27 15 05 MAX   225
2021 07 27 20 53 MIN    27
2021 07 28 03 45 MAX   270
2021 07 28 09 39 MIN    63
2021 07 28 15 54 MAX   223
2021 07 28 21 37 MIN    45
2021 07 29 04 26 MAX   255
2021 07 29 10 22 MIN    67
2021 07 29 16 44 MAX   221
2021 07 29 22 23 MIN    66
2021 07 30 05 07 MAX   237
2021 07 30 11 06 MIN    73
2021 07 30 17 36 MAX   217
2021 07 30 23 14 MIN    89
2021 07 31 05 50 MAX   219
2021 07 31 11 54 MIN    79
2021 07 31 18 33 MAX   213
2021 08 01 00 14 MIN   110
2021 08 01 06 38 MAX   202
2021 08 01 12 48 MIN    85
2021 08 01 19 36 MAX   211
2021 08 02 01 33 MIN   124
2021 08 02 07 34 MAX   189
2021 08 02 13 48 MIN    89
2021 08 02 20 46 MAX   213
2021 08 03 03 09 MIN   129
2021 08 03 08 39 MAX   181
2021 08 03 14 51 MIN    88
2021 08 03 21 55 MAX   220
2021 08 04 04 26 MIN   124
2021 08 04 09 45 MAX   181
2021 08 04 15 49 MIN    82
2021 08 04 22 52 MAX   230
2021 08 05 05 18 MIN   116
2021 08 05 10 41 MAX   185
2021 08 05 16 40 MIN    71
2021 08 05 23 38 MAX   242
2021 08 06 05 56 MIN   106
2021 08 06 11 27 MAX   193
2021 08 06 17 23 MIN    59
2021 08 07 00 17 MAX   253
2021 08 07 06 28 MIN    96
2021 08 07 12 08 MAX   201
2021 08 07 18 03 MIN    47
2021 08 08 00 52 MAX   263
2021 08 08 06 58 MIN    87
2021 08 08 12 47 MAX   209
2021 08 08 18 40 MIN    36
2021 08 09 01 27 MAX   270
2021 08 09 07 29 MIN    77
2021 08 09 13 25 MAX   217
2021 08 09 19 16 MIN    29
2021 08 10 02 01 MAX   275
2021 08 10 08 00 MIN    69
2021 08 10 14 03 MAX   223
2021 08 10 19 53 MIN    25
2021 08 11 02 36 MAX   276
2021 08 11 08 33 MIN    62
2021 08 11 14 44 MAX   230
2021 08 11 20 32 MIN    28
2021 08 12 03 12 MAX   273
2021 08 12 09 09 MIN    57
2021 08 12 15 28 MAX   235
2021 08 12 21 13 MIN    36
2021 08 13 03 49 MAX   266
2021 08 13 09 48 MIN    54
2021 08 13 16 16 MAX   239
2021 08 13 21 59 MIN    51
2021 08 14 04 30 MAX   254
2021 08 14 10 30 MIN    55
2021 08 14 17 08 MAX   242
2021 08 14 22 51 MIN    71
2021 08 15 05 17 MAX   238
2021 08 15 11 20 MIN    59
2021 08 15 18 09 MAX   242
2021 08 15 23 53 MIN    93
2021 08 16 06 10 MAX   221
2021 08 16 12 18 MIN    63
2021 08 16 19 20 MAX   243
2021 08 17 01 13 MIN   111
2021 08 17 07 15 MAX   206
2021 08 17 13 28 MIN    66
2021 08 17 20 40 MAX   247
2021 08 18 02 50 MIN   116
2021 08 18 08 33 MAX   199
2021 08 18 14 46 MIN    63
2021 08 18 21 59 MAX   257
2021 08 19 04 15 MIN   109
2021 08 19 09 51 MAX   200
2021 08 19 15 58 MIN    54
2021 08 19 23 05 MAX   269
2021 08 20 05 15 MIN    97
2021 08 20 10 57 MAX   208
2021 08 20 16 59 MIN    41
2021 08 20 23 58 MAX   279
2021 08 21 06 01 MIN    83
2021 08 21 11 51 MAX   219
2021 08 21 17 49 MIN    29
2021 08 22 00 42 MAX   284
2021 08 22 06 40 MIN    71
2021 08 22 12 37 MAX   229
2021 08 22 18 33 MIN    21
2021 08 23 01 22 MAX   285
2021 08 23 07 16 MIN    61
2021 08 23 13 20 MAX   236
2021 08 23 19 14 MIN    20
2021 08 24 01 58 MAX   282
2021 08 24 07 51 MIN    53
2021 08 24 14 02 MAX   241
2021 08 24 19 52 MIN    25
2021 08 25 02 34 MAX   274
2021 08 25 08 27 MIN    50
2021 08 25 14 44 MAX   242
2021 08 25 20 31 MIN    36
2021 08 26 03 08 MAX   263
2021 08 26 09 02 MIN    52
2021 08 26 15 25 MAX   241
2021 08 26 21 10 MIN    53
2021 08 27 03 43 MAX   249
2021 08 27 09 38 MIN    58
2021 08 27 16 08 MAX   238
2021 08 27 21 51 MIN    73
2021 08 28 04 18 MAX   232
2021 08 28 10 15 MIN    67
2021 08 28 16 54 MAX   232
2021 08 28 22 35 MIN    95
2021 08 29 04 56 MAX   215
2021 08 29 10 54 MIN    78
2021 08 29 17 44 MAX   226
2021 08 29 23 26 MIN   116
2021 08 30 05 38 MAX   198
2021 08 30 11 41 MIN    89
2021 08 30 18 42 MAX   220
2021 08 31 00 40 MIN   133
2021 08 31 06 34 MAX   185
2021 08 31 12 41 MIN    98
2021 08 31 19 55 MAX   217
2021 09 01 02 38 MIN   138
2021 09 01 07 51 MAX   177
2021 09 01 14 01 MIN   101
2021 09 01 21 15 MAX   222
2021 09 02 04 06 MIN   131
2021 09 02 09 14 MAX   179
2021 09 02 15 19 MIN    94
2021 09 02 22 22 MAX   232
2021 09 03 04 57 MIN   119
2021 09 03 10 21 MAX   188
2021 09 03 16 19 MIN    81
2021 09 03 23 12 MAX   244
2021 09 04 05 33 MIN   105
2021 09 04 11 10 MAX   201
2021 09 04 17 06 MIN    65
2021 09 04 23 52 MAX   256
2021 09 05 06 02 MIN    91
2021 09 05 11 52 MAX   214
2021 09 05 17 46 MIN    49
2021 09 06 00 26 MAX   267
2021 09 06 06 30 MIN    76
2021 09 06 12 29 MAX   226
2021 09 06 18 22 MIN    36
2021 09 07 00 58 MAX   274
2021 09 07 06 58 MIN    62
2021 09 07 13 05 MAX   239
2021 09 07 18 57 MIN    26
2021 09 08 01 31 MAX   278
2021 09 08 07 28 MIN    50
2021 09 08 13 42 MAX   250
2021 09 08 19 34 MIN    23
2021 09 09 02 04 MAX   278
2021 09 09 08 00 MIN    40
2021 09 09 14 22 MAX   260
2021 09 09 20 13 MIN    26
2021 09 10 02 39 MAX   273
2021 09 10 08 35 MIN    34
2021 09 10 15 06 MAX   266
2021 09 10 20 55 MIN    37
2021 09 11 03 17 MAX   262
2021 09 11 09 13 MIN    34
2021 09 11 15 53 MAX   269
2021 09 11 21 40 MIN    56
2021 09 12 03 59 MAX   246
2021 09 12 09 56 MIN    41
2021 09 12 16 47 MAX   265
2021 09 12 22 34 MIN    80
2021 09 13 04 47 MAX   228
2021 09 13 10 46 MIN    53
2021 09 13 17 51 MAX   258
2021 09 13 23 39 MIN   105
2021 09 14 05 47 MAX   209
2021 09 14 11 48 MIN    68
2021 09 14 19 09 MAX   250
2021 09 15 01 13 MIN   122
2021 09 15 07 05 MAX   195
2021 09 15 13 10 MIN    78
2021 09 15 20 38 MAX   249
2021 09 16 03 04 MIN   122
2021 09 16 08 38 MAX   194
2021 09 16 14 45 MIN    77
2021 09 16 21 57 MAX   256
2021 09 17 04 17 MIN   109
2021 09 17 09 59 MAX   203
2021 09 17 16 01 MIN    66
2021 09 17 22 58 MAX   264
2021 09 18 05 06 MIN    94
2021 09 18 10 59 MAX   217
2021 09 18 16 57 MIN    52
2021 09 18 23 45 MAX   269
2021 09 19 05 44 MIN    78
2021 09 19 11 46 MAX   231
2021 09 19 17 42 MIN    42
2021 09 20 00 23 MAX   271
2021 09 20 06 17 MIN    64
2021 09 20 12 27 MAX   242
2021 09 20 18 21 MIN    36
2021 09 21 00 57 MAX   269
2021 09 21 06 49 MIN    51
2021 09 21 13 05 MAX   249
2021 09 21 18 57 MIN    35
2021 09 22 01 28 MAX   265
2021 09 22 07 20 MIN    43
2021 09 22 13 41 MAX   254
2021 09 22 19 32 MIN    39
2021 09 23 01 58 MAX   258
2021 09 23 07 51 MIN    40
2021 09 23 14 17 MAX   255
2021 09 23 20 07 MIN    49
2021 09 24 02 28 MAX   249
2021 09 24 08 22 MIN    43
2021 09 24 14 53 MAX   254
2021 09 24 20 43 MIN    62
2021 09 25 02 59 MAX   236
2021 09 25 08 54 MIN    50
2021 09 25 15 30 MAX   251
2021 09 25 21 20 MIN    79
2021 09 26 03 30 MAX   222
2021 09 26 09 26 MIN    60
2021 09 26 16 10 MAX   245
2021 09 26 21 59 MIN    98
2021 09 27 04 04 MAX   207
2021 09 27 10 01 MIN    73
2021 09 27 16 54 MAX   237
2021 09 27 22 46 MIN   117
2021 09 28 04 45 MAX   193
2021 09 28 10 41 MIN    86
2021 09 28 17 50 MAX   228
2021 09 28 23 52 MIN   133
2021 09 29 05 40 MAX   180
2021 09 29 11 37 MIN    99
2021 09 29 19 03 MAX   221
2021 09 30 01 55 MIN   139
2021 09 30 07 04 MAX   173
2021 09 30 13 02 MIN   106
2021 09 30 20 28 MAX   222
2021 10 01 03 30 MIN   130
2021 10 01 08 42 MAX   177
2021 10 01 14 40 MIN   101
2021 10 01 21 41 MAX   230
2021 10 02 04 20 MIN   115
2021 10 02 09 54 MAX   189
2021 10 02 15 50 MIN    87
2021 10 02 22 34 MAX   241
2021 10 03 04 55 MIN    98
2021 10 03 10 44 MAX   206
2021 10 03 16 39 MIN    70
2021 10 03 23 14 MAX   252
2021 10 04 05 25 MIN    79
2021 10 04 11 26 MAX   224
2021 10 04 17 20 MIN    52
2021 10 04 23 49 MAX   261
2021 10 05 05 52 MIN    60
2021 10 05 12 03 MAX   242
2021 10 05 17 57 MIN    38
2021 10 06 00 21 MAX   267
2021 10 06 06 21 MIN    42
2021 10 06 12 39 MAX   259
2021 10 06 18 34 MIN    27
2021 10 07 00 54 MAX   270
2021 10 07 06 53 MIN    25
2021 10 07 13 17 MAX   275
2021 10 07 19 13 MIN    23
2021 10 08 01 28 MAX   268
2021 10 08 07 26 MIN    14
2021 10 08 13 58 MAX   286
2021 10 08 19 53 MIN    28
2021 10 09 02 05 MAX   261
2021 10 09 08 03 MIN    10
2021 10 09 14 43 MAX   291
2021 10 09 20 37 MIN    41
2021 10 10 02 46 MAX   248
2021 10 10 08 43 MIN    15
2021 10 10 15 32 MAX   288
2021 10 10 21 25 MIN    62
2021 10 11 03 31 MAX   231
2021 10 11 09 27 MIN    28
2021 10 11 16 29 MAX   278
2021 10 11 22 21 MIN    87
2021 10 12 04 24 MAX   213
2021 10 12 10 20 MIN    48
2021 10 12 17 37 MAX   263
2021 10 12 23 33 MIN   110
2021 10 13 05 32 MAX   196
2021 10 13 11 26 MIN    69
2021 10 13 18 59 MAX   250
2021 10 14 01 16 MIN   121
2021 10 14 07 02 MAX   187
2021 10 14 12 58 MIN    83
2021 10 14 20 27 MAX   245
2021 10 15 02 55 MIN   114
2021 10 15 08 37 MAX   192
2021 10 15 14 38 MIN    82
2021 10 15 21 41 MAX   246
2021 10 16 03 57 MIN   100
2021 10 16 09 52 MAX   206
2021 10 16 15 52 MIN    73
2021 10 16 22 37 MAX   248
2021 10 17 04 40 MIN    84
2021 10 17 10 48 MAX   222
2021 10 17 16 45 MIN    63
2021 10 17 23 20 MAX   248
2021 10 18 05 15 MIN    68
2021 10 18 11 32 MAX   236
2021 10 18 17 27 MIN    55
2021 10 18 23 55 MAX   247
2021 10 19 05 47 MIN    53
2021 10 19 12 11 MAX   246
2021 10 19 18 04 MIN    51
2021 10 20 00 25 MAX   245
2021 10 20 06 18 MIN    42
2021 10 20 12 45 MAX   253
2021 10 20 18 38 MIN    50
2021 10 21 00 54 MAX   241
2021 10 21 06 47 MIN    35
2021 10 21 13 18 MAX   257
2021 10 21 19 11 MIN    53
2021 10 22 01 21 MAX   235
2021 10 22 07 16 MIN    32
2021 10 22 13 50 MAX   259
2021 10 22 19 43 MIN    59
2021 10 23 01 49 MAX   228
2021 10 23 07 45 MIN    35
2021 10 23 14 21 MAX   259
2021 10 23 20 17 MIN    69
2021 10 24 02 18 MAX   219
2021 10 24 08 14 MIN    40
2021 10 24 14 55 MAX   256
2021 10 24 20 52 MIN    81
2021 10 25 02 48 MAX   208
2021 10 25 08 45 MIN    49
2021 10 25 15 31 MAX   251
2021 10 25 21 30 MIN    95
2021 10 26 03 23 MAX   197
2021 10 26 09 19 MIN    60
2021 10 26 16 14 MAX   243
2021 10 26 22 15 MIN   110
2021 10 27 04 04 MAX   186
2021 10 27 10 00 MIN    73
2021 10 27 17 06 MAX   233
2021 10 27 23 14 MIN   122
2021 10 28 04 59 MAX   176
2021 10 28 10 53 MIN    86
2021 10 28 18 13 MAX   224
2021 10 29 00 49 MIN   128
2021 10 29 06 21 MAX   169
2021 10 29 12 07 MIN    97
2021 10 29 19 33 MAX   219
2021 10 30 02 28 MIN   120
2021 10 30 07 57 MAX   173
2021 10 30 13 44 MIN    98
2021 10 30 20 46 MAX   222
2021 10 31 03 25 MIN   105
2021 10 31 09 12 MAX   187
2021 10 31 15 04 MIN    88
2021 10 31 21 42 MAX   229
2021 11 01 04 04 MIN    85
2021 11 01 10 08 MAX   206
2021 11 01 16 02 MIN    73
2021 11 01 22 26 MAX   237
2021 11 02 04 38 MIN    63
2021 11 02 10 52 MAX   228
2021 11 02 16 48 MIN    56
2021 11 02 23 04 MAX   244
2021 11 03 05 10 MIN    41
2021 11 03 11 32 MAX   251
2021 11 03 17 30 MIN    41
2021 11 03 23 40 MAX   249
2021 11 04 05 43 MIN    19
2021 11 04 12 12 MAX   272
2021 11 04 18 11 MIN    31
2021 11 05 00 16 MAX   251
2021 11 05 06 18 MIN     2
2021 11 05 12 53 MAX   289
2021 11 05 18 52 MIN    27
2021 11 06 00 55 MAX   249
2021 11 06 06 56 MIN    -9
2021 11 06 13 37 MAX   299
2021 11 06 19 36 MIN    32
2021 11 07 01 35 MAX   241
2021 11 07 07 36 MIN   -10
2021 11 07 14 24 MAX   301
2021 11 07 20 22 MIN    45
2021 11 08 02 20 MAX   229
2021 11 08 08 19 MIN    -2
2021 11 08 15 16 MAX   294
2021 11 08 21 13 MIN    64
2021 11 09 03 09 MAX   215
2021 11 09 09 06 MIN    14
2021 11 09 16 14 MAX   278
2021 11 09 22 11 MIN    84
2021 11 10 04 06 MAX   199
2021 11 10 10 01 MIN    36
2021 11 10 17 22 MAX   260
2021 11 10 23 22 MIN   100
2021 11 11 05 18 MAX   187
2021 11 11 11 08 MIN    60
2021 11 11 18 38 MAX   243
2021 11 12 00 51 MIN   106
2021 11 12 06 46 MAX   183
2021 11 12 12 34 MIN    77
2021 11 12 19 56 MAX   232
2021 11 13 02 14 MIN   100
2021 11 13 08 13 MAX   189
2021 11 13 14 09 MIN    83
2021 11 13 21 04 MAX   225
2021 11 14 03 16 MIN    88
2021 11 14 09 27 MAX   202
2021 11 14 15 26 MIN    80
2021 11 14 22 00 MAX   222
2021 11 15 04 02 MIN    73
2021 11 15 10 25 MAX   216
2021 11 15 16 23 MIN    74
2021 11 15 22 45 MAX   219
2021 11 16 04 40 MIN    58
2021 11 16 11 12 MAX   228
2021 11 16 17 08 MIN    69
2021 11 16 23 21 MAX   217
2021 11 17 05 15 MIN    45
2021 11 17 11 51 MAX   237
2021 11 17 17 46 MIN    66
2021 11 17 23 52 MAX   214
2021 11 18 05 46 MIN    35
2021 11 18 12 24 MAX   244
2021 11 18 18 19 MIN    64
2021 11 19 00 21 MAX   212
2021 11 19 06 15 MIN    29
2021 11 19 12 55 MAX   249
2021 11 19 18 52 MIN    63
2021 11 20 00 48 MAX   210
2021 11 20 06 44 MIN    26
2021 11 20 13 24 MAX   252
2021 11 20 19 23 MIN    65
2021 11 21 01 16 MAX   206
2021 11 21 07 13 MIN    25
2021 11 21 13 55 MAX   254
2021 11 21 19 56 MIN    69
2021 11 22 01 46 MAX   202
2021 11 22 07 44 MIN    27
2021 11 22 14 28 MAX   254
2021 11 22 20 31 MIN    76
2021 11 23 02 18 MAX   196
2021 11 23 08 17 MIN    32
2021 11 23 15 04 MAX   251
2021 11 23 21 09 MIN    84
2021 11 24 02 55 MAX   189
2021 11 24 08 54 MIN    40
2021 11 24 15 46 MAX   244
2021 11 24 21 53 MIN    93
2021 11 25 03 38 MAX   181
2021 11 25 09 35 MIN    51
2021 11 25 16 35 MAX   235
2021 11 25 22 45 MIN   101
2021 11 26 04 32 MAX   173
2021 11 26 10 25 MIN    64
2021 11 26 17 31 MAX   225
2021 11 26 23 50 MIN   104
2021 11 27 05 42 MAX   169
2021 11 27 11 27 MIN    76
2021 11 27 18 35 MAX   217
2021 11 28 01 05 MIN   100
2021 11 28 07 04 MAX   171
2021 11 28 12 44 MIN    84
2021 11 28 19 40 MAX   213
2021 11 29 02 10 MIN    87
2021 11 29 08 19 MAX   184
2021 11 29 14 07 MIN    83
2021 11 29 20 39 MAX   213
2021 11 30 03 02 MIN    69
2021 11 30 09 22 MAX   203
2021 11 30 15 16 MIN    74
2021 11 30 21 31 MAX   216
2021 12 01 03 46 MIN    47
2021 12 01 10 15 MAX   226
2021 12 01 16 14 MIN    60
2021 12 01 22 18 MAX   220
2021 12 02 04 27 MIN    24
2021 12 02 11 02 MAX   251
2021 12 02 17 04 MIN    47
2021 12 02 23 02 MAX   224
2021 12 03 05 08 MIN     2
2021 12 03 11 48 MAX   273
2021 12 03 17 51 MIN    38
2021 12 03 23 45 MAX   226
2021 12 04 05 50 MIN   -14
2021 12 04 12 34 MAX   289
2021 12 04 18 38 MIN    33
2021 12 05 00 29 MAX   225
2021 12 05 06 33 MIN   -24
2021 12 05 13 22 MAX   297
2021 12 05 19 24 MIN    36
2021 12 06 01 14 MAX   220
2021 12 06 07 17 MIN   -25
2021 12 06 14 11 MAX   297
2021 12 06 20 13 MIN    43
2021 12 07 02 03 MAX   213
2021 12 07 08 04 MIN   -18
2021 12 07 15 04 MAX   288
2021 12 07 21 03 MIN    55
2021 12 08 02 55 MAX   204
2021 12 08 08 53 MIN    -2
2021 12 08 16 00 MAX   272
2021 12 08 21 57 MIN    68
2021 12 09 03 53 MAX   195
2021 12 09 09 47 MIN    19
2021 12 09 16 59 MAX   253
2021 12 09 22 57 MIN    78
2021 12 10 04 59 MAX   187
2021 12 10 10 46 MIN    42
2021 12 10 18 01 MAX   233
2021 12 11 00 03 MIN    82
2021 12 11 06 13 MAX   183
2021 12 11 11 56 MIN    64
2021 12 11 19 05 MAX   215
2021 12 12 01 12 MIN    81
2021 12 12 07 30 MAX   185
2021 12 12 13 19 MIN    80
2021 12 12 20 09 MAX   201
2021 12 13 02 18 MIN    74
2021 12 13 08 46 MAX   191
2021 12 13 14 43 MIN    87
2021 12 13 21 09 MAX   192
2021 12 14 03 14 MIN    64
2021 12 14 09 53 MAX   201
2021 12 14 15 54 MIN    86
2021 12 14 22 01 MAX   187
2021 12 15 04 00 MIN    54
2021 12 15 10 47 MAX   211
2021 12 15 16 48 MIN    82
2021 12 15 22 44 MAX   185
2021 12 16 04 41 MIN    43
2021 12 16 11 30 MAX   220
2021 12 16 17 30 MIN    78
2021 12 16 23 21 MAX   185
2021 12 17 05 16 MIN    35
2021 12 17 12 05 MAX   228
2021 12 17 18 05 MIN    73
2021 12 17 23 53 MAX   187
2021 12 18 05 49 MIN    27
2021 12 18 12 36 MAX   235
2021 12 18 18 38 MIN    68
2021 12 19 00 23 MAX   189
2021 12 19 06 21 MIN    21
2021 12 19 13 06 MAX   241
2021 12 19 19 10 MIN    65
2021 12 20 00 53 MAX   190
2021 12 20 06 52 MIN    16
2021 12 20 13 37 MAX   246
2021 12 20 19 42 MIN    64
2021 12 21 01 26 MAX   190
2021 12 21 07 26 MIN    13
2021 12 21 14 10 MAX   249
2021 12 21 20 16 MIN    65
2021 12 22 02 01 MAX   189
2021 12 22 08 00 MIN    14
2021 12 22 14 47 MAX   248
2021 12 22 20 52 MIN    67
2021 12 23 02 39 MAX   186
2021 12 23 08 38 MIN    18
2021 12 23 15 27 MAX   244
2021 12 23 21 32 MIN    70
2021 12 24 03 23 MAX   182
2021 12 24 09 19 MIN    26
2021 12 24 16 09 MAX   236
2021 12 24 22 16 MIN    72
2021 12 25 04 13 MAX   178
2021 12 25 10 05 MIN    38
2021 12 25 16 54 MAX   227
2021 12 25 23 04 MIN    73
2021 12 26 05 10 MAX   177
2021 12 26 10 57 MIN    52
2021 12 26 17 44 MAX   216
2021 12 26 23 59 MIN    70
2021 12 27 06 16 MAX   179
2021 12 27 11 58 MIN    65
2021 12 27 18 38 MAX   207
2021 12 28 00 58 MIN    63
2021 12 28 07 26 MAX   187
2021 12 28 13 13 MIN    74
2021 12 28 19 37 MAX   199
2021 12 29 01 58 MIN    51
2021 12 29 08 36 MAX   202
2021 12 29 14 32 MIN    75
2021 12 29 20 38 MAX   195
2021 12 30 02 57 MIN    35
2021 12 30 09 41 MAX   222
2021 12 30 15 45 MIN    68
2021 12 30 21 37 MAX   195
2021 12 31 03 51 MIN    16
2021 12 31 10 40 MAX   244
2021 12 31 16 47 MIN    57
2021 12 31 22 33 MAX   198
