 <API - 조위예측극치자료>

대상조위관측소 : 가덕도
위도(WGS84) : N 128.8108
경도(WGS84) : E 35.0242
관측기관 : 20201221 ~ 20220101

2020 12 21 00 53 MAX   119
2020 12 21 06 40 MIN    50
2020 12 21 13 14 MAX   131
2020 12 21 19 45 MIN    54
2020 12 22 01 59 MAX   113
2020 12 22 07 37 MIN    60
2020 12 22 14 11 MAX   122
2020 12 22 20 53 MIN    58
2020 12 23 03 18 MAX   113
2020 12 23 08 48 MIN    66
2020 12 23 15 29 MAX   117
2020 12 23 22 06 MIN    56
2020 12 24 04 32 MAX   117
2020 12 24 10 10 MIN    67
2020 12 24 16 45 MAX   116
2020 12 24 23 07 MIN    50
2020 12 25 05 31 MAX   125
2020 12 25 11 24 MIN    61
2020 12 25 17 42 MAX   119
2020 12 25 23 55 MIN    43
2020 12 26 06 19 MAX   133
2020 12 26 12 19 MIN    53
2020 12 26 18 27 MAX   123
2020 12 27 00 35 MIN    36
2020 12 27 07 01 MAX   142
2020 12 27 13 03 MIN    44
2020 12 27 19 06 MAX   128
2020 12 28 01 10 MIN    28
2020 12 28 07 40 MAX   151
2020 12 28 13 42 MIN    35
2020 12 28 19 42 MAX   132
2020 12 29 01 45 MIN    20
2020 12 29 08 18 MAX   158
2020 12 29 14 17 MIN    28
2020 12 29 20 19 MAX   136
2020 12 30 02 19 MIN    14
2020 12 30 08 56 MAX   165
2020 12 30 14 52 MIN    22
2020 12 30 20 56 MAX   139
2020 12 31 02 55 MIN     9
2020 12 31 09 34 MAX   169
2020 12 31 15 28 MIN    18
2020 12 31 21 34 MAX   141
2021 01 01 03 32 MIN     8
2021 01 01 10 11 MAX   170
2021 01 01 16 04 MIN    17
2021 01 01 22 13 MAX   140
2021 01 02 04 11 MIN     9
2021 01 02 10 49 MAX   168
2021 01 02 16 42 MIN    19
2021 01 02 22 53 MAX   137
2021 01 03 04 51 MIN    13
2021 01 03 11 28 MAX   163
2021 01 03 17 22 MIN    23
2021 01 03 23 38 MAX   133
2021 01 04 05 36 MIN    21
2021 01 04 12 09 MAX   156
2021 01 04 18 06 MIN    28
2021 01 05 00 29 MAX   127
2021 01 05 06 26 MIN    30
2021 01 05 12 55 MAX   147
2021 01 05 18 57 MIN    33
2021 01 06 01 31 MAX   123
2021 01 06 07 25 MIN    39
2021 01 06 13 51 MAX   137
2021 01 06 19 57 MIN    37
2021 01 07 02 49 MAX   121
2021 01 07 08 36 MIN    46
2021 01 07 14 59 MAX   130
2021 01 07 21 07 MIN    38
2021 01 08 04 13 MAX   125
2021 01 08 09 59 MIN    48
2021 01 08 16 17 MAX   126
2021 01 08 22 22 MIN    34
2021 01 09 05 29 MAX   133
2021 01 09 11 22 MIN    42
2021 01 09 17 31 MAX   128
2021 01 09 23 31 MIN    26
2021 01 10 06 35 MAX   145
2021 01 10 12 31 MIN    32
2021 01 10 18 35 MAX   133
2021 01 11 00 32 MIN    16
2021 01 11 07 32 MAX   157
2021 01 11 13 28 MIN    20
2021 01 11 19 30 MAX   138
2021 01 12 01 26 MIN     7
2021 01 12 08 23 MAX   167
2021 01 12 14 16 MIN    11
2021 01 12 20 20 MAX   144
2021 01 13 02 14 MIN    -1
2021 01 13 09 08 MAX   173
2021 01 13 15 00 MIN     5
2021 01 13 21 05 MAX   147
2021 01 14 02 57 MIN    -5
2021 01 14 09 49 MAX   175
2021 01 14 15 40 MIN     3
2021 01 14 21 46 MAX   148
2021 01 15 03 37 MIN    -4
2021 01 15 10 25 MAX   173
2021 01 15 16 18 MIN     5
2021 01 15 22 24 MAX   146
2021 01 16 04 15 MIN     1
2021 01 16 10 58 MAX   166
2021 01 16 16 54 MIN    11
2021 01 16 23 00 MAX   142
2021 01 17 04 50 MIN     9
2021 01 17 11 27 MAX   157
2021 01 17 17 29 MIN    19
2021 01 17 23 35 MAX   135
2021 01 18 05 25 MIN    21
2021 01 18 11 53 MAX   146
2021 01 18 18 04 MIN    29
2021 01 19 00 12 MAX   128
2021 01 19 06 00 MIN    33
2021 01 19 12 20 MAX   135
2021 01 19 18 41 MIN    38
2021 01 20 00 54 MAX   120
2021 01 20 06 40 MIN    46
2021 01 20 12 52 MAX   124
2021 01 20 19 27 MIN    47
2021 01 21 01 49 MAX   113
2021 01 21 07 31 MIN    57
2021 01 21 13 38 MAX   113
2021 01 21 20 28 MIN    54
2021 01 22 03 01 MAX   109
2021 01 22 08 44 MIN    66
2021 01 22 14 57 MAX   104
2021 01 22 21 49 MIN    55
2021 01 23 04 27 MAX   111
2021 01 23 10 26 MIN    66
2021 01 23 16 39 MAX   102
2021 01 23 23 06 MIN    51
2021 01 24 05 42 MAX   118
2021 01 24 11 54 MIN    59
2021 01 24 17 53 MAX   106
2021 01 25 00 05 MIN    43
2021 01 25 06 38 MAX   128
2021 01 25 12 50 MIN    48
2021 01 25 18 46 MAX   113
2021 01 26 00 51 MIN    32
2021 01 26 07 25 MAX   139
2021 01 26 13 32 MIN    36
2021 01 26 19 30 MAX   122
2021 01 27 01 31 MIN    20
2021 01 27 08 07 MAX   150
2021 01 27 14 07 MIN    24
2021 01 27 20 11 MAX   130
2021 01 28 02 09 MIN     9
2021 01 28 08 46 MAX   161
2021 01 28 14 42 MIN    14
2021 01 28 20 50 MAX   139
2021 01 29 02 47 MIN    -1
2021 01 29 09 24 MAX   170
2021 01 29 15 16 MIN     5
2021 01 29 21 30 MAX   145
2021 01 30 03 24 MIN    -8
2021 01 30 10 00 MAX   175
2021 01 30 15 51 MIN     0
2021 01 30 22 09 MAX   150
2021 01 31 04 02 MIN   -10
2021 01 31 10 36 MAX   176
2021 01 31 16 27 MIN    -2
2021 01 31 22 49 MAX   150
2021 02 01 04 41 MIN    -7
2021 02 01 11 12 MAX   172
2021 02 01 17 03 MIN     0
2021 02 01 23 29 MAX   147
2021 02 02 05 22 MIN     1
2021 02 02 11 49 MAX   164
2021 02 02 17 42 MIN     6
2021 02 03 00 11 MAX   141
2021 02 03 06 05 MIN    13
2021 02 03 12 28 MAX   151
2021 02 03 18 25 MIN    16
2021 02 04 00 59 MAX   132
2021 02 04 06 56 MIN    28
2021 02 04 13 13 MAX   135
2021 02 04 19 15 MIN    27
2021 02 05 02 01 MAX   123
2021 02 05 08 00 MIN    43
2021 02 05 14 13 MAX   119
2021 02 05 20 18 MIN    36
2021 02 06 03 32 MAX   117
2021 02 06 09 31 MIN    52
2021 02 06 15 43 MAX   109
2021 02 06 21 43 MIN    41
2021 02 07 05 17 MAX   121
2021 02 07 11 17 MIN    49
2021 02 07 17 21 MAX   109
2021 02 07 23 16 MIN    37
2021 02 08 06 36 MAX   132
2021 02 08 12 34 MIN    37
2021 02 08 18 34 MAX   117
2021 02 09 00 29 MIN    26
2021 02 09 07 33 MAX   146
2021 02 09 13 27 MIN    23
2021 02 09 19 30 MAX   128
2021 02 10 01 23 MIN    12
2021 02 10 08 19 MAX   157
2021 02 10 14 10 MIN    10
2021 02 10 20 15 MAX   138
2021 02 11 02 08 MIN     1
2021 02 11 08 59 MAX   166
2021 02 11 14 47 MIN     1
2021 02 11 20 55 MAX   146
2021 02 12 02 46 MIN    -7
2021 02 12 09 33 MAX   170
2021 02 12 15 22 MIN    -4
2021 02 12 21 31 MAX   151
2021 02 13 03 22 MIN    -9
2021 02 13 10 04 MAX   169
2021 02 13 15 54 MIN    -4
2021 02 13 22 05 MAX   152
2021 02 14 03 55 MIN    -7
2021 02 14 10 31 MAX   165
2021 02 14 16 24 MIN    -1
2021 02 14 22 36 MAX   150
2021 02 15 04 25 MIN     0
2021 02 15 10 55 MAX   158
2021 02 15 16 53 MIN     6
2021 02 15 23 06 MAX   145
2021 02 16 04 55 MIN    10
2021 02 16 11 16 MAX   149
2021 02 16 17 21 MIN    15
2021 02 16 23 35 MAX   139
2021 02 17 05 25 MIN    22
2021 02 17 11 38 MAX   139
2021 02 17 17 48 MIN    25
2021 02 18 00 07 MAX   130
2021 02 18 05 56 MIN    34
2021 02 18 12 02 MAX   127
2021 02 18 18 19 MIN    36
2021 02 19 00 45 MAX   121
2021 02 19 06 34 MIN    47
2021 02 19 12 33 MAX   114
2021 02 19 18 58 MIN    47
2021 02 20 01 37 MAX   112
2021 02 20 07 27 MIN    60
2021 02 20 13 21 MAX   101
2021 02 20 20 03 MIN    56
2021 02 21 03 01 MAX   105
2021 02 21 09 06 MIN    68
2021 02 21 15 15 MAX    91
2021 02 21 21 56 MIN    58
2021 02 22 04 54 MAX   107
2021 02 22 11 30 MIN    64
2021 02 22 17 27 MAX    95
2021 02 22 23 32 MIN    50
2021 02 23 06 15 MAX   118
2021 02 23 12 37 MIN    50
2021 02 23 18 33 MAX   105
2021 02 24 00 31 MIN    36
2021 02 24 07 08 MAX   132
2021 02 24 13 17 MIN    36
2021 02 24 19 19 MAX   118
2021 02 25 01 15 MIN    21
2021 02 25 07 50 MAX   147
2021 02 25 13 50 MIN    20
2021 02 25 20 00 MAX   132
2021 02 26 01 53 MIN     5
2021 02 26 08 28 MAX   161
2021 02 26 14 23 MIN     5
2021 02 26 20 38 MAX   145
2021 02 27 02 31 MIN    -9
2021 02 27 09 04 MAX   173
2021 02 27 14 56 MIN    -7
2021 02 27 21 17 MAX   157
2021 02 28 03 08 MIN   -19
2021 02 28 09 40 MAX   181
2021 02 28 15 29 MIN   -16
2021 02 28 21 55 MAX   164
2021 03 01 03 46 MIN   -22
2021 03 01 10 14 MAX   183
2021 03 01 16 04 MIN   -20
2021 03 01 22 34 MAX   167
2021 03 02 04 24 MIN   -19
2021 03 02 10 50 MAX   178
2021 03 02 16 40 MIN   -16
2021 03 02 23 12 MAX   163
2021 03 03 05 04 MIN    -9
2021 03 03 11 25 MAX   166
2021 03 03 17 16 MIN    -7
2021 03 03 23 51 MAX   154
2021 03 04 05 46 MIN     7
2021 03 04 12 01 MAX   149
2021 03 04 17 55 MIN     8
2021 03 05 00 33 MAX   140
2021 03 05 06 33 MIN    26
2021 03 05 12 42 MAX   129
2021 03 05 18 39 MIN    25
2021 03 06 01 26 MAX   125
2021 03 06 07 36 MIN    46
2021 03 06 13 38 MAX   109
2021 03 06 19 39 MIN    41
2021 03 07 02 59 MAX   113
2021 03 07 09 18 MIN    58
2021 03 07 15 25 MAX    97
2021 03 07 21 15 MIN    51
2021 03 08 05 15 MAX   114
2021 03 08 11 23 MIN    53
2021 03 08 17 27 MAX   101
2021 03 08 23 12 MIN    47
2021 03 09 06 34 MAX   127
2021 03 09 12 33 MIN    39
2021 03 09 18 35 MAX   114
2021 03 10 00 26 MIN    33
2021 03 10 07 24 MAX   140
2021 03 10 13 16 MIN    24
2021 03 10 19 23 MAX   128
2021 03 11 01 14 MIN    19
2021 03 11 08 04 MAX   151
2021 03 11 13 52 MIN    11
2021 03 11 20 01 MAX   140
2021 03 12 01 53 MIN     6
2021 03 12 08 38 MAX   159
2021 03 12 14 25 MIN     1
2021 03 12 20 37 MAX   150
2021 03 13 02 28 MIN    -2
2021 03 13 09 08 MAX   163
2021 03 13 14 56 MIN    -5
2021 03 13 21 10 MAX   156
2021 03 14 03 00 MIN    -6
2021 03 14 09 35 MAX   164
2021 03 14 15 25 MIN    -6
2021 03 14 21 40 MAX   159
2021 03 15 03 30 MIN    -4
2021 03 15 09 58 MAX   161
2021 03 15 15 52 MIN    -4
2021 03 15 22 09 MAX   159
2021 03 16 03 58 MIN     0
2021 03 16 10 19 MAX   156
2021 03 16 16 17 MIN     1
2021 03 16 22 36 MAX   156
2021 03 17 04 26 MIN     8
2021 03 17 10 40 MAX   149
2021 03 17 16 41 MIN     9
2021 03 17 23 04 MAX   150
2021 03 18 04 54 MIN    18
2021 03 18 11 02 MAX   140
2021 03 18 17 05 MIN    19
2021 03 18 23 32 MAX   142
2021 03 19 05 24 MIN    29
2021 03 19 11 25 MAX   129
2021 03 19 17 32 MIN    30
2021 03 20 00 05 MAX   133
2021 03 20 05 57 MIN    42
2021 03 20 11 53 MAX   116
2021 03 20 18 03 MIN    42
2021 03 21 00 46 MAX   121
2021 03 21 06 42 MIN    56
2021 03 21 12 29 MAX   103
2021 03 21 18 52 MIN    54
2021 03 22 01 50 MAX   110
2021 03 22 08 01 MIN    67
2021 03 22 13 54 MAX    90
2021 03 22 20 39 MIN    63
2021 03 23 03 52 MAX   106
2021 03 23 10 45 MIN    67
2021 03 23 17 03 MAX    92
2021 03 23 22 49 MIN    57
2021 03 24 05 40 MAX   116
2021 03 24 12 07 MIN    53
2021 03 24 18 13 MAX   106
2021 03 25 00 00 MIN    42
2021 03 25 00 00 MIN    42
2021 03 25 06 38 MAX   131
2021 03 25 12 47 MIN    36
2021 03 25 18 58 MAX   122
2021 03 26 00 48 MIN    24
2021 03 26 07 20 MAX   147
2021 03 26 13 20 MIN    18
2021 03 26 19 38 MAX   139
2021 03 27 01 28 MIN     6
2021 03 27 07 58 MAX   163
2021 03 27 13 53 MIN     1
2021 03 27 20 17 MAX   156
2021 03 28 02 07 MIN   -10
2021 03 28 08 35 MAX   175
2021 03 28 14 27 MIN   -14
2021 03 28 20 56 MAX   170
2021 03 29 02 47 MIN   -20
2021 03 29 09 12 MAX   183
2021 03 29 15 02 MIN   -24
2021 03 29 21 35 MAX   179
2021 03 30 03 26 MIN   -24
2021 03 30 09 49 MAX   183
2021 03 30 15 38 MIN   -26
2021 03 30 22 14 MAX   181
2021 03 31 04 06 MIN   -19
2021 03 31 10 26 MAX   176
2021 03 31 16 15 MIN   -20
2021 03 31 22 53 MAX   176
2021 04 01 04 47 MIN    -7
2021 04 01 11 02 MAX   162
2021 04 01 16 52 MIN    -7
2021 04 01 23 33 MAX   164
2021 04 02 05 31 MIN    11
2021 04 02 11 40 MAX   144
2021 04 02 17 31 MIN    11
2021 04 03 00 14 MAX   148
2021 04 03 06 20 MIN    32
2021 04 03 12 21 MAX   123
2021 04 03 18 16 MIN    30
2021 04 04 01 05 MAX   130
2021 04 04 07 25 MIN    50
2021 04 04 13 21 MAX   105
2021 04 04 19 18 MIN    48
2021 04 05 02 39 MAX   115
2021 04 05 09 12 MIN    61
2021 04 05 15 27 MAX    96
2021 04 05 20 59 MIN    59
2021 04 06 04 59 MAX   116
2021 04 06 11 09 MIN    55
2021 04 06 17 20 MAX   104
2021 04 06 22 55 MIN    55
2021 04 07 06 12 MAX   126
2021 04 07 12 10 MIN    42
2021 04 07 18 19 MAX   119
2021 04 08 00 05 MIN    42
2021 04 08 06 58 MAX   137
2021 04 08 12 50 MIN    29
2021 04 08 19 01 MAX   132
2021 04 09 00 51 MIN    30
2021 04 09 07 35 MAX   146
2021 04 09 13 24 MIN    18
2021 04 09 19 37 MAX   145
2021 04 10 01 28 MIN    19
2021 04 10 08 06 MAX   152
2021 04 10 13 55 MIN     9
2021 04 10 20 11 MAX   154
2021 04 11 02 02 MIN    11
2021 04 11 08 35 MAX   156
2021 04 11 14 24 MIN     3
2021 04 11 20 43 MAX   161
2021 04 12 02 33 MIN     7
2021 04 12 09 00 MAX   157
2021 04 12 14 52 MIN     1
2021 04 12 21 12 MAX   164
2021 04 13 03 03 MIN     7
2021 04 13 09 23 MAX   155
2021 04 13 15 18 MIN     2
2021 04 13 21 41 MAX   166
2021 04 14 03 32 MIN     9
2021 04 14 09 45 MAX   152
2021 04 14 15 43 MIN     6
2021 04 14 22 08 MAX   164
2021 04 15 04 00 MIN    14
2021 04 15 10 08 MAX   147
2021 04 15 16 07 MIN    13
2021 04 15 22 37 MAX   160
2021 04 16 04 29 MIN    22
2021 04 16 10 33 MAX   140
2021 04 16 16 32 MIN    21
2021 04 16 23 06 MAX   154
2021 04 17 05 00 MIN    31
2021 04 17 10 59 MAX   131
2021 04 17 17 00 MIN    32
2021 04 17 23 39 MAX   144
2021 04 18 05 35 MIN    43
2021 04 18 11 28 MAX   120
2021 04 18 17 35 MIN    44
2021 04 19 00 18 MAX   133
2021 04 19 06 20 MIN    56
2021 04 19 12 06 MAX   108
2021 04 19 18 26 MIN    56
2021 04 20 01 15 MAX   122
2021 04 20 07 30 MIN    67
2021 04 20 13 24 MAX    97
2021 04 20 19 59 MIN    65
2021 04 21 02 55 MAX   115
2021 04 21 09 33 MIN    68
2021 04 21 16 21 MAX    99
2021 04 21 21 56 MIN    62
2021 04 22 04 45 MAX   121
2021 04 22 11 08 MIN    57
2021 04 22 17 37 MAX   114
2021 04 22 23 16 MIN    49
2021 04 23 05 50 MAX   135
2021 04 23 11 59 MIN    40
2021 04 23 18 25 MAX   132
2021 04 24 00 11 MIN    32
2021 04 24 06 38 MAX   150
2021 04 24 12 39 MIN    21
2021 04 24 19 07 MAX   150
2021 04 25 00 57 MIN    14
2021 04 25 07 20 MAX   164
2021 04 25 13 17 MIN     3
2021 04 25 19 50 MAX   167
2021 04 26 01 41 MIN    -1
2021 04 26 08 02 MAX   175
2021 04 26 13 55 MIN   -11
2021 04 26 20 32 MAX   181
2021 04 27 02 24 MIN   -10
2021 04 27 08 43 MAX   180
2021 04 27 14 33 MIN   -19
2021 04 27 21 14 MAX   189
2021 04 28 03 07 MIN   -12
2021 04 28 09 23 MAX   179
2021 04 28 15 13 MIN   -19
2021 04 28 21 56 MAX   190
2021 04 29 03 50 MIN    -7
2021 04 29 10 04 MAX   171
2021 04 29 15 52 MIN   -11
2021 04 29 22 38 MAX   184
2021 04 30 04 34 MIN     5
2021 04 30 10 44 MAX   158
2021 04 30 16 33 MIN     3
2021 04 30 23 20 MAX   171
2021 05 01 05 21 MIN    21
2021 05 01 11 25 MAX   141
2021 05 01 17 15 MIN    21
2021 05 02 00 04 MAX   155
2021 05 02 06 13 MIN    39
2021 05 02 12 12 MAX   125
2021 05 02 18 04 MIN    39
2021 05 03 00 57 MAX   139
2021 05 03 07 18 MIN    54
2021 05 03 13 20 MAX   111
2021 05 03 19 09 MIN    55
2021 05 04 02 18 MAX   126
2021 05 04 08 48 MIN    62
2021 05 04 15 10 MAX   107
2021 05 04 20 36 MIN    64
2021 05 05 04 10 MAX   123
2021 05 05 10 21 MIN    60
2021 05 05 16 44 MAX   114
2021 05 05 22 11 MIN    63
2021 05 06 05 27 MAX   128
2021 05 06 11 26 MIN    51
2021 05 06 17 43 MAX   126
2021 05 06 23 24 MIN    56
2021 05 07 06 17 MAX   135
2021 05 07 12 11 MIN    41
2021 05 07 18 28 MAX   138
2021 05 08 00 16 MIN    47
2021 05 08 06 54 MAX   141
2021 05 08 12 47 MIN    32
2021 05 08 19 05 MAX   148
2021 05 09 00 57 MIN    38
2021 05 09 07 27 MAX   146
2021 05 09 13 20 MIN    24
2021 05 09 19 40 MAX   157
2021 05 10 01 34 MIN    31
2021 05 10 07 56 MAX   149
2021 05 10 13 50 MIN    19
2021 05 10 20 13 MAX   163
2021 05 11 02 07 MIN    26
2021 05 11 08 23 MAX   150
2021 05 11 14 19 MIN    17
2021 05 11 20 44 MAX   168
2021 05 12 02 38 MIN    24
2021 05 12 08 49 MAX   151
2021 05 12 14 46 MIN    16
2021 05 12 21 14 MAX   171
2021 05 13 03 09 MIN    24
2021 05 13 09 15 MAX   150
2021 05 13 15 13 MIN    18
2021 05 13 21 45 MAX   171
2021 05 14 03 40 MIN    26
2021 05 14 09 43 MAX   147
2021 05 14 15 41 MIN    23
2021 05 14 22 16 MAX   169
2021 05 15 04 11 MIN    31
2021 05 15 10 12 MAX   142
2021 05 15 16 11 MIN    29
2021 05 15 22 49 MAX   163
2021 05 16 04 45 MIN    38
2021 05 16 10 43 MAX   135
2021 05 16 16 45 MIN    38
2021 05 16 23 25 MAX   156
2021 05 17 05 23 MIN    48
2021 05 17 11 18 MAX   127
2021 05 17 17 25 MIN    48
2021 05 18 00 06 MAX   146
2021 05 18 06 09 MIN    58
2021 05 18 12 02 MAX   118
2021 05 18 18 21 MIN    58
2021 05 19 01 00 MAX   137
2021 05 19 07 12 MIN    65
2021 05 19 13 23 MAX   111
2021 05 19 19 38 MIN    65
2021 05 20 02 16 MAX   132
2021 05 20 08 35 MIN    66
2021 05 20 15 27 MAX   114
2021 05 20 21 07 MIN    64
2021 05 21 03 44 MAX   134
2021 05 21 09 59 MIN    59
2021 05 21 16 48 MAX   126
2021 05 21 22 26 MIN    56
2021 05 22 04 55 MAX   142
2021 05 22 11 03 MIN    45
2021 05 22 17 45 MAX   143
2021 05 22 23 31 MIN    43
2021 05 23 05 52 MAX   153
2021 05 23 11 54 MIN    29
2021 05 23 18 34 MAX   159
2021 05 24 00 26 MIN    29
2021 05 24 06 42 MAX   163
2021 05 24 12 40 MIN    14
2021 05 24 19 23 MAX   175
2021 05 25 01 17 MIN    17
2021 05 25 07 30 MAX   170
2021 05 25 13 24 MIN     3
2021 05 25 20 10 MAX   186
2021 05 26 02 05 MIN     9
2021 05 26 08 16 MAX   174
2021 05 26 14 09 MIN    -3
2021 05 26 20 57 MAX   193
2021 05 27 02 52 MIN     6
2021 05 27 09 02 MAX   172
2021 05 27 14 53 MIN    -2
2021 05 27 21 43 MAX   194
2021 05 28 03 39 MIN    10
2021 05 28 09 47 MAX   166
2021 05 28 15 36 MIN     5
2021 05 28 22 28 MAX   189
2021 05 29 04 26 MIN    18
2021 05 29 10 32 MAX   157
2021 05 29 16 21 MIN    16
2021 05 29 23 13 MAX   179
2021 05 30 05 14 MIN    31
2021 05 30 11 18 MAX   146
2021 05 30 17 07 MIN    30
2021 05 30 23 58 MAX   166
2021 05 31 06 04 MIN    44
2021 05 31 12 07 MAX   135
2021 05 31 17 56 MIN    45
2021 06 01 00 46 MAX   152
2021 06 01 07 00 MIN    56
2021 06 01 13 08 MAX   126
2021 06 01 18 53 MIN    58
2021 06 02 01 43 MAX   140
2021 06 02 08 05 MIN    64
2021 06 02 14 27 MAX   122
2021 06 02 19 59 MIN    68
2021 06 03 02 58 MAX   133
2021 06 03 09 19 MIN    66
2021 06 03 15 48 MAX   125
2021 06 03 21 15 MIN    73
2021 06 04 04 15 MAX   131
2021 06 04 10 27 MIN    63
2021 06 04 16 54 MAX   132
2021 06 04 22 29 MIN    72
2021 06 05 05 17 MAX   133
2021 06 05 11 21 MIN    57
2021 06 05 17 45 MAX   141
2021 06 05 23 33 MIN    67
2021 06 06 06 04 MAX   136
2021 06 06 12 05 MIN    50
2021 06 06 18 29 MAX   149
2021 06 07 00 24 MIN    60
2021 06 07 06 42 MAX   140
2021 06 07 12 43 MIN    44
2021 06 07 19 08 MAX   157
2021 06 08 01 05 MIN    53
2021 06 08 07 16 MAX   143
2021 06 08 13 16 MIN    39
2021 06 08 19 44 MAX   164
2021 06 09 01 43 MIN    47
2021 06 09 07 49 MAX   146
2021 06 09 13 49 MIN    35
2021 06 09 20 19 MAX   170
2021 06 10 02 18 MIN    42
2021 06 10 08 21 MAX   149
2021 06 10 14 20 MIN    33
2021 06 10 20 53 MAX   174
2021 06 11 02 51 MIN    39
2021 06 11 08 53 MAX   150
2021 06 11 14 52 MIN    32
2021 06 11 21 28 MAX   176
2021 06 12 03 25 MIN    39
2021 06 12 09 26 MAX   150
2021 06 12 15 25 MIN    33
2021 06 12 22 03 MAX   176
2021 06 13 03 59 MIN    41
2021 06 13 10 01 MAX   148
2021 06 13 16 01 MIN    36
2021 06 13 22 39 MAX   174
2021 06 14 04 35 MIN    45
2021 06 14 10 37 MAX   144
2021 06 14 16 39 MIN    42
2021 06 14 23 17 MAX   169
2021 06 15 05 13 MIN    50
2021 06 15 11 17 MAX   139
2021 06 15 17 22 MIN    49
2021 06 15 23 58 MAX   162
2021 06 16 05 57 MIN    56
2021 06 16 12 06 MAX   134
2021 06 16 18 13 MIN    57
2021 06 17 00 46 MAX   156
2021 06 17 06 50 MIN    61
2021 06 17 13 13 MAX   131
2021 06 17 19 15 MIN    63
2021 06 18 01 43 MAX   150
2021 06 18 07 52 MIN    62
2021 06 18 14 37 MAX   132
2021 06 18 20 26 MIN    66
2021 06 19 02 52 MAX   148
2021 06 19 09 01 MIN    59
2021 06 19 15 57 MAX   139
2021 06 19 21 42 MIN    64
2021 06 20 04 04 MAX   149
2021 06 20 10 09 MIN    52
2021 06 20 17 06 MAX   151
2021 06 20 22 56 MIN    57
2021 06 21 05 10 MAX   153
2021 06 21 11 12 MIN    42
2021 06 21 18 06 MAX   163
2021 06 22 00 02 MIN    48
2021 06 22 06 10 MAX   158
2021 06 22 12 08 MIN    31
2021 06 22 19 03 MAX   176
2021 06 23 01 01 MIN    38
2021 06 23 07 06 MAX   163
2021 06 23 13 01 MIN    23
2021 06 23 19 57 MAX   186
2021 06 24 01 54 MIN    29
2021 06 24 07 59 MAX   166
2021 06 24 13 52 MIN    17
2021 06 24 20 48 MAX   193
2021 06 25 02 44 MIN    25
2021 06 25 08 49 MAX   168
2021 06 25 14 41 MIN    15
2021 06 25 21 36 MAX   196
2021 06 26 03 32 MIN    24
2021 06 26 09 38 MAX   166
2021 06 26 15 27 MIN    18
2021 06 26 22 22 MAX   194
2021 06 27 04 17 MIN    28
2021 06 27 10 23 MAX   163
2021 06 27 16 12 MIN    25
2021 06 27 23 04 MAX   187
2021 06 28 05 00 MIN    35
2021 06 28 11 08 MAX   157
2021 06 28 16 56 MIN    35
2021 06 28 23 43 MAX   177
2021 06 29 05 43 MIN    45
2021 06 29 11 53 MAX   150
2021 06 29 17 39 MIN    47
2021 06 30 00 20 MAX   166
2021 06 30 06 28 MIN    55
2021 06 30 12 40 MAX   143
2021 06 30 18 24 MIN    60
2021 07 01 00 58 MAX   154
2021 07 01 07 16 MIN    64
2021 07 01 13 34 MAX   138
2021 07 01 19 13 MIN    72
2021 07 02 01 40 MAX   144
2021 07 02 08 11 MIN    71
2021 07 02 14 38 MAX   135
2021 07 02 20 13 MIN    81
2021 07 03 02 37 MAX   135
2021 07 03 09 16 MIN    74
2021 07 03 15 49 MAX   136
2021 07 03 21 26 MIN    86
2021 07 04 03 52 MAX   131
2021 07 04 10 22 MIN    73
2021 07 04 16 55 MAX   140
2021 07 04 22 45 MIN    85
2021 07 05 05 03 MAX   131
2021 07 05 11 19 MIN    69
2021 07 05 17 51 MAX   147
2021 07 05 23 53 MIN    79
2021 07 06 05 58 MAX   134
2021 07 06 12 07 MIN    63
2021 07 06 18 38 MAX   155
2021 07 07 00 44 MIN    71
2021 07 07 06 43 MAX   139
2021 07 07 12 48 MIN    57
2021 07 07 19 21 MAX   163
2021 07 08 01 27 MIN    63
2021 07 08 07 24 MAX   143
2021 07 08 13 27 MIN    51
2021 07 08 20 01 MAX   170
2021 07 09 02 04 MIN    56
2021 07 09 08 02 MAX   148
2021 07 09 14 03 MIN    45
2021 07 09 20 39 MAX   177
2021 07 10 02 39 MIN    50
2021 07 10 08 39 MAX   153
2021 07 10 14 39 MIN    40
2021 07 10 21 17 MAX   182
2021 07 11 03 13 MIN    46
2021 07 11 09 17 MAX   156
2021 07 11 15 15 MIN    37
2021 07 11 21 54 MAX   185
2021 07 12 03 47 MIN    44
2021 07 12 09 55 MAX   157
2021 07 12 15 52 MIN    37
2021 07 12 22 30 MAX   186
2021 07 13 04 22 MIN    44
2021 07 13 10 34 MAX   157
2021 07 13 16 31 MIN    39
2021 07 13 23 07 MAX   183
2021 07 14 04 59 MIN    46
2021 07 14 11 15 MAX   156
2021 07 14 17 12 MIN    45
2021 07 14 23 44 MAX   178
2021 07 15 05 38 MIN    49
2021 07 15 12 00 MAX   153
2021 07 15 17 56 MIN    52
2021 07 16 00 24 MAX   171
2021 07 16 06 22 MIN    54
2021 07 16 12 52 MAX   150
2021 07 16 18 48 MIN    61
2021 07 17 01 10 MAX   163
2021 07 17 07 13 MIN    58
2021 07 17 13 55 MAX   147
2021 07 17 19 50 MIN    69
2021 07 18 02 07 MAX   154
2021 07 18 08 13 MIN    61
2021 07 18 15 12 MAX   147
2021 07 18 21 06 MIN    74
2021 07 19 03 19 MAX   147
2021 07 19 09 23 MIN    61
2021 07 19 16 36 MAX   152
2021 07 19 22 33 MIN    73
2021 07 20 04 40 MAX   146
2021 07 20 10 39 MIN    57
2021 07 20 17 52 MAX   161
2021 07 20 23 53 MIN    66
2021 07 21 05 53 MAX   149
2021 07 21 11 49 MIN    50
2021 07 21 18 58 MAX   173
2021 07 22 00 58 MIN    54
2021 07 22 06 56 MAX   155
2021 07 22 12 51 MIN    41
2021 07 22 19 54 MAX   184
2021 07 23 01 51 MIN    43
2021 07 23 07 53 MAX   162
2021 07 23 13 45 MIN    32
2021 07 23 20 44 MAX   193
2021 07 24 02 38 MIN    35
2021 07 24 08 43 MAX   168
2021 07 24 14 33 MIN    26
2021 07 24 21 29 MAX   198
2021 07 25 03 20 MIN    30
2021 07 25 09 29 MAX   172
2021 07 25 15 17 MIN    24
2021 07 25 22 09 MAX   198
2021 07 26 04 00 MIN    30
2021 07 26 10 10 MAX   172
2021 07 26 15 57 MIN    27
2021 07 26 22 45 MAX   194
2021 07 27 04 37 MIN    35
2021 07 27 10 49 MAX   170
2021 07 27 16 35 MIN    35
2021 07 27 23 16 MAX   185
2021 07 28 05 12 MIN    43
2021 07 28 11 26 MAX   164
2021 07 28 17 11 MIN    47
2021 07 28 23 43 MAX   174
2021 07 29 05 47 MIN    52
2021 07 29 12 02 MAX   157
2021 07 29 17 46 MIN    60
2021 07 30 00 08 MAX   163
2021 07 30 06 22 MIN    62
2021 07 30 12 41 MAX   150
2021 07 30 18 24 MIN    73
2021 07 31 00 33 MAX   151
2021 07 31 07 03 MIN    72
2021 07 31 13 28 MAX   143
2021 07 31 19 10 MIN    85
2021 08 01 01 08 MAX   140
2021 08 01 07 53 MIN    80
2021 08 01 14 30 MAX   138
2021 08 01 20 14 MIN    95
2021 08 02 02 08 MAX   131
2021 08 02 09 06 MIN    85
2021 08 02 15 52 MAX   138
2021 08 02 21 52 MIN    98
2021 08 03 03 53 MAX   125
2021 08 03 10 29 MIN    84
2021 08 03 17 13 MAX   142
2021 08 03 23 33 MIN    93
2021 08 04 05 26 MAX   128
2021 08 04 11 37 MIN    78
2021 08 04 18 16 MAX   151
2021 08 05 00 35 MIN    83
2021 08 05 06 25 MAX   134
2021 08 05 12 29 MIN    69
2021 08 05 19 06 MAX   160
2021 08 06 01 18 MIN    72
2021 08 06 07 11 MAX   142
2021 08 06 13 12 MIN    59
2021 08 06 19 48 MAX   170
2021 08 07 01 53 MIN    62
2021 08 07 07 51 MAX   150
2021 08 07 13 49 MIN    49
2021 08 07 20 27 MAX   180
2021 08 08 02 25 MIN    52
2021 08 08 08 30 MAX   158
2021 08 08 14 26 MIN    40
2021 08 08 21 03 MAX   188
2021 08 09 02 57 MIN    44
2021 08 09 09 08 MAX   165
2021 08 09 15 02 MIN    33
2021 08 09 21 38 MAX   194
2021 08 10 03 29 MIN    38
2021 08 10 09 46 MAX   171
2021 08 10 15 38 MIN    30
2021 08 10 22 13 MAX   197
2021 08 11 04 02 MIN    34
2021 08 11 10 24 MAX   173
2021 08 11 16 15 MIN    31
2021 08 11 22 46 MAX   195
2021 08 12 04 36 MIN    34
2021 08 12 11 03 MAX   173
2021 08 12 16 54 MIN    37
2021 08 12 23 21 MAX   189
2021 08 13 05 13 MIN    38
2021 08 13 11 43 MAX   170
2021 08 13 17 35 MIN    46
2021 08 13 23 57 MAX   179
2021 08 14 05 52 MIN    45
2021 08 14 12 27 MAX   163
2021 08 14 18 22 MIN    59
2021 08 15 00 38 MAX   165
2021 08 15 06 37 MIN    54
2021 08 15 13 21 MAX   155
2021 08 15 19 21 MIN    73
2021 08 16 01 29 MAX   150
2021 08 16 07 33 MIN    65
2021 08 16 14 37 MAX   148
2021 08 16 20 43 MIN    84
2021 08 17 02 48 MAX   137
2021 08 17 08 49 MIN    72
2021 08 17 16 27 MAX   148
2021 08 17 22 34 MIN    85
2021 08 18 04 33 MAX   134
2021 08 18 10 24 MIN    72
2021 08 18 17 59 MAX   157
2021 08 19 00 03 MIN    74
2021 08 19 05 58 MAX   141
2021 08 19 11 48 MIN    62
2021 08 19 19 03 MAX   170
2021 08 20 01 01 MIN    59
2021 08 20 07 00 MAX   152
2021 08 20 12 50 MIN    50
2021 08 20 19 52 MAX   183
2021 08 21 01 46 MIN    46
2021 08 21 07 50 MAX   163
2021 08 21 13 39 MIN    38
2021 08 21 20 34 MAX   192
2021 08 22 02 25 MIN    35
2021 08 22 08 33 MAX   172
2021 08 22 14 22 MIN    29
2021 08 22 21 12 MAX   197
2021 08 23 03 01 MIN    29
2021 08 23 09 12 MAX   178
2021 08 23 15 00 MIN    26
2021 08 23 21 45 MAX   197
2021 08 24 03 34 MIN    28
2021 08 24 09 49 MAX   180
2021 08 24 15 35 MIN    28
2021 08 24 22 15 MAX   193
2021 08 25 04 06 MIN    31
2021 08 25 10 23 MAX   178
2021 08 25 16 08 MIN    35
2021 08 25 22 40 MAX   185
2021 08 26 04 36 MIN    38
2021 08 26 10 54 MAX   174
2021 08 26 16 38 MIN    45
2021 08 26 23 00 MAX   175
2021 08 27 05 03 MIN    47
2021 08 27 11 23 MAX   167
2021 08 27 17 08 MIN    58
2021 08 27 23 19 MAX   164
2021 08 28 05 30 MIN    57
2021 08 28 11 54 MAX   159
2021 08 28 17 39 MIN    70
2021 08 28 23 39 MAX   153
2021 08 29 05 58 MIN    68
2021 08 29 12 30 MAX   150
2021 08 29 18 15 MIN    83
2021 08 30 00 05 MAX   141
2021 08 30 06 34 MIN    79
2021 08 30 13 18 MAX   141
2021 08 30 19 07 MIN    95
2021 08 31 00 46 MAX   129
2021 08 31 07 35 MIN    89
2021 08 31 14 38 MAX   135
2021 08 31 20 53 MIN   103
2021 09 01 02 36 MAX   118
2021 09 01 09 34 MIN    92
2021 09 01 16 36 MAX   136
2021 09 01 23 30 MIN    97
2021 09 02 05 16 MAX   121
2021 09 02 11 14 MIN    85
2021 09 02 17 59 MAX   146
2021 09 03 00 30 MIN    85
2021 09 03 06 20 MAX   131
2021 09 03 12 12 MIN    73
2021 09 03 18 50 MAX   158
2021 09 04 01 05 MIN    72
2021 09 04 07 02 MAX   142
2021 09 04 12 54 MIN    60
2021 09 04 19 29 MAX   170
2021 09 05 01 34 MIN    59
2021 09 05 07 39 MAX   153
2021 09 05 13 31 MIN    46
2021 09 05 20 05 MAX   181
2021 09 06 02 02 MIN    46
2021 09 06 08 15 MAX   165
2021 09 06 14 06 MIN    34
2021 09 06 20 39 MAX   191
2021 09 07 02 32 MIN    34
2021 09 07 08 52 MAX   176
2021 09 07 14 42 MIN    25
2021 09 07 21 13 MAX   199
2021 09 08 03 03 MIN    24
2021 09 08 09 29 MAX   184
2021 09 08 15 18 MIN    20
2021 09 08 21 46 MAX   201
2021 09 09 03 36 MIN    19
2021 09 09 10 07 MAX   188
2021 09 09 15 56 MIN    21
2021 09 09 22 21 MAX   198
2021 09 10 04 10 MIN    19
2021 09 10 10 44 MAX   187
2021 09 10 16 35 MIN    29
2021 09 10 22 55 MAX   189
2021 09 11 04 45 MIN    26
2021 09 11 11 23 MAX   180
2021 09 11 17 16 MIN    42
2021 09 11 23 31 MAX   175
2021 09 12 05 23 MIN    38
2021 09 12 12 05 MAX   169
2021 09 12 18 03 MIN    59
2021 09 13 00 10 MAX   157
2021 09 13 06 07 MIN    53
2021 09 13 12 56 MAX   156
2021 09 13 19 03 MIN    76
2021 09 14 01 03 MAX   138
2021 09 14 07 03 MIN    69
2021 09 14 14 19 MAX   143
2021 09 14 20 42 MIN    89
2021 09 15 02 44 MAX   124
2021 09 15 08 33 MIN    80
2021 09 15 16 38 MAX   143
2021 09 15 22 55 MIN    84
2021 09 16 04 54 MAX   126
2021 09 16 10 31 MIN    78
2021 09 16 18 03 MAX   154
2021 09 17 00 09 MIN    70
2021 09 17 06 08 MAX   139
2021 09 17 11 52 MIN    65
2021 09 17 18 56 MAX   168
2021 09 18 00 53 MIN    55
2021 09 18 06 57 MAX   153
2021 09 18 12 45 MIN    51
2021 09 18 19 37 MAX   179
2021 09 19 01 29 MIN    41
2021 09 19 07 37 MAX   165
2021 09 19 13 26 MIN    38
2021 09 19 20 13 MAX   186
2021 09 20 02 02 MIN    31
2021 09 20 08 15 MAX   175
2021 09 20 14 03 MIN    30
2021 09 20 20 45 MAX   189
2021 09 21 02 34 MIN    25
2021 09 21 08 50 MAX   181
2021 09 21 14 37 MIN    27
2021 09 21 21 14 MAX   188
2021 09 22 03 04 MIN    23
2021 09 22 09 22 MAX   183
2021 09 22 15 09 MIN    28
2021 09 22 21 38 MAX   183
2021 09 23 03 32 MIN    26
2021 09 23 09 53 MAX   182
2021 09 23 15 39 MIN    34
2021 09 23 22 00 MAX   176
2021 09 24 03 57 MIN    32
2021 09 24 10 21 MAX   178
2021 09 24 16 08 MIN    43
2021 09 24 22 19 MAX   168
2021 09 25 04 21 MIN    40
2021 09 25 10 48 MAX   172
2021 09 25 16 35 MIN    53
2021 09 25 22 38 MAX   159
2021 09 26 04 44 MIN    50
2021 09 26 11 16 MAX   164
2021 09 26 17 04 MIN    64
2021 09 26 22 59 MAX   149
2021 09 27 05 09 MIN    61
2021 09 27 11 48 MAX   154
2021 09 27 17 38 MIN    76
2021 09 27 23 24 MAX   137
2021 09 28 05 38 MIN    73
2021 09 28 12 30 MAX   144
2021 09 28 18 23 MIN    89
2021 09 28 23 57 MAX   124
2021 09 29 06 25 MIN    85
2021 09 29 13 37 MAX   133
2021 09 29 19 56 MIN    99
2021 09 30 01 23 MAX   111
2021 09 30 08 34 MIN    92
2021 09 30 15 48 MAX   131
2021 09 30 23 15 MIN    94
2021 10 01 05 12 MAX   115
2021 10 01 10 42 MIN    86
2021 10 01 17 29 MAX   140
2021 10 02 00 06 MIN    80
2021 10 02 06 05 MAX   128
2021 10 02 11 45 MIN    72
2021 10 02 18 19 MAX   152
2021 10 03 00 35 MIN    66
2021 10 03 06 42 MAX   142
2021 10 03 12 27 MIN    57
2021 10 03 18 57 MAX   166
2021 10 04 01 01 MIN    50
2021 10 04 07 16 MAX   156
2021 10 04 13 05 MIN    41
2021 10 04 19 32 MAX   178
2021 10 05 01 30 MIN    34
2021 10 05 07 52 MAX   171
2021 10 05 13 41 MIN    27
2021 10 05 20 06 MAX   189
2021 10 06 02 01 MIN    20
2021 10 06 08 29 MAX   184
2021 10 06 14 19 MIN    16
2021 10 06 20 42 MAX   196
2021 10 07 02 34 MIN     9
2021 10 07 09 07 MAX   193
2021 10 07 14 58 MIN    11
2021 10 07 21 18 MAX   197
2021 10 08 03 08 MIN     4
2021 10 08 09 47 MAX   196
2021 10 08 15 37 MIN    13
2021 10 08 21 55 MAX   192
2021 10 09 03 44 MIN     7
2021 10 09 10 27 MAX   193
2021 10 09 16 19 MIN    23
2021 10 09 22 32 MAX   180
2021 10 10 04 21 MIN    17
2021 10 10 11 07 MAX   184
2021 10 10 17 03 MIN    38
2021 10 10 23 11 MAX   163
2021 10 11 05 01 MIN    33
2021 10 11 11 51 MAX   169
2021 10 11 17 53 MIN    56
2021 10 11 23 54 MAX   143
2021 10 12 05 47 MIN    51
2021 10 12 12 45 MAX   153
2021 10 12 19 01 MIN    73
2021 10 13 00 57 MAX   125
2021 10 13 06 50 MIN    69
2021 10 13 14 19 MAX   139
2021 10 13 20 52 MIN    82
2021 10 14 03 06 MAX   116
2021 10 14 08 32 MIN    79
2021 10 14 16 29 MAX   140
2021 10 14 22 49 MIN    75
2021 10 15 04 58 MAX   125
2021 10 15 10 26 MIN    75
2021 10 15 17 44 MAX   149
2021 10 15 23 49 MIN    62
2021 10 16 05 56 MAX   139
2021 10 16 11 38 MIN    63
2021 10 16 18 32 MAX   159
2021 10 17 00 29 MIN    49
2021 10 17 06 38 MAX   152
2021 10 17 12 25 MIN    50
2021 10 17 19 10 MAX   167
2021 10 18 01 02 MIN    37
2021 10 18 07 16 MAX   164
2021 10 18 13 05 MIN    40
2021 10 18 19 42 MAX   172
2021 10 19 01 33 MIN    28
2021 10 19 07 51 MAX   172
2021 10 19 13 40 MIN    33
2021 10 19 20 12 MAX   173
2021 10 20 02 03 MIN    22
2021 10 20 08 24 MAX   178
2021 10 20 14 13 MIN    30
2021 10 20 20 39 MAX   172
2021 10 21 02 31 MIN    20
2021 10 21 08 55 MAX   180
2021 10 21 14 44 MIN    30
2021 10 21 21 02 MAX   168
2021 10 22 02 58 MIN    22
2021 10 22 09 24 MAX   179
2021 10 22 15 14 MIN    33
2021 10 22 21 24 MAX   163
2021 10 23 03 23 MIN    26
2021 10 23 09 52 MAX   177
2021 10 23 15 43 MIN    39
2021 10 23 21 46 MAX   157
2021 10 24 03 48 MIN    33
2021 10 24 10 20 MAX   172
2021 10 24 16 12 MIN    46
2021 10 24 22 10 MAX   150
2021 10 25 04 12 MIN    42
2021 10 25 10 49 MAX   165
2021 10 25 16 43 MIN    55
2021 10 25 22 35 MAX   141
2021 10 26 04 40 MIN    52
2021 10 26 11 23 MAX   155
2021 10 26 17 18 MIN    66
2021 10 26 23 03 MAX   130
2021 10 27 05 12 MIN    64
2021 10 27 12 04 MAX   144
2021 10 27 18 04 MIN    77
2021 10 27 23 39 MAX   118
2021 10 28 06 02 MIN    76
2021 10 28 13 03 MAX   134
2021 10 28 19 21 MIN    87
2021 10 29 01 01 MAX   106
2021 10 29 07 46 MIN    84
2021 10 29 14 47 MAX   128
2021 10 29 21 46 MIN    86
2021 10 30 04 27 MAX   110
2021 10 30 09 46 MIN    81
2021 10 30 16 32 MAX   134
2021 10 30 23 07 MIN    74
2021 10 31 05 28 MAX   124
2021 10 31 11 00 MIN    68
2021 10 31 17 31 MAX   145
2021 10 31 23 46 MIN    58
2021 11 01 06 08 MAX   139
2021 11 01 11 50 MIN    53
2021 11 01 18 14 MAX   157
2021 11 02 00 19 MIN    41
2021 11 02 06 46 MAX   156
2021 11 02 12 34 MIN    37
2021 11 02 18 54 MAX   169
2021 11 03 00 53 MIN    23
2021 11 03 07 25 MAX   172
2021 11 03 13 16 MIN    22
2021 11 03 19 32 MAX   179
2021 11 04 01 28 MIN     8
2021 11 04 08 05 MAX   185
2021 11 04 13 57 MIN    12
2021 11 04 20 12 MAX   184
2021 11 05 02 06 MIN    -2
2021 11 05 08 47 MAX   194
2021 11 05 14 41 MIN     7
2021 11 05 20 53 MAX   184
2021 11 06 02 45 MIN    -5
2021 11 06 09 30 MAX   196
2021 11 06 15 24 MIN     9
2021 11 06 21 35 MAX   177
2021 11 07 03 25 MIN     0
2021 11 07 10 14 MAX   192
2021 11 07 16 09 MIN    18
2021 11 07 22 17 MAX   166
2021 11 08 04 06 MIN    11
2021 11 08 10 58 MAX   182
2021 11 08 16 57 MIN    31
2021 11 08 23 01 MAX   150
2021 11 09 04 51 MIN    27
2021 11 09 11 46 MAX   167
2021 11 09 17 51 MIN    47
2021 11 09 23 52 MAX   134
2021 11 10 05 42 MIN    45
2021 11 10 12 43 MAX   152
2021 11 10 18 59 MIN    61
2021 11 11 01 03 MAX   120
2021 11 11 06 48 MIN    60
2021 11 11 14 04 MAX   139
2021 11 11 20 28 MIN    68
2021 11 12 02 51 MAX   115
2021 11 12 08 14 MIN    69
2021 11 12 15 45 MAX   135
2021 11 12 22 02 MIN    65
2021 11 13 04 23 MAX   122
2021 11 13 09 48 MIN    69
2021 11 13 17 01 MAX   139
2021 11 13 23 07 MIN    56
2021 11 14 05 24 MAX   134
2021 11 14 11 02 MIN    62
2021 11 14 17 53 MAX   144
2021 11 14 23 52 MIN    46
2021 11 15 06 09 MAX   145
2021 11 15 11 56 MIN    53
2021 11 15 18 33 MAX   149
2021 11 16 00 29 MIN    36
2021 11 16 06 49 MAX   155
2021 11 16 12 39 MIN    45
2021 11 16 19 07 MAX   151
2021 11 17 01 02 MIN    29
2021 11 17 07 25 MAX   162
2021 11 17 13 17 MIN    39
2021 11 17 19 38 MAX   152
2021 11 18 01 33 MIN    24
2021 11 18 07 58 MAX   167
2021 11 18 13 52 MIN    34
2021 11 18 20 06 MAX   152
2021 11 19 02 03 MIN    21
2021 11 19 08 31 MAX   171
2021 11 19 14 24 MIN    32
2021 11 19 20 32 MAX   151
2021 11 20 02 32 MIN    21
2021 11 20 09 01 MAX   172
2021 11 20 14 56 MIN    32
2021 11 20 20 58 MAX   149
2021 11 21 02 59 MIN    23
2021 11 21 09 32 MAX   171
2021 11 21 15 27 MIN    33
2021 11 21 21 26 MAX   146
2021 11 22 03 28 MIN    27
2021 11 22 10 03 MAX   168
2021 11 22 15 59 MIN    38
2021 11 22 21 55 MAX   141
2021 11 23 03 57 MIN    33
2021 11 23 10 36 MAX   163
2021 11 23 16 32 MIN    44
2021 11 23 22 25 MAX   134
2021 11 24 04 31 MIN    41
2021 11 24 11 11 MAX   155
2021 11 24 17 10 MIN    53
2021 11 24 23 00 MAX   125
2021 11 25 05 09 MIN    51
2021 11 25 11 52 MAX   146
2021 11 25 17 54 MIN    62
2021 11 25 23 42 MAX   116
2021 11 26 06 00 MIN    60
2021 11 26 12 43 MAX   137
2021 11 26 18 53 MIN    69
2021 11 27 00 57 MAX   108
2021 11 27 07 13 MIN    67
2021 11 27 13 54 MAX   131
2021 11 27 20 14 MIN    70
2021 11 28 03 07 MAX   109
2021 11 28 08 41 MIN    68
2021 11 28 15 18 MAX   131
2021 11 28 21 38 MIN    63
2021 11 29 04 30 MAX   119
2021 11 29 10 02 MIN    62
2021 11 29 16 29 MAX   136
2021 11 29 22 41 MIN    50
2021 11 30 05 25 MAX   134
2021 11 30 11 07 MIN    50
2021 11 30 17 26 MAX   145
2021 11 30 23 30 MIN    34
2021 12 01 06 13 MAX   150
2021 12 01 12 03 MIN    36
2021 12 01 18 15 MAX   154
2021 12 02 00 15 MIN    18
2021 12 02 07 00 MAX   165
2021 12 02 12 53 MIN    23
2021 12 02 19 03 MAX   161
2021 12 03 01 00 MIN     5
2021 12 03 07 47 MAX   178
2021 12 03 13 42 MIN    13
2021 12 03 19 50 MAX   166
2021 12 04 01 44 MIN    -4
2021 12 04 08 34 MAX   186
2021 12 04 14 30 MIN     7
2021 12 04 20 37 MAX   166
2021 12 05 02 30 MIN    -7
2021 12 05 09 21 MAX   190
2021 12 05 15 18 MIN     6
2021 12 05 21 24 MAX   162
2021 12 06 03 15 MIN    -4
2021 12 06 10 08 MAX   187
2021 12 06 16 05 MIN    11
2021 12 06 22 11 MAX   155
2021 12 07 04 01 MIN     4
2021 12 07 10 55 MAX   180
2021 12 07 16 54 MIN    20
2021 12 07 22 59 MAX   145
2021 12 08 04 48 MIN    16
2021 12 08 11 42 MAX   168
2021 12 08 17 44 MIN    31
2021 12 08 23 50 MAX   134
2021 12 09 05 38 MIN    30
2021 12 09 12 31 MAX   155
2021 12 09 18 39 MIN    42
2021 12 10 00 50 MAX   124
2021 12 10 06 33 MIN    44
2021 12 10 13 26 MAX   142
2021 12 10 19 42 MIN    51
2021 12 11 02 03 MAX   118
2021 12 11 07 36 MIN    55
2021 12 11 14 34 MAX   131
2021 12 11 20 52 MIN    55
2021 12 12 03 23 MAX   118
2021 12 12 08 47 MIN    62
2021 12 12 15 49 MAX   126
2021 12 12 22 03 MIN    53
2021 12 13 04 34 MAX   123
2021 12 13 10 05 MIN    64
2021 12 13 16 56 MAX   125
2021 12 13 23 03 MIN    48
2021 12 14 05 31 MAX   131
2021 12 14 11 16 MIN    60
2021 12 14 17 48 MAX   127
2021 12 14 23 51 MIN    41
2021 12 15 06 18 MAX   139
2021 12 15 12 12 MIN    53
2021 12 15 18 31 MAX   129
2021 12 16 00 31 MIN    34
2021 12 16 07 00 MAX   146
2021 12 16 12 57 MIN    46
2021 12 16 19 07 MAX   131
2021 12 17 01 07 MIN    28
2021 12 17 07 37 MAX   152
2021 12 17 13 36 MIN    39
2021 12 17 19 40 MAX   134
2021 12 18 01 42 MIN    24
2021 12 18 08 13 MAX   158
2021 12 18 14 12 MIN    33
2021 12 18 20 13 MAX   136
2021 12 19 02 14 MIN    20
2021 12 19 08 47 MAX   162
2021 12 19 14 46 MIN    29
2021 12 19 20 45 MAX   138
2021 12 20 02 47 MIN    18
2021 12 20 09 21 MAX   164
2021 12 20 15 19 MIN    27
2021 12 20 21 17 MAX   138
2021 12 21 03 20 MIN    18
2021 12 21 09 55 MAX   165
2021 12 21 15 52 MIN    28
2021 12 21 21 51 MAX   136
2021 12 22 03 53 MIN    21
2021 12 22 10 30 MAX   162
2021 12 22 16 25 MIN    31
2021 12 22 22 26 MAX   132
2021 12 23 04 28 MIN    25
2021 12 23 11 05 MAX   158
2021 12 23 17 00 MIN    35
2021 12 23 23 03 MAX   127
2021 12 24 05 07 MIN    32
2021 12 24 11 42 MAX   151
2021 12 24 17 39 MIN    41
2021 12 24 23 45 MAX   122
2021 12 25 05 50 MIN    39
2021 12 25 12 24 MAX   144
2021 12 25 18 24 MIN    45
2021 12 26 00 40 MAX   117
2021 12 26 06 42 MIN    47
2021 12 26 13 12 MAX   137
2021 12 26 19 18 MIN    48
2021 12 27 01 53 MAX   114
2021 12 27 07 47 MIN    52
2021 12 27 14 13 MAX   131
2021 12 27 20 22 MIN    47
2021 12 28 03 19 MAX   117
2021 12 28 09 03 MIN    54
2021 12 28 15 26 MAX   129
2021 12 28 21 33 MIN    42
2021 12 29 04 36 MAX   126
2021 12 29 10 23 MIN    50
2021 12 29 16 38 MAX   130
2021 12 29 22 42 MIN    33
2021 12 30 05 43 MAX   138
2021 12 30 11 37 MIN    40
2021 12 30 17 43 MAX   135
2021 12 30 23 43 MIN    21
2021 12 31 06 42 MAX   152
2021 12 31 12 40 MIN    28
2021 12 31 18 43 MAX   141
