 <API - 조위예측극치자료>

대상조위관측소 : 거제도
위도(WGS84) : N 128.6992
경도(WGS84) : E 34.8014
관측기관 : 20201221 ~ 20220101

2020 12 21 00 51 MAX   125
2020 12 21 06 38 MIN    46
2020 12 21 13 27 MAX   143
2020 12 21 19 48 MIN    54
2020 12 22 01 57 MAX   119
2020 12 22 07 35 MIN    59
2020 12 22 14 24 MAX   132
2020 12 22 20 58 MIN    57
2020 12 23 03 15 MAX   118
2020 12 23 08 50 MIN    67
2020 12 23 15 38 MAX   125
2020 12 23 22 11 MIN    55
2020 12 24 04 34 MAX   124
2020 12 24 10 18 MIN    69
2020 12 24 16 50 MAX   124
2020 12 24 23 11 MIN    49
2020 12 25 05 38 MAX   133
2020 12 25 11 33 MIN    63
2020 12 25 17 46 MAX   127
2020 12 25 23 58 MIN    42
2020 12 26 06 28 MAX   144
2020 12 26 12 27 MIN    55
2020 12 26 18 30 MAX   132
2020 12 27 00 38 MIN    34
2020 12 27 07 11 MAX   155
2020 12 27 13 10 MIN    46
2020 12 27 19 07 MAX   138
2020 12 28 01 13 MIN    25
2020 12 28 07 50 MAX   166
2020 12 28 13 46 MIN    38
2020 12 28 19 42 MAX   143
2020 12 29 01 47 MIN    17
2020 12 29 08 27 MAX   175
2020 12 29 14 21 MIN    30
2020 12 29 20 17 MAX   149
2020 12 30 02 22 MIN     9
2020 12 30 09 03 MAX   183
2020 12 30 14 56 MIN    23
2020 12 30 20 53 MAX   153
2020 12 31 02 57 MIN     4
2020 12 31 09 40 MAX   187
2020 12 31 15 32 MIN    19
2020 12 31 21 31 MAX   154
2021 01 01 03 33 MIN     0
2021 01 01 10 16 MAX   189
2021 01 01 16 09 MIN    17
2021 01 01 22 11 MAX   153
2021 01 02 04 12 MIN     1
2021 01 02 10 54 MAX   186
2021 01 02 16 47 MIN    18
2021 01 02 22 53 MAX   148
2021 01 03 04 53 MIN     6
2021 01 03 11 32 MAX   180
2021 01 03 17 28 MIN    22
2021 01 03 23 39 MAX   142
2021 01 04 05 37 MIN    14
2021 01 04 12 13 MAX   170
2021 01 04 18 13 MIN    27
2021 01 05 00 31 MAX   136
2021 01 05 06 26 MIN    25
2021 01 05 12 58 MAX   159
2021 01 05 19 04 MIN    32
2021 01 06 01 34 MAX   130
2021 01 06 07 25 MIN    37
2021 01 06 13 52 MAX   147
2021 01 06 20 04 MIN    36
2021 01 07 02 50 MAX   128
2021 01 07 08 38 MIN    47
2021 01 07 14 58 MAX   138
2021 01 07 21 14 MIN    37
2021 01 08 04 16 MAX   133
2021 01 08 10 03 MIN    50
2021 01 08 16 14 MAX   134
2021 01 08 22 28 MIN    33
2021 01 09 05 35 MAX   145
2021 01 09 11 26 MIN    46
2021 01 09 17 28 MAX   136
2021 01 09 23 37 MIN    26
2021 01 10 06 42 MAX   159
2021 01 10 12 35 MIN    37
2021 01 10 18 32 MAX   142
2021 01 11 00 37 MIN    16
2021 01 11 07 38 MAX   174
2021 01 11 13 31 MIN    26
2021 01 11 19 28 MAX   149
2021 01 12 01 30 MIN     7
2021 01 12 08 28 MAX   187
2021 01 12 14 19 MIN    17
2021 01 12 20 17 MAX   156
2021 01 13 02 17 MIN     0
2021 01 13 09 12 MAX   195
2021 01 13 15 02 MIN    11
2021 01 13 21 01 MAX   160
2021 01 14 03 00 MIN    -4
2021 01 14 09 52 MAX   197
2021 01 14 15 41 MIN     9
2021 01 14 21 42 MAX   161
2021 01 15 03 39 MIN    -4
2021 01 15 10 29 MAX   194
2021 01 15 16 18 MIN    10
2021 01 15 22 20 MAX   159
2021 01 16 04 15 MIN     0
2021 01 16 11 02 MAX   186
2021 01 16 16 54 MIN    15
2021 01 16 22 57 MAX   154
2021 01 17 04 50 MIN     8
2021 01 17 11 32 MAX   174
2021 01 17 17 30 MIN    22
2021 01 17 23 33 MAX   146
2021 01 18 05 25 MIN    19
2021 01 18 12 01 MAX   160
2021 01 18 18 06 MIN    30
2021 01 19 00 12 MAX   137
2021 01 19 06 00 MIN    32
2021 01 19 12 30 MAX   146
2021 01 19 18 45 MIN    40
2021 01 20 00 57 MAX   128
2021 01 20 06 41 MIN    46
2021 01 20 13 03 MAX   132
2021 01 20 19 32 MIN    49
2021 01 21 01 53 MAX   120
2021 01 21 07 32 MIN    60
2021 01 21 13 48 MAX   119
2021 01 21 20 33 MIN    55
2021 01 22 03 10 MAX   116
2021 01 22 08 48 MIN    71
2021 01 22 15 05 MAX   110
2021 01 22 21 53 MIN    58
2021 01 23 04 40 MAX   118
2021 01 23 10 39 MIN    73
2021 01 23 16 43 MAX   108
2021 01 23 23 09 MIN    54
2021 01 24 05 56 MAX   128
2021 01 24 12 06 MIN    66
2021 01 24 17 53 MAX   114
2021 01 25 00 08 MIN    45
2021 01 25 06 51 MAX   141
2021 01 25 12 58 MIN    55
2021 01 25 18 45 MAX   123
2021 01 26 00 54 MIN    34
2021 01 26 07 35 MAX   155
2021 01 26 13 38 MIN    42
2021 01 26 19 28 MAX   133
2021 01 27 01 34 MIN    22
2021 01 27 08 15 MAX   169
2021 01 27 14 13 MIN    30
2021 01 27 20 08 MAX   144
2021 01 28 02 11 MIN     9
2021 01 28 08 52 MAX   181
2021 01 28 14 47 MIN    19
2021 01 28 20 48 MAX   154
2021 01 29 02 49 MIN    -2
2021 01 29 09 28 MAX   191
2021 01 29 15 21 MIN     9
2021 01 29 21 28 MAX   161
2021 01 30 03 26 MIN   -10
2021 01 30 10 04 MAX   195
2021 01 30 15 56 MIN     3
2021 01 30 22 08 MAX   165
2021 01 31 04 04 MIN   -13
2021 01 31 10 39 MAX   195
2021 01 31 16 31 MIN     0
2021 01 31 22 49 MAX   165
2021 02 01 04 42 MIN   -10
2021 02 01 11 14 MAX   188
2021 02 01 17 08 MIN     2
2021 02 01 23 30 MAX   160
2021 02 02 05 23 MIN    -1
2021 02 02 11 50 MAX   177
2021 02 02 17 46 MIN     8
2021 02 03 00 14 MAX   153
2021 02 03 06 06 MIN    13
2021 02 03 12 28 MAX   161
2021 02 03 18 28 MIN    17
2021 02 04 01 04 MAX   143
2021 02 04 06 56 MIN    31
2021 02 04 13 12 MAX   144
2021 02 04 19 18 MIN    27
2021 02 05 02 09 MAX   133
2021 02 05 08 02 MIN    48
2021 02 05 14 10 MAX   128
2021 02 05 20 22 MIN    38
2021 02 06 03 42 MAX   128
2021 02 06 09 37 MIN    60
2021 02 06 15 37 MAX   116
2021 02 06 21 49 MIN    44
2021 02 07 05 27 MAX   134
2021 02 07 11 27 MIN    58
2021 02 07 17 16 MAX   117
2021 02 07 23 26 MIN    41
2021 02 08 06 44 MAX   149
2021 02 08 12 43 MIN    47
2021 02 08 18 32 MAX   126
2021 02 09 00 39 MIN    31
2021 02 09 07 40 MAX   165
2021 02 09 13 34 MIN    33
2021 02 09 19 29 MAX   139
2021 02 10 01 31 MIN    18
2021 02 10 08 25 MAX   179
2021 02 10 14 14 MIN    21
2021 02 10 20 14 MAX   151
2021 02 11 02 13 MIN     8
2021 02 11 09 03 MAX   188
2021 02 11 14 50 MIN    12
2021 02 11 20 54 MAX   160
2021 02 12 02 50 MIN     0
2021 02 12 09 37 MAX   192
2021 02 12 15 23 MIN     6
2021 02 12 21 29 MAX   166
2021 02 13 03 24 MIN    -4
2021 02 13 10 07 MAX   190
2021 02 13 15 55 MIN     4
2021 02 13 22 04 MAX   168
2021 02 14 03 55 MIN    -3
2021 02 14 10 34 MAX   184
2021 02 14 16 26 MIN     6
2021 02 14 22 35 MAX   165
2021 02 15 04 26 MIN     2
2021 02 15 10 59 MAX   174
2021 02 15 16 55 MIN    11
2021 02 15 23 07 MAX   159
2021 02 16 04 56 MIN    12
2021 02 16 11 21 MAX   162
2021 02 16 17 24 MIN    19
2021 02 16 23 39 MAX   151
2021 02 17 05 26 MIN    24
2021 02 17 11 43 MAX   149
2021 02 17 17 53 MIN    29
2021 02 18 00 12 MAX   140
2021 02 18 05 58 MIN    38
2021 02 18 12 05 MAX   135
2021 02 18 18 23 MIN    39
2021 02 19 00 51 MAX   129
2021 02 19 06 34 MIN    54
2021 02 19 12 31 MAX   121
2021 02 19 19 00 MIN    50
2021 02 20 01 44 MAX   119
2021 02 20 07 25 MIN    69
2021 02 20 13 12 MAX   108
2021 02 20 20 00 MIN    60
2021 02 21 03 15 MAX   113
2021 02 21 09 10 MIN    80
2021 02 21 15 06 MAX    98
2021 02 21 21 51 MIN    64
2021 02 22 05 14 MAX   118
2021 02 22 11 50 MIN    74
2021 02 22 17 22 MAX   103
2021 02 22 23 34 MIN    56
2021 02 23 06 29 MAX   133
2021 02 23 12 48 MIN    60
2021 02 23 18 29 MAX   115
2021 02 24 00 34 MIN    42
2021 02 24 07 17 MAX   150
2021 02 24 13 24 MIN    44
2021 02 24 19 17 MAX   131
2021 02 25 01 17 MIN    25
2021 02 25 07 57 MAX   167
2021 02 25 13 56 MIN    28
2021 02 25 19 58 MAX   147
2021 02 26 01 56 MIN     8
2021 02 26 08 33 MAX   183
2021 02 26 14 28 MIN    12
2021 02 26 20 38 MAX   162
2021 02 27 02 33 MIN    -7
2021 02 27 09 08 MAX   194
2021 02 27 15 00 MIN    -1
2021 02 27 21 17 MAX   175
2021 02 28 03 10 MIN   -18
2021 02 28 09 43 MAX   201
2021 02 28 15 34 MIN   -11
2021 02 28 21 56 MAX   182
2021 03 01 03 48 MIN   -22
2021 03 01 10 16 MAX   200
2021 03 01 16 08 MIN   -15
2021 03 01 22 35 MAX   184
2021 03 02 04 26 MIN   -18
2021 03 02 10 51 MAX   192
2021 03 02 16 43 MIN   -13
2021 03 02 23 15 MAX   179
2021 03 03 05 05 MIN    -7
2021 03 03 11 25 MAX   178
2021 03 03 17 19 MIN    -4
2021 03 03 23 56 MAX   168
2021 03 04 05 47 MIN    11
2021 03 04 12 01 MAX   159
2021 03 04 17 58 MIN     9
2021 03 05 00 42 MAX   153
2021 03 05 06 35 MIN    32
2021 03 05 12 41 MAX   138
2021 03 05 18 43 MIN    26
2021 03 06 01 41 MAX   137
2021 03 06 07 39 MIN    54
2021 03 06 13 35 MAX   118
2021 03 06 19 43 MIN    44
2021 03 07 03 21 MAX   126
2021 03 07 09 31 MIN    69
2021 03 07 15 19 MAX   105
2021 03 07 21 24 MIN    56
2021 03 08 05 26 MAX   131
2021 03 08 11 42 MIN    63
2021 03 08 17 24 MAX   109
2021 03 08 23 30 MIN    53
2021 03 09 06 43 MAX   146
2021 03 09 12 46 MIN    49
2021 03 09 18 37 MAX   123
2021 03 10 00 41 MIN    40
2021 03 10 07 32 MAX   161
2021 03 10 13 25 MIN    35
2021 03 10 19 25 MAX   139
2021 03 11 01 24 MIN    27
2021 03 11 08 10 MAX   173
2021 03 11 13 58 MIN    22
2021 03 11 20 03 MAX   154
2021 03 12 01 59 MIN    15
2021 03 12 08 42 MAX   181
2021 03 12 14 28 MIN    12
2021 03 12 20 38 MAX   165
2021 03 13 02 31 MIN     6
2021 03 13 09 12 MAX   184
2021 03 13 14 57 MIN     5
2021 03 13 21 10 MAX   173
2021 03 14 03 02 MIN     1
2021 03 14 09 38 MAX   183
2021 03 14 15 26 MIN     1
2021 03 14 21 41 MAX   176
2021 03 15 03 31 MIN     0
2021 03 15 10 02 MAX   179
2021 03 15 15 54 MIN     2
2021 03 15 22 11 MAX   175
2021 03 16 04 00 MIN     4
2021 03 16 10 23 MAX   171
2021 03 16 16 20 MIN     6
2021 03 16 22 40 MAX   170
2021 03 17 04 28 MIN    11
2021 03 17 10 44 MAX   161
2021 03 17 16 45 MIN    13
2021 03 17 23 08 MAX   162
2021 03 18 04 56 MIN    22
2021 03 18 11 03 MAX   150
2021 03 18 17 09 MIN    22
2021 03 18 23 38 MAX   152
2021 03 19 05 25 MIN    35
2021 03 19 11 24 MAX   138
2021 03 19 17 34 MIN    33
2021 03 20 00 10 MAX   140
2021 03 20 05 57 MIN    49
2021 03 20 11 47 MAX   125
2021 03 20 18 05 MIN    44
2021 03 21 00 51 MAX   129
2021 03 21 06 40 MIN    65
2021 03 21 12 18 MAX   111
2021 03 21 18 50 MIN    57
2021 03 22 02 01 MAX   118
2021 03 22 07 59 MIN    79
2021 03 22 13 33 MAX    98
2021 03 22 20 28 MIN    66
2021 03 23 04 12 MAX   118
2021 03 23 11 12 MIN    77
2021 03 23 16 51 MAX   100
2021 03 23 22 47 MIN    62
2021 03 24 05 51 MAX   131
2021 03 24 12 20 MIN    61
2021 03 24 18 08 MAX   116
2021 03 25 00 02 MIN    47
2021 03 25 06 45 MAX   149
2021 03 25 12 55 MIN    43
2021 03 25 18 56 MAX   135
2021 03 26 00 50 MIN    28
2021 03 26 07 26 MAX   167
2021 03 26 13 27 MIN    24
2021 03 26 19 38 MAX   155
2021 03 27 01 31 MIN     8
2021 03 27 08 03 MAX   183
2021 03 27 13 58 MIN     6
2021 03 27 20 18 MAX   174
2021 03 28 02 10 MIN    -8
2021 03 28 08 39 MAX   194
2021 03 28 14 31 MIN    -9
2021 03 28 20 58 MAX   189
2021 03 29 02 48 MIN   -19
2021 03 29 09 14 MAX   200
2021 03 29 15 06 MIN   -19
2021 03 29 21 37 MAX   198
2021 03 30 03 27 MIN   -23
2021 03 30 09 50 MAX   199
2021 03 30 15 41 MIN   -23
2021 03 30 22 18 MAX   199
2021 03 31 04 07 MIN   -17
2021 03 31 10 25 MAX   190
2021 03 31 16 17 MIN   -19
2021 03 31 22 58 MAX   193
2021 04 01 04 49 MIN    -4
2021 04 01 11 01 MAX   174
2021 04 01 16 55 MIN    -7
2021 04 01 23 40 MAX   179
2021 04 02 05 32 MIN    16
2021 04 02 11 38 MAX   154
2021 04 02 17 34 MIN    10
2021 04 03 00 27 MAX   161
2021 04 03 06 23 MIN    38
2021 04 03 12 20 MAX   132
2021 04 03 18 20 MIN    31
2021 04 04 01 27 MAX   143
2021 04 04 07 32 MIN    59
2021 04 04 13 20 MAX   113
2021 04 04 19 22 MIN    51
2021 04 05 03 07 MAX   130
2021 04 05 09 32 MIN    70
2021 04 05 15 22 MAX   103
2021 04 05 21 12 MIN    63
2021 04 06 05 05 MAX   132
2021 04 06 11 28 MIN    63
2021 04 06 17 19 MAX   112
2021 04 06 23 15 MIN    60
2021 04 07 06 18 MAX   144
2021 04 07 12 23 MIN    50
2021 04 07 18 22 MAX   128
2021 04 08 00 20 MIN    49
2021 04 08 07 04 MAX   155
2021 04 08 12 58 MIN    37
2021 04 08 19 04 MAX   144
2021 04 09 01 00 MIN    36
2021 04 09 07 40 MAX   165
2021 04 09 13 28 MIN    25
2021 04 09 19 40 MAX   158
2021 04 10 01 34 MIN    25
2021 04 10 08 11 MAX   171
2021 04 10 13 58 MIN    15
2021 04 10 20 13 MAX   170
2021 04 11 02 05 MIN    16
2021 04 11 08 38 MAX   174
2021 04 11 14 26 MIN     9
2021 04 11 20 45 MAX   178
2021 04 12 02 36 MIN    11
2021 04 12 09 03 MAX   173
2021 04 12 14 54 MIN     5
2021 04 12 21 16 MAX   182
2021 04 13 03 05 MIN     9
2021 04 13 09 26 MAX   170
2021 04 13 15 21 MIN     5
2021 04 13 21 45 MAX   182
2021 04 14 03 34 MIN    12
2021 04 14 09 48 MAX   165
2021 04 14 15 46 MIN     7
2021 04 14 22 14 MAX   178
2021 04 15 04 03 MIN    17
2021 04 15 10 09 MAX   158
2021 04 15 16 10 MIN    13
2021 04 15 22 43 MAX   172
2021 04 16 04 31 MIN    25
2021 04 16 10 32 MAX   150
2021 04 16 16 35 MIN    21
2021 04 16 23 13 MAX   163
2021 04 17 05 02 MIN    36
2021 04 17 10 56 MAX   139
2021 04 17 17 03 MIN    30
2021 04 17 23 46 MAX   152
2021 04 18 05 37 MIN    49
2021 04 18 11 24 MAX   128
2021 04 18 17 37 MIN    42
2021 04 19 00 27 MAX   141
2021 04 19 06 23 MIN    62
2021 04 19 12 01 MAX   115
2021 04 19 18 26 MIN    54
2021 04 20 01 28 MAX   131
2021 04 20 07 38 MIN    74
2021 04 20 13 24 MAX   103
2021 04 20 19 56 MIN    64
2021 04 21 03 12 MAX   127
2021 04 21 09 56 MIN    74
2021 04 21 16 11 MAX   106
2021 04 21 21 56 MIN    63
2021 04 22 04 51 MAX   136
2021 04 22 11 23 MIN    60
2021 04 22 17 32 MAX   123
2021 04 22 23 18 MIN    50
2021 04 23 05 55 MAX   150
2021 04 23 12 09 MIN    42
2021 04 23 18 24 MAX   143
2021 04 24 00 13 MIN    32
2021 04 24 06 42 MAX   166
2021 04 24 12 45 MIN    23
2021 04 24 19 09 MAX   165
2021 04 25 01 00 MIN    13
2021 04 25 07 24 MAX   180
2021 04 25 13 22 MIN     5
2021 04 25 19 52 MAX   184
2021 04 26 01 43 MIN    -2
2021 04 26 08 04 MAX   190
2021 04 26 13 58 MIN   -10
2021 04 26 20 35 MAX   199
2021 04 27 02 25 MIN   -11
2021 04 27 08 44 MAX   194
2021 04 27 14 36 MIN   -19
2021 04 27 21 17 MAX   208
2021 04 28 03 08 MIN   -13
2021 04 28 09 22 MAX   192
2021 04 28 15 15 MIN   -20
2021 04 28 22 00 MAX   209
2021 04 29 03 51 MIN    -7
2021 04 29 10 01 MAX   182
2021 04 29 15 54 MIN   -14
2021 04 29 22 44 MAX   202
2021 04 30 04 36 MIN     6
2021 04 30 10 41 MAX   168
2021 04 30 16 35 MIN    -1
2021 04 30 23 28 MAX   188
2021 05 01 05 23 MIN    24
2021 05 01 11 22 MAX   150
2021 05 01 17 19 MIN    17
2021 05 02 00 17 MAX   170
2021 05 02 06 17 MIN    43
2021 05 02 12 10 MAX   132
2021 05 02 18 08 MIN    37
2021 05 03 01 17 MAX   152
2021 05 03 07 26 MIN    60
2021 05 03 13 18 MAX   117
2021 05 03 19 13 MIN    55
2021 05 04 02 38 MAX   140
2021 05 04 09 02 MIN    67
2021 05 04 15 05 MAX   112
2021 05 04 20 44 MIN    66
2021 05 05 04 14 MAX   137
2021 05 05 10 38 MIN    64
2021 05 05 16 42 MAX   120
2021 05 05 22 26 MIN    67
2021 05 06 05 28 MAX   142
2021 05 06 11 36 MIN    54
2021 05 06 17 44 MAX   133
2021 05 06 23 37 MIN    59
2021 05 07 06 19 MAX   148
2021 05 07 12 17 MIN    43
2021 05 07 18 30 MAX   148
2021 05 08 00 24 MIN    50
2021 05 08 06 57 MAX   154
2021 05 08 12 51 MIN    33
2021 05 08 19 09 MAX   161
2021 05 09 01 02 MIN    40
2021 05 09 07 29 MAX   159
2021 05 09 13 22 MIN    25
2021 05 09 19 44 MAX   171
2021 05 10 01 37 MIN    32
2021 05 10 07 58 MAX   162
2021 05 10 13 52 MIN    19
2021 05 10 20 18 MAX   179
2021 05 11 02 10 MIN    27
2021 05 11 08 25 MAX   163
2021 05 11 14 20 MIN    15
2021 05 11 20 50 MAX   184
2021 05 12 02 41 MIN    24
2021 05 12 08 50 MAX   163
2021 05 12 14 48 MIN    14
2021 05 12 21 21 MAX   186
2021 05 13 03 11 MIN    24
2021 05 13 09 15 MAX   161
2021 05 13 15 15 MIN    15
2021 05 13 21 52 MAX   184
2021 05 14 03 42 MIN    27
2021 05 14 09 41 MAX   157
2021 05 14 15 43 MIN    18
2021 05 14 22 23 MAX   180
2021 05 15 04 14 MIN    33
2021 05 15 10 08 MAX   151
2021 05 15 16 12 MIN    24
2021 05 15 22 56 MAX   174
2021 05 16 04 48 MIN    40
2021 05 16 10 39 MAX   143
2021 05 16 16 46 MIN    32
2021 05 16 23 32 MAX   165
2021 05 17 05 28 MIN    50
2021 05 17 11 15 MAX   133
2021 05 17 17 27 MIN    42
2021 05 18 00 15 MAX   156
2021 05 18 06 17 MIN    59
2021 05 18 12 05 MAX   123
2021 05 18 18 22 MIN    53
2021 05 19 01 12 MAX   148
2021 05 19 07 24 MIN    67
2021 05 19 13 31 MAX   116
2021 05 19 19 38 MIN    61
2021 05 20 02 27 MAX   143
2021 05 20 08 53 MIN    67
2021 05 20 15 25 MAX   119
2021 05 20 21 09 MIN    62
2021 05 21 03 49 MAX   146
2021 05 21 10 15 MIN    57
2021 05 21 16 46 MAX   134
2021 05 21 22 30 MIN    53
2021 05 22 04 57 MAX   154
2021 05 22 11 13 MIN    42
2021 05 22 17 46 MAX   152
2021 05 22 23 35 MIN    40
2021 05 23 05 54 MAX   164
2021 05 23 11 59 MIN    26
2021 05 23 18 38 MAX   172
2021 05 24 00 29 MIN    26
2021 05 24 06 43 MAX   174
2021 05 24 12 43 MIN    11
2021 05 24 19 27 MAX   190
2021 05 25 01 18 MIN    14
2021 05 25 07 30 MAX   181
2021 05 25 13 26 MIN    -1
2021 05 25 20 14 MAX   204
2021 05 26 02 06 MIN     7
2021 05 26 08 15 MAX   185
2021 05 26 14 09 MIN    -7
2021 05 26 21 01 MAX   212
2021 05 27 02 53 MIN     6
2021 05 27 08 59 MAX   183
2021 05 27 14 53 MIN    -8
2021 05 27 21 47 MAX   213
2021 05 28 03 40 MIN    10
2021 05 28 09 43 MAX   176
2021 05 28 15 37 MIN    -1
2021 05 28 22 33 MAX   208
2021 05 29 04 27 MIN    20
2021 05 29 10 27 MAX   166
2021 05 29 16 23 MIN    10
2021 05 29 23 19 MAX   196
2021 05 30 05 15 MIN    32
2021 05 30 11 13 MAX   153
2021 05 30 17 08 MIN    25
2021 05 31 00 06 MAX   181
2021 05 31 06 06 MIN    46
2021 05 31 12 04 MAX   141
2021 05 31 17 57 MIN    41
2021 06 01 00 57 MAX   166
2021 06 01 07 04 MIN    57
2021 06 01 13 06 MAX   131
2021 06 01 18 53 MIN    56
2021 06 02 01 55 MAX   153
2021 06 02 08 13 MIN    65
2021 06 02 14 23 MAX   126
2021 06 02 20 00 MIN    68
2021 06 03 03 04 MAX   144
2021 06 03 09 28 MIN    66
2021 06 03 15 45 MAX   130
2021 06 03 21 21 MIN    74
2021 06 04 04 17 MAX   141
2021 06 04 10 35 MIN    61
2021 06 04 16 54 MAX   138
2021 06 04 22 40 MIN    73
2021 06 05 05 17 MAX   142
2021 06 05 11 26 MIN    55
2021 06 05 17 48 MAX   149
2021 06 05 23 42 MIN    67
2021 06 06 06 05 MAX   145
2021 06 06 12 07 MIN    47
2021 06 06 18 34 MAX   161
2021 06 07 00 30 MIN    60
2021 06 07 06 43 MAX   149
2021 06 07 12 44 MIN    41
2021 06 07 19 14 MAX   170
2021 06 08 01 10 MIN    53
2021 06 08 07 17 MAX   153
2021 06 08 13 18 MIN    35
2021 06 08 19 51 MAX   179
2021 06 09 01 46 MIN    47
2021 06 09 07 48 MAX   156
2021 06 09 13 49 MIN    31
2021 06 09 20 26 MAX   185
2021 06 10 02 20 MIN    42
2021 06 10 08 18 MAX   159
2021 06 10 14 20 MIN    27
2021 06 10 21 01 MAX   189
2021 06 11 02 54 MIN    40
2021 06 11 08 49 MAX   160
2021 06 11 14 52 MIN    25
2021 06 11 21 35 MAX   191
2021 06 12 03 27 MIN    39
2021 06 12 09 22 MAX   160
2021 06 12 15 25 MIN    26
2021 06 12 22 09 MAX   190
2021 06 13 04 02 MIN    40
2021 06 13 09 56 MAX   157
2021 06 13 16 00 MIN    28
2021 06 13 22 45 MAX   187
2021 06 14 04 39 MIN    44
2021 06 14 10 34 MAX   151
2021 06 14 16 38 MIN    34
2021 06 14 23 22 MAX   182
2021 06 15 05 20 MIN    49
2021 06 15 11 18 MAX   145
2021 06 15 17 22 MIN    41
2021 06 16 00 04 MAX   174
2021 06 16 06 05 MIN    54
2021 06 16 12 10 MAX   139
2021 06 16 18 13 MIN    50
2021 06 17 00 52 MAX   167
2021 06 17 07 00 MIN    58
2021 06 17 13 19 MAX   135
2021 06 17 19 15 MIN    58
2021 06 18 01 48 MAX   160
2021 06 18 08 03 MIN    59
2021 06 18 14 40 MAX   137
2021 06 18 20 28 MIN    62
2021 06 19 02 54 MAX   157
2021 06 19 09 13 MIN    55
2021 06 19 16 00 MAX   146
2021 06 19 21 46 MIN    62
2021 06 20 04 03 MAX   157
2021 06 20 10 18 MIN    47
2021 06 20 17 09 MAX   160
2021 06 20 23 00 MIN    56
2021 06 21 05 09 MAX   161
2021 06 21 11 16 MIN    37
2021 06 21 18 11 MAX   176
2021 06 22 00 04 MIN    47
2021 06 22 06 08 MAX   167
2021 06 22 12 10 MIN    26
2021 06 22 19 09 MAX   191
2021 06 23 01 02 MIN    38
2021 06 23 07 03 MAX   172
2021 06 23 13 02 MIN    17
2021 06 23 20 02 MAX   205
2021 06 24 01 55 MIN    30
2021 06 24 07 54 MAX   176
2021 06 24 13 52 MIN    12
2021 06 24 20 52 MAX   213
2021 06 25 02 44 MIN    26
2021 06 25 08 44 MAX   178
2021 06 25 14 40 MIN    10
2021 06 25 21 39 MAX   217
2021 06 26 03 32 MIN    26
2021 06 26 09 31 MAX   176
2021 06 26 15 27 MIN    13
2021 06 26 22 24 MAX   214
2021 06 27 04 17 MIN    30
2021 06 27 10 17 MAX   172
2021 06 27 16 11 MIN    20
2021 06 27 23 07 MAX   206
2021 06 28 05 00 MIN    37
2021 06 28 11 02 MAX   165
2021 06 28 16 54 MIN    30
2021 06 28 23 47 MAX   194
2021 06 29 05 44 MIN    46
2021 06 29 11 47 MAX   157
2021 06 29 17 37 MIN    43
2021 06 30 00 25 MAX   180
2021 06 30 06 29 MIN    55
2021 06 30 12 37 MAX   149
2021 06 30 18 21 MIN    57
2021 07 01 01 05 MAX   165
2021 07 01 07 19 MIN    63
2021 07 01 13 33 MAX   143
2021 07 01 19 12 MIN    71
2021 07 02 01 51 MAX   153
2021 07 02 08 17 MIN    69
2021 07 02 14 40 MAX   140
2021 07 02 20 15 MIN    82
2021 07 03 02 49 MAX   143
2021 07 03 09 23 MIN    71
2021 07 03 15 54 MAX   142
2021 07 03 21 34 MIN    88
2021 07 04 04 00 MAX   138
2021 07 04 10 27 MIN    70
2021 07 04 17 03 MAX   149
2021 07 04 22 57 MIN    87
2021 07 05 05 06 MAX   138
2021 07 05 11 22 MIN    66
2021 07 05 18 00 MAX   158
2021 07 06 00 02 MIN    81
2021 07 06 05 59 MAX   142
2021 07 06 12 08 MIN    60
2021 07 06 18 49 MAX   168
2021 07 07 00 51 MIN    74
2021 07 07 06 42 MAX   147
2021 07 07 12 49 MIN    54
2021 07 07 19 31 MAX   177
2021 07 08 01 31 MIN    66
2021 07 08 07 19 MAX   153
2021 07 08 13 27 MIN    47
2021 07 08 20 09 MAX   186
2021 07 09 02 07 MIN    59
2021 07 09 07 57 MAX   159
2021 07 09 14 02 MIN    40
2021 07 09 20 46 MAX   194
2021 07 10 02 41 MIN    52
2021 07 10 08 33 MAX   164
2021 07 10 14 38 MIN    34
2021 07 10 21 22 MAX   200
2021 07 11 03 16 MIN    47
2021 07 11 09 12 MAX   168
2021 07 11 15 14 MIN    30
2021 07 11 21 58 MAX   203
2021 07 12 03 50 MIN    44
2021 07 12 09 51 MAX   169
2021 07 12 15 51 MIN    29
2021 07 12 22 33 MAX   202
2021 07 13 04 26 MIN    43
2021 07 13 10 32 MAX   167
2021 07 13 16 30 MIN    32
2021 07 13 23 09 MAX   199
2021 07 14 05 04 MIN    44
2021 07 14 11 16 MAX   164
2021 07 14 17 11 MIN    38
2021 07 14 23 46 MAX   192
2021 07 15 05 44 MIN    47
2021 07 15 12 03 MAX   160
2021 07 15 17 56 MIN    46
2021 07 16 00 26 MAX   183
2021 07 16 06 29 MIN    51
2021 07 16 12 56 MAX   156
2021 07 16 18 48 MIN    57
2021 07 17 01 11 MAX   172
2021 07 17 07 20 MIN    55
2021 07 17 14 00 MAX   154
2021 07 17 19 51 MIN    68
2021 07 18 02 07 MAX   162
2021 07 18 08 21 MIN    57
2021 07 18 15 19 MAX   155
2021 07 18 21 10 MIN    75
2021 07 19 03 18 MAX   155
2021 07 19 09 31 MIN    58
2021 07 19 16 44 MAX   162
2021 07 19 22 37 MIN    76
2021 07 20 04 35 MAX   153
2021 07 20 10 44 MIN    54
2021 07 20 18 00 MAX   175
2021 07 20 23 56 MIN    69
2021 07 21 05 48 MAX   158
2021 07 21 11 52 MIN    47
2021 07 21 19 04 MAX   190
2021 07 22 01 00 MIN    59
2021 07 22 06 51 MAX   165
2021 07 22 12 53 MIN    38
2021 07 22 19 59 MAX   204
2021 07 23 01 53 MIN    48
2021 07 23 07 47 MAX   173
2021 07 23 13 46 MIN    30
2021 07 23 20 47 MAX   214
2021 07 24 02 39 MIN    40
2021 07 24 08 37 MAX   180
2021 07 24 14 34 MIN    25
2021 07 24 21 31 MAX   220
2021 07 25 03 20 MIN    36
2021 07 25 09 22 MAX   184
2021 07 25 15 16 MIN    23
2021 07 25 22 10 MAX   219
2021 07 26 03 59 MIN    35
2021 07 26 10 04 MAX   184
2021 07 26 15 56 MIN    26
2021 07 26 22 45 MAX   213
2021 07 27 04 36 MIN    38
2021 07 27 10 43 MAX   181
2021 07 27 16 33 MIN    33
2021 07 27 23 17 MAX   202
2021 07 28 05 12 MIN    44
2021 07 28 11 22 MAX   175
2021 07 28 17 08 MIN    44
2021 07 28 23 47 MAX   188
2021 07 29 05 48 MIN    53
2021 07 29 12 01 MAX   167
2021 07 29 17 45 MIN    58
2021 07 30 00 15 MAX   174
2021 07 30 06 26 MIN    62
2021 07 30 12 44 MAX   158
2021 07 30 18 24 MIN    72
2021 07 31 00 44 MAX   159
2021 07 31 07 08 MIN    71
2021 07 31 13 35 MAX   150
2021 07 31 19 12 MIN    87
2021 08 01 01 21 MAX   146
2021 08 01 08 02 MIN    79
2021 08 01 14 43 MAX   145
2021 08 01 20 20 MIN    99
2021 08 02 02 23 MAX   136
2021 08 02 09 14 MIN    84
2021 08 02 16 10 MAX   145
2021 08 02 22 07 MIN   104
2021 08 03 04 03 MAX   132
2021 08 03 10 34 MIN    84
2021 08 03 17 31 MAX   153
2021 08 03 23 47 MIN    98
2021 08 04 05 25 MAX   136
2021 08 04 11 40 MIN    78
2021 08 04 18 30 MAX   164
2021 08 05 00 43 MIN    88
2021 08 05 06 21 MAX   144
2021 08 05 12 31 MIN    69
2021 08 05 19 16 MAX   176
2021 08 06 01 22 MIN    77
2021 08 06 07 06 MAX   154
2021 08 06 13 13 MIN    58
2021 08 06 19 55 MAX   189
2021 08 07 01 56 MIN    66
2021 08 07 07 46 MAX   164
2021 08 07 13 50 MIN    47
2021 08 07 20 32 MAX   200
2021 08 08 02 28 MIN    56
2021 08 08 08 26 MAX   173
2021 08 08 14 26 MIN    37
2021 08 08 21 07 MAX   208
2021 08 09 03 00 MIN    46
2021 08 09 09 05 MAX   181
2021 08 09 15 02 MIN    29
2021 08 09 21 40 MAX   214
2021 08 10 03 32 MIN    39
2021 08 10 09 44 MAX   186
2021 08 10 15 38 MIN    25
2021 08 10 22 14 MAX   215
2021 08 11 04 06 MIN    35
2021 08 11 10 24 MAX   188
2021 08 11 16 16 MIN    26
2021 08 11 22 48 MAX   211
2021 08 12 04 40 MIN    34
2021 08 12 11 04 MAX   186
2021 08 12 16 54 MIN    32
2021 08 12 23 22 MAX   202
2021 08 13 05 17 MIN    37
2021 08 13 11 45 MAX   181
2021 08 13 17 36 MIN    43
2021 08 13 23 57 MAX   190
2021 08 14 05 56 MIN    43
2021 08 14 12 32 MAX   173
2021 08 14 18 24 MIN    58
2021 08 15 00 38 MAX   174
2021 08 15 06 41 MIN    53
2021 08 15 13 29 MAX   164
2021 08 15 19 23 MIN    75
2021 08 16 01 29 MAX   159
2021 08 16 07 38 MIN    63
2021 08 16 14 51 MAX   158
2021 08 16 20 48 MIN    89
2021 08 17 02 46 MAX   146
2021 08 17 08 57 MIN    71
2021 08 17 16 37 MAX   161
2021 08 17 22 42 MIN    91
2021 08 18 04 27 MAX   143
2021 08 18 10 32 MIN    72
2021 08 18 18 05 MAX   173
2021 08 19 00 10 MIN    81
2021 08 19 05 53 MAX   150
2021 08 19 11 57 MIN    64
2021 08 19 19 08 MAX   189
2021 08 20 01 06 MIN    67
2021 08 20 06 56 MAX   163
2021 08 20 12 57 MIN    52
2021 08 20 19 56 MAX   204
2021 08 21 01 49 MIN    54
2021 08 21 07 46 MAX   176
2021 08 21 13 44 MIN    40
2021 08 21 20 37 MAX   214
2021 08 22 02 26 MIN    43
2021 08 22 08 30 MAX   187
2021 08 22 14 24 MIN    32
2021 08 22 21 14 MAX   219
2021 08 23 03 01 MIN    36
2021 08 23 09 08 MAX   194
2021 08 23 15 00 MIN    28
2021 08 23 21 46 MAX   218
2021 08 24 03 34 MIN    33
2021 08 24 09 45 MAX   196
2021 08 24 15 34 MIN    28
2021 08 24 22 15 MAX   212
2021 08 25 04 06 MIN    35
2021 08 25 10 20 MAX   194
2021 08 25 16 07 MIN    34
2021 08 25 22 42 MAX   202
2021 08 26 04 36 MIN    40
2021 08 26 10 53 MAX   189
2021 08 26 16 38 MIN    44
2021 08 26 23 05 MAX   189
2021 08 27 05 06 MIN    48
2021 08 27 11 26 MAX   180
2021 08 27 17 10 MIN    56
2021 08 27 23 26 MAX   175
2021 08 28 05 34 MIN    58
2021 08 28 11 59 MAX   169
2021 08 28 17 42 MIN    71
2021 08 28 23 46 MAX   161
2021 08 29 06 05 MIN    69
2021 08 29 12 38 MAX   158
2021 08 29 18 19 MIN    86
2021 08 30 00 10 MAX   147
2021 08 30 06 41 MIN    80
2021 08 30 13 31 MAX   148
2021 08 30 19 10 MIN   101
2021 08 31 00 46 MAX   134
2021 08 31 07 42 MIN    90
2021 08 31 15 02 MAX   142
2021 08 31 21 06 MIN   111
2021 09 01 02 43 MAX   124
2021 09 01 09 37 MIN    94
2021 09 01 16 59 MAX   147
2021 09 01 23 47 MIN   104
2021 09 02 05 10 MAX   129
2021 09 02 11 17 MIN    88
2021 09 02 18 12 MAX   160
2021 09 03 00 37 MIN    91
2021 09 03 06 14 MAX   141
2021 09 03 12 15 MIN    76
2021 09 03 18 58 MAX   175
2021 09 04 01 09 MIN    77
2021 09 04 06 57 MAX   155
2021 09 04 12 57 MIN    61
2021 09 04 19 35 MAX   189
2021 09 05 01 38 MIN    63
2021 09 05 07 36 MAX   170
2021 09 05 13 34 MIN    46
2021 09 05 20 09 MAX   202
2021 09 06 02 06 MIN    48
2021 09 06 08 14 MAX   184
2021 09 06 14 09 MIN    32
2021 09 06 20 43 MAX   212
2021 09 07 02 36 MIN    35
2021 09 07 08 51 MAX   195
2021 09 07 14 44 MIN    21
2021 09 07 21 16 MAX   218
2021 09 08 03 07 MIN    25
2021 09 08 09 30 MAX   203
2021 09 08 15 20 MIN    16
2021 09 08 21 49 MAX   219
2021 09 09 03 39 MIN    19
2021 09 09 10 08 MAX   206
2021 09 09 15 57 MIN    17
2021 09 09 22 22 MAX   214
2021 09 10 04 13 MIN    19
2021 09 10 10 47 MAX   204
2021 09 10 16 36 MIN    25
2021 09 10 22 56 MAX   202
2021 09 11 04 48 MIN    24
2021 09 11 11 28 MAX   195
2021 09 11 17 18 MIN    40
2021 09 11 23 31 MAX   186
2021 09 12 05 26 MIN    36
2021 09 12 12 13 MAX   183
2021 09 12 18 05 MIN    60
2021 09 13 00 10 MAX   166
2021 09 13 06 10 MIN    51
2021 09 13 13 10 MAX   168
2021 09 13 19 07 MIN    80
2021 09 14 01 02 MAX   146
2021 09 14 07 08 MIN    68
2021 09 14 14 40 MAX   156
2021 09 14 20 53 MIN    95
2021 09 15 02 40 MAX   132
2021 09 15 08 42 MIN    80
2021 09 15 16 44 MAX   158
2021 09 15 23 08 MIN    91
2021 09 16 04 47 MAX   134
2021 09 16 10 47 MIN    80
2021 09 16 18 07 MAX   172
2021 09 17 00 17 MIN    76
2021 09 17 06 06 MAX   149
2021 09 17 12 05 MIN    68
2021 09 17 19 00 MAX   186
2021 09 18 00 59 MIN    61
2021 09 18 06 57 MAX   165
2021 09 18 12 53 MIN    55
2021 09 18 19 41 MAX   198
2021 09 19 01 33 MIN    48
2021 09 19 07 38 MAX   180
2021 09 19 13 32 MIN    43
2021 09 19 20 16 MAX   206
2021 09 20 02 04 MIN    37
2021 09 20 08 14 MAX   192
2021 09 20 14 06 MIN    34
2021 09 20 20 47 MAX   209
2021 09 21 02 35 MIN    30
2021 09 21 08 49 MAX   199
2021 09 21 14 39 MIN    29
2021 09 21 21 15 MAX   207
2021 09 22 03 04 MIN    26
2021 09 22 09 22 MAX   202
2021 09 22 15 10 MIN    28
2021 09 22 21 41 MAX   202
2021 09 23 03 32 MIN    27
2021 09 23 09 54 MAX   201
2021 09 23 15 41 MIN    33
2021 09 23 22 04 MAX   193
2021 09 24 04 00 MIN    31
2021 09 24 10 24 MAX   195
2021 09 24 16 11 MIN    41
2021 09 24 22 24 MAX   181
2021 09 25 04 26 MIN    39
2021 09 25 10 54 MAX   186
2021 09 25 16 40 MIN    52
2021 09 25 22 44 MAX   169
2021 09 26 04 50 MIN    49
2021 09 26 11 25 MAX   176
2021 09 26 17 10 MIN    65
2021 09 26 23 03 MAX   157
2021 09 27 05 15 MIN    60
2021 09 27 11 58 MAX   163
2021 09 27 17 43 MIN    80
2021 09 27 23 25 MAX   144
2021 09 28 05 45 MIN    72
2021 09 28 12 41 MAX   151
2021 09 28 18 28 MIN    94
2021 09 28 23 54 MAX   130
2021 09 29 06 31 MIN    84
2021 09 29 13 57 MAX   141
2021 09 29 20 07 MIN   106
2021 09 30 01 18 MAX   117
2021 09 30 08 29 MIN    94
2021 09 30 16 07 MAX   142
2021 09 30 23 26 MIN    99
2021 10 01 04 57 MAX   122
2021 10 01 10 42 MIN    88
2021 10 01 17 35 MAX   154
2021 10 02 00 12 MIN    84
2021 10 02 05 58 MAX   138
2021 10 02 11 47 MIN    74
2021 10 02 18 24 MAX   169
2021 10 03 00 40 MIN    68
2021 10 03 06 39 MAX   155
2021 10 03 12 31 MIN    57
2021 10 03 19 02 MAX   184
2021 10 04 01 07 MIN    51
2021 10 04 07 17 MAX   173
2021 10 04 13 09 MIN    39
2021 10 04 19 37 MAX   197
2021 10 05 01 35 MIN    34
2021 10 05 07 54 MAX   190
2021 10 05 13 45 MIN    23
2021 10 05 20 11 MAX   208
2021 10 06 02 05 MIN    19
2021 10 06 08 32 MAX   204
2021 10 06 14 22 MIN    12
2021 10 06 20 45 MAX   213
2021 10 07 02 37 MIN     7
2021 10 07 09 11 MAX   214
2021 10 07 15 01 MIN     6
2021 10 07 21 20 MAX   213
2021 10 08 03 12 MIN     1
2021 10 08 09 51 MAX   217
2021 10 08 15 40 MIN     9
2021 10 08 21 56 MAX   206
2021 10 09 03 47 MIN     3
2021 10 09 10 31 MAX   213
2021 10 09 16 21 MIN    19
2021 10 09 22 32 MAX   192
2021 10 10 04 25 MIN    12
2021 10 10 11 14 MAX   202
2021 10 10 17 06 MIN    36
2021 10 10 23 10 MAX   173
2021 10 11 05 05 MIN    28
2021 10 11 12 02 MAX   185
2021 10 11 17 58 MIN    57
2021 10 11 23 53 MAX   152
2021 10 12 05 52 MIN    47
2021 10 12 13 02 MAX   167
2021 10 12 19 07 MIN    77
2021 10 13 00 55 MAX   133
2021 10 13 06 55 MIN    66
2021 10 13 14 36 MAX   154
2021 10 13 21 06 MIN    86
2021 10 14 02 55 MAX   122
2021 10 14 08 42 MIN    79
2021 10 14 16 29 MAX   155
2021 10 14 23 01 MIN    79
2021 10 15 04 51 MAX   131
2021 10 15 10 41 MIN    77
2021 10 15 17 44 MAX   165
2021 10 15 23 58 MIN    65
2021 10 16 05 56 MAX   147
2021 10 16 11 50 MIN    66
2021 10 16 18 34 MAX   175
2021 10 17 00 35 MIN    51
2021 10 17 06 40 MAX   163
2021 10 17 12 35 MIN    54
2021 10 17 19 12 MAX   184
2021 10 18 01 06 MIN    39
2021 10 18 07 18 MAX   178
2021 10 18 13 11 MIN    43
2021 10 18 19 45 MAX   189
2021 10 19 01 36 MIN    29
2021 10 19 07 53 MAX   189
2021 10 19 13 44 MIN    34
2021 10 19 20 14 MAX   190
2021 10 20 02 05 MIN    22
2021 10 20 08 27 MAX   196
2021 10 20 14 16 MIN    29
2021 10 20 20 41 MAX   189
2021 10 21 02 33 MIN    19
2021 10 21 08 59 MAX   199
2021 10 21 14 47 MIN    28
2021 10 21 21 06 MAX   184
2021 10 22 03 01 MIN    19
2021 10 22 09 30 MAX   199
2021 10 22 15 18 MIN    31
2021 10 22 21 29 MAX   178
2021 10 23 03 27 MIN    22
2021 10 23 10 00 MAX   194
2021 10 23 15 48 MIN    37
2021 10 23 21 50 MAX   170
2021 10 24 03 53 MIN    28
2021 10 24 10 29 MAX   187
2021 10 24 16 18 MIN    45
2021 10 24 22 12 MAX   160
2021 10 25 04 18 MIN    37
2021 10 25 11 00 MAX   177
2021 10 25 16 49 MIN    56
2021 10 25 22 36 MAX   149
2021 10 26 04 46 MIN    47
2021 10 26 11 34 MAX   166
2021 10 26 17 25 MIN    68
2021 10 26 23 04 MAX   137
2021 10 27 05 19 MIN    59
2021 10 27 12 15 MAX   154
2021 10 27 18 12 MIN    81
2021 10 27 23 40 MAX   124
2021 10 28 06 07 MIN    71
2021 10 28 13 18 MAX   143
2021 10 28 19 35 MIN    90
2021 10 29 01 09 MAX   112
2021 10 29 07 42 MIN    81
2021 10 29 15 00 MAX   140
2021 10 29 22 03 MIN    88
2021 10 30 04 10 MAX   115
2021 10 30 09 43 MIN    79
2021 10 30 16 33 MAX   147
2021 10 30 23 16 MIN    73
2021 10 31 05 21 MAX   131
2021 10 31 11 01 MIN    67
2021 10 31 17 32 MAX   159
2021 10 31 23 54 MIN    56
2021 11 01 06 08 MAX   150
2021 11 01 11 53 MIN    50
2021 11 01 18 17 MAX   172
2021 11 02 00 26 MIN    38
2021 11 02 06 49 MAX   170
2021 11 02 12 37 MIN    33
2021 11 02 18 57 MAX   184
2021 11 03 00 58 MIN    20
2021 11 03 07 29 MAX   189
2021 11 03 13 19 MIN    18
2021 11 03 19 36 MAX   193
2021 11 04 01 33 MIN     4
2021 11 04 08 10 MAX   204
2021 11 04 14 01 MIN     7
2021 11 04 20 14 MAX   198
2021 11 05 02 09 MIN    -7
2021 11 05 08 53 MAX   215
2021 11 05 14 43 MIN     2
2021 11 05 20 54 MAX   197
2021 11 06 02 48 MIN   -11
2021 11 06 09 36 MAX   218
2021 11 06 15 27 MIN     5
2021 11 06 21 34 MAX   190
2021 11 07 03 28 MIN    -8
2021 11 07 10 20 MAX   213
2021 11 07 16 12 MIN    15
2021 11 07 22 15 MAX   177
2021 11 08 04 10 MIN     3
2021 11 08 11 06 MAX   201
2021 11 08 17 01 MIN    30
2021 11 08 22 59 MAX   160
2021 11 09 04 55 MIN    19
2021 11 09 11 56 MAX   185
2021 11 09 17 56 MIN    47
2021 11 09 23 49 MAX   142
2021 11 10 05 46 MIN    37
2021 11 10 12 56 MAX   168
2021 11 10 19 04 MIN    62
2021 11 11 00 58 MAX   127
2021 11 11 06 50 MIN    55
2021 11 11 14 12 MAX   155
2021 11 11 20 37 MIN    69
2021 11 12 02 39 MAX   120
2021 11 12 08 18 MIN    68
2021 11 12 15 42 MAX   149
2021 11 12 22 12 MIN    66
2021 11 13 04 17 MAX   127
2021 11 13 09 56 MIN    70
2021 11 13 16 57 MAX   152
2021 11 13 23 15 MIN    56
2021 11 14 05 23 MAX   140
2021 11 14 11 12 MIN    64
2021 11 14 17 52 MAX   156
2021 11 14 23 57 MIN    45
2021 11 15 06 12 MAX   154
2021 11 15 12 04 MIN    55
2021 11 15 18 34 MAX   161
2021 11 16 00 32 MIN    35
2021 11 16 06 53 MAX   167
2021 11 16 12 45 MIN    46
2021 11 16 19 09 MAX   164
2021 11 17 01 05 MIN    26
2021 11 17 07 30 MAX   177
2021 11 17 13 21 MIN    38
2021 11 17 19 40 MAX   166
2021 11 18 01 36 MIN    20
2021 11 18 08 05 MAX   184
2021 11 18 13 55 MIN    33
2021 11 18 20 08 MAX   166
2021 11 19 02 06 MIN    16
2021 11 19 08 38 MAX   189
2021 11 19 14 29 MIN    30
2021 11 19 20 35 MAX   165
2021 11 20 02 35 MIN    15
2021 11 20 09 10 MAX   190
2021 11 20 15 00 MIN    30
2021 11 20 21 00 MAX   162
2021 11 21 03 04 MIN    16
2021 11 21 09 42 MAX   188
2021 11 21 15 32 MIN    33
2021 11 21 21 27 MAX   157
2021 11 22 03 32 MIN    19
2021 11 22 10 13 MAX   183
2021 11 22 16 04 MIN    37
2021 11 22 21 54 MAX   151
2021 11 23 04 02 MIN    25
2021 11 23 10 46 MAX   176
2021 11 23 16 39 MIN    44
2021 11 23 22 25 MAX   143
2021 11 24 04 34 MIN    32
2021 11 24 11 21 MAX   168
2021 11 24 17 17 MIN    53
2021 11 24 23 00 MAX   132
2021 11 25 05 13 MIN    42
2021 11 25 12 02 MAX   158
2021 11 25 18 03 MIN    61
2021 11 25 23 46 MAX   122
2021 11 26 06 02 MIN    52
2021 11 26 12 54 MAX   149
2021 11 26 19 05 MIN    68
2021 11 27 01 03 MAX   113
2021 11 27 07 11 MIN    61
2021 11 27 14 02 MAX   142
2021 11 27 20 29 MIN    68
2021 11 28 02 58 MAX   114
2021 11 28 08 39 MIN    64
2021 11 28 15 20 MAX   142
2021 11 28 21 52 MIN    60
2021 11 29 04 25 MAX   125
2021 11 29 10 03 MIN    59
2021 11 29 16 30 MAX   147
2021 11 29 22 51 MIN    46
2021 11 30 05 26 MAX   142
2021 11 30 11 10 MIN    47
2021 11 30 17 27 MAX   156
2021 11 30 23 38 MIN    30
2021 12 01 06 17 MAX   161
2021 12 01 12 06 MIN    33
2021 12 01 18 17 MAX   165
2021 12 02 00 21 MIN    14
2021 12 02 07 06 MAX   180
2021 12 02 12 57 MIN    20
2021 12 02 19 04 MAX   173
2021 12 03 01 04 MIN     0
2021 12 03 07 53 MAX   196
2021 12 03 13 45 MIN    10
2021 12 03 19 50 MAX   178
2021 12 04 01 47 MIN   -10
2021 12 04 08 40 MAX   207
2021 12 04 14 32 MIN     4
2021 12 04 20 35 MAX   179
2021 12 05 02 32 MIN   -14
2021 12 05 09 27 MAX   211
2021 12 05 15 20 MIN     5
2021 12 05 21 21 MAX   175
2021 12 06 03 18 MIN   -12
2021 12 06 10 14 MAX   209
2021 12 06 16 08 MIN    10
2021 12 06 22 07 MAX   167
2021 12 07 04 03 MIN    -5
2021 12 07 11 01 MAX   201
2021 12 07 16 56 MIN    20
2021 12 07 22 54 MAX   155
2021 12 08 04 51 MIN     8
2021 12 08 11 48 MAX   187
2021 12 08 17 47 MIN    31
2021 12 08 23 45 MAX   143
2021 12 09 05 40 MIN    23
2021 12 09 12 37 MAX   171
2021 12 09 18 42 MIN    43
2021 12 10 00 44 MAX   131
2021 12 10 06 32 MIN    39
2021 12 10 13 32 MAX   156
2021 12 10 19 46 MIN    51
2021 12 11 01 55 MAX   124
2021 12 11 07 34 MIN    53
2021 12 11 14 35 MAX   144
2021 12 11 20 59 MIN    54
2021 12 12 03 16 MAX   123
2021 12 12 08 49 MIN    63
2021 12 12 15 47 MAX   136
2021 12 12 22 10 MIN    52
2021 12 13 04 31 MAX   129
2021 12 13 10 13 MIN    65
2021 12 13 16 54 MAX   134
2021 12 13 23 08 MIN    46
2021 12 14 05 33 MAX   139
2021 12 14 11 25 MIN    61
2021 12 14 17 48 MAX   136
2021 12 14 23 55 MIN    39
2021 12 15 06 24 MAX   150
2021 12 15 12 20 MIN    54
2021 12 15 18 33 MAX   139
2021 12 16 00 35 MIN    32
2021 12 16 07 08 MAX   160
2021 12 16 13 04 MIN    47
2021 12 16 19 09 MAX   142
2021 12 17 01 12 MIN    25
2021 12 17 07 46 MAX   168
2021 12 17 13 42 MIN    40
2021 12 17 19 42 MAX   145
2021 12 18 01 46 MIN    20
2021 12 18 08 22 MAX   175
2021 12 18 14 17 MIN    34
2021 12 18 20 13 MAX   148
2021 12 19 02 18 MIN    16
2021 12 19 08 57 MAX   179
2021 12 19 14 50 MIN    31
2021 12 19 20 43 MAX   149
2021 12 20 02 50 MIN    13
2021 12 20 09 30 MAX   181
2021 12 20 15 23 MIN    29
2021 12 20 21 15 MAX   149
2021 12 21 03 22 MIN    12
2021 12 21 10 03 MAX   181
2021 12 21 15 56 MIN    29
2021 12 21 21 48 MAX   147
2021 12 22 03 55 MIN    13
2021 12 22 10 36 MAX   178
2021 12 22 16 30 MIN    31
2021 12 22 22 24 MAX   143
2021 12 23 04 30 MIN    17
2021 12 23 11 11 MAX   173
2021 12 23 17 07 MIN    35
2021 12 23 23 03 MAX   136
2021 12 24 05 08 MIN    24
2021 12 24 11 47 MAX   165
2021 12 24 17 46 MIN    39
2021 12 24 23 48 MAX   129
2021 12 25 05 51 MIN    32
2021 12 25 12 28 MAX   157
2021 12 25 18 32 MIN    43
2021 12 26 00 44 MAX   123
2021 12 26 06 42 MIN    41
2021 12 26 13 16 MAX   148
2021 12 26 19 27 MIN    46
2021 12 27 01 55 MAX   120
2021 12 27 07 47 MIN    48
2021 12 27 14 14 MAX   141
2021 12 27 20 32 MIN    45
2021 12 28 03 18 MAX   124
2021 12 28 09 05 MIN    52
2021 12 28 15 24 MAX   137
2021 12 28 21 41 MIN    40
2021 12 29 04 38 MAX   134
2021 12 29 10 27 MIN    49
2021 12 29 16 36 MAX   138
2021 12 29 22 47 MIN    30
2021 12 30 05 48 MAX   149
2021 12 30 11 40 MIN    41
2021 12 30 17 42 MAX   144
2021 12 30 23 47 MIN    19
2021 12 31 06 49 MAX   167
2021 12 31 12 43 MIN    30
2021 12 31 18 41 MAX   151
