 <API - 조위예측극치자료>

대상조위관측소 : 고흥발포
위도(WGS84) : N 127.3428
경도(WGS84) : E 34.4811
관측기관 : 20201221 ~ 20220101

2020 12 21 01 40 MAX   224
2020 12 21 07 45 MIN    98
2020 12 21 14 28 MAX   268
2020 12 21 21 16 MIN   121
2020 12 22 02 47 MAX   212
2020 12 22 08 45 MIN   122
2020 12 22 15 25 MAX   246
2020 12 22 22 18 MIN   121
2020 12 23 04 11 MAX   211
2020 12 23 10 04 MIN   137
2020 12 23 16 32 MAX   233
2020 12 23 23 19 MIN   112
2020 12 24 05 34 MAX   223
2020 12 24 11 34 MIN   140
2020 12 24 17 38 MAX   228
2020 12 25 00 09 MIN    99
2020 12 25 06 36 MAX   242
2020 12 25 12 47 MIN   133
2020 12 25 18 32 MAX   231
2020 12 26 00 52 MIN    83
2020 12 26 07 24 MAX   265
2020 12 26 13 41 MIN   122
2020 12 26 19 16 MAX   238
2020 12 27 01 31 MIN    67
2020 12 27 08 04 MAX   286
2020 12 27 14 23 MIN   109
2020 12 27 19 56 MAX   247
2020 12 28 02 08 MIN    52
2020 12 28 08 41 MAX   306
2020 12 28 15 01 MIN    97
2020 12 28 20 34 MAX   256
2020 12 29 02 44 MIN    39
2020 12 29 09 17 MAX   324
2020 12 29 15 37 MIN    87
2020 12 29 21 10 MAX   265
2020 12 30 03 20 MIN    28
2020 12 30 09 53 MAX   338
2020 12 30 16 12 MIN    79
2020 12 30 21 45 MAX   271
2020 12 31 03 56 MIN    20
2020 12 31 10 28 MAX   348
2020 12 31 16 48 MIN    74
2020 12 31 22 21 MAX   275
2021 01 01 04 33 MIN    16
2021 01 01 11 05 MAX   352
2021 01 01 17 25 MIN    72
2021 01 01 22 58 MAX   274
2021 01 02 05 12 MIN    18
2021 01 02 11 42 MAX   349
2021 01 02 18 03 MIN    74
2021 01 02 23 38 MAX   270
2021 01 03 05 52 MIN    27
2021 01 03 12 21 MAX   340
2021 01 03 18 45 MIN    78
2021 01 04 00 21 MAX   262
2021 01 04 06 37 MIN    42
2021 01 04 13 04 MAX   324
2021 01 04 19 30 MIN    83
2021 01 05 01 13 MAX   253
2021 01 05 07 28 MIN    62
2021 01 05 13 51 MAX   303
2021 01 05 20 22 MIN    86
2021 01 06 02 15 MAX   245
2021 01 06 08 30 MIN    86
2021 01 06 14 45 MAX   281
2021 01 06 21 22 MIN    87
2021 01 07 03 33 MAX   243
2021 01 07 09 46 MIN   105
2021 01 07 15 49 MAX   262
2021 01 07 22 29 MIN    81
2021 01 08 05 02 MAX   253
2021 01 08 11 15 MIN   114
2021 01 08 17 03 MAX   250
2021 01 08 23 37 MIN    69
2021 01 09 06 24 MAX   275
2021 01 09 12 40 MIN   109
2021 01 09 18 16 MAX   250
2021 01 10 00 42 MIN    52
2021 01 10 07 30 MAX   303
2021 01 10 13 49 MIN    94
2021 01 10 19 20 MAX   258
2021 01 11 01 39 MIN    32
2021 01 11 08 25 MAX   330
2021 01 11 14 46 MIN    77
2021 01 11 20 14 MAX   270
2021 01 12 02 31 MIN    14
2021 01 12 09 13 MAX   353
2021 01 12 15 34 MIN    61
2021 01 12 21 03 MAX   282
2021 01 13 03 18 MIN     0
2021 01 13 09 57 MAX   367
2021 01 13 16 18 MIN    51
2021 01 13 21 47 MAX   291
2021 01 14 04 02 MIN    -6
2021 01 14 10 38 MAX   372
2021 01 14 16 59 MIN    47
2021 01 14 22 29 MAX   293
2021 01 15 04 43 MIN    -4
2021 01 15 11 16 MAX   366
2021 01 15 17 37 MIN    50
2021 01 15 23 08 MAX   288
2021 01 16 05 21 MIN     7
2021 01 16 11 52 MAX   351
2021 01 16 18 13 MIN    59
2021 01 16 23 46 MAX   277
2021 01 17 05 56 MIN    26
2021 01 17 12 25 MAX   328
2021 01 17 18 48 MIN    71
2021 01 18 00 22 MAX   263
2021 01 18 06 30 MIN    50
2021 01 18 12 56 MAX   302
2021 01 18 19 21 MIN    84
2021 01 19 01 01 MAX   248
2021 01 19 07 04 MIN    76
2021 01 19 13 27 MAX   274
2021 01 19 19 57 MIN    95
2021 01 20 01 46 MAX   233
2021 01 20 07 43 MIN   104
2021 01 20 14 00 MAX   248
2021 01 20 20 40 MIN   104
2021 01 21 02 42 MAX   221
2021 01 21 08 37 MIN   129
2021 01 21 14 44 MAX   225
2021 01 21 21 35 MIN   108
2021 01 22 04 03 MAX   217
2021 01 22 10 00 MIN   147
2021 01 22 15 52 MAX   208
2021 01 22 22 46 MIN   107
2021 01 23 05 39 MAX   226
2021 01 23 11 56 MIN   150
2021 01 23 17 28 MAX   202
2021 01 23 23 57 MIN    97
2021 01 24 06 54 MAX   246
2021 01 24 13 21 MIN   138
2021 01 24 18 44 MAX   210
2021 01 25 00 57 MIN    82
2021 01 25 07 47 MAX   270
2021 01 25 14 13 MIN   121
2021 01 25 19 38 MAX   224
2021 01 26 01 46 MIN    63
2021 01 26 08 29 MAX   294
2021 01 26 14 53 MIN   103
2021 01 26 20 21 MAX   241
2021 01 27 02 30 MIN    44
2021 01 27 09 06 MAX   317
2021 01 27 15 28 MIN    86
2021 01 27 20 59 MAX   259
2021 01 28 03 09 MIN    24
2021 01 28 09 42 MAX   338
2021 01 28 16 02 MIN    69
2021 01 28 21 36 MAX   275
2021 01 29 03 48 MIN     7
2021 01 29 10 16 MAX   355
2021 01 29 16 35 MIN    55
2021 01 29 22 13 MAX   289
2021 01 30 04 26 MIN    -4
2021 01 30 10 51 MAX   366
2021 01 30 17 09 MIN    43
2021 01 30 22 50 MAX   298
2021 01 31 05 04 MIN    -8
2021 01 31 11 26 MAX   367
2021 01 31 17 44 MIN    37
2021 01 31 23 30 MAX   302
2021 02 01 05 44 MIN    -1
2021 02 01 12 03 MAX   358
2021 02 01 18 21 MIN    37
2021 02 02 00 12 MAX   298
2021 02 02 06 26 MIN    17
2021 02 02 12 40 MAX   338
2021 02 02 19 00 MIN    43
2021 02 03 00 58 MAX   288
2021 02 03 07 12 MIN    45
2021 02 03 13 20 MAX   309
2021 02 03 19 43 MIN    53
2021 02 04 01 51 MAX   274
2021 02 04 08 06 MIN    79
2021 02 04 14 04 MAX   277
2021 02 04 20 33 MIN    67
2021 02 05 02 57 MAX   258
2021 02 05 09 17 MIN   112
2021 02 05 15 00 MAX   245
2021 02 05 21 39 MIN    78
2021 02 06 04 30 MAX   251
2021 02 06 10 56 MIN   132
2021 02 06 16 22 MAX   222
2021 02 06 23 02 MIN    81
2021 02 07 06 17 MAX   264
2021 02 07 12 42 MIN   127
2021 02 07 18 01 MAX   219
2021 02 08 00 27 MIN    70
2021 02 08 07 33 MAX   290
2021 02 08 13 56 MIN   106
2021 02 08 19 18 MAX   234
2021 02 09 01 35 MIN    50
2021 02 09 08 26 MAX   317
2021 02 09 14 47 MIN    83
2021 02 09 20 13 MAX   255
2021 02 10 02 29 MIN    28
2021 02 10 09 09 MAX   340
2021 02 10 15 28 MIN    62
2021 02 10 20 59 MAX   277
2021 02 11 03 14 MIN     9
2021 02 11 09 47 MAX   356
2021 02 11 16 05 MIN    46
2021 02 11 21 39 MAX   293
2021 02 12 03 53 MIN    -2
2021 02 12 10 22 MAX   362
2021 02 12 16 39 MIN    37
2021 02 12 22 16 MAX   302
2021 02 13 04 29 MIN    -4
2021 02 13 10 53 MAX   359
2021 02 13 17 10 MIN    34
2021 02 13 22 50 MAX   304
2021 02 14 05 02 MIN     3
2021 02 14 11 23 MAX   347
2021 02 14 17 39 MIN    39
2021 02 14 23 23 MAX   299
2021 02 15 05 32 MIN    19
2021 02 15 11 49 MAX   328
2021 02 15 18 05 MIN    47
2021 02 15 23 54 MAX   289
2021 02 16 06 01 MIN    40
2021 02 16 12 14 MAX   305
2021 02 16 18 31 MIN    57
2021 02 17 00 27 MAX   277
2021 02 17 06 31 MIN    64
2021 02 17 12 38 MAX   281
2021 02 17 18 57 MIN    69
2021 02 18 01 02 MAX   263
2021 02 18 07 03 MIN    91
2021 02 18 13 04 MAX   256
2021 02 18 19 29 MIN    82
2021 02 19 01 45 MAX   247
2021 02 19 07 43 MIN   119
2021 02 19 13 34 MAX   231
2021 02 19 20 11 MIN    96
2021 02 20 02 44 MAX   231
2021 02 20 08 46 MIN   146
2021 02 20 14 18 MAX   207
2021 02 20 21 18 MIN   108
2021 02 21 04 21 MAX   224
2021 02 21 10 48 MIN   161
2021 02 21 15 58 MAX   189
2021 02 21 22 54 MIN   111
2021 02 22 06 18 MAX   236
2021 02 22 13 05 MIN   150
2021 02 22 18 16 MAX   194
2021 02 23 00 23 MIN    99
2021 02 23 07 27 MAX   261
2021 02 23 14 02 MIN   128
2021 02 23 19 22 MAX   214
2021 02 24 01 26 MIN    77
2021 02 24 08 11 MAX   288
2021 02 24 14 38 MIN   105
2021 02 24 20 07 MAX   238
2021 02 25 02 13 MIN    50
2021 02 25 08 48 MAX   316
2021 02 25 15 10 MIN    80
2021 02 25 20 45 MAX   265
2021 02 26 02 54 MIN    23
2021 02 26 09 21 MAX   342
2021 02 26 15 40 MIN    56
2021 02 26 21 22 MAX   291
2021 02 27 03 33 MIN    -1
2021 02 27 09 54 MAX   364
2021 02 27 16 12 MIN    33
2021 02 27 21 58 MAX   314
2021 02 28 04 12 MIN   -17
2021 02 28 10 29 MAX   376
2021 02 28 16 44 MIN    15
2021 02 28 22 37 MAX   332
2021 03 01 04 51 MIN   -22
2021 03 01 11 03 MAX   377
2021 03 01 17 18 MIN     4
2021 03 01 23 16 MAX   340
2021 03 02 05 31 MIN   -12
2021 03 02 11 38 MAX   365
2021 03 02 17 53 MIN     4
2021 03 02 23 58 MAX   337
2021 03 03 06 13 MIN    11
2021 03 03 12 14 MAX   340
2021 03 03 18 30 MIN    15
2021 03 04 00 41 MAX   322
2021 03 04 06 58 MIN    47
2021 03 04 12 51 MAX   305
2021 03 04 19 10 MIN    34
2021 03 05 01 31 MAX   299
2021 03 05 07 50 MIN    88
2021 03 05 13 32 MAX   267
2021 03 05 19 56 MIN    60
2021 03 06 02 33 MAX   273
2021 03 06 09 02 MIN   126
2021 03 06 14 24 MAX   229
2021 03 06 21 01 MIN    85
2021 03 07 04 12 MAX   254
2021 03 07 10 56 MIN   145
2021 03 07 15 57 MAX   202
2021 03 07 22 39 MIN    98
2021 03 08 06 17 MAX   262
2021 03 08 12 51 MIN   133
2021 03 08 18 06 MAX   206
2021 03 09 00 22 MIN    89
2021 03 09 07 30 MAX   286
2021 03 09 13 54 MIN   107
2021 03 09 19 20 MAX   230
2021 03 10 01 32 MIN    67
2021 03 10 08 17 MAX   310
2021 03 10 14 35 MIN    82
2021 03 10 20 09 MAX   257
2021 03 11 02 22 MIN    43
2021 03 11 08 53 MAX   329
2021 03 11 15 10 MIN    60
2021 03 11 20 48 MAX   282
2021 03 12 03 02 MIN    25
2021 03 12 09 26 MAX   341
2021 03 12 15 41 MIN    43
2021 03 12 21 23 MAX   301
2021 03 13 03 37 MIN    13
2021 03 13 09 55 MAX   346
2021 03 13 16 10 MIN    32
2021 03 13 21 56 MAX   313
2021 03 14 04 09 MIN    11
2021 03 14 10 23 MAX   344
2021 03 14 16 37 MIN    27
2021 03 14 22 27 MAX   319
2021 03 15 04 40 MIN    16
2021 03 15 10 48 MAX   335
2021 03 15 17 01 MIN    27
2021 03 15 22 57 MAX   320
2021 03 16 05 07 MIN    27
2021 03 16 11 13 MAX   320
2021 03 16 17 25 MIN    32
2021 03 16 23 27 MAX   315
2021 03 17 05 35 MIN    44
2021 03 17 11 36 MAX   303
2021 03 17 17 48 MIN    40
2021 03 17 23 57 MAX   306
2021 03 18 06 04 MIN    66
2021 03 18 12 00 MAX   282
2021 03 18 18 13 MIN    52
2021 03 19 00 30 MAX   292
2021 03 19 06 36 MIN    90
2021 03 19 12 25 MAX   260
2021 03 19 18 42 MIN    68
2021 03 20 01 09 MAX   274
2021 03 20 07 14 MIN   117
2021 03 20 12 53 MAX   236
2021 03 20 19 19 MIN    88
2021 03 21 01 58 MAX   254
2021 03 21 08 08 MIN   144
2021 03 21 13 28 MAX   211
2021 03 21 20 15 MIN   108
2021 03 22 03 16 MAX   236
2021 03 22 09 54 MIN   164
2021 03 22 14 42 MAX   189
2021 03 22 21 53 MIN   121
2021 03 23 05 26 MAX   238
2021 03 23 12 33 MIN   155
2021 03 23 17 43 MAX   189
2021 03 23 23 42 MIN   113
2021 03 24 06 51 MAX   260
2021 03 24 13 32 MIN   131
2021 03 24 18 59 MAX   214
2021 03 25 00 56 MIN    89
2021 03 25 07 38 MAX   288
2021 03 25 14 07 MIN   104
2021 03 25 19 44 MAX   245
2021 03 26 01 48 MIN    59
2021 03 26 08 15 MAX   317
2021 03 26 14 38 MIN    74
2021 03 26 20 22 MAX   279
2021 03 27 02 32 MIN    29
2021 03 27 08 50 MAX   344
2021 03 27 15 08 MIN    43
2021 03 27 21 00 MAX   313
2021 03 28 03 13 MIN     4
2021 03 28 09 25 MAX   364
2021 03 28 15 41 MIN    15
2021 03 28 21 39 MAX   343
2021 03 29 03 53 MIN   -12
2021 03 29 10 00 MAX   375
2021 03 29 16 14 MIN    -6
2021 03 29 22 19 MAX   365
2021 03 30 04 34 MIN   -14
2021 03 30 10 36 MAX   372
2021 03 30 16 49 MIN   -16
2021 03 30 23 00 MAX   373
2021 03 31 05 16 MIN    -1
2021 03 31 11 12 MAX   356
2021 03 31 17 25 MIN   -12
2021 03 31 23 43 MAX   367
2021 04 01 06 00 MIN    26
2021 04 01 11 49 MAX   329
2021 04 01 18 02 MIN     5
2021 04 02 00 27 MAX   348
2021 04 02 06 48 MIN    63
2021 04 02 12 27 MAX   293
2021 04 02 18 43 MIN    32
2021 04 03 01 17 MAX   318
2021 04 03 07 43 MIN   103
2021 04 03 13 09 MAX   254
2021 04 03 19 30 MIN    65
2021 04 04 02 21 MAX   286
2021 04 04 09 02 MIN   136
2021 04 04 14 07 MAX   219
2021 04 04 20 39 MIN    96
2021 04 05 04 02 MAX   263
2021 04 05 10 58 MIN   146
2021 04 05 15 58 MAX   199
2021 04 05 22 26 MIN   112
2021 04 06 06 00 MAX   267
2021 04 06 12 37 MIN   130
2021 04 06 18 05 MAX   211
2021 04 07 00 10 MIN   104
2021 04 07 07 07 MAX   284
2021 04 07 13 31 MIN   106
2021 04 07 19 09 MAX   238
2021 04 08 01 17 MIN    84
2021 04 08 07 50 MAX   299
2021 04 08 14 09 MIN    83
2021 04 08 19 52 MAX   265
2021 04 09 02 04 MIN    65
2021 04 09 08 25 MAX   312
2021 04 09 14 40 MIN    63
2021 04 09 20 28 MAX   288
2021 04 10 02 42 MIN    51
2021 04 10 08 54 MAX   319
2021 04 10 15 08 MIN    47
2021 04 10 21 01 MAX   307
2021 04 11 03 16 MIN    42
2021 04 11 09 21 MAX   322
2021 04 11 15 34 MIN    36
2021 04 11 21 32 MAX   321
2021 04 12 03 46 MIN    39
2021 04 12 09 47 MAX   321
2021 04 12 15 59 MIN    30
2021 04 12 22 02 MAX   331
2021 04 13 04 15 MIN    42
2021 04 13 10 13 MAX   315
2021 04 13 16 23 MIN    27
2021 04 13 22 32 MAX   335
2021 04 14 04 44 MIN    49
2021 04 14 10 38 MAX   306
2021 04 14 16 47 MIN    30
2021 04 14 23 02 MAX   334
2021 04 15 05 14 MIN    61
2021 04 15 11 03 MAX   294
2021 04 15 17 12 MIN    37
2021 04 15 23 33 MAX   328
2021 04 16 05 44 MIN    77
2021 04 16 11 29 MAX   278
2021 04 16 17 39 MIN    49
2021 04 17 00 06 MAX   315
2021 04 17 06 18 MIN    98
2021 04 17 11 57 MAX   259
2021 04 17 18 10 MIN    66
2021 04 18 00 44 MAX   297
2021 04 18 06 59 MIN   122
2021 04 18 12 28 MAX   238
2021 04 18 18 47 MIN    87
2021 04 19 01 31 MAX   276
2021 04 19 07 53 MIN   145
2021 04 19 13 06 MAX   215
2021 04 19 19 41 MIN   109
2021 04 20 02 39 MAX   257
2021 04 20 09 25 MIN   160
2021 04 20 14 22 MAX   196
2021 04 20 21 10 MIN   124
2021 04 21 04 23 MAX   252
2021 04 21 11 28 MIN   153
2021 04 21 16 56 MAX   197
2021 04 21 22 56 MIN   120
2021 04 22 05 54 MAX   266
2021 04 22 12 38 MIN   130
2021 04 22 18 20 MAX   224
2021 04 23 00 16 MIN   100
2021 04 23 06 50 MAX   289
2021 04 23 13 19 MIN   100
2021 04 23 19 11 MAX   259
2021 04 24 01 15 MIN    73
2021 04 24 07 33 MAX   314
2021 04 24 13 55 MIN    68
2021 04 24 19 53 MAX   297
2021 04 25 02 04 MIN    45
2021 04 25 08 12 MAX   336
2021 04 25 14 29 MIN    35
2021 04 25 20 35 MAX   335
2021 04 26 02 50 MIN    24
2021 04 26 08 51 MAX   351
2021 04 26 15 06 MIN     7
2021 04 26 21 17 MAX   366
2021 04 27 03 34 MIN    12
2021 04 27 09 29 MAX   358
2021 04 27 15 43 MIN   -12
2021 04 27 22 00 MAX   387
2021 04 28 04 19 MIN    12
2021 04 28 10 08 MAX   353
2021 04 28 16 21 MIN   -18
2021 04 28 22 45 MAX   393
2021 04 29 05 04 MIN    26
2021 04 29 10 48 MAX   337
2021 04 29 17 00 MIN   -10
2021 04 29 23 29 MAX   384
2021 04 30 05 52 MIN    50
2021 04 30 11 29 MAX   311
2021 04 30 17 41 MIN    10
2021 05 01 00 17 MAX   362
2021 05 01 06 43 MIN    81
2021 05 01 12 11 MAX   280
2021 05 01 18 25 MIN    40
2021 05 02 01 09 MAX   332
2021 05 02 07 43 MIN   112
2021 05 02 12 59 MAX   248
2021 05 02 19 18 MIN    73
2021 05 03 02 13 MAX   301
2021 05 03 09 00 MIN   135
2021 05 03 14 06 MAX   221
2021 05 03 20 28 MIN   103
2021 05 04 03 41 MAX   278
2021 05 04 10 34 MIN   140
2021 05 04 15 52 MAX   209
2021 05 04 22 03 MIN   120
2021 05 05 05 17 MAX   272
2021 05 05 11 57 MIN   128
2021 05 05 17 38 MAX   221
2021 05 05 23 38 MIN   119
2021 05 06 06 24 MAX   276
2021 05 06 12 51 MIN   109
2021 05 06 18 41 MAX   244
2021 05 07 00 47 MIN   108
2021 05 07 07 09 MAX   282
2021 05 07 13 29 MIN    91
2021 05 07 19 26 MAX   267
2021 05 08 01 36 MIN    96
2021 05 08 07 44 MAX   288
2021 05 08 14 01 MIN    75
2021 05 08 20 01 MAX   289
2021 05 09 02 16 MIN    86
2021 05 09 08 15 MAX   292
2021 05 09 14 29 MIN    61
2021 05 09 20 35 MAX   307
2021 05 10 02 51 MIN    79
2021 05 10 08 43 MAX   294
2021 05 10 14 55 MIN    49
2021 05 10 21 06 MAX   323
2021 05 11 03 22 MIN    74
2021 05 11 09 11 MAX   295
2021 05 11 15 21 MIN    41
2021 05 11 21 37 MAX   335
2021 05 12 03 54 MIN    73
2021 05 12 09 39 MAX   294
2021 05 12 15 48 MIN    37
2021 05 12 22 09 MAX   342
2021 05 13 04 24 MIN    76
2021 05 13 10 07 MAX   291
2021 05 13 16 16 MIN    38
2021 05 13 22 40 MAX   344
2021 05 14 04 57 MIN    82
2021 05 14 10 37 MAX   284
2021 05 14 16 45 MIN    43
2021 05 14 23 14 MAX   340
2021 05 15 05 31 MIN    93
2021 05 15 11 07 MAX   273
2021 05 15 17 16 MIN    54
2021 05 15 23 49 MAX   330
2021 05 16 06 08 MIN   108
2021 05 16 11 39 MAX   259
2021 05 16 17 51 MIN    69
2021 05 17 00 29 MAX   315
2021 05 17 06 51 MIN   125
2021 05 17 12 15 MAX   242
2021 05 17 18 32 MIN    87
2021 05 18 01 15 MAX   297
2021 05 18 07 45 MIN   140
2021 05 18 13 02 MAX   225
2021 05 18 19 26 MIN   105
2021 05 19 02 15 MAX   282
2021 05 19 08 59 MIN   148
2021 05 19 14 17 MAX   213
2021 05 19 20 42 MIN   119
2021 05 20 03 31 MAX   274
2021 05 20 10 23 MIN   142
2021 05 20 16 06 MAX   217
2021 05 20 22 11 MIN   121
2021 05 21 04 50 MAX   277
2021 05 21 11 32 MIN   123
2021 05 21 17 32 MAX   240
2021 05 21 23 32 MIN   110
2021 05 22 05 54 MAX   289
2021 05 22 12 24 MIN    96
2021 05 22 18 33 MAX   274
2021 05 23 00 40 MIN    91
2021 05 23 06 45 MAX   304
2021 05 23 13 08 MIN    66
2021 05 23 19 24 MAX   311
2021 05 24 01 36 MIN    72
2021 05 24 07 32 MAX   318
2021 05 24 13 50 MIN    37
2021 05 24 20 11 MAX   346
2021 05 25 02 29 MIN    56
2021 05 25 08 17 MAX   328
2021 05 25 14 33 MIN    13
2021 05 25 20 58 MAX   375
2021 05 26 03 18 MIN    47
2021 05 26 09 01 MAX   331
2021 05 26 15 15 MIN    -2
2021 05 26 21 46 MAX   392
2021 05 27 04 07 MIN    47
2021 05 27 09 45 MAX   328
2021 05 27 15 58 MIN    -5
2021 05 27 22 33 MAX   398
2021 05 28 04 56 MIN    55
2021 05 28 10 29 MAX   317
2021 05 28 16 42 MIN     3
2021 05 28 23 21 MAX   390
2021 05 29 05 46 MIN    71
2021 05 29 11 14 MAX   300
2021 05 29 17 27 MIN    21
2021 05 30 00 10 MAX   371
2021 05 30 06 38 MIN    91
2021 05 30 12 01 MAX   278
2021 05 30 18 15 MIN    47
2021 05 31 01 01 MAX   344
2021 05 31 07 35 MIN   111
2021 05 31 12 53 MAX   255
2021 05 31 19 08 MIN    77
2021 06 01 01 57 MAX   316
2021 06 01 08 39 MIN   126
2021 06 01 13 56 MAX   235
2021 06 01 20 09 MIN   105
2021 06 02 03 01 MAX   290
2021 06 02 09 49 MIN   132
2021 06 02 15 18 MAX   225
2021 06 02 21 23 MIN   126
2021 06 03 04 14 MAX   273
2021 06 03 10 59 MIN   129
2021 06 03 16 47 MAX   229
2021 06 03 22 46 MIN   136
2021 06 04 05 21 MAX   264
2021 06 04 11 55 MIN   118
2021 06 04 17 59 MAX   244
2021 06 05 00 02 MIN   136
2021 06 05 06 14 MAX   261
2021 06 05 12 38 MIN   105
2021 06 05 18 50 MAX   264
2021 06 06 01 01 MIN   130
2021 06 06 06 55 MAX   262
2021 06 06 13 13 MIN    92
2021 06 06 19 31 MAX   283
2021 06 07 01 47 MIN   122
2021 06 07 07 31 MAX   265
2021 06 07 13 45 MIN    79
2021 06 07 20 07 MAX   302
2021 06 08 02 26 MIN   115
2021 06 08 08 04 MAX   269
2021 06 08 14 16 MIN    67
2021 06 08 20 42 MAX   319
2021 06 09 03 01 MIN   108
2021 06 09 08 38 MAX   274
2021 06 09 14 48 MIN    58
2021 06 09 21 16 MAX   333
2021 06 10 03 36 MIN   102
2021 06 10 09 10 MAX   278
2021 06 10 15 19 MIN    52
2021 06 10 21 50 MAX   342
2021 06 11 04 10 MIN   100
2021 06 11 09 43 MAX   280
2021 06 11 15 53 MIN    49
2021 06 11 22 25 MAX   348
2021 06 12 04 45 MIN   101
2021 06 12 10 17 MAX   279
2021 06 12 16 27 MIN    51
2021 06 12 23 01 MAX   348
2021 06 13 05 20 MIN   105
2021 06 13 10 52 MAX   274
2021 06 13 17 03 MIN    57
2021 06 13 23 38 MAX   343
2021 06 14 05 59 MIN   112
2021 06 14 11 28 MAX   265
2021 06 14 17 41 MIN    67
2021 06 15 00 18 MAX   333
2021 06 15 06 42 MIN   120
2021 06 15 12 08 MAX   255
2021 06 15 18 24 MIN    81
2021 06 16 01 01 MAX   320
2021 06 16 07 30 MIN   127
2021 06 16 12 58 MAX   245
2021 06 16 19 15 MIN    96
2021 06 17 01 51 MAX   307
2021 06 17 08 26 MIN   129
2021 06 17 14 03 MAX   239
2021 06 17 20 19 MIN   110
2021 06 18 02 48 MAX   294
2021 06 18 09 28 MIN   125
2021 06 18 15 23 MAX   243
2021 06 18 21 33 MIN   120
2021 06 19 03 53 MAX   286
2021 06 19 10 31 MIN   112
2021 06 19 16 46 MAX   259
2021 06 19 22 53 MIN   122
2021 06 20 04 59 MAX   284
2021 06 20 11 31 MIN    93
2021 06 20 17 58 MAX   285
2021 06 21 00 09 MIN   116
2021 06 21 06 00 MAX   287
2021 06 21 12 25 MIN    71
2021 06 21 19 00 MAX   316
2021 06 22 01 16 MIN   105
2021 06 22 06 57 MAX   293
2021 06 22 13 17 MIN    49
2021 06 22 19 55 MAX   346
2021 06 23 02 16 MIN    92
2021 06 23 07 50 MAX   301
2021 06 23 14 07 MIN    31
2021 06 23 20 47 MAX   371
2021 06 24 03 10 MIN    82
2021 06 24 08 41 MAX   307
2021 06 24 14 56 MIN    18
2021 06 24 21 37 MAX   388
2021 06 25 04 01 MIN    76
2021 06 25 09 30 MAX   310
2021 06 25 15 44 MIN    12
2021 06 25 22 26 MAX   395
2021 06 26 04 50 MIN    75
2021 06 26 10 17 MAX   308
2021 06 26 16 32 MIN    16
2021 06 26 23 12 MAX   391
2021 06 27 05 37 MIN    81
2021 06 27 11 04 MAX   300
2021 06 27 17 18 MIN    29
2021 06 27 23 58 MAX   377
2021 06 28 06 24 MIN    91
2021 06 28 11 50 MAX   288
2021 06 28 18 03 MIN    49
2021 06 29 00 42 MAX   354
2021 06 29 07 12 MIN   104
2021 06 29 12 37 MAX   271
2021 06 29 18 49 MIN    75
2021 06 30 01 26 MAX   327
2021 06 30 08 00 MIN   117
2021 06 30 13 29 MAX   255
2021 06 30 19 36 MIN   104
2021 07 01 02 11 MAX   298
2021 07 01 08 51 MIN   126
2021 07 01 14 28 MAX   242
2021 07 01 20 30 MIN   130
2021 07 02 02 59 MAX   273
2021 07 02 09 46 MIN   131
2021 07 02 15 40 MAX   237
2021 07 02 21 37 MIN   151
2021 07 03 03 54 MAX   253
2021 07 03 10 42 MIN   129
2021 07 03 16 58 MAX   242
2021 07 03 22 59 MIN   162
2021 07 04 04 57 MAX   242
2021 07 04 11 34 MIN   121
2021 07 04 18 07 MAX   257
2021 07 05 00 18 MIN   161
2021 07 05 05 57 MAX   239
2021 07 05 12 21 MIN   111
2021 07 05 19 00 MAX   275
2021 07 06 01 20 MIN   153
2021 07 06 06 48 MAX   243
2021 07 06 13 03 MIN    98
2021 07 06 19 44 MAX   294
2021 07 07 02 07 MIN   143
2021 07 07 07 32 MAX   251
2021 07 07 13 44 MIN    86
2021 07 07 20 23 MAX   312
2021 07 08 02 47 MIN   133
2021 07 08 08 12 MAX   261
2021 07 08 14 23 MIN    74
2021 07 08 21 01 MAX   328
2021 07 09 03 23 MIN   123
2021 07 09 08 51 MAX   270
2021 07 09 15 01 MIN    64
2021 07 09 21 37 MAX   342
2021 07 10 03 58 MIN   115
2021 07 10 09 27 MAX   278
2021 07 10 15 38 MIN    57
2021 07 10 22 13 MAX   352
2021 07 11 04 33 MIN   109
2021 07 11 10 03 MAX   283
2021 07 11 16 15 MIN    52
2021 07 11 22 48 MAX   358
2021 07 12 05 08 MIN   105
2021 07 12 10 40 MAX   286
2021 07 12 16 53 MIN    52
2021 07 12 23 24 MAX   358
2021 07 13 05 44 MIN   103
2021 07 13 11 18 MAX   285
2021 07 13 17 32 MIN    57
2021 07 14 00 01 MAX   353
2021 07 14 06 22 MIN   103
2021 07 14 12 00 MAX   281
2021 07 14 18 14 MIN    68
2021 07 15 00 40 MAX   342
2021 07 15 07 04 MIN   105
2021 07 15 12 46 MAX   276
2021 07 15 19 01 MIN    85
2021 07 16 01 22 MAX   326
2021 07 16 07 49 MIN   107
2021 07 16 13 41 MAX   271
2021 07 16 19 55 MIN   105
2021 07 17 02 09 MAX   306
2021 07 17 08 41 MIN   108
2021 07 17 14 48 MAX   269
2021 07 17 21 02 MIN   126
2021 07 18 03 04 MAX   286
2021 07 18 09 40 MIN   105
2021 07 18 16 08 MAX   273
2021 07 18 22 23 MIN   141
2021 07 19 04 10 MAX   271
2021 07 19 10 46 MIN    99
2021 07 19 17 33 MAX   289
2021 07 19 23 52 MIN   144
2021 07 20 05 25 MAX   264
2021 07 20 11 53 MIN    86
2021 07 20 18 49 MAX   313
2021 07 21 01 11 MIN   134
2021 07 21 06 36 MAX   269
2021 07 21 12 57 MIN    70
2021 07 21 19 51 MAX   339
2021 07 22 02 15 MIN   118
2021 07 22 07 38 MAX   280
2021 07 22 13 55 MIN    51
2021 07 22 20 44 MAX   364
2021 07 23 03 08 MIN   102
2021 07 23 08 32 MAX   294
2021 07 23 14 48 MIN    35
2021 07 23 21 32 MAX   382
2021 07 24 03 55 MIN    88
2021 07 24 09 21 MAX   306
2021 07 24 15 37 MIN    25
2021 07 24 22 17 MAX   391
2021 07 25 04 38 MIN    80
2021 07 25 10 07 MAX   313
2021 07 25 16 22 MIN    24
2021 07 25 22 58 MAX   390
2021 07 26 05 19 MIN    78
2021 07 26 10 50 MAX   313
2021 07 26 17 04 MIN    32
2021 07 26 23 36 MAX   378
2021 07 27 05 58 MIN    83
2021 07 27 11 31 MAX   305
2021 07 27 17 43 MIN    50
2021 07 28 00 11 MAX   357
2021 07 28 06 35 MIN    93
2021 07 28 12 11 MAX   292
2021 07 28 18 20 MIN    75
2021 07 29 00 44 MAX   329
2021 07 29 07 10 MIN   106
2021 07 29 12 51 MAX   277
2021 07 29 18 57 MIN   104
2021 07 30 01 15 MAX   300
2021 07 30 07 45 MIN   118
2021 07 30 13 36 MAX   262
2021 07 30 19 36 MIN   133
2021 07 31 01 45 MAX   273
2021 07 31 08 24 MIN   128
2021 07 31 14 29 MAX   251
2021 07 31 20 25 MIN   159
2021 08 01 02 22 MAX   249
2021 08 01 09 14 MIN   134
2021 08 01 15 42 MAX   246
2021 08 01 21 42 MIN   178
2021 08 02 03 19 MAX   231
2021 08 02 10 17 MIN   135
2021 08 02 17 14 MAX   251
2021 08 02 23 34 MIN   183
2021 08 03 04 50 MAX   223
2021 08 03 11 27 MIN   129
2021 08 03 18 33 MAX   267
2021 08 04 01 04 MIN   174
2021 08 04 06 15 MAX   228
2021 08 04 12 29 MIN   117
2021 08 04 19 27 MAX   288
2021 08 05 01 57 MIN   159
2021 08 05 07 13 MAX   240
2021 08 05 13 21 MIN   102
2021 08 05 20 10 MAX   308
2021 08 06 02 37 MIN   144
2021 08 06 07 58 MAX   256
2021 08 06 14 07 MIN    86
2021 08 06 20 48 MAX   327
2021 08 07 03 11 MIN   129
2021 08 07 08 37 MAX   271
2021 08 07 14 47 MIN    70
2021 08 07 21 22 MAX   345
2021 08 08 03 43 MIN   115
2021 08 08 09 14 MAX   286
2021 08 08 15 26 MIN    55
2021 08 08 21 55 MAX   360
2021 08 09 04 14 MIN   101
2021 08 09 09 50 MAX   299
2021 08 09 16 03 MIN    45
2021 08 09 22 29 MAX   370
2021 08 10 04 47 MIN    89
2021 08 10 10 26 MAX   309
2021 08 10 16 40 MIN    40
2021 08 10 23 02 MAX   374
2021 08 11 05 20 MIN    80
2021 08 11 11 04 MAX   316
2021 08 11 17 19 MIN    43
2021 08 11 23 37 MAX   369
2021 08 12 05 54 MIN    76
2021 08 12 11 45 MAX   316
2021 08 12 17 59 MIN    57
2021 08 13 00 13 MAX   354
2021 08 13 06 31 MIN    78
2021 08 13 12 29 MAX   311
2021 08 13 18 44 MIN    80
2021 08 14 00 50 MAX   332
2021 08 14 07 11 MIN    85
2021 08 14 13 19 MAX   302
2021 08 14 19 35 MIN   109
2021 08 15 01 32 MAX   303
2021 08 15 07 58 MIN    95
2021 08 15 14 20 MAX   289
2021 08 15 20 40 MIN   140
2021 08 16 02 22 MAX   274
2021 08 16 08 57 MIN   106
2021 08 16 15 42 MAX   281
2021 08 16 22 11 MIN   162
2021 08 17 03 33 MAX   250
2021 08 17 10 14 MIN   111
2021 08 17 17 29 MAX   287
2021 08 17 23 59 MIN   163
2021 08 18 05 11 MAX   241
2021 08 18 11 40 MIN   105
2021 08 18 18 55 MAX   309
2021 08 19 01 21 MIN   146
2021 08 19 06 38 MAX   252
2021 08 19 12 55 MIN    88
2021 08 19 19 55 MAX   336
2021 08 20 02 17 MIN   123
2021 08 20 07 40 MAX   274
2021 08 20 13 55 MIN    66
2021 08 20 20 41 MAX   359
2021 08 21 03 01 MIN   101
2021 08 21 08 30 MAX   296
2021 08 21 14 45 MIN    47
2021 08 21 21 21 MAX   376
2021 08 22 03 40 MIN    83
2021 08 22 09 13 MAX   314
2021 08 22 15 28 MIN    34
2021 08 22 21 58 MAX   384
2021 08 23 04 17 MIN    72
2021 08 23 09 53 MAX   325
2021 08 23 16 08 MIN    31
2021 08 23 22 32 MAX   381
2021 08 24 04 50 MIN    67
2021 08 24 10 31 MAX   328
2021 08 24 16 44 MIN    39
2021 08 24 23 04 MAX   369
2021 08 25 05 21 MIN    70
2021 08 25 11 06 MAX   324
2021 08 25 17 17 MIN    56
2021 08 25 23 32 MAX   349
2021 08 26 05 50 MIN    79
2021 08 26 11 40 MAX   314
2021 08 26 17 48 MIN    79
2021 08 26 23 58 MAX   324
2021 08 27 06 16 MIN    91
2021 08 27 12 14 MAX   301
2021 08 27 18 18 MIN   106
2021 08 28 00 21 MAX   298
2021 08 28 06 41 MIN   103
2021 08 28 12 49 MAX   286
2021 08 28 18 50 MIN   133
2021 08 29 00 45 MAX   272
2021 08 29 07 10 MIN   116
2021 08 29 13 32 MAX   271
2021 08 29 19 31 MIN   160
2021 08 30 01 11 MAX   249
2021 08 30 07 50 MIN   129
2021 08 30 14 32 MAX   257
2021 08 30 20 37 MIN   183
2021 08 31 01 50 MAX   227
2021 08 31 08 57 MIN   141
2021 08 31 16 11 MAX   250
2021 08 31 22 55 MIN   193
2021 09 01 03 33 MAX   210
2021 09 01 10 34 MIN   144
2021 09 01 18 06 MAX   262
2021 09 02 01 02 MIN   180
2021 09 02 06 00 MAX   216
2021 09 02 12 02 MIN   133
2021 09 02 19 10 MAX   283
2021 09 03 01 49 MIN   161
2021 09 03 07 04 MAX   235
2021 09 03 13 04 MIN   114
2021 09 03 19 52 MAX   306
2021 09 04 02 21 MIN   141
2021 09 04 07 46 MAX   256
2021 09 04 13 51 MIN    92
2021 09 04 20 26 MAX   328
2021 09 05 02 49 MIN   121
2021 09 05 08 23 MAX   279
2021 09 05 14 30 MIN    70
2021 09 05 20 58 MAX   349
2021 09 06 03 17 MIN   100
2021 09 06 08 57 MAX   302
2021 09 06 15 08 MIN    50
2021 09 06 21 29 MAX   366
2021 09 07 03 46 MIN    79
2021 09 07 09 32 MAX   323
2021 09 07 15 45 MIN    36
2021 09 07 22 01 MAX   378
2021 09 08 04 17 MIN    61
2021 09 08 10 09 MAX   340
2021 09 08 16 23 MIN    30
2021 09 08 22 34 MAX   381
2021 09 09 04 49 MIN    48
2021 09 09 10 48 MAX   351
2021 09 09 17 03 MIN    36
2021 09 09 23 08 MAX   372
2021 09 10 05 22 MIN    45
2021 09 10 11 28 MAX   352
2021 09 10 17 44 MIN    54
2021 09 10 23 44 MAX   352
2021 09 11 05 58 MIN    51
2021 09 11 12 12 MAX   343
2021 09 11 18 29 MIN    84
2021 09 12 00 20 MAX   323
2021 09 12 06 36 MIN    66
2021 09 12 13 01 MAX   325
2021 09 12 19 22 MIN   120
2021 09 13 01 00 MAX   288
2021 09 13 07 22 MIN    87
2021 09 13 14 01 MAX   302
2021 09 13 20 33 MIN   154
2021 09 14 01 50 MAX   253
2021 09 14 08 23 MIN   110
2021 09 14 15 33 MAX   284
2021 09 14 22 23 MIN   172
2021 09 15 03 16 MAX   227
2021 09 15 09 58 MIN   125
2021 09 15 17 39 MAX   288
2021 09 16 00 19 MIN   162
2021 09 16 05 29 MAX   227
2021 09 16 11 43 MIN   118
2021 09 16 18 58 MAX   310
2021 09 17 01 24 MIN   137
2021 09 17 06 50 MAX   250
2021 09 17 12 58 MIN    97
2021 09 17 19 47 MAX   333
2021 09 18 02 08 MIN   111
2021 09 18 07 41 MAX   278
2021 09 18 13 52 MIN    74
2021 09 18 20 26 MAX   350
2021 09 19 02 44 MIN    89
2021 09 19 08 22 MAX   304
2021 09 19 14 35 MIN    56
2021 09 19 20 59 MAX   362
2021 09 20 03 16 MIN    71
2021 09 20 09 00 MAX   323
2021 09 20 15 14 MIN    46
2021 09 20 21 31 MAX   365
2021 09 21 03 47 MIN    59
2021 09 21 09 34 MAX   335
2021 09 21 15 48 MIN    45
2021 09 21 22 00 MAX   360
2021 09 22 04 15 MIN    54
2021 09 22 10 07 MAX   340
2021 09 22 16 20 MIN    52
2021 09 22 22 27 MAX   348
2021 09 23 04 41 MIN    56
2021 09 23 10 39 MAX   338
2021 09 23 16 51 MIN    66
2021 09 23 22 52 MAX   331
2021 09 24 05 04 MIN    63
2021 09 24 11 10 MAX   332
2021 09 24 17 19 MIN    85
2021 09 24 23 15 MAX   311
2021 09 25 05 27 MIN    72
2021 09 25 11 41 MAX   322
2021 09 25 17 48 MIN   107
2021 09 25 23 37 MAX   289
2021 09 26 05 50 MIN    84
2021 09 26 12 14 MAX   307
2021 09 26 18 20 MIN   131
2021 09 27 00 00 MAX   267
2021 09 27 00 00 MAX   267
2021 09 27 06 17 MIN   100
2021 09 27 12 53 MAX   290
2021 09 27 18 59 MIN   156
2021 09 28 00 25 MAX   245
2021 09 28 06 52 MIN   119
2021 09 28 13 44 MAX   270
2021 09 28 20 00 MIN   180
2021 09 29 00 57 MAX   222
2021 09 29 07 51 MIN   138
2021 09 29 15 11 MAX   255
2021 09 29 22 19 MIN   191
2021 09 30 02 18 MAX   201
2021 09 30 09 40 MIN   150
2021 09 30 17 24 MAX   259
2021 10 01 00 44 MIN   175
2021 10 01 05 46 MAX   207
2021 10 01 11 29 MIN   141
2021 10 01 18 38 MAX   278
2021 10 02 01 23 MIN   153
2021 10 02 06 48 MAX   231
2021 10 02 12 38 MIN   120
2021 10 02 19 19 MAX   301
2021 10 03 01 50 MIN   130
2021 10 03 07 27 MAX   258
2021 10 03 13 26 MIN    95
2021 10 03 19 53 MAX   323
2021 10 04 02 15 MIN   104
2021 10 04 08 01 MAX   288
2021 10 04 14 07 MIN    70
2021 10 04 20 24 MAX   345
2021 10 05 02 43 MIN    77
2021 10 05 08 36 MAX   318
2021 10 05 14 47 MIN    48
2021 10 05 20 56 MAX   362
2021 10 06 03 13 MIN    51
2021 10 06 09 12 MAX   346
2021 10 06 15 26 MIN    33
2021 10 06 21 30 MAX   371
2021 10 07 03 44 MIN    29
2021 10 07 09 51 MAX   368
2021 10 07 16 06 MIN    29
2021 10 07 22 05 MAX   371
2021 10 08 04 18 MIN    17
2021 10 08 10 31 MAX   379
2021 10 08 16 48 MIN    38
2021 10 08 22 40 MAX   358
2021 10 09 04 53 MIN    17
2021 10 09 11 13 MAX   378
2021 10 09 17 32 MIN    59
2021 10 09 23 17 MAX   335
2021 10 10 05 30 MIN    29
2021 10 10 11 59 MAX   364
2021 10 10 18 20 MIN    91
2021 10 10 23 56 MAX   303
2021 10 11 06 10 MIN    52
2021 10 11 12 49 MAX   339
2021 10 11 19 18 MIN   126
2021 10 12 00 39 MAX   268
2021 10 12 06 58 MIN    81
2021 10 12 13 54 MAX   309
2021 10 12 20 39 MIN   155
2021 10 13 01 37 MAX   234
2021 10 13 08 07 MIN   111
2021 10 13 15 32 MAX   288
2021 10 13 22 33 MIN   162
2021 10 14 03 28 MAX   213
2021 10 14 09 54 MIN   128
2021 10 14 17 28 MAX   290
2021 10 15 00 10 MIN   144
2021 10 15 05 39 MAX   225
2021 10 15 11 38 MIN   121
2021 10 15 18 38 MAX   305
2021 10 16 01 05 MIN   120
2021 10 16 06 46 MAX   253
2021 10 16 12 48 MIN   102
2021 10 16 19 23 MAX   318
2021 10 17 01 44 MIN    96
2021 10 17 07 30 MAX   281
2021 10 17 13 39 MIN    84
2021 10 17 19 59 MAX   328
2021 10 18 02 16 MIN    75
2021 10 18 08 08 MAX   304
2021 10 18 14 19 MIN    71
2021 10 18 20 29 MAX   333
2021 10 19 02 46 MIN    60
2021 10 19 08 41 MAX   322
2021 10 19 14 55 MIN    64
2021 10 19 20 58 MAX   333
2021 10 20 03 13 MIN    50
2021 10 20 09 14 MAX   335
2021 10 20 15 28 MIN    64
2021 10 20 21 25 MAX   328
2021 10 21 03 38 MIN    45
2021 10 21 09 44 MAX   342
2021 10 21 15 59 MIN    68
2021 10 21 21 51 MAX   319
2021 10 22 04 03 MIN    44
2021 10 22 10 15 MAX   345
2021 10 22 16 28 MIN    77
2021 10 22 22 16 MAX   307
2021 10 23 04 26 MIN    48
2021 10 23 10 45 MAX   342
2021 10 23 16 58 MIN    90
2021 10 23 22 41 MAX   293
2021 10 24 04 50 MIN    55
2021 10 24 11 16 MAX   334
2021 10 24 17 29 MIN   107
2021 10 24 23 06 MAX   277
2021 10 25 05 16 MIN    68
2021 10 25 11 50 MAX   321
2021 10 25 18 03 MIN   126
2021 10 25 23 33 MAX   259
2021 10 26 05 46 MIN    84
2021 10 26 12 28 MAX   303
2021 10 26 18 44 MIN   147
2021 10 27 00 02 MAX   238
2021 10 27 06 22 MIN   105
2021 10 27 13 16 MAX   282
2021 10 27 19 43 MIN   166
2021 10 28 00 39 MAX   217
2021 10 28 07 16 MIN   126
2021 10 28 14 26 MAX   264
2021 10 28 21 29 MIN   176
2021 10 29 01 57 MAX   198
2021 10 29 08 49 MIN   141
2021 10 29 16 12 MAX   259
2021 10 29 23 33 MIN   164
2021 10 30 04 55 MAX   200
2021 10 30 10 38 MIN   139
2021 10 30 17 38 MAX   271
2021 10 31 00 28 MIN   142
2021 10 31 06 11 MAX   226
2021 10 31 11 56 MIN   122
2021 10 31 18 29 MAX   289
2021 11 01 01 02 MIN   115
2021 11 01 06 55 MAX   257
2021 11 01 12 53 MIN    98
2021 11 01 19 09 MAX   309
2021 11 02 01 32 MIN    85
2021 11 02 07 34 MAX   292
2021 11 02 13 40 MIN    74
2021 11 02 19 45 MAX   327
2021 11 03 02 04 MIN    55
2021 11 03 08 12 MAX   327
2021 11 03 14 24 MIN    54
2021 11 03 20 22 MAX   341
2021 11 04 02 38 MIN    27
2021 11 04 08 53 MAX   359
2021 11 04 15 08 MIN    41
2021 11 04 20 59 MAX   348
2021 11 05 03 14 MIN     6
2021 11 05 09 34 MAX   382
2021 11 05 15 52 MIN    37
2021 11 05 21 38 MAX   346
2021 11 06 03 51 MIN    -4
2021 11 06 10 18 MAX   393
2021 11 06 16 38 MIN    46
2021 11 06 22 18 MAX   334
2021 11 07 04 30 MIN    -2
2021 11 07 11 03 MAX   390
2021 11 07 17 26 MIN    64
2021 11 07 22 59 MAX   313
2021 11 08 05 12 MIN    13
2021 11 08 11 51 MAX   373
2021 11 08 18 18 MIN    90
2021 11 08 23 43 MAX   285
2021 11 09 05 57 MIN    38
2021 11 09 12 45 MAX   347
2021 11 09 19 19 MIN   116
2021 11 10 00 33 MAX   255
2021 11 10 06 51 MIN    70
2021 11 10 13 48 MAX   317
2021 11 10 20 35 MIN   136
2021 11 11 01 39 MAX   228
2021 11 11 08 00 MIN   100
2021 11 11 15 11 MAX   293
2021 11 11 22 06 MIN   140
2021 11 12 03 22 MAX   214
2021 11 12 09 33 MIN   119
2021 11 12 16 45 MAX   284
2021 11 12 23 29 MIN   127
2021 11 13 05 12 MAX   225
2021 11 13 11 08 MIN   121
2021 11 13 17 56 MAX   285
2021 11 14 00 27 MIN   107
2021 11 14 06 22 MAX   247
2021 11 14 12 22 MIN   112
2021 11 14 18 45 MAX   289
2021 11 15 01 08 MIN    88
2021 11 15 07 09 MAX   271
2021 11 15 13 16 MIN   102
2021 11 15 19 23 MAX   291
2021 11 16 01 42 MIN    71
2021 11 16 07 47 MAX   292
2021 11 16 13 59 MIN    93
2021 11 16 19 55 MAX   292
2021 11 17 02 11 MIN    58
2021 11 17 08 21 MAX   310
2021 11 17 14 36 MIN    87
2021 11 17 20 25 MAX   291
2021 11 18 02 38 MIN    48
2021 11 18 08 54 MAX   324
2021 11 18 15 10 MIN    84
2021 11 18 20 53 MAX   290
2021 11 19 03 05 MIN    41
2021 11 19 09 25 MAX   334
2021 11 19 15 42 MIN    83
2021 11 19 21 21 MAX   288
2021 11 20 03 32 MIN    38
2021 11 20 09 56 MAX   340
2021 11 20 16 13 MIN    86
2021 11 20 21 50 MAX   283
2021 11 21 03 59 MIN    38
2021 11 21 10 28 MAX   342
2021 11 21 16 45 MIN    91
2021 11 21 22 20 MAX   276
2021 11 22 04 29 MIN    43
2021 11 22 11 01 MAX   337
2021 11 22 17 18 MIN   101
2021 11 22 22 49 MAX   266
2021 11 23 04 59 MIN    53
2021 11 23 11 36 MAX   327
2021 11 23 17 54 MIN   113
2021 11 23 23 21 MAX   252
2021 11 24 05 33 MIN    67
2021 11 24 12 15 MAX   312
2021 11 24 18 36 MIN   128
2021 11 24 23 56 MAX   236
2021 11 25 06 12 MIN    84
2021 11 25 12 59 MAX   295
2021 11 25 19 28 MIN   140
2021 11 26 00 39 MAX   219
2021 11 26 07 02 MIN   103
2021 11 26 13 54 MAX   278
2021 11 26 20 37 MIN   148
2021 11 27 01 47 MAX   206
2021 11 27 08 11 MIN   118
2021 11 27 15 03 MAX   267
2021 11 27 21 58 MIN   143
2021 11 28 03 34 MAX   204
2021 11 28 09 39 MIN   125
2021 11 28 16 20 MAX   265
2021 11 28 23 09 MIN   126
2021 11 29 05 10 MAX   223
2021 11 29 11 03 MIN   119
2021 11 29 17 25 MAX   272
2021 11 30 00 01 MIN   101
2021 11 30 06 13 MAX   254
2021 11 30 12 14 MIN   104
2021 11 30 18 19 MAX   284
2021 12 01 00 44 MIN    72
2021 12 01 07 04 MAX   290
2021 12 01 13 13 MIN    86
2021 12 01 19 06 MAX   296
2021 12 02 01 25 MIN    43
2021 12 02 07 50 MAX   325
2021 12 02 14 06 MIN    69
2021 12 02 19 51 MAX   307
2021 12 03 02 07 MIN    17
2021 12 03 08 37 MAX   357
2021 12 03 14 56 MIN    56
2021 12 03 20 36 MAX   314
2021 12 04 02 50 MIN    -3
2021 12 04 09 24 MAX   380
2021 12 04 15 44 MIN    50
2021 12 04 21 20 MAX   315
2021 12 05 03 33 MIN   -13
2021 12 05 10 11 MAX   392
2021 12 05 16 33 MIN    51
2021 12 05 22 05 MAX   310
2021 12 06 04 18 MIN   -12
2021 12 06 10 58 MAX   391
2021 12 06 17 23 MIN    60
2021 12 06 22 51 MAX   298
2021 12 07 05 05 MIN    -1
2021 12 07 11 48 MAX   378
2021 12 07 18 15 MIN    75
2021 12 07 23 39 MAX   281
2021 12 08 05 53 MIN    21
2021 12 08 12 38 MAX   355
2021 12 08 19 09 MIN    91
2021 12 09 00 30 MAX   259
2021 12 09 06 45 MIN    48
2021 12 09 13 31 MAX   327
2021 12 09 20 09 MIN   105
2021 12 10 01 30 MAX   239
2021 12 10 07 43 MIN    78
2021 12 10 14 31 MAX   298
2021 12 10 21 16 MIN   114
2021 12 11 02 44 MAX   224
2021 12 11 08 52 MIN   105
2021 12 11 15 38 MAX   274
2021 12 11 22 26 MIN   113
2021 12 12 04 14 MAX   221
2021 12 12 10 13 MIN   123
2021 12 12 16 48 MAX   258
2021 12 12 23 29 MIN   105
2021 12 13 05 37 MAX   233
2021 12 13 11 38 MIN   128
2021 12 13 17 50 MAX   249
2021 12 14 00 20 MIN    93
2021 12 14 06 38 MAX   250
2021 12 14 12 47 MIN   125
2021 12 14 18 39 MAX   246
2021 12 15 01 00 MIN    80
2021 12 15 07 24 MAX   270
2021 12 15 13 40 MIN   117
2021 12 15 19 19 MAX   247
2021 12 16 01 35 MIN    67
2021 12 16 08 02 MAX   288
2021 12 16 14 22 MIN   108
2021 12 16 19 55 MAX   251
2021 12 17 02 08 MIN    55
2021 12 17 08 37 MAX   305
2021 12 17 14 58 MIN   100
2021 12 17 20 29 MAX   257
2021 12 18 02 40 MIN    45
2021 12 18 09 11 MAX   319
2021 12 18 15 32 MIN    93
2021 12 18 21 02 MAX   262
2021 12 19 03 13 MIN    37
2021 12 19 09 45 MAX   330
2021 12 19 16 05 MIN    88
2021 12 19 21 36 MAX   266
2021 12 20 03 45 MIN    33
2021 12 20 10 19 MAX   336
2021 12 20 16 38 MIN    87
2021 12 20 22 09 MAX   266
2021 12 21 04 19 MIN    32
2021 12 21 10 53 MAX   337
2021 12 21 17 12 MIN    88
2021 12 21 22 42 MAX   263
2021 12 22 04 53 MIN    36
2021 12 22 11 27 MAX   333
2021 12 22 17 47 MIN    92
2021 12 22 23 16 MAX   257
2021 12 23 05 29 MIN    44
2021 12 23 12 03 MAX   324
2021 12 23 18 24 MIN    99
2021 12 23 23 53 MAX   248
2021 12 24 06 07 MIN    56
2021 12 24 12 41 MAX   312
2021 12 24 19 05 MIN   105
2021 12 25 00 35 MAX   237
2021 12 25 06 50 MIN    72
2021 12 25 13 24 MAX   296
2021 12 25 19 52 MIN   109
2021 12 26 01 28 MAX   228
2021 12 26 07 43 MIN    89
2021 12 26 14 12 MAX   280
2021 12 26 20 48 MIN   109
2021 12 27 02 37 MAX   224
2021 12 27 08 50 MIN   105
2021 12 27 15 10 MAX   266
2021 12 27 21 50 MIN   102
2021 12 28 04 02 MAX   231
2021 12 28 10 10 MIN   115
2021 12 28 16 17 MAX   257
2021 12 28 22 54 MIN    89
2021 12 29 05 25 MAX   251
2021 12 29 11 36 MIN   115
2021 12 29 17 26 MAX   254
2021 12 29 23 55 MIN    69
2021 12 30 06 36 MAX   280
2021 12 30 12 52 MIN   104
2021 12 30 18 31 MAX   259
2021 12 31 00 52 MIN    46
2021 12 31 07 36 MAX   313
2021 12 31 13 56 MIN    88
2021 12 31 19 29 MAX   270
