 <API - 조위예측극치자료>

대상조위관측소 : 광양
위도(WGS84) : N 127.7548
경도(WGS84) : E 34.9037
관측기관 : 20201221 ~ 20220101

2020 12 21 01 24 MAX   251
2020 12 21 07 15 MIN   116
2020 12 21 13 58 MAX   280
2020 12 21 20 28 MIN   135
2020 12 22 02 27 MAX   240
2020 12 22 08 12 MIN   139
2020 12 22 14 55 MAX   262
2020 12 22 21 38 MIN   139
2020 12 23 03 45 MAX   239
2020 12 23 09 25 MIN   154
2020 12 23 16 09 MAX   252
2020 12 23 22 48 MIN   133
2020 12 24 05 04 MAX   248
2020 12 24 10 50 MIN   158
2020 12 24 17 23 MAX   250
2020 12 24 23 45 MIN   121
2020 12 25 06 07 MAX   264
2020 12 25 12 05 MIN   149
2020 12 25 18 19 MAX   255
2020 12 26 00 30 MIN   107
2020 12 26 06 57 MAX   283
2020 12 26 13 00 MIN   136
2020 12 26 19 02 MAX   262
2020 12 27 01 08 MIN    91
2020 12 27 07 38 MAX   302
2020 12 27 13 43 MIN   120
2020 12 27 19 40 MAX   270
2020 12 28 01 43 MIN    75
2020 12 28 08 16 MAX   320
2020 12 28 14 20 MIN   105
2020 12 28 20 16 MAX   279
2020 12 29 02 17 MIN    60
2020 12 29 08 52 MAX   337
2020 12 29 14 54 MIN    91
2020 12 29 20 51 MAX   288
2020 12 30 02 52 MIN    45
2020 12 30 09 28 MAX   350
2020 12 30 15 29 MIN    79
2020 12 30 21 28 MAX   295
2020 12 31 03 29 MIN    35
2020 12 31 10 05 MAX   360
2020 12 31 16 05 MIN    72
2020 12 31 22 05 MAX   299
2021 01 01 04 07 MIN    30
2021 01 01 10 42 MAX   363
2021 01 01 16 42 MIN    70
2021 01 01 22 45 MAX   299
2021 01 02 04 46 MIN    32
2021 01 02 11 21 MAX   360
2021 01 02 17 21 MIN    73
2021 01 02 23 26 MAX   294
2021 01 03 05 28 MIN    41
2021 01 03 12 01 MAX   351
2021 01 03 18 02 MIN    80
2021 01 04 00 11 MAX   285
2021 01 04 06 13 MIN    58
2021 01 04 12 43 MAX   336
2021 01 04 18 48 MIN    90
2021 01 05 01 01 MAX   275
2021 01 05 07 02 MIN    78
2021 01 05 13 30 MAX   317
2021 01 05 19 39 MIN    99
2021 01 06 02 00 MAX   266
2021 01 06 08 00 MIN   101
2021 01 06 14 24 MAX   297
2021 01 06 20 41 MIN   105
2021 01 07 03 14 MAX   262
2021 01 07 09 12 MIN   119
2021 01 07 15 31 MAX   280
2021 01 07 21 52 MIN   103
2021 01 08 04 43 MAX   270
2021 01 08 10 39 MIN   126
2021 01 08 16 50 MAX   272
2021 01 08 23 06 MIN    92
2021 01 09 06 02 MAX   290
2021 01 09 12 01 MIN   117
2021 01 09 18 04 MAX   274
2021 01 10 00 12 MIN    74
2021 01 10 07 07 MAX   316
2021 01 10 13 08 MIN   100
2021 01 10 19 06 MAX   284
2021 01 11 01 10 MIN    54
2021 01 11 08 01 MAX   341
2021 01 11 14 03 MIN    80
2021 01 11 19 59 MAX   296
2021 01 12 02 02 MIN    34
2021 01 12 08 50 MAX   362
2021 01 12 14 51 MIN    63
2021 01 12 20 47 MAX   307
2021 01 13 02 49 MIN    19
2021 01 13 09 34 MAX   375
2021 01 13 15 35 MIN    52
2021 01 13 21 31 MAX   315
2021 01 14 03 33 MIN    12
2021 01 14 10 15 MAX   378
2021 01 14 16 15 MIN    48
2021 01 14 22 14 MAX   318
2021 01 15 04 13 MIN    13
2021 01 15 10 53 MAX   373
2021 01 15 16 53 MIN    52
2021 01 15 22 53 MAX   315
2021 01 16 04 51 MIN    24
2021 01 16 11 29 MAX   359
2021 01 16 17 30 MIN    63
2021 01 16 23 31 MAX   306
2021 01 17 05 27 MIN    43
2021 01 17 12 02 MAX   340
2021 01 17 18 06 MIN    78
2021 01 18 00 09 MAX   293
2021 01 18 06 02 MIN    67
2021 01 18 12 34 MAX   317
2021 01 18 18 42 MIN    96
2021 01 19 00 47 MAX   278
2021 01 19 06 37 MIN    95
2021 01 19 13 04 MAX   294
2021 01 19 19 21 MIN   113
2021 01 20 01 30 MAX   263
2021 01 20 07 15 MIN   122
2021 01 20 13 35 MAX   271
2021 01 20 20 07 MIN   128
2021 01 21 02 23 MAX   249
2021 01 21 08 03 MIN   147
2021 01 21 14 17 MAX   250
2021 01 21 21 09 MIN   137
2021 01 22 03 36 MAX   242
2021 01 22 09 16 MIN   166
2021 01 22 15 27 MAX   233
2021 01 22 22 26 MIN   138
2021 01 23 05 07 MAX   246
2021 01 23 11 04 MIN   171
2021 01 23 17 11 MAX   228
2021 01 23 23 37 MIN   129
2021 01 24 06 23 MAX   262
2021 01 24 12 38 MIN   158
2021 01 24 18 27 MAX   236
2021 01 25 00 35 MIN   113
2021 01 25 07 18 MAX   284
2021 01 25 13 33 MIN   138
2021 01 25 19 18 MAX   250
2021 01 26 01 22 MIN    92
2021 01 26 08 01 MAX   307
2021 01 26 14 12 MIN   115
2021 01 26 20 01 MAX   267
2021 01 27 02 03 MIN    68
2021 01 27 08 40 MAX   331
2021 01 27 14 46 MIN    93
2021 01 27 20 40 MAX   285
2021 01 28 02 42 MIN    44
2021 01 28 09 17 MAX   353
2021 01 28 15 20 MIN    71
2021 01 28 21 19 MAX   302
2021 01 29 03 21 MIN    23
2021 01 29 09 53 MAX   371
2021 01 29 15 54 MIN    54
2021 01 29 21 58 MAX   317
2021 01 30 03 59 MIN     8
2021 01 30 10 29 MAX   381
2021 01 30 16 29 MIN    42
2021 01 30 22 37 MAX   326
2021 01 31 04 37 MIN     4
2021 01 31 11 07 MAX   383
2021 01 31 17 05 MIN    39
2021 01 31 23 18 MAX   328
2021 02 01 05 17 MIN    11
2021 02 01 11 44 MAX   374
2021 02 01 17 42 MIN    43
2021 02 02 00 00 MAX   322
2021 02 02 00 00 MAX   322
2021 02 02 05 58 MIN    30
2021 02 02 12 22 MAX   356
2021 02 02 18 22 MIN    54
2021 02 03 00 43 MAX   310
2021 02 03 06 42 MIN    58
2021 02 03 13 02 MAX   329
2021 02 03 19 05 MIN    71
2021 02 04 01 32 MAX   293
2021 02 04 07 32 MIN    92
2021 02 04 13 47 MAX   297
2021 02 04 19 56 MIN    90
2021 02 05 02 34 MAX   275
2021 02 05 08 37 MIN   125
2021 02 05 14 44 MAX   266
2021 02 05 21 02 MIN   105
2021 02 06 04 06 MAX   265
2021 02 06 10 12 MIN   146
2021 02 06 16 10 MAX   245
2021 02 06 22 28 MIN   110
2021 02 07 05 53 MAX   276
2021 02 07 11 58 MIN   142
2021 02 07 17 48 MAX   244
2021 02 07 23 55 MIN   100
2021 02 08 07 09 MAX   300
2021 02 08 13 13 MIN   120
2021 02 08 19 01 MAX   260
2021 02 09 01 05 MIN    78
2021 02 09 08 02 MAX   327
2021 02 09 14 04 MIN    94
2021 02 09 19 55 MAX   281
2021 02 10 01 58 MIN    53
2021 02 10 08 45 MAX   349
2021 02 10 14 45 MIN    70
2021 02 10 20 40 MAX   302
2021 02 11 02 43 MIN    32
2021 02 11 09 24 MAX   364
2021 02 11 15 22 MIN    51
2021 02 11 21 21 MAX   319
2021 02 12 03 22 MIN    17
2021 02 12 09 59 MAX   372
2021 02 12 15 57 MIN    41
2021 02 12 21 59 MAX   330
2021 02 13 03 58 MIN    13
2021 02 13 10 32 MAX   371
2021 02 13 16 30 MIN    38
2021 02 13 22 35 MAX   333
2021 02 14 04 32 MIN    18
2021 02 14 11 02 MAX   361
2021 02 14 17 01 MIN    44
2021 02 14 23 09 MAX   330
2021 02 15 05 04 MIN    33
2021 02 15 11 31 MAX   346
2021 02 15 17 31 MIN    56
2021 02 15 23 41 MAX   320
2021 02 16 05 33 MIN    55
2021 02 16 11 56 MAX   326
2021 02 16 17 59 MIN    72
2021 02 17 00 13 MAX   305
2021 02 17 06 02 MIN    81
2021 02 17 12 19 MAX   304
2021 02 17 18 26 MIN    91
2021 02 18 00 46 MAX   288
2021 02 18 06 32 MIN   108
2021 02 18 12 42 MAX   280
2021 02 18 18 57 MIN   109
2021 02 19 01 24 MAX   270
2021 02 19 07 07 MIN   136
2021 02 19 13 09 MAX   257
2021 02 19 19 36 MIN   128
2021 02 20 02 15 MAX   252
2021 02 20 07 58 MIN   163
2021 02 20 13 49 MAX   233
2021 02 20 20 41 MIN   143
2021 02 21 03 41 MAX   240
2021 02 21 09 38 MIN   181
2021 02 21 15 28 MAX   213
2021 02 21 22 24 MIN   146
2021 02 22 05 41 MAX   248
2021 02 22 12 26 MIN   172
2021 02 22 17 56 MAX   217
2021 02 22 23 59 MIN   131
2021 02 23 06 57 MAX   271
2021 02 23 13 25 MIN   146
2021 02 23 19 03 MAX   238
2021 02 24 01 02 MIN   105
2021 02 24 07 43 MAX   300
2021 02 24 13 59 MIN   117
2021 02 24 19 48 MAX   264
2021 02 25 01 48 MIN    74
2021 02 25 08 22 MAX   329
2021 02 25 14 29 MIN    87
2021 02 25 20 27 MAX   292
2021 02 26 02 28 MIN    41
2021 02 26 08 57 MAX   357
2021 02 26 15 00 MIN    57
2021 02 26 21 05 MAX   319
2021 02 27 03 05 MIN    12
2021 02 27 09 33 MAX   380
2021 02 27 15 33 MIN    32
2021 02 27 21 44 MAX   342
2021 02 28 03 43 MIN    -8
2021 02 28 10 09 MAX   394
2021 02 28 16 07 MIN    14
2021 02 28 22 23 MAX   358
2021 03 01 04 21 MIN   -15
2021 03 01 10 45 MAX   396
2021 03 01 16 42 MIN     7
2021 03 01 23 02 MAX   363
2021 03 02 05 00 MIN    -6
2021 03 02 11 21 MAX   384
2021 03 02 17 18 MIN    12
2021 03 02 23 42 MAX   357
2021 03 03 05 40 MIN    18
2021 03 03 11 58 MAX   360
2021 03 03 17 55 MIN    28
2021 03 04 00 24 MAX   339
2021 03 04 06 22 MIN    54
2021 03 04 12 36 MAX   326
2021 03 04 18 35 MIN    53
2021 03 05 01 09 MAX   313
2021 03 05 07 10 MIN    96
2021 03 05 13 16 MAX   287
2021 03 05 19 21 MIN    83
2021 03 06 02 05 MAX   284
2021 03 06 08 14 MIN   137
2021 03 06 14 08 MAX   249
2021 03 06 20 22 MIN   112
2021 03 07 03 39 MAX   262
2021 03 07 10 04 MIN   161
2021 03 07 15 42 MAX   223
2021 03 07 21 59 MIN   128
2021 03 08 05 54 MAX   268
2021 03 08 12 10 MIN   151
2021 03 08 17 48 MAX   227
2021 03 08 23 50 MIN   120
2021 03 09 07 08 MAX   292
2021 03 09 13 14 MIN   124
2021 03 09 19 00 MAX   252
2021 03 10 01 02 MIN    96
2021 03 10 07 53 MAX   316
2021 03 10 13 54 MIN    96
2021 03 10 19 47 MAX   280
2021 03 11 01 50 MIN    69
2021 03 11 08 30 MAX   336
2021 03 11 14 28 MIN    70
2021 03 11 20 27 MAX   306
2021 03 12 02 29 MIN    45
2021 03 12 09 04 MAX   351
2021 03 12 15 00 MIN    50
2021 03 12 21 04 MAX   327
2021 03 13 03 05 MIN    29
2021 03 13 09 35 MAX   359
2021 03 13 15 31 MIN    37
2021 03 13 21 39 MAX   341
2021 03 14 03 37 MIN    22
2021 03 14 10 04 MAX   359
2021 03 14 16 01 MIN    31
2021 03 14 22 12 MAX   347
2021 03 15 04 08 MIN    25
2021 03 15 10 31 MAX   352
2021 03 15 16 29 MIN    34
2021 03 15 22 43 MAX   346
2021 03 16 04 37 MIN    37
2021 03 16 10 57 MAX   339
2021 03 16 16 55 MIN    43
2021 03 16 23 13 MAX   339
2021 03 17 05 05 MIN    54
2021 03 17 11 20 MAX   322
2021 03 17 17 19 MIN    57
2021 03 17 23 42 MAX   327
2021 03 18 05 32 MIN    77
2021 03 18 11 42 MAX   303
2021 03 18 17 43 MIN    74
2021 03 19 00 11 MAX   310
2021 03 19 06 00 MIN   102
2021 03 19 12 04 MAX   282
2021 03 19 18 10 MIN    93
2021 03 20 00 44 MAX   290
2021 03 20 06 33 MIN   129
2021 03 20 12 29 MAX   258
2021 03 20 18 42 MIN   115
2021 03 21 01 26 MAX   268
2021 03 21 07 16 MIN   156
2021 03 21 13 01 MAX   234
2021 03 21 19 31 MIN   137
2021 03 22 02 32 MAX   249
2021 03 22 08 37 MIN   178
2021 03 22 14 11 MAX   210
2021 03 22 21 11 MIN   151
2021 03 23 04 39 MAX   245
2021 03 23 11 50 MIN   174
2021 03 23 17 26 MAX   210
2021 03 23 23 16 MIN   142
2021 03 24 06 20 MAX   266
2021 03 24 12 55 MIN   146
2021 03 24 18 41 MAX   236
2021 03 25 00 33 MIN   114
2021 03 25 07 11 MAX   296
2021 03 25 13 28 MIN   113
2021 03 25 19 26 MAX   269
2021 03 26 01 22 MIN    78
2021 03 26 07 51 MAX   328
2021 03 26 13 59 MIN    78
2021 03 26 20 05 MAX   303
2021 03 27 02 04 MIN    42
2021 03 27 08 29 MAX   357
2021 03 27 14 32 MIN    43
2021 03 27 20 45 MAX   337
2021 03 28 02 43 MIN    10
2021 03 28 09 05 MAX   380
2021 03 28 15 06 MIN    13
2021 03 28 21 24 MAX   365
2021 03 29 03 22 MIN   -10
2021 03 29 09 43 MAX   393
2021 03 29 15 41 MIN    -7
2021 03 29 22 03 MAX   384
2021 03 30 04 02 MIN   -16
2021 03 30 10 20 MAX   391
2021 03 30 16 16 MIN   -14
2021 03 30 22 44 MAX   389
2021 03 31 04 42 MIN    -4
2021 03 31 10 57 MAX   376
2021 03 31 16 53 MIN    -5
2021 03 31 23 24 MAX   380
2021 04 01 05 23 MIN    25
2021 04 01 11 34 MAX   347
2021 04 01 17 30 MIN    17
2021 04 02 00 06 MAX   357
2021 04 02 06 06 MIN    64
2021 04 02 12 12 MAX   311
2021 04 02 18 10 MIN    49
2021 04 03 00 52 MAX   325
2021 04 03 06 56 MIN   107
2021 04 03 12 54 MAX   272
2021 04 03 18 55 MIN    85
2021 04 04 01 47 MAX   290
2021 04 04 08 05 MIN   146
2021 04 04 13 47 MAX   236
2021 04 04 19 56 MIN   119
2021 04 05 03 24 MAX   264
2021 04 05 10 06 MIN   163
2021 04 05 15 35 MAX   215
2021 04 05 21 40 MIN   139
2021 04 06 05 38 MAX   266
2021 04 06 11 57 MIN   149
2021 04 06 17 41 MAX   228
2021 04 06 23 34 MIN   133
2021 04 07 06 46 MAX   285
2021 04 07 12 51 MIN   124
2021 04 07 18 45 MAX   255
2021 04 08 00 43 MIN   111
2021 04 08 07 28 MAX   304
2021 04 08 13 28 MIN    98
2021 04 08 19 28 MAX   283
2021 04 09 01 28 MIN    88
2021 04 09 08 03 MAX   319
2021 04 09 14 00 MIN    74
2021 04 09 20 05 MAX   309
2021 04 10 02 06 MIN    67
2021 04 10 08 34 MAX   331
2021 04 10 14 31 MIN    55
2021 04 10 20 41 MAX   329
2021 04 11 02 40 MIN    52
2021 04 11 09 04 MAX   337
2021 04 11 15 00 MIN    42
2021 04 11 21 14 MAX   344
2021 04 12 03 12 MIN    45
2021 04 12 09 32 MAX   337
2021 04 12 15 29 MIN    36
2021 04 12 21 46 MAX   352
2021 04 13 03 42 MIN    45
2021 04 13 09 58 MAX   332
2021 04 13 15 55 MIN    36
2021 04 13 22 16 MAX   354
2021 04 14 04 11 MIN    52
2021 04 14 10 22 MAX   324
2021 04 14 16 19 MIN    41
2021 04 14 22 45 MAX   350
2021 04 15 04 39 MIN    65
2021 04 15 10 46 MAX   312
2021 04 15 16 44 MIN    52
2021 04 15 23 14 MAX   340
2021 04 16 05 07 MIN    82
2021 04 16 11 11 MAX   296
2021 04 16 17 10 MIN    67
2021 04 16 23 44 MAX   326
2021 04 17 05 37 MIN   103
2021 04 17 11 37 MAX   278
2021 04 17 17 39 MIN    86
2021 04 18 00 18 MAX   307
2021 04 18 06 12 MIN   126
2021 04 18 12 06 MAX   257
2021 04 18 18 14 MIN   108
2021 04 19 00 58 MAX   285
2021 04 19 06 57 MIN   150
2021 04 19 12 42 MAX   235
2021 04 19 19 03 MIN   131
2021 04 20 01 57 MAX   265
2021 04 20 08 13 MIN   169
2021 04 20 13 54 MAX   214
2021 04 20 20 32 MIN   147
2021 04 21 03 39 MAX   257
2021 04 21 10 29 MIN   167
2021 04 21 16 39 MAX   216
2021 04 21 22 26 MIN   143
2021 04 22 05 22 MAX   271
2021 04 22 11 55 MIN   142
2021 04 22 18 03 MAX   244
2021 04 22 23 50 MIN   119
2021 04 23 06 25 MAX   296
2021 04 23 12 41 MIN   109
2021 04 23 18 53 MAX   279
2021 04 24 00 47 MIN    86
2021 04 24 07 11 MAX   324
2021 04 24 13 20 MIN    72
2021 04 24 19 37 MAX   316
2021 04 25 01 35 MIN    52
2021 04 25 07 53 MAX   349
2021 04 25 13 57 MIN    37
2021 04 25 20 19 MAX   351
2021 04 26 02 18 MIN    23
2021 04 26 08 34 MAX   368
2021 04 26 14 34 MIN     7
2021 04 26 21 01 MAX   380
2021 04 27 03 01 MIN     6
2021 04 27 09 14 MAX   376
2021 04 27 15 13 MIN   -11
2021 04 27 21 43 MAX   398
2021 04 28 03 43 MIN     4
2021 04 28 09 54 MAX   372
2021 04 28 15 51 MIN   -14
2021 04 28 22 26 MAX   401
2021 04 29 04 25 MIN    17
2021 04 29 10 34 MAX   355
2021 04 29 16 30 MIN    -3
2021 04 29 23 08 MAX   389
2021 04 30 05 09 MIN    44
2021 04 30 11 14 MAX   329
2021 04 30 17 10 MIN    22
2021 04 30 23 53 MAX   365
2021 05 01 05 56 MIN    79
2021 05 01 11 55 MAX   297
2021 05 01 17 52 MIN    55
2021 05 02 00 40 MAX   332
2021 05 02 06 49 MIN   115
2021 05 02 12 41 MAX   264
2021 05 02 18 40 MIN    91
2021 05 03 01 37 MAX   299
2021 05 03 08 00 MIN   145
2021 05 03 13 41 MAX   237
2021 05 03 19 43 MIN   124
2021 05 04 03 00 MAX   274
2021 05 04 09 39 MIN   156
2021 05 04 15 20 MAX   225
2021 05 04 21 14 MIN   143
2021 05 05 04 47 MAX   268
2021 05 05 11 10 MIN   147
2021 05 05 17 06 MAX   236
2021 05 05 22 52 MIN   144
2021 05 06 06 01 MAX   277
2021 05 06 12 08 MIN   129
2021 05 06 18 11 MAX   260
2021 05 07 00 06 MIN   131
2021 05 07 06 48 MAX   288
2021 05 07 12 49 MIN   108
2021 05 07 18 58 MAX   284
2021 05 08 00 56 MIN   114
2021 05 08 07 25 MAX   299
2021 05 08 13 24 MIN    88
2021 05 08 19 36 MAX   307
2021 05 09 01 37 MIN    98
2021 05 09 07 57 MAX   307
2021 05 09 13 56 MIN    71
2021 05 09 20 12 MAX   325
2021 05 10 02 13 MIN    86
2021 05 10 08 28 MAX   312
2021 05 10 14 27 MIN    59
2021 05 10 20 46 MAX   340
2021 05 11 02 46 MIN    77
2021 05 11 08 57 MAX   313
2021 05 11 14 55 MIN    52
2021 05 11 21 19 MAX   350
2021 05 12 03 17 MIN    74
2021 05 12 09 24 MAX   312
2021 05 12 15 22 MIN    49
2021 05 12 21 50 MAX   354
2021 05 13 03 46 MIN    76
2021 05 13 09 51 MAX   308
2021 05 13 15 49 MIN    51
2021 05 13 22 20 MAX   354
2021 05 14 04 16 MIN    82
2021 05 14 10 19 MAX   301
2021 05 14 16 17 MIN    57
2021 05 14 22 52 MAX   348
2021 05 15 04 48 MIN    93
2021 05 15 10 48 MAX   291
2021 05 15 16 47 MIN    69
2021 05 15 23 25 MAX   337
2021 05 16 05 22 MIN   108
2021 05 16 11 19 MAX   278
2021 05 16 17 21 MIN    85
2021 05 17 00 02 MAX   322
2021 05 17 06 01 MIN   126
2021 05 17 11 55 MAX   261
2021 05 17 18 02 MIN   105
2021 05 18 00 45 MAX   304
2021 05 18 06 49 MIN   143
2021 05 18 12 41 MAX   245
2021 05 18 18 56 MIN   124
2021 05 19 01 40 MAX   288
2021 05 19 07 57 MIN   155
2021 05 19 13 55 MAX   232
2021 05 19 20 10 MIN   138
2021 05 20 02 55 MAX   280
2021 05 20 09 26 MIN   153
2021 05 20 15 47 MAX   236
2021 05 20 21 40 MIN   138
2021 05 21 04 20 MAX   284
2021 05 21 10 48 MIN   135
2021 05 21 17 13 MAX   258
2021 05 21 23 03 MIN   124
2021 05 22 05 31 MAX   299
2021 05 22 11 48 MIN   107
2021 05 22 18 15 MAX   290
2021 05 23 00 09 MIN   101
2021 05 23 06 27 MAX   317
2021 05 23 12 36 MIN    75
2021 05 23 19 06 MAX   325
2021 05 24 01 05 MIN    75
2021 05 24 07 18 MAX   335
2021 05 24 13 21 MIN    44
2021 05 24 19 54 MAX   358
2021 05 25 01 55 MIN    53
2021 05 25 08 04 MAX   347
2021 05 25 14 05 MIN    19
2021 05 25 20 41 MAX   384
2021 05 26 02 42 MIN    39
2021 05 26 08 49 MAX   352
2021 05 26 14 48 MIN     5
2021 05 26 21 27 MAX   399
2021 05 27 03 28 MIN    37
2021 05 27 09 33 MAX   348
2021 05 27 15 30 MIN     3
2021 05 27 22 12 MAX   402
2021 05 28 04 14 MIN    46
2021 05 28 10 16 MAX   336
2021 05 28 16 13 MIN    13
2021 05 28 22 57 MAX   391
2021 05 29 05 00 MIN    65
2021 05 29 11 00 MAX   318
2021 05 29 16 57 MIN    34
2021 05 29 23 43 MAX   370
2021 05 30 05 48 MIN    90
2021 05 30 11 45 MAX   296
2021 05 30 17 42 MIN    63
2021 05 31 00 31 MAX   343
2021 05 31 06 40 MIN   116
2021 05 31 12 33 MAX   274
2021 05 31 18 30 MIN    94
2021 06 01 01 22 MAX   315
2021 06 01 07 40 MIN   137
2021 06 01 13 31 MAX   255
2021 06 01 19 27 MIN   123
2021 06 02 02 21 MAX   292
2021 06 02 08 50 MIN   149
2021 06 02 14 45 MAX   246
2021 06 02 20 34 MIN   145
2021 06 03 03 33 MAX   276
2021 06 03 10 05 MIN   149
2021 06 03 16 09 MAX   249
2021 06 03 21 52 MIN   157
2021 06 04 04 50 MAX   271
2021 06 04 11 10 MIN   140
2021 06 04 17 22 MAX   263
2021 06 04 23 11 MIN   156
2021 06 05 05 51 MAX   274
2021 06 05 12 02 MIN   126
2021 06 05 18 18 MAX   282
2021 06 06 00 15 MIN   148
2021 06 06 06 37 MAX   279
2021 06 06 12 43 MIN   111
2021 06 06 19 03 MAX   300
2021 06 07 01 04 MIN   136
2021 06 07 07 16 MAX   285
2021 06 07 13 19 MIN    97
2021 06 07 19 43 MAX   318
2021 06 08 01 45 MIN   124
2021 06 08 07 51 MAX   290
2021 06 08 13 52 MIN    86
2021 06 08 20 20 MAX   332
2021 06 09 02 22 MIN   113
2021 06 09 08 23 MAX   294
2021 06 09 14 23 MIN    76
2021 06 09 20 54 MAX   344
2021 06 10 02 55 MIN   106
2021 06 10 08 54 MAX   297
2021 06 10 14 54 MIN    69
2021 06 10 21 28 MAX   353
2021 06 11 03 28 MIN   101
2021 06 11 09 26 MAX   299
2021 06 11 15 26 MIN    65
2021 06 11 22 02 MAX   357
2021 06 12 04 02 MIN   101
2021 06 12 09 59 MAX   299
2021 06 12 15 59 MIN    66
2021 06 12 22 37 MAX   357
2021 06 13 04 36 MIN   104
2021 06 13 10 34 MAX   295
2021 06 13 16 35 MIN    72
2021 06 13 23 13 MAX   351
2021 06 14 05 12 MIN   111
2021 06 14 11 11 MAX   288
2021 06 14 17 14 MIN    82
2021 06 14 23 52 MAX   342
2021 06 15 05 53 MIN   121
2021 06 15 11 53 MAX   278
2021 06 15 17 58 MIN    97
2021 06 16 00 34 MAX   330
2021 06 16 06 39 MIN   131
2021 06 16 12 42 MAX   269
2021 06 16 18 48 MIN   113
2021 06 17 01 22 MAX   317
2021 06 17 07 33 MIN   138
2021 06 17 13 44 MAX   262
2021 06 17 19 48 MIN   127
2021 06 18 02 19 MAX   307
2021 06 18 08 38 MIN   138
2021 06 18 15 01 MAX   264
2021 06 18 21 00 MIN   136
2021 06 19 03 26 MAX   300
2021 06 19 09 48 MIN   129
2021 06 19 16 25 MAX   277
2021 06 19 22 19 MIN   135
2021 06 20 04 38 MAX   300
2021 06 20 10 56 MIN   111
2021 06 20 17 38 MAX   300
2021 06 20 23 35 MIN   125
2021 06 21 05 45 MAX   306
2021 06 21 11 55 MIN    89
2021 06 21 18 39 MAX   328
2021 06 22 00 40 MIN   108
2021 06 22 06 45 MAX   315
2021 06 22 12 50 MIN    66
2021 06 22 19 35 MAX   356
2021 06 23 01 38 MIN    91
2021 06 23 07 39 MAX   323
2021 06 23 13 41 MIN    46
2021 06 23 20 27 MAX   379
2021 06 24 02 30 MIN    77
2021 06 24 08 29 MAX   330
2021 06 24 14 29 MIN    32
2021 06 24 21 16 MAX   394
2021 06 25 03 19 MIN    70
2021 06 25 09 17 MAX   332
2021 06 25 15 17 MIN    27
2021 06 25 22 03 MAX   399
2021 06 26 04 05 MIN    70
2021 06 26 10 03 MAX   330
2021 06 26 16 02 MIN    31
2021 06 26 22 48 MAX   394
2021 06 27 04 50 MIN    78
2021 06 27 10 49 MAX   322
2021 06 27 16 47 MIN    45
2021 06 27 23 31 MAX   379
2021 06 28 05 35 MIN    92
2021 06 28 11 33 MAX   311
2021 06 28 17 30 MIN    66
2021 06 29 00 14 MAX   358
2021 06 29 06 19 MIN   110
2021 06 29 12 18 MAX   297
2021 06 29 18 13 MIN    93
2021 06 30 00 55 MAX   334
2021 06 30 07 05 MIN   127
2021 06 30 13 06 MAX   283
2021 06 30 18 58 MIN   121
2021 07 01 01 36 MAX   310
2021 07 01 07 56 MIN   142
2021 07 01 14 01 MAX   271
2021 07 01 19 47 MIN   147
2021 07 02 02 21 MAX   289
2021 07 02 08 54 MIN   151
2021 07 02 15 05 MAX   265
2021 07 02 20 47 MIN   168
2021 07 03 03 17 MAX   272
2021 07 03 10 00 MIN   153
2021 07 03 16 20 MAX   267
2021 07 03 22 02 MIN   181
2021 07 04 04 28 MAX   263
2021 07 04 11 02 MIN   148
2021 07 04 17 31 MAX   277
2021 07 04 23 25 MIN   181
2021 07 05 05 38 MAX   262
2021 07 05 11 55 MIN   139
2021 07 05 18 30 MAX   292
2021 07 06 00 34 MIN   172
2021 07 06 06 32 MAX   266
2021 07 06 12 41 MIN   127
2021 07 06 19 17 MAX   309
2021 07 07 01 25 MIN   158
2021 07 07 07 17 MAX   274
2021 07 07 13 21 MIN   114
2021 07 07 19 58 MAX   326
2021 07 08 02 06 MIN   144
2021 07 08 07 56 MAX   282
2021 07 08 13 59 MIN   100
2021 07 08 20 36 MAX   341
2021 07 09 02 43 MIN   130
2021 07 09 08 33 MAX   292
2021 07 09 14 35 MIN    87
2021 07 09 21 13 MAX   354
2021 07 10 03 17 MIN   119
2021 07 10 09 10 MAX   300
2021 07 10 15 12 MIN    75
2021 07 10 21 49 MAX   365
2021 07 11 03 50 MIN   110
2021 07 11 09 47 MAX   307
2021 07 11 15 50 MIN    68
2021 07 11 22 25 MAX   371
2021 07 12 04 25 MIN   104
2021 07 12 10 26 MAX   311
2021 07 12 16 27 MIN    67
2021 07 12 23 01 MAX   372
2021 07 13 05 01 MIN   103
2021 07 13 11 06 MAX   311
2021 07 13 17 06 MIN    72
2021 07 13 23 39 MAX   368
2021 07 14 05 38 MIN   105
2021 07 14 11 48 MAX   308
2021 07 14 17 48 MIN    83
2021 07 15 00 18 MAX   358
2021 07 15 06 19 MIN   111
2021 07 15 12 33 MAX   302
2021 07 15 18 33 MIN   100
2021 07 16 00 59 MAX   343
2021 07 16 07 04 MIN   118
2021 07 16 13 24 MAX   296
2021 07 16 19 23 MIN   121
2021 07 17 01 45 MAX   325
2021 07 17 07 56 MIN   124
2021 07 17 14 25 MAX   290
2021 07 17 20 25 MIN   141
2021 07 18 02 41 MAX   307
2021 07 18 08 59 MIN   127
2021 07 18 15 43 MAX   291
2021 07 18 21 44 MIN   155
2021 07 19 03 51 MAX   292
2021 07 19 10 10 MIN   123
2021 07 19 17 10 MAX   303
2021 07 19 23 12 MIN   156
2021 07 20 05 12 MAX   287
2021 07 20 11 22 MIN   111
2021 07 20 18 26 MAX   325
2021 07 21 00 30 MIN   143
2021 07 21 06 25 MAX   293
2021 07 21 12 29 MIN    94
2021 07 21 19 29 MAX   350
2021 07 22 01 34 MIN   123
2021 07 22 07 26 MAX   304
2021 07 22 13 28 MIN    75
2021 07 22 20 22 MAX   373
2021 07 23 02 27 MIN   103
2021 07 23 08 19 MAX   318
2021 07 23 14 21 MIN    57
2021 07 23 21 10 MAX   390
2021 07 24 03 13 MIN    88
2021 07 24 09 08 MAX   330
2021 07 24 15 09 MIN    45
2021 07 24 21 53 MAX   398
2021 07 25 03 54 MIN    79
2021 07 25 09 53 MAX   337
2021 07 25 15 53 MIN    43
2021 07 25 22 34 MAX   397
2021 07 26 04 34 MIN    78
2021 07 26 10 35 MAX   339
2021 07 26 16 33 MIN    50
2021 07 26 23 11 MAX   387
2021 07 27 05 11 MIN    86
2021 07 27 11 16 MAX   334
2021 07 27 17 11 MIN    67
2021 07 27 23 46 MAX   369
2021 07 28 05 48 MIN    99
2021 07 28 11 55 MAX   323
2021 07 28 17 47 MIN    92
2021 07 29 00 19 MAX   346
2021 07 29 06 24 MIN   116
2021 07 29 12 34 MAX   309
2021 07 29 18 22 MIN   120
2021 07 30 00 49 MAX   322
2021 07 30 07 01 MIN   133
2021 07 30 13 15 MAX   294
2021 07 30 18 59 MIN   149
2021 07 31 01 17 MAX   298
2021 07 31 07 42 MIN   149
2021 07 31 14 03 MAX   280
2021 07 31 19 42 MIN   176
2021 08 01 01 49 MAX   277
2021 08 01 08 35 MIN   162
2021 08 01 15 07 MAX   271
2021 08 01 20 45 MIN   197
2021 08 02 02 39 MAX   258
2021 08 02 09 46 MIN   167
2021 08 02 16 34 MAX   271
2021 08 02 22 30 MIN   206
2021 08 03 04 19 MAX   247
2021 08 03 11 02 MIN   163
2021 08 03 17 59 MAX   283
2021 08 04 00 20 MIN   197
2021 08 04 05 56 MAX   251
2021 08 04 12 06 MIN   152
2021 08 04 18 59 MAX   301
2021 08 05 01 22 MIN   179
2021 08 05 06 56 MAX   262
2021 08 05 13 00 MIN   135
2021 08 05 19 44 MAX   321
2021 08 06 02 01 MIN   158
2021 08 06 07 41 MAX   278
2021 08 06 13 43 MIN   115
2021 08 06 20 22 MAX   341
2021 08 07 02 33 MIN   138
2021 08 07 08 20 MAX   294
2021 08 07 14 23 MIN    94
2021 08 07 20 58 MAX   360
2021 08 08 03 04 MIN   119
2021 08 08 08 58 MAX   311
2021 08 08 15 00 MIN    74
2021 08 08 21 33 MAX   376
2021 08 09 03 35 MIN   101
2021 08 09 09 37 MAX   326
2021 08 09 15 37 MIN    60
2021 08 09 22 07 MAX   388
2021 08 10 04 07 MIN    88
2021 08 10 10 15 MAX   337
2021 08 10 16 14 MIN    52
2021 08 10 22 43 MAX   393
2021 08 11 04 41 MIN    80
2021 08 11 10 54 MAX   343
2021 08 11 16 52 MIN    55
2021 08 11 23 18 MAX   389
2021 08 12 05 16 MIN    79
2021 08 12 11 34 MAX   343
2021 08 12 17 31 MIN    68
2021 08 12 23 55 MAX   375
2021 08 13 05 53 MIN    85
2021 08 13 12 16 MAX   336
2021 08 13 18 13 MIN    92
2021 08 14 00 33 MAX   354
2021 08 14 06 33 MIN    97
2021 08 14 13 02 MAX   323
2021 08 14 19 00 MIN   121
2021 08 15 01 13 MAX   326
2021 08 15 07 19 MIN   113
2021 08 15 13 56 MAX   308
2021 08 15 19 58 MIN   153
2021 08 16 02 03 MAX   297
2021 08 16 08 17 MIN   129
2021 08 16 15 14 MAX   295
2021 08 16 21 23 MIN   177
2021 08 17 03 16 MAX   271
2021 08 17 09 35 MIN   139
2021 08 17 17 03 MAX   298
2021 08 17 23 14 MIN   179
2021 08 18 04 58 MAX   263
2021 08 18 11 06 MIN   135
2021 08 18 18 32 MAX   319
2021 08 19 00 42 MIN   160
2021 08 19 06 24 MAX   275
2021 08 19 12 25 MIN   117
2021 08 19 19 32 MAX   345
2021 08 20 01 38 MIN   133
2021 08 20 07 25 MAX   296
2021 08 20 13 26 MIN    93
2021 08 20 20 18 MAX   368
2021 08 21 02 21 MIN   108
2021 08 21 08 14 MAX   319
2021 08 21 14 16 MIN    71
2021 08 21 20 59 MAX   385
2021 08 22 02 59 MIN    87
2021 08 22 08 58 MAX   338
2021 08 22 14 58 MIN    54
2021 08 22 21 36 MAX   394
2021 08 23 03 35 MIN    74
2021 08 23 09 38 MAX   351
2021 08 23 15 37 MIN    48
2021 08 23 22 11 MAX   393
2021 08 24 04 09 MIN    69
2021 08 24 10 16 MAX   356
2021 08 24 16 13 MIN    53
2021 08 24 22 43 MAX   383
2021 08 25 04 42 MIN    73
2021 08 25 10 53 MAX   353
2021 08 25 16 46 MIN    69
2021 08 25 23 13 MAX   367
2021 08 26 05 13 MIN    84
2021 08 26 11 27 MAX   344
2021 08 26 17 17 MIN    92
2021 08 26 23 40 MAX   345
2021 08 27 05 42 MIN   101
2021 08 27 12 00 MAX   329
2021 08 27 17 47 MIN   119
2021 08 28 00 02 MAX   322
2021 08 28 06 09 MIN   119
2021 08 28 12 33 MAX   312
2021 08 28 18 16 MIN   147
2021 08 29 00 23 MAX   299
2021 08 29 06 37 MIN   138
2021 08 29 13 10 MAX   294
2021 08 29 18 49 MIN   175
2021 08 30 00 44 MAX   276
2021 08 30 07 11 MIN   157
2021 08 30 13 59 MAX   277
2021 08 30 19 38 MIN   200
2021 08 31 01 15 MAX   253
2021 08 31 08 11 MIN   173
2021 08 31 15 25 MAX   266
2021 08 31 21 31 MIN   216
2021 09 01 02 42 MAX   233
2021 09 01 10 02 MIN   179
2021 09 01 17 31 MAX   274
2021 09 02 00 39 MIN   203
2021 09 02 05 47 MAX   236
2021 09 02 11 42 MIN   167
2021 09 02 18 44 MAX   294
2021 09 03 01 21 MIN   179
2021 09 03 06 51 MAX   256
2021 09 03 12 44 MIN   145
2021 09 03 19 27 MAX   318
2021 09 04 01 48 MIN   154
2021 09 04 07 31 MAX   278
2021 09 04 13 29 MIN   118
2021 09 04 20 02 MAX   342
2021 09 05 02 14 MIN   129
2021 09 05 08 07 MAX   302
2021 09 05 14 07 MIN    90
2021 09 05 20 35 MAX   364
2021 09 06 02 41 MIN   102
2021 09 06 08 43 MAX   326
2021 09 06 14 42 MIN    64
2021 09 06 21 09 MAX   384
2021 09 07 03 10 MIN    78
2021 09 07 09 20 MAX   348
2021 09 07 15 19 MIN    45
2021 09 07 21 43 MAX   397
2021 09 08 03 42 MIN    58
2021 09 08 09 58 MAX   365
2021 09 08 15 56 MIN    36
2021 09 08 22 18 MAX   401
2021 09 09 04 16 MIN    47
2021 09 09 10 36 MAX   373
2021 09 09 16 34 MIN    40
2021 09 09 22 53 MAX   393
2021 09 10 04 50 MIN    47
2021 09 10 11 16 MAX   372
2021 09 10 17 13 MIN    58
2021 09 10 23 30 MAX   374
2021 09 11 05 26 MIN    58
2021 09 11 11 57 MAX   360
2021 09 11 17 54 MIN    88
2021 09 12 00 07 MAX   344
2021 09 12 06 04 MIN    78
2021 09 12 12 42 MAX   339
2021 09 12 18 41 MIN   126
2021 09 13 00 46 MAX   309
2021 09 13 06 48 MIN   105
2021 09 13 13 35 MAX   313
2021 09 13 19 42 MIN   164
2021 09 14 01 35 MAX   273
2021 09 14 07 45 MIN   133
2021 09 14 15 00 MAX   291
2021 09 14 21 28 MIN   188
2021 09 15 03 00 MAX   245
2021 09 15 09 16 MIN   152
2021 09 15 17 18 MAX   293
2021 09 15 23 44 MIN   178
2021 09 16 05 13 MAX   246
2021 09 16 11 09 MIN   148
2021 09 16 18 38 MAX   316
2021 09 17 00 49 MIN   152
2021 09 17 06 31 MAX   270
2021 09 17 12 28 MIN   125
2021 09 17 19 26 MAX   339
2021 09 18 01 30 MIN   124
2021 09 18 07 21 MAX   298
2021 09 18 13 21 MIN    99
2021 09 18 20 04 MAX   358
2021 09 19 02 04 MIN    98
2021 09 19 08 03 MAX   324
2021 09 19 14 03 MIN    76
2021 09 19 20 38 MAX   371
2021 09 20 02 37 MIN    76
2021 09 20 08 41 MAX   345
2021 09 20 14 41 MIN    61
2021 09 20 21 11 MAX   377
2021 09 21 03 09 MIN    62
2021 09 21 09 18 MAX   359
2021 09 21 15 16 MIN    55
2021 09 21 21 42 MAX   375
2021 09 22 03 40 MIN    56
2021 09 22 09 53 MAX   365
2021 09 22 15 48 MIN    59
2021 09 22 22 11 MAX   365
2021 09 23 04 09 MIN    59
2021 09 23 10 26 MAX   363
2021 09 23 16 19 MIN    72
2021 09 23 22 37 MAX   350
2021 09 24 04 36 MIN    69
2021 09 24 10 57 MAX   354
2021 09 24 16 48 MIN    91
2021 09 24 23 01 MAX   331
2021 09 25 05 00 MIN    84
2021 09 25 11 27 MAX   341
2021 09 25 17 15 MIN   115
2021 09 25 23 22 MAX   311
2021 09 26 05 24 MIN   101
2021 09 26 11 57 MAX   324
2021 09 26 17 43 MIN   140
2021 09 26 23 41 MAX   290
2021 09 27 05 48 MIN   121
2021 09 27 12 29 MAX   304
2021 09 27 18 15 MIN   166
2021 09 28 00 03 MAX   267
2021 09 28 06 17 MIN   143
2021 09 28 13 11 MAX   283
2021 09 28 18 58 MIN   191
2021 09 29 00 31 MAX   244
2021 09 29 07 03 MIN   165
2021 09 29 14 22 MAX   265
2021 09 29 20 39 MIN   210
2021 09 30 01 37 MAX   221
2021 09 30 08 59 MIN   180
2021 09 30 16 47 MAX   265
2021 10 01 00 25 MIN   193
2021 10 01 05 41 MAX   226
2021 10 01 11 11 MIN   170
2021 10 01 18 11 MAX   285
2021 10 02 00 54 MIN   168
2021 10 02 06 34 MAX   251
2021 10 02 12 18 MIN   145
2021 10 02 18 55 MAX   310
2021 10 03 01 16 MIN   140
2021 10 03 07 11 MAX   279
2021 10 03 13 02 MIN   114
2021 10 03 19 30 MAX   335
2021 10 04 01 41 MIN   110
2021 10 04 07 45 MAX   309
2021 10 04 13 41 MIN    82
2021 10 04 20 04 MAX   359
2021 10 05 02 09 MIN    78
2021 10 05 08 21 MAX   339
2021 10 05 14 19 MIN    54
2021 10 05 20 39 MAX   379
2021 10 06 02 40 MIN    49
2021 10 06 08 59 MAX   366
2021 10 06 14 57 MIN    33
2021 10 06 21 15 MAX   391
2021 10 07 03 13 MIN    26
2021 10 07 09 37 MAX   385
2021 10 07 15 36 MIN    25
2021 10 07 21 51 MAX   391
2021 10 08 03 48 MIN    16
2021 10 08 10 17 MAX   394
2021 10 08 16 15 MIN    31
2021 10 08 22 29 MAX   379
2021 10 09 04 25 MIN    19
2021 10 09 10 58 MAX   389
2021 10 09 16 56 MIN    53
2021 10 09 23 07 MAX   355
2021 10 10 05 02 MIN    36
2021 10 10 11 41 MAX   372
2021 10 10 17 40 MIN    87
2021 10 10 23 46 MAX   322
2021 10 11 05 42 MIN    64
2021 10 11 12 27 MAX   344
2021 10 11 18 30 MIN   127
2021 10 12 00 28 MAX   284
2021 10 12 06 26 MIN    98
2021 10 12 13 24 MAX   312
2021 10 12 19 40 MIN   163
2021 10 13 01 23 MAX   249
2021 10 13 07 28 MIN   132
2021 10 13 14 58 MAX   287
2021 10 13 21 48 MIN   177
2021 10 14 03 10 MAX   229
2021 10 14 09 10 MIN   152
2021 10 14 17 09 MAX   289
2021 10 14 23 38 MIN   161
2021 10 15 05 19 MAX   242
2021 10 15 11 04 MIN   147
2021 10 15 18 19 MAX   306
2021 10 16 00 30 MIN   136
2021 10 16 06 22 MAX   270
2021 10 16 12 15 MIN   127
2021 10 16 19 03 MAX   323
2021 10 17 01 05 MIN   110
2021 10 17 07 06 MAX   298
2021 10 17 13 03 MIN   104
2021 10 17 19 38 MAX   336
2021 10 18 01 37 MIN    87
2021 10 18 07 44 MAX   323
2021 10 18 13 43 MIN    85
2021 10 18 20 10 MAX   344
2021 10 19 02 09 MIN    67
2021 10 19 08 20 MAX   343
2021 10 19 14 19 MIN    72
2021 10 19 20 41 MAX   347
2021 10 20 02 40 MIN    54
2021 10 20 08 55 MAX   356
2021 10 20 14 53 MIN    66
2021 10 20 21 11 MAX   345
2021 10 21 03 09 MIN    48
2021 10 21 09 28 MAX   362
2021 10 21 15 25 MIN    68
2021 10 21 21 38 MAX   337
2021 10 22 03 36 MIN    50
2021 10 22 10 00 MAX   362
2021 10 22 15 55 MIN    76
2021 10 22 22 04 MAX   325
2021 10 23 04 02 MIN    57
2021 10 23 10 30 MAX   356
2021 10 23 16 24 MIN    90
2021 10 23 22 28 MAX   311
2021 10 24 04 26 MIN    69
2021 10 24 10 59 MAX   345
2021 10 24 16 52 MIN   108
2021 10 24 22 51 MAX   295
2021 10 25 04 51 MIN    84
2021 10 25 11 29 MAX   329
2021 10 25 17 22 MIN   128
2021 10 25 23 16 MAX   277
2021 10 26 05 18 MIN   104
2021 10 26 12 03 MAX   310
2021 10 26 17 56 MIN   151
2021 10 26 23 44 MAX   256
2021 10 27 05 51 MIN   126
2021 10 27 12 44 MAX   289
2021 10 27 18 41 MIN   173
2021 10 28 00 19 MAX   234
2021 10 28 06 39 MIN   149
2021 10 28 13 45 MAX   270
2021 10 28 20 07 MIN   189
2021 10 29 01 34 MAX   214
2021 10 29 08 14 MIN   167
2021 10 29 15 33 MAX   263
2021 10 29 22 58 MIN   180
2021 10 30 04 50 MAX   220
2021 10 30 10 16 MIN   162
2021 10 30 17 10 MAX   276
2021 10 30 23 54 MIN   155
2021 10 31 05 55 MAX   247
2021 10 31 11 33 MIN   140
2021 10 31 18 05 MAX   297
2021 11 01 00 27 MIN   125
2021 11 01 06 37 MAX   278
2021 11 01 12 26 MIN   111
2021 11 01 18 48 MAX   321
2021 11 02 00 59 MIN    92
2021 11 02 07 16 MAX   312
2021 11 02 13 11 MIN    80
2021 11 02 19 27 MAX   343
2021 11 03 01 33 MIN    58
2021 11 03 07 56 MAX   345
2021 11 03 13 54 MIN    52
2021 11 03 20 07 MAX   360
2021 11 04 02 09 MIN    27
2021 11 04 08 36 MAX   374
2021 11 04 14 36 MIN    33
2021 11 04 20 47 MAX   369
2021 11 05 02 46 MIN     6
2021 11 05 09 18 MAX   394
2021 11 05 15 18 MIN    25
2021 11 05 21 27 MAX   367
2021 11 06 03 25 MIN    -3
2021 11 06 10 01 MAX   401
2021 11 06 16 01 MIN    33
2021 11 06 22 08 MAX   354
2021 11 07 04 04 MIN     3
2021 11 07 10 45 MAX   395
2021 11 07 16 45 MIN    53
2021 11 07 22 49 MAX   331
2021 11 08 04 45 MIN    22
2021 11 08 11 30 MAX   375
2021 11 08 17 33 MIN    83
2021 11 08 23 33 MAX   302
2021 11 09 05 29 MIN    52
2021 11 09 12 19 MAX   346
2021 11 09 18 27 MIN   116
2021 11 10 00 21 MAX   270
2021 11 10 06 18 MIN    87
2021 11 10 13 17 MAX   314
2021 11 10 19 38 MIN   143
2021 11 11 01 23 MAX   243
2021 11 11 07 22 MIN   119
2021 11 11 14 38 MAX   290
2021 11 11 21 16 MIN   154
2021 11 12 02 59 MAX   231
2021 11 12 08 49 MIN   140
2021 11 12 16 19 MAX   281
2021 11 12 22 49 MIN   145
2021 11 13 04 44 MAX   242
2021 11 13 10 25 MIN   143
2021 11 13 17 35 MAX   287
2021 11 13 23 48 MIN   127
2021 11 14 05 52 MAX   265
2021 11 14 11 42 MIN   133
2021 11 14 18 25 MAX   296
2021 11 15 00 29 MIN   106
2021 11 15 06 40 MAX   289
2021 11 15 12 36 MIN   118
2021 11 15 19 04 MAX   303
2021 11 16 01 05 MIN    86
2021 11 16 07 20 MAX   311
2021 11 16 13 18 MIN   103
2021 11 16 19 38 MAX   309
2021 11 17 01 38 MIN    70
2021 11 17 07 57 MAX   329
2021 11 17 13 56 MIN    92
2021 11 17 20 10 MAX   311
2021 11 18 02 10 MIN    58
2021 11 18 08 32 MAX   342
2021 11 18 14 31 MIN    84
2021 11 18 20 41 MAX   310
2021 11 19 02 39 MIN    51
2021 11 19 09 06 MAX   350
2021 11 19 15 04 MIN    81
2021 11 19 21 09 MAX   307
2021 11 20 03 08 MIN    49
2021 11 20 09 38 MAX   353
2021 11 20 15 36 MIN    83
2021 11 20 21 37 MAX   301
2021 11 21 03 36 MIN    52
2021 11 21 10 09 MAX   351
2021 11 21 16 07 MIN    90
2021 11 21 22 04 MAX   294
2021 11 22 04 04 MIN    58
2021 11 22 10 41 MAX   344
2021 11 22 16 37 MIN   100
2021 11 22 22 33 MAX   283
2021 11 23 04 34 MIN    70
2021 11 23 11 14 MAX   333
2021 11 23 17 11 MIN   114
2021 11 23 23 04 MAX   270
2021 11 24 05 07 MIN    86
2021 11 24 11 49 MAX   318
2021 11 24 17 48 MIN   130
2021 11 24 23 39 MAX   254
2021 11 25 05 46 MIN   105
2021 11 25 12 31 MAX   300
2021 11 25 18 34 MIN   146
2021 11 26 00 23 MAX   238
2021 11 26 06 35 MIN   125
2021 11 26 13 22 MAX   284
2021 11 26 19 38 MIN   157
2021 11 27 01 33 MAX   224
2021 11 27 07 45 MIN   140
2021 11 27 14 32 MAX   274
2021 11 27 21 05 MIN   156
2021 11 28 03 24 MAX   225
2021 11 28 09 13 MIN   144
2021 11 28 15 53 MAX   274
2021 11 28 22 26 MIN   140
2021 11 29 04 54 MAX   245
2021 11 29 10 36 MIN   134
2021 11 29 17 04 MAX   285
2021 11 29 23 25 MIN   114
2021 11 30 05 54 MAX   274
2021 11 30 11 44 MIN   114
2021 11 30 18 01 MAX   301
2021 12 01 00 13 MIN    83
2021 12 01 06 44 MAX   307
2021 12 01 12 41 MIN    88
2021 12 01 18 51 MAX   317
2021 12 02 00 57 MIN    52
2021 12 02 07 32 MAX   340
2021 12 02 13 31 MIN    64
2021 12 02 19 38 MAX   330
2021 12 03 01 40 MIN    24
2021 12 03 08 18 MAX   369
2021 12 03 14 19 MIN    46
2021 12 03 20 24 MAX   338
2021 12 04 02 24 MIN     4
2021 12 04 09 04 MAX   389
2021 12 04 15 07 MIN    37
2021 12 04 21 09 MAX   339
2021 12 05 03 08 MIN    -5
2021 12 05 09 50 MAX   398
2021 12 05 15 53 MIN    39
2021 12 05 21 54 MAX   332
2021 12 06 03 52 MIN    -2
2021 12 06 10 37 MAX   394
2021 12 06 16 40 MIN    50
2021 12 06 22 39 MAX   318
2021 12 07 04 37 MIN    13
2021 12 07 11 24 MAX   378
2021 12 07 17 28 MIN    70
2021 12 07 23 25 MAX   299
2021 12 08 05 23 MIN    37
2021 12 08 12 11 MAX   354
2021 12 08 18 19 MIN    93
2021 12 09 00 15 MAX   278
2021 12 09 06 13 MIN    66
2021 12 09 13 02 MAX   326
2021 12 09 19 15 MIN   114
2021 12 10 01 12 MAX   259
2021 12 10 07 07 MIN    97
2021 12 10 13 58 MAX   299
2021 12 10 20 21 MIN   129
2021 12 11 02 20 MAX   246
2021 12 11 08 09 MIN   123
2021 12 11 15 04 MAX   278
2021 12 11 21 35 MIN   133
2021 12 12 03 41 MAX   244
2021 12 12 09 24 MIN   141
2021 12 12 16 20 MAX   267
2021 12 12 22 45 MIN   127
2021 12 13 05 00 MAX   254
2021 12 13 10 46 MIN   147
2021 12 13 17 28 MAX   264
2021 12 13 23 42 MIN   114
2021 12 14 06 03 MAX   271
2021 12 14 11 58 MIN   141
2021 12 14 18 21 MAX   267
2021 12 15 00 27 MIN   100
2021 12 15 06 53 MAX   289
2021 12 15 12 53 MIN   130
2021 12 15 19 04 MAX   271
2021 12 16 01 07 MIN    86
2021 12 16 07 35 MAX   306
2021 12 16 13 38 MIN   117
2021 12 16 19 41 MAX   276
2021 12 17 01 43 MIN    73
2021 12 17 08 13 MAX   321
2021 12 17 14 16 MIN   105
2021 12 17 20 16 MAX   280
2021 12 18 02 17 MIN    63
2021 12 18 08 49 MAX   333
2021 12 18 14 52 MIN    96
2021 12 18 20 48 MAX   284
2021 12 19 02 49 MIN    55
2021 12 19 09 23 MAX   342
2021 12 19 15 26 MIN    90
2021 12 19 21 20 MAX   286
2021 12 20 03 21 MIN    51
2021 12 20 09 56 MAX   346
2021 12 20 15 57 MIN    88
2021 12 20 21 52 MAX   287
2021 12 21 03 54 MIN    50
2021 12 21 10 30 MAX   346
2021 12 21 16 30 MIN    90
2021 12 21 22 26 MAX   284
2021 12 22 04 28 MIN    54
2021 12 22 11 04 MAX   341
2021 12 22 17 04 MIN    95
2021 12 22 23 01 MAX   278
2021 12 23 05 04 MIN    63
2021 12 23 11 40 MAX   333
2021 12 23 17 40 MIN   102
2021 12 23 23 40 MAX   270
2021 12 24 05 43 MIN    76
2021 12 24 12 18 MAX   321
2021 12 24 18 20 MIN   111
2021 12 25 00 23 MAX   260
2021 12 25 06 27 MIN    92
2021 12 25 13 00 MAX   307
2021 12 25 19 07 MIN   119
2021 12 26 01 15 MAX   250
2021 12 26 07 18 MIN   109
2021 12 26 13 48 MAX   294
2021 12 26 20 03 MIN   123
2021 12 27 02 22 MAX   246
2021 12 27 08 22 MIN   123
2021 12 27 14 48 MAX   282
2021 12 27 21 09 MIN   120
2021 12 28 03 45 MAX   251
2021 12 28 09 40 MIN   130
2021 12 28 15 59 MAX   276
2021 12 28 22 20 MIN   107
2021 12 29 05 07 MAX   269
2021 12 29 11 02 MIN   124
2021 12 29 17 13 MAX   277
2021 12 29 23 26 MIN    87
2021 12 30 06 16 MAX   296
2021 12 30 12 16 MIN   108
2021 12 30 18 19 MAX   286
2021 12 31 00 25 MIN    62
2021 12 31 07 15 MAX   326
2021 12 31 13 18 MIN    87
2021 12 31 19 17 MAX   298
