 <API - 조위예측극치자료>

대상조위관측소 : 군산
위도(WGS84) : N 126.5631
경도(WGS84) : E 35.9756
관측기관 : 20201221 ~ 20220101

2020 12 21 02 04 MIN   179
2020 12 21 07 33 MAX   505
2020 12 21 13 54 MIN   161
2020 12 21 20 07 MAX   553
2020 12 22 02 52 MIN   199
2020 12 22 08 31 MAX   480
2020 12 22 14 48 MIN   204
2020 12 22 21 01 MAX   515
2020 12 23 03 48 MIN   210
2020 12 23 09 41 MAX   466
2020 12 23 15 57 MIN   237
2020 12 23 22 05 MAX   487
2020 12 24 04 53 MIN   207
2020 12 24 11 00 MAX   470
2020 12 24 17 21 MIN   248
2020 12 24 23 14 MAX   476
2020 12 25 05 56 MIN   190
2020 12 25 12 11 MAX   495
2020 12 25 18 37 MIN   234
2020 12 26 00 16 MAX   480
2020 12 26 06 50 MIN   162
2020 12 26 13 06 MAX   529
2020 12 26 19 33 MIN   208
2020 12 27 01 08 MAX   494
2020 12 27 07 34 MIN   132
2020 12 27 13 50 MAX   564
2020 12 27 20 19 MIN   179
2020 12 28 01 50 MAX   511
2020 12 28 08 13 MIN   103
2020 12 28 14 27 MAX   596
2020 12 28 20 59 MIN   153
2020 12 29 02 28 MAX   527
2020 12 29 08 52 MIN    78
2020 12 29 15 03 MAX   621
2020 12 29 21 37 MIN   134
2020 12 30 03 04 MAX   541
2020 12 30 09 29 MIN    59
2020 12 30 15 37 MAX   640
2020 12 30 22 16 MIN   121
2020 12 31 03 39 MAX   552
2020 12 31 10 08 MIN    47
2020 12 31 16 12 MAX   652
2020 12 31 22 55 MIN   115
2021 01 01 04 15 MAX   559
2021 01 01 10 46 MIN    41
2021 01 01 16 48 MAX   658
2021 01 01 23 33 MIN   114
2021 01 02 04 51 MAX   563
2021 01 02 11 26 MIN    43
2021 01 02 17 25 MAX   657
2021 01 03 00 12 MIN   118
2021 01 03 05 30 MAX   563
2021 01 03 12 06 MIN    54
2021 01 03 18 04 MAX   647
2021 01 04 00 53 MIN   124
2021 01 04 06 13 MAX   558
2021 01 04 12 48 MIN    74
2021 01 04 18 46 MAX   630
2021 01 05 01 35 MIN   131
2021 01 05 07 01 MAX   548
2021 01 05 13 34 MIN   103
2021 01 05 19 34 MAX   604
2021 01 06 02 21 MIN   139
2021 01 06 07 57 MAX   535
2021 01 06 14 28 MIN   138
2021 01 06 20 27 MAX   572
2021 01 07 03 16 MIN   144
2021 01 07 09 04 MAX   524
2021 01 07 15 36 MIN   172
2021 01 07 21 30 MAX   540
2021 01 08 04 20 MIN   142
2021 01 08 10 20 MAX   527
2021 01 08 16 59 MIN   191
2021 01 08 22 42 MAX   519
2021 01 09 05 32 MIN   127
2021 01 09 11 40 MAX   549
2021 01 09 18 27 MIN   184
2021 01 09 23 55 MAX   516
2021 01 10 06 42 MIN    99
2021 01 10 12 52 MAX   586
2021 01 10 19 40 MIN   158
2021 01 11 01 02 MAX   527
2021 01 11 07 44 MIN    68
2021 01 11 13 53 MAX   624
2021 01 11 20 42 MIN   128
2021 01 12 02 00 MAX   544
2021 01 12 08 40 MIN    40
2021 01 12 14 46 MAX   655
2021 01 12 21 34 MIN   105
2021 01 13 02 51 MAX   562
2021 01 13 09 30 MIN    21
2021 01 13 15 34 MAX   674
2021 01 13 22 21 MIN    91
2021 01 14 03 38 MAX   575
2021 01 14 10 17 MIN    13
2021 01 14 16 18 MAX   680
2021 01 14 23 05 MIN    88
2021 01 15 04 21 MAX   583
2021 01 15 10 59 MIN    16
2021 01 15 16 58 MAX   675
2021 01 15 23 44 MIN    92
2021 01 16 05 02 MAX   585
2021 01 16 11 38 MIN    31
2021 01 16 17 36 MAX   660
2021 01 17 00 20 MIN   103
2021 01 17 05 42 MAX   578
2021 01 17 12 14 MIN    56
2021 01 17 18 12 MAX   637
2021 01 18 00 53 MIN   117
2021 01 18 06 20 MAX   565
2021 01 18 12 48 MIN    89
2021 01 18 18 46 MAX   607
2021 01 19 01 24 MIN   134
2021 01 19 07 00 MAX   544
2021 01 19 13 21 MIN   130
2021 01 19 19 21 MAX   571
2021 01 20 01 56 MIN   153
2021 01 20 07 43 MAX   517
2021 01 20 13 58 MIN   174
2021 01 20 19 59 MAX   531
2021 01 21 02 34 MIN   172
2021 01 21 08 34 MAX   489
2021 01 21 14 45 MIN   219
2021 01 21 20 44 MAX   489
2021 01 22 03 22 MIN   190
2021 01 22 09 38 MAX   467
2021 01 22 15 51 MIN   255
2021 01 22 21 45 MAX   452
2021 01 23 04 27 MIN   199
2021 01 23 11 00 MAX   464
2021 01 23 17 24 MIN   267
2021 01 23 23 05 MAX   433
2021 01 24 05 41 MIN   191
2021 01 24 12 20 MAX   487
2021 01 24 18 50 MIN   247
2021 01 25 00 22 MAX   440
2021 01 25 06 47 MIN   164
2021 01 25 13 20 MAX   524
2021 01 25 19 51 MIN   213
2021 01 26 01 20 MAX   464
2021 01 26 07 41 MIN   130
2021 01 26 14 06 MAX   564
2021 01 26 20 39 MIN   176
2021 01 27 02 07 MAX   494
2021 01 27 08 29 MIN    93
2021 01 27 14 45 MAX   601
2021 01 27 21 23 MIN   143
2021 01 28 02 47 MAX   525
2021 01 28 09 14 MIN    60
2021 01 28 15 22 MAX   632
2021 01 28 22 03 MIN   115
2021 01 29 03 25 MAX   553
2021 01 29 09 58 MIN    34
2021 01 29 15 59 MAX   656
2021 01 29 22 43 MIN    94
2021 01 30 04 03 MAX   577
2021 01 30 10 40 MIN    16
2021 01 30 16 35 MAX   670
2021 01 30 23 22 MIN    78
2021 01 31 04 41 MAX   596
2021 01 31 11 21 MIN    10
2021 01 31 17 12 MAX   675
2021 01 31 23 59 MIN    69
2021 02 01 05 20 MAX   607
2021 02 01 12 02 MIN    17
2021 02 01 17 49 MAX   669
2021 02 02 00 37 MIN    67
2021 02 02 06 02 MAX   608
2021 02 02 12 42 MIN    39
2021 02 02 18 28 MAX   650
2021 02 03 01 14 MIN    72
2021 02 03 06 47 MAX   599
2021 02 03 13 24 MIN    75
2021 02 03 19 09 MAX   618
2021 02 04 01 54 MIN    86
2021 02 04 07 37 MAX   579
2021 02 04 14 11 MIN   123
2021 02 04 19 55 MAX   574
2021 02 05 02 39 MIN   107
2021 02 05 08 35 MAX   552
2021 02 05 15 09 MIN   176
2021 02 05 20 51 MAX   523
2021 02 06 03 36 MIN   130
2021 02 06 09 47 MAX   528
2021 02 06 16 30 MIN   216
2021 02 06 22 03 MAX   479
2021 02 07 04 53 MIN   144
2021 02 07 11 17 MAX   524
2021 02 07 18 12 MIN   222
2021 02 07 23 31 MAX   461
2021 02 08 06 19 MIN   134
2021 02 08 12 45 MAX   549
2021 02 08 19 37 MIN   192
2021 02 09 00 54 MAX   477
2021 02 09 07 35 MIN   103
2021 02 09 13 52 MAX   589
2021 02 09 20 40 MIN   152
2021 02 10 01 58 MAX   511
2021 02 10 08 36 MIN    68
2021 02 10 14 45 MAX   625
2021 02 10 21 30 MIN   116
2021 02 11 02 49 MAX   547
2021 02 11 09 27 MIN    38
2021 02 11 15 28 MAX   651
2021 02 11 22 12 MIN    90
2021 02 12 03 32 MAX   577
2021 02 12 10 11 MIN    20
2021 02 12 16 07 MAX   664
2021 02 12 22 50 MIN    76
2021 02 13 04 11 MAX   598
2021 02 13 10 49 MIN    17
2021 02 13 16 41 MAX   665
2021 02 13 23 24 MIN    72
2021 02 14 04 47 MAX   609
2021 02 14 11 24 MIN    26
2021 02 14 17 13 MAX   656
2021 02 14 23 53 MIN    75
2021 02 15 05 21 MAX   609
2021 02 15 11 54 MIN    47
2021 02 15 17 43 MAX   639
2021 02 16 00 20 MIN    83
2021 02 16 05 55 MAX   599
2021 02 16 12 22 MIN    76
2021 02 16 18 11 MAX   615
2021 02 17 00 45 MIN    95
2021 02 17 06 28 MAX   581
2021 02 17 12 50 MIN   112
2021 02 17 18 40 MAX   583
2021 02 18 01 10 MIN   112
2021 02 18 07 03 MAX   556
2021 02 18 13 21 MIN   153
2021 02 18 19 09 MAX   544
2021 02 19 01 39 MIN   135
2021 02 19 07 42 MAX   524
2021 02 19 13 57 MIN   199
2021 02 19 19 44 MAX   500
2021 02 20 02 16 MIN   163
2021 02 20 08 30 MAX   491
2021 02 20 14 47 MIN   245
2021 02 20 20 28 MAX   452
2021 02 21 03 07 MIN   192
2021 02 21 09 40 MAX   464
2021 02 21 16 09 MIN   278
2021 02 21 21 42 MAX   412
2021 02 22 04 26 MIN   208
2021 02 22 11 20 MAX   464
2021 02 22 18 03 MIN   275
2021 02 22 23 31 MAX   404
2021 02 23 05 58 MIN   195
2021 02 23 12 46 MAX   498
2021 02 23 19 26 MIN   236
2021 02 24 00 52 MAX   434
2021 02 24 07 11 MIN   157
2021 02 24 13 42 MAX   545
2021 02 24 20 21 MIN   188
2021 02 25 01 46 MAX   480
2021 02 25 08 10 MIN   109
2021 02 25 14 25 MAX   593
2021 02 25 21 06 MIN   141
2021 02 26 02 29 MAX   529
2021 02 26 09 01 MIN    62
2021 02 26 15 04 MAX   634
2021 02 26 21 46 MIN    99
2021 02 27 03 09 MAX   575
2021 02 27 09 46 MIN    23
2021 02 27 15 40 MAX   665
2021 02 27 22 25 MIN    63
2021 02 28 03 48 MAX   614
2021 02 28 10 30 MIN    -3
2021 02 28 16 16 MAX   684
2021 02 28 23 02 MIN    36
2021 03 01 04 27 MAX   643
2021 03 01 11 11 MIN   -12
2021 03 01 16 52 MAX   689
2021 03 01 23 39 MIN    20
2021 03 02 05 07 MAX   659
2021 03 02 11 51 MIN    -3
2021 03 02 17 28 MAX   680
2021 03 03 00 15 MIN    17
2021 03 03 05 48 MAX   660
2021 03 03 12 31 MIN    26
2021 03 03 18 06 MAX   654
2021 03 04 00 50 MIN    28
2021 03 04 06 31 MAX   645
2021 03 04 13 11 MIN    71
2021 03 04 18 45 MAX   613
2021 03 05 01 27 MIN    53
2021 03 05 07 18 MAX   614
2021 03 05 13 56 MIN   130
2021 03 05 19 28 MAX   560
2021 03 06 02 08 MIN    92
2021 03 06 08 13 MAX   571
2021 03 06 14 51 MIN   192
2021 03 06 20 21 MAX   500
2021 03 07 03 02 MIN   136
2021 03 07 09 24 MAX   527
2021 03 07 16 14 MIN   242
2021 03 07 21 36 MAX   445
2021 03 08 04 24 MIN   171
2021 03 08 11 05 MAX   508
2021 03 08 18 09 MIN   244
2021 03 08 23 23 MAX   429
2021 03 09 06 09 MIN   168
2021 03 09 12 44 MAX   532
2021 03 09 19 36 MIN   203
2021 03 10 00 55 MAX   461
2021 03 10 07 33 MIN   132
2021 03 10 13 49 MAX   574
2021 03 10 20 33 MIN   154
2021 03 11 01 56 MAX   511
2021 03 11 08 32 MIN    89
2021 03 11 14 36 MAX   611
2021 03 11 21 17 MIN   112
2021 03 12 02 42 MAX   559
2021 03 12 09 19 MIN    55
2021 03 12 15 13 MAX   636
2021 03 12 21 54 MIN    83
2021 03 13 03 20 MAX   596
2021 03 13 09 58 MIN    35
2021 03 13 15 47 MAX   649
2021 03 13 22 26 MIN    66
2021 03 14 03 55 MAX   621
2021 03 14 10 32 MIN    31
2021 03 14 16 16 MAX   651
2021 03 14 22 55 MIN    58
2021 03 15 04 27 MAX   633
2021 03 15 11 03 MIN    40
2021 03 15 16 44 MAX   644
2021 03 15 23 21 MIN    58
2021 03 16 04 58 MAX   635
2021 03 16 11 31 MIN    58
2021 03 16 17 11 MAX   631
2021 03 16 23 45 MIN    63
2021 03 17 05 28 MAX   628
2021 03 17 11 58 MIN    82
2021 03 17 17 37 MAX   610
2021 03 18 00 08 MIN    73
2021 03 18 05 58 MAX   613
2021 03 18 12 24 MIN   112
2021 03 18 18 04 MAX   582
2021 03 19 00 32 MIN    90
2021 03 19 06 29 MAX   591
2021 03 19 12 54 MIN   148
2021 03 19 18 31 MAX   548
2021 03 20 00 58 MIN   114
2021 03 20 07 03 MAX   562
2021 03 20 13 27 MIN   190
2021 03 20 19 02 MAX   507
2021 03 21 01 30 MIN   145
2021 03 21 07 44 MAX   527
2021 03 21 14 10 MIN   235
2021 03 21 19 41 MAX   461
2021 03 22 02 13 MIN   181
2021 03 22 08 43 MAX   491
2021 03 22 15 19 MIN   275
2021 03 22 20 43 MAX   417
2021 03 23 03 23 MIN   212
2021 03 23 10 17 MAX   472
2021 03 23 17 13 MIN   284
2021 03 23 22 38 MAX   398
2021 03 24 05 08 MIN   215
2021 03 24 12 01 MAX   494
2021 03 24 18 54 MIN   246
2021 03 25 00 18 MAX   431
2021 03 25 06 41 MIN   179
2021 03 25 13 08 MAX   542
2021 03 25 19 53 MIN   191
2021 03 26 01 19 MAX   489
2021 03 26 07 48 MIN   124
2021 03 26 13 55 MAX   593
2021 03 26 20 39 MIN   134
2021 03 27 02 06 MAX   553
2021 03 27 08 42 MIN    70
2021 03 27 14 35 MAX   638
2021 03 27 21 20 MIN    81
2021 03 28 02 47 MAX   611
2021 03 28 09 29 MIN    26
2021 03 28 15 13 MAX   670
2021 03 28 21 58 MIN    37
2021 03 29 03 28 MAX   659
2021 03 29 10 13 MIN    -1
2021 03 29 15 50 MAX   687
2021 03 29 22 36 MIN     6
2021 03 30 04 08 MAX   692
2021 03 30 10 55 MIN    -8
2021 03 30 16 27 MAX   687
2021 03 30 23 13 MIN   -10
2021 03 31 04 50 MAX   707
2021 03 31 11 36 MIN     6
2021 03 31 17 05 MAX   671
2021 03 31 23 49 MIN    -9
2021 04 01 05 32 MAX   702
2021 04 01 12 17 MIN    39
2021 04 01 17 43 MAX   640
2021 04 02 00 25 MIN    11
2021 04 02 06 16 MAX   679
2021 04 02 12 58 MIN    89
2021 04 02 18 24 MAX   595
2021 04 03 01 03 MIN    48
2021 04 03 07 03 MAX   638
2021 04 03 13 44 MIN   149
2021 04 03 19 09 MAX   540
2021 04 04 01 44 MIN    98
2021 04 04 07 57 MAX   587
2021 04 04 14 42 MIN   209
2021 04 04 20 04 MAX   482
2021 04 05 02 40 MIN   153
2021 04 05 09 10 MAX   536
2021 04 05 16 08 MIN   250
2021 04 05 21 25 MAX   436
2021 04 06 04 08 MIN   195
2021 04 06 10 51 MAX   514
2021 04 06 17 57 MIN   244
2021 04 06 23 17 MAX   433
2021 04 07 05 57 MIN   194
2021 04 07 12 26 MAX   532
2021 04 07 19 16 MIN   203
2021 04 08 00 45 MAX   475
2021 04 08 07 19 MIN   158
2021 04 08 13 28 MAX   566
2021 04 08 20 08 MIN   156
2021 04 09 01 42 MAX   530
2021 04 09 08 16 MIN   117
2021 04 09 14 11 MAX   596
2021 04 09 20 50 MIN   116
2021 04 10 02 24 MAX   579
2021 04 10 08 59 MIN    87
2021 04 10 14 47 MAX   617
2021 04 10 21 24 MIN    87
2021 04 11 03 00 MAX   616
2021 04 11 09 36 MIN    71
2021 04 11 15 17 MAX   627
2021 04 11 21 54 MIN    69
2021 04 12 03 33 MAX   639
2021 04 12 10 09 MIN    67
2021 04 12 15 46 MAX   629
2021 04 12 22 21 MIN    61
2021 04 13 04 04 MAX   651
2021 04 13 10 38 MIN    73
2021 04 13 16 13 MAX   624
2021 04 13 22 46 MIN    59
2021 04 14 04 33 MAX   654
2021 04 14 11 06 MIN    86
2021 04 14 16 39 MAX   612
2021 04 14 23 10 MIN    62
2021 04 15 05 02 MAX   649
2021 04 15 11 34 MIN   103
2021 04 15 17 06 MAX   595
2021 04 15 23 35 MIN    71
2021 04 16 05 32 MAX   638
2021 04 16 12 03 MIN   126
2021 04 16 17 34 MAX   573
2021 04 17 00 01 MIN    87
2021 04 17 06 02 MAX   620
2021 04 17 12 33 MIN   155
2021 04 17 18 03 MAX   545
2021 04 18 00 28 MIN   110
2021 04 18 06 36 MAX   596
2021 04 18 13 08 MIN   191
2021 04 18 18 36 MAX   512
2021 04 19 01 01 MIN   139
2021 04 19 07 16 MAX   565
2021 04 19 13 50 MIN   229
2021 04 19 19 17 MAX   475
2021 04 20 01 42 MIN   174
2021 04 20 08 10 MAX   531
2021 04 20 14 52 MIN   263
2021 04 20 20 18 MAX   439
2021 04 21 02 47 MIN   208
2021 04 21 09 30 MAX   507
2021 04 21 16 28 MIN   272
2021 04 21 21 56 MAX   424
2021 04 22 04 24 MIN   220
2021 04 22 11 06 MAX   514
2021 04 22 18 04 MIN   242
2021 04 22 23 36 MAX   456
2021 04 23 06 03 MIN   193
2021 04 23 12 20 MAX   551
2021 04 23 19 11 MIN   187
2021 04 24 00 44 MAX   517
2021 04 24 07 18 MIN   144
2021 04 24 13 14 MAX   595
2021 04 24 20 00 MIN   127
2021 04 25 01 36 MAX   586
2021 04 25 08 16 MIN    92
2021 04 25 13 59 MAX   634
2021 04 25 20 45 MIN    72
2021 04 26 02 21 MAX   649
2021 04 26 09 06 MIN    51
2021 04 26 14 40 MAX   661
2021 04 26 21 26 MIN    27
2021 04 27 03 05 MAX   697
2021 04 27 09 53 MIN    27
2021 04 27 15 21 MAX   673
2021 04 27 22 06 MIN    -2
2021 04 28 03 48 MAX   728
2021 04 28 10 37 MIN    23
2021 04 28 16 01 MAX   668
2021 04 28 22 45 MIN   -13
2021 04 29 04 32 MAX   737
2021 04 29 11 20 MIN    38
2021 04 29 16 42 MAX   649
2021 04 29 23 24 MIN    -5
2021 04 30 05 17 MAX   727
2021 04 30 12 03 MIN    70
2021 04 30 17 25 MAX   618
2021 05 01 00 04 MIN    21
2021 05 01 06 02 MAX   699
2021 05 01 12 48 MIN   115
2021 05 01 18 09 MAX   578
2021 05 02 00 44 MIN    61
2021 05 02 06 52 MAX   657
2021 05 02 13 37 MIN   165
2021 05 02 18 58 MAX   534
2021 05 03 01 29 MIN   113
2021 05 03 07 46 MAX   607
2021 05 03 14 36 MIN   211
2021 05 03 19 56 MAX   490
2021 05 04 02 27 MIN   166
2021 05 04 08 55 MAX   561
2021 05 04 15 53 MIN   239
2021 05 04 21 15 MAX   460
2021 05 05 03 49 MIN   207
2021 05 05 10 20 MAX   534
2021 05 05 17 21 MIN   236
2021 05 05 22 53 MAX   462
2021 05 06 05 27 MIN   215
2021 05 06 11 44 MAX   535
2021 05 06 18 34 MIN   207
2021 05 07 00 14 MAX   498
2021 05 07 06 46 MIN   194
2021 05 07 12 46 MAX   553
2021 05 07 19 28 MIN   170
2021 05 08 01 12 MAX   545
2021 05 08 07 45 MIN   165
2021 05 08 13 32 MAX   572
2021 05 08 20 10 MIN   136
2021 05 09 01 57 MAX   589
2021 05 09 08 30 MIN   141
2021 05 09 14 10 MAX   588
2021 05 09 20 45 MIN   109
2021 05 10 02 34 MAX   622
2021 05 10 09 08 MIN   125
2021 05 10 14 43 MAX   597
2021 05 10 21 16 MIN    91
2021 05 11 03 07 MAX   645
2021 05 11 09 41 MIN   118
2021 05 11 15 13 MAX   600
2021 05 11 21 44 MIN    80
2021 05 12 03 39 MAX   658
2021 05 12 10 12 MIN   117
2021 05 12 15 42 MAX   598
2021 05 12 22 11 MIN    75
2021 05 13 04 09 MAX   663
2021 05 13 10 43 MIN   122
2021 05 13 16 12 MAX   591
2021 05 13 22 39 MIN    76
2021 05 14 04 39 MAX   662
2021 05 14 11 14 MIN   131
2021 05 14 16 42 MAX   580
2021 05 14 23 07 MIN    82
2021 05 15 05 10 MAX   656
2021 05 15 11 46 MIN   146
2021 05 15 17 12 MAX   566
2021 05 15 23 37 MIN    95
2021 05 16 05 42 MAX   644
2021 05 16 12 20 MIN   167
2021 05 16 17 45 MAX   548
2021 05 17 00 09 MIN   113
2021 05 17 06 18 MAX   627
2021 05 17 12 57 MIN   192
2021 05 17 18 22 MAX   526
2021 05 18 00 45 MIN   137
2021 05 18 07 00 MAX   605
2021 05 18 13 41 MIN   218
2021 05 18 19 06 MAX   503
2021 05 19 01 28 MIN   166
2021 05 19 07 51 MAX   578
2021 05 19 14 36 MIN   239
2021 05 19 20 06 MAX   481
2021 05 20 02 29 MIN   195
2021 05 20 08 57 MAX   556
2021 05 20 15 49 MIN   243
2021 05 20 21 25 MAX   475
2021 05 21 03 50 MIN   212
2021 05 21 10 14 MAX   551
2021 05 21 17 08 MIN   222
2021 05 21 22 51 MAX   501
2021 05 22 05 21 MIN   202
2021 05 22 11 27 MAX   566
2021 05 22 18 18 MIN   178
2021 05 23 00 04 MAX   553
2021 05 23 06 41 MIN   170
2021 05 23 12 28 MAX   593
2021 05 23 19 15 MIN   126
2021 05 24 01 03 MAX   615
2021 05 24 07 46 MIN   130
2021 05 24 13 20 MAX   619
2021 05 24 20 06 MIN    76
2021 05 25 01 54 MAX   672
2021 05 25 08 42 MIN    97
2021 05 25 14 08 MAX   638
2021 05 25 20 53 MIN    37
2021 05 26 02 43 MAX   715
2021 05 26 09 33 MIN    76
2021 05 26 14 54 MAX   644
2021 05 26 21 37 MIN    14
2021 05 27 03 30 MAX   740
2021 05 27 10 21 MIN    71
2021 05 27 15 39 MAX   640
2021 05 27 22 21 MIN     7
2021 05 28 04 18 MAX   746
2021 05 28 11 07 MIN    81
2021 05 28 16 25 MAX   626
2021 05 28 23 05 MIN    16
2021 05 29 05 05 MAX   735
2021 05 29 11 53 MIN   103
2021 05 29 17 12 MAX   606
2021 05 29 23 48 MIN    40
2021 05 30 05 52 MAX   711
2021 05 30 12 40 MIN   132
2021 05 30 17 59 MAX   581
2021 05 31 00 32 MIN    76
2021 05 31 06 41 MAX   677
2021 05 31 13 28 MIN   165
2021 05 31 18 49 MAX   553
2021 06 01 01 19 MIN   119
2021 06 01 07 32 MAX   636
2021 06 01 14 21 MIN   195
2021 06 01 19 45 MAX   526
2021 06 02 02 13 MIN   166
2021 06 02 08 29 MAX   595
2021 06 02 15 20 MIN   217
2021 06 02 20 51 MAX   505
2021 06 03 03 18 MIN   207
2021 06 03 09 33 MAX   561
2021 06 03 16 26 MIN   224
2021 06 03 22 08 MAX   500
2021 06 04 04 35 MIN   234
2021 06 04 10 42 MAX   540
2021 06 04 17 32 MIN   215
2021 06 04 23 25 MAX   516
2021 06 05 05 55 MIN   238
2021 06 05 11 47 MAX   536
2021 06 05 18 31 MIN   194
2021 06 06 00 30 MAX   547
2021 06 06 07 02 MIN   225
2021 06 06 12 42 MAX   542
2021 06 06 19 20 MIN   167
2021 06 07 01 22 MAX   582
2021 06 07 07 54 MIN   205
2021 06 07 13 28 MAX   552
2021 06 07 20 00 MIN   143
2021 06 08 02 04 MAX   612
2021 06 08 08 37 MIN   186
2021 06 08 14 07 MAX   562
2021 06 08 20 35 MIN   122
2021 06 09 02 41 MAX   636
2021 06 09 09 14 MIN   171
2021 06 09 14 43 MAX   570
2021 06 09 21 08 MIN   107
2021 06 10 03 15 MAX   653
2021 06 10 09 49 MIN   160
2021 06 10 15 16 MAX   575
2021 06 10 21 41 MIN    97
2021 06 11 03 48 MAX   664
2021 06 11 10 23 MIN   155
2021 06 11 15 50 MAX   577
2021 06 11 22 14 MIN    93
2021 06 12 04 21 MAX   670
2021 06 12 10 58 MIN   154
2021 06 12 16 23 MAX   575
2021 06 12 22 48 MIN    93
2021 06 13 04 54 MAX   672
2021 06 13 11 34 MIN   159
2021 06 13 16 57 MAX   572
2021 06 13 23 23 MIN    99
2021 06 14 05 29 MAX   668
2021 06 14 12 11 MIN   169
2021 06 14 17 33 MAX   566
2021 06 14 23 59 MIN   110
2021 06 15 06 06 MAX   660
2021 06 15 12 50 MIN   181
2021 06 15 18 11 MAX   558
2021 06 16 00 38 MIN   127
2021 06 16 06 46 MAX   646
2021 06 16 13 32 MIN   193
2021 06 16 18 56 MAX   548
2021 06 17 01 22 MIN   150
2021 06 17 07 32 MAX   627
2021 06 17 14 19 MIN   202
2021 06 17 19 51 MAX   538
2021 06 18 02 15 MIN   176
2021 06 18 08 27 MAX   605
2021 06 18 15 15 MIN   203
2021 06 18 20 56 MAX   535
2021 06 19 03 22 MIN   201
2021 06 19 09 29 MAX   586
2021 06 19 16 18 MIN   192
2021 06 19 22 11 MAX   547
2021 06 20 04 41 MIN   212
2021 06 20 10 37 MAX   577
2021 06 20 17 26 MIN   168
2021 06 20 23 25 MAX   580
2021 06 21 06 05 MIN   204
2021 06 21 11 44 MAX   580
2021 06 21 18 31 MIN   133
2021 06 22 00 33 MAX   625
2021 06 22 07 19 MIN   179
2021 06 22 12 45 MAX   590
2021 06 22 19 30 MIN    96
2021 06 23 01 33 MAX   670
2021 06 23 08 22 MIN   152
2021 06 23 13 42 MAX   602
2021 06 23 20 25 MIN    64
2021 06 24 02 27 MAX   707
2021 06 24 09 18 MIN   129
2021 06 24 14 35 MAX   612
2021 06 24 21 16 MIN    43
2021 06 25 03 19 MAX   731
2021 06 25 10 09 MIN   116
2021 06 25 15 25 MAX   617
2021 06 25 22 06 MIN    34
2021 06 26 04 08 MAX   740
2021 06 26 10 58 MIN   113
2021 06 26 16 14 MAX   617
2021 06 26 22 53 MIN    37
2021 06 27 04 56 MAX   736
2021 06 27 11 45 MIN   119
2021 06 27 17 02 MAX   614
2021 06 27 23 38 MIN    52
2021 06 28 05 42 MAX   721
2021 06 28 12 29 MIN   132
2021 06 28 17 48 MAX   605
2021 06 29 00 23 MIN    78
2021 06 29 06 26 MAX   697
2021 06 29 13 12 MIN   149
2021 06 29 18 35 MAX   592
2021 06 30 01 06 MIN   113
2021 06 30 07 09 MAX   664
2021 06 30 13 53 MIN   169
2021 06 30 19 23 MAX   574
2021 07 01 01 49 MIN   156
2021 07 01 07 53 MAX   626
2021 07 01 14 37 MIN   190
2021 07 01 20 16 MAX   553
2021 07 02 02 37 MIN   202
2021 07 02 08 40 MAX   585
2021 07 02 15 24 MIN   207
2021 07 02 21 16 MAX   534
2021 07 03 03 34 MIN   245
2021 07 03 09 34 MAX   548
2021 07 03 16 18 MIN   217
2021 07 03 22 26 MAX   526
2021 07 04 04 45 MIN   274
2021 07 04 10 37 MAX   520
2021 07 04 17 20 MIN   216
2021 07 04 23 39 MAX   536
2021 07 05 06 05 MIN   280
2021 07 05 11 43 MAX   509
2021 07 05 18 20 MIN   202
2021 07 06 00 43 MAX   560
2021 07 06 07 13 MIN   264
2021 07 06 12 43 MAX   514
2021 07 06 19 11 MIN   181
2021 07 07 01 35 MAX   590
2021 07 07 08 06 MIN   239
2021 07 07 13 34 MAX   527
2021 07 07 19 56 MIN   157
2021 07 08 02 18 MAX   619
2021 07 08 08 49 MIN   213
2021 07 08 14 17 MAX   544
2021 07 08 20 38 MIN   134
2021 07 09 02 55 MAX   644
2021 07 09 09 29 MIN   191
2021 07 09 14 56 MAX   560
2021 07 09 21 17 MIN   115
2021 07 10 03 31 MAX   665
2021 07 10 10 07 MIN   174
2021 07 10 15 32 MAX   575
2021 07 10 21 57 MIN   100
2021 07 11 04 06 MAX   680
2021 07 11 10 45 MIN   162
2021 07 11 16 08 MAX   586
2021 07 11 22 36 MIN    91
2021 07 12 04 40 MAX   690
2021 07 12 11 23 MIN   154
2021 07 12 16 44 MAX   595
2021 07 12 23 15 MIN    87
2021 07 13 05 16 MAX   695
2021 07 13 12 00 MIN   150
2021 07 13 17 21 MAX   602
2021 07 13 23 54 MIN    91
2021 07 14 05 51 MAX   693
2021 07 14 12 38 MIN   150
2021 07 14 18 00 MAX   604
2021 07 15 00 34 MIN   104
2021 07 15 06 29 MAX   683
2021 07 15 13 16 MIN   152
2021 07 15 18 43 MAX   602
2021 07 16 01 15 MIN   127
2021 07 16 07 10 MAX   663
2021 07 16 13 57 MIN   156
2021 07 16 19 32 MAX   595
2021 07 17 02 01 MIN   160
2021 07 17 07 56 MAX   635
2021 07 17 14 42 MIN   162
2021 07 17 20 29 MAX   585
2021 07 18 02 57 MIN   197
2021 07 18 08 50 MAX   601
2021 07 18 15 36 MIN   167
2021 07 18 21 36 MAX   579
2021 07 19 04 08 MIN   229
2021 07 19 09 54 MAX   568
2021 07 19 16 41 MIN   165
2021 07 19 22 53 MAX   587
2021 07 20 05 36 MIN   242
2021 07 20 11 07 MAX   548
2021 07 20 17 54 MIN   152
2021 07 21 00 12 MAX   612
2021 07 21 07 02 MIN   227
2021 07 21 12 22 MAX   548
2021 07 21 19 05 MIN   127
2021 07 22 01 22 MAX   649
2021 07 22 08 13 MIN   196
2021 07 22 13 29 MAX   565
2021 07 22 20 09 MIN    97
2021 07 23 02 21 MAX   687
2021 07 23 09 12 MIN   163
2021 07 23 14 27 MAX   588
2021 07 23 21 07 MIN    70
2021 07 24 03 14 MAX   715
2021 07 24 10 03 MIN   137
2021 07 24 15 19 MAX   611
2021 07 24 21 59 MIN    51
2021 07 25 04 01 MAX   732
2021 07 25 10 49 MIN   120
2021 07 25 16 06 MAX   629
2021 07 25 22 46 MIN    45
2021 07 26 04 44 MAX   736
2021 07 26 11 31 MIN   113
2021 07 26 16 50 MAX   639
2021 07 26 23 28 MIN    51
2021 07 27 05 24 MAX   727
2021 07 27 12 10 MIN   115
2021 07 27 17 32 MAX   641
2021 07 28 00 08 MIN    72
2021 07 28 06 01 MAX   707
2021 07 28 12 45 MIN   125
2021 07 28 18 13 MAX   633
2021 07 29 00 44 MIN   105
2021 07 29 06 37 MAX   678
2021 07 29 13 18 MIN   141
2021 07 29 18 53 MAX   616
2021 07 30 01 19 MIN   147
2021 07 30 07 12 MAX   641
2021 07 30 13 50 MIN   162
2021 07 30 19 36 MAX   591
2021 07 31 01 55 MIN   196
2021 07 31 07 49 MAX   598
2021 07 31 14 24 MIN   185
2021 07 31 20 23 MAX   562
2021 08 01 02 37 MIN   246
2021 08 01 08 29 MAX   552
2021 08 01 15 06 MIN   208
2021 08 01 21 22 MAX   535
2021 08 02 03 34 MIN   290
2021 08 02 09 23 MAX   508
2021 08 02 16 01 MIN   227
2021 08 02 22 37 MAX   521
2021 08 03 04 58 MIN   314
2021 08 03 10 37 MAX   478
2021 08 03 17 13 MIN   232
2021 08 04 00 01 MAX   532
2021 08 04 06 31 MIN   304
2021 08 04 12 01 MAX   475
2021 08 04 18 24 MIN   217
2021 08 05 01 07 MAX   562
2021 08 05 07 39 MIN   273
2021 08 05 13 07 MAX   495
2021 08 05 19 24 MIN   188
2021 08 06 01 57 MAX   599
2021 08 06 08 30 MIN   236
2021 08 06 13 57 MAX   525
2021 08 06 20 15 MIN   155
2021 08 07 02 38 MAX   635
2021 08 07 09 12 MIN   200
2021 08 07 14 39 MAX   557
2021 08 07 21 00 MIN   122
2021 08 08 03 14 MAX   666
2021 08 08 09 52 MIN   170
2021 08 08 15 16 MAX   587
2021 08 08 21 44 MIN    94
2021 08 09 03 49 MAX   691
2021 08 09 10 30 MIN   145
2021 08 09 15 52 MAX   613
2021 08 09 22 26 MIN    73
2021 08 10 04 23 MAX   708
2021 08 10 11 07 MIN   125
2021 08 10 16 28 MAX   634
2021 08 10 23 06 MIN    63
2021 08 11 04 56 MAX   716
2021 08 11 11 43 MIN   111
2021 08 11 17 05 MAX   649
2021 08 11 23 45 MIN    65
2021 08 12 05 31 MAX   714
2021 08 12 12 18 MIN   104
2021 08 12 17 44 MAX   656
2021 08 13 00 24 MIN    81
2021 08 13 06 06 MAX   700
2021 08 13 12 53 MIN   104
2021 08 13 18 25 MAX   654
2021 08 14 01 03 MIN   111
2021 08 14 06 44 MAX   674
2021 08 14 13 29 MIN   113
2021 08 14 19 11 MAX   640
2021 08 15 01 46 MIN   153
2021 08 15 07 26 MAX   635
2021 08 15 14 10 MIN   131
2021 08 15 20 04 MAX   616
2021 08 16 02 37 MIN   204
2021 08 16 08 16 MAX   586
2021 08 16 14 59 MIN   155
2021 08 16 21 09 MAX   589
2021 08 17 03 46 MIN   252
2021 08 17 09 20 MAX   536
2021 08 17 16 07 MIN   177
2021 08 17 22 32 MAX   574
2021 08 18 05 23 MIN   273
2021 08 18 10 45 MAX   504
2021 08 18 17 33 MIN   180
2021 08 18 23 59 MAX   588
2021 08 19 07 00 MIN   252
2021 08 19 12 16 MAX   509
2021 08 19 18 58 MIN   157
2021 08 20 01 22 MAX   627
2021 08 20 08 12 MIN   208
2021 08 20 13 30 MAX   543
2021 08 20 20 07 MIN   118
2021 08 21 02 20 MAX   669
2021 08 21 09 07 MIN   163
2021 08 21 14 26 MAX   586
2021 08 21 21 04 MIN    81
2021 08 22 03 08 MAX   702
2021 08 22 09 52 MIN   127
2021 08 22 15 13 MAX   625
2021 08 22 21 52 MIN    54
2021 08 23 03 48 MAX   721
2021 08 23 10 33 MIN   103
2021 08 23 15 55 MAX   653
2021 08 23 22 34 MIN    44
2021 08 24 04 25 MAX   726
2021 08 24 11 09 MIN    92
2021 08 24 16 33 MAX   669
2021 08 24 23 12 MIN    50
2021 08 25 04 59 MAX   717
2021 08 25 11 41 MIN    92
2021 08 25 17 10 MAX   672
2021 08 25 23 46 MIN    71
2021 08 26 05 31 MAX   698
2021 08 26 12 10 MIN   101
2021 08 26 17 45 MAX   663
2021 08 27 00 17 MIN   104
2021 08 27 06 01 MAX   670
2021 08 27 12 37 MIN   115
2021 08 27 18 20 MAX   645
2021 08 28 00 47 MIN   144
2021 08 28 06 30 MAX   635
2021 08 28 13 03 MIN   135
2021 08 28 18 56 MAX   617
2021 08 29 01 17 MIN   190
2021 08 29 07 01 MAX   593
2021 08 29 13 30 MIN   161
2021 08 29 19 35 MAX   583
2021 08 30 01 52 MIN   238
2021 08 30 07 34 MAX   545
2021 08 30 14 04 MIN   193
2021 08 30 20 23 MAX   546
2021 08 31 02 39 MIN   285
2021 08 31 08 18 MAX   496
2021 08 31 14 52 MIN   226
2021 08 31 21 30 MAX   514
2021 09 01 03 55 MIN   321
2021 09 01 09 28 MAX   452
2021 09 01 16 06 MIN   250
2021 09 01 23 09 MAX   508
2021 09 02 05 49 MIN   321
2021 09 02 11 19 MAX   440
2021 09 02 17 39 MIN   245
2021 09 03 00 37 MAX   537
2021 09 03 07 16 MIN   284
2021 09 03 12 44 MAX   469
2021 09 03 18 56 MIN   211
2021 09 04 01 33 MAX   581
2021 09 04 08 09 MIN   236
2021 09 04 13 38 MAX   514
2021 09 04 19 55 MIN   165
2021 09 05 02 14 MAX   625
2021 09 05 08 51 MIN   188
2021 09 05 14 19 MAX   563
2021 09 05 20 44 MIN   119
2021 09 06 02 50 MAX   664
2021 09 06 09 29 MIN   146
2021 09 06 14 56 MAX   608
2021 09 06 21 29 MIN    80
2021 09 07 03 23 MAX   694
2021 09 07 10 06 MIN   109
2021 09 07 15 32 MAX   648
2021 09 07 22 10 MIN    52
2021 09 08 03 57 MAX   713
2021 09 08 10 41 MIN    81
2021 09 08 16 08 MAX   678
2021 09 08 22 51 MIN    40
2021 09 09 04 31 MAX   719
2021 09 09 11 17 MIN    62
2021 09 09 16 46 MAX   697
2021 09 09 23 30 MIN    45
2021 09 10 05 05 MAX   712
2021 09 10 11 51 MIN    55
2021 09 10 17 25 MAX   702
2021 09 11 00 09 MIN    67
2021 09 11 05 40 MAX   690
2021 09 11 12 26 MIN    61
2021 09 11 18 06 MAX   693
2021 09 12 00 49 MIN   106
2021 09 12 06 18 MAX   655
2021 09 12 13 01 MIN    81
2021 09 12 18 52 MAX   667
2021 09 13 01 31 MIN   158
2021 09 13 07 00 MAX   606
2021 09 13 13 40 MIN   114
2021 09 13 19 43 MAX   627
2021 09 14 02 23 MIN   216
2021 09 14 07 49 MAX   548
2021 09 14 14 30 MIN   157
2021 09 14 20 49 MAX   583
2021 09 15 03 37 MIN   267
2021 09 15 08 58 MAX   492
2021 09 15 15 43 MIN   197
2021 09 15 22 22 MAX   555
2021 09 16 05 26 MIN   280
2021 09 16 10 41 MAX   465
2021 09 16 17 26 MIN   205
2021 09 17 00 06 MAX   569
2021 09 17 07 01 MIN   243
2021 09 17 12 23 MAX   492
2021 09 17 18 58 MIN   172
2021 09 18 01 20 MAX   611
2021 09 18 08 04 MIN   189
2021 09 18 13 31 MAX   546
2021 09 18 20 05 MIN   125
2021 09 19 02 10 MAX   652
2021 09 19 08 51 MIN   140
2021 09 19 14 20 MAX   600
2021 09 19 20 56 MIN    83
2021 09 20 02 51 MAX   682
2021 09 20 09 32 MIN   103
2021 09 20 15 01 MAX   644
2021 09 20 21 38 MIN    58
2021 09 21 03 26 MAX   697
2021 09 21 10 06 MIN    80
2021 09 21 15 38 MAX   673
2021 09 21 22 16 MIN    51
2021 09 22 03 58 MAX   698
2021 09 22 10 38 MIN    71
2021 09 22 16 12 MAX   687
2021 09 22 22 50 MIN    60
2021 09 23 04 28 MAX   687
2021 09 23 11 07 MIN    72
2021 09 23 16 44 MAX   688
2021 09 23 23 20 MIN    82
2021 09 24 04 56 MAX   668
2021 09 24 11 32 MIN    80
2021 09 24 17 16 MAX   678
2021 09 24 23 49 MIN   111
2021 09 25 05 24 MAX   643
2021 09 25 11 56 MIN    94
2021 09 25 17 48 MAX   659
2021 09 26 00 16 MIN   145
2021 09 26 05 51 MAX   611
2021 09 26 12 19 MIN   114
2021 09 26 18 20 MAX   632
2021 09 27 00 45 MIN   183
2021 09 27 06 20 MAX   573
2021 09 27 12 45 MIN   141
2021 09 27 18 54 MAX   599
2021 09 28 01 18 MIN   225
2021 09 28 06 51 MAX   530
2021 09 28 13 16 MIN   175
2021 09 28 19 35 MAX   560
2021 09 29 02 01 MIN   269
2021 09 29 07 30 MAX   483
2021 09 29 13 58 MIN   214
2021 09 29 20 32 MAX   521
2021 09 30 03 07 MIN   307
2021 09 30 08 33 MAX   438
2021 09 30 15 06 MIN   249
2021 09 30 22 05 MAX   499
2021 10 01 05 01 MIN   314
2021 10 01 10 30 MAX   420
2021 10 01 16 50 MIN   257
2021 10 01 23 51 MAX   518
2021 10 02 06 40 MIN   276
2021 10 02 12 12 MAX   454
2021 10 02 18 25 MIN   223
2021 10 03 00 55 MAX   562
2021 10 03 07 36 MIN   222
2021 10 03 13 09 MAX   511
2021 10 03 19 30 MIN   170
2021 10 04 01 39 MAX   609
2021 10 04 08 19 MIN   166
2021 10 04 13 52 MAX   572
2021 10 04 20 22 MIN   116
2021 10 05 02 16 MAX   651
2021 10 05 08 57 MIN   114
2021 10 05 14 30 MAX   631
2021 10 05 21 07 MIN    72
2021 10 06 02 51 MAX   681
2021 10 06 09 34 MIN    70
2021 10 06 15 08 MAX   679
2021 10 06 21 50 MIN    43
2021 10 07 03 26 MAX   698
2021 10 07 10 10 MIN    38
2021 10 07 15 46 MAX   714
2021 10 07 22 31 MIN    32
2021 10 08 04 01 MAX   700
2021 10 08 10 47 MIN    19
2021 10 08 16 25 MAX   732
2021 10 08 23 12 MIN    40
2021 10 09 04 38 MAX   686
2021 10 09 11 22 MIN    16
2021 10 09 17 05 MAX   731
2021 10 09 23 53 MIN    67
2021 10 10 05 15 MAX   658
2021 10 10 11 59 MIN    31
2021 10 10 17 49 MAX   712
2021 10 11 00 35 MIN   110
2021 10 11 05 55 MAX   617
2021 10 11 12 36 MIN    63
2021 10 11 18 35 MAX   675
2021 10 12 01 20 MIN   164
2021 10 12 06 40 MAX   566
2021 10 12 13 17 MIN   108
2021 10 12 19 28 MAX   625
2021 10 13 02 16 MIN   219
2021 10 13 07 34 MAX   510
2021 10 13 14 11 MIN   162
2021 10 13 20 36 MAX   574
2021 10 14 03 35 MIN   260
2021 10 14 08 51 MAX   462
2021 10 14 15 32 MIN   206
2021 10 14 22 13 MAX   545
2021 10 15 05 20 MIN   258
2021 10 15 10 42 MAX   453
2021 10 15 17 21 MIN   212
2021 10 15 23 52 MAX   557
2021 10 16 06 43 MIN   217
2021 10 16 12 17 MAX   495
2021 10 16 18 48 MIN   177
2021 10 17 00 59 MAX   590
2021 10 17 07 40 MIN   166
2021 10 17 13 18 MAX   553
2021 10 17 19 49 MIN   134
2021 10 18 01 46 MAX   621
2021 10 18 08 24 MIN   121
2021 10 18 14 03 MAX   607
2021 10 18 20 37 MIN    99
2021 10 19 02 24 MAX   643
2021 10 19 09 01 MIN    88
2021 10 19 14 41 MAX   648
2021 10 19 21 17 MIN    79
2021 10 20 02 57 MAX   652
2021 10 20 09 34 MIN    68
2021 10 20 15 15 MAX   674
2021 10 20 21 52 MIN    75
2021 10 21 03 27 MAX   651
2021 10 21 10 03 MIN    60
2021 10 21 15 48 MAX   685
2021 10 21 22 24 MIN    84
2021 10 22 03 55 MAX   641
2021 10 22 10 29 MIN    61
2021 10 22 16 18 MAX   685
2021 10 22 22 53 MIN   100
2021 10 23 04 23 MAX   625
2021 10 23 10 54 MIN    68
2021 10 23 16 48 MAX   675
2021 10 23 23 21 MIN   121
2021 10 24 04 51 MAX   605
2021 10 24 11 17 MIN    80
2021 10 24 17 18 MAX   659
2021 10 24 23 49 MIN   146
2021 10 25 05 19 MAX   580
2021 10 25 11 43 MIN    98
2021 10 25 17 49 MAX   637
2021 10 26 00 20 MIN   175
2021 10 26 05 49 MAX   550
2021 10 26 12 11 MIN   123
2021 10 26 18 23 MAX   609
2021 10 27 00 54 MIN   208
2021 10 27 06 21 MAX   515
2021 10 27 12 43 MIN   155
2021 10 27 19 01 MAX   575
2021 10 28 01 36 MIN   244
2021 10 28 07 02 MAX   477
2021 10 28 13 23 MIN   191
2021 10 28 19 52 MAX   539
2021 10 29 02 35 MIN   275
2021 10 29 08 00 MAX   441
2021 10 29 14 24 MIN   227
2021 10 29 21 08 MAX   511
2021 10 30 04 07 MIN   286
2021 10 30 09 36 MAX   424
2021 10 30 15 59 MIN   244
2021 10 30 22 45 MAX   512
2021 10 31 05 43 MIN   257
2021 10 31 11 19 MAX   451
2021 10 31 17 40 MIN   222
2021 10 31 23 59 MAX   543
2021 11 01 06 47 MIN   205
2021 11 01 12 27 MAX   510
2021 11 01 18 54 MIN   175
2021 11 02 00 52 MAX   584
2021 11 02 07 35 MIN   146
2021 11 02 13 17 MAX   578
2021 11 02 19 52 MIN   123
2021 11 03 01 35 MAX   621
2021 11 03 08 18 MIN    89
2021 11 03 14 00 MAX   642
2021 11 03 20 41 MIN    80
2021 11 04 02 15 MAX   649
2021 11 04 08 58 MIN    42
2021 11 04 14 41 MAX   694
2021 11 04 21 27 MIN    52
2021 11 05 02 54 MAX   663
2021 11 05 09 37 MIN    10
2021 11 05 15 23 MAX   728
2021 11 05 22 11 MIN    43
2021 11 06 03 33 MAX   662
2021 11 06 10 17 MIN    -6
2021 11 06 16 05 MAX   742
2021 11 06 22 55 MIN    52
2021 11 07 04 14 MAX   646
2021 11 07 10 56 MIN    -3
2021 11 07 16 49 MAX   736
2021 11 07 23 38 MIN    77
2021 11 08 04 56 MAX   619
2021 11 08 11 36 MIN    17
2021 11 08 17 35 MAX   711
2021 11 09 00 24 MIN   114
2021 11 09 05 41 MAX   583
2021 11 09 12 18 MIN    53
2021 11 09 18 24 MAX   672
2021 11 10 01 13 MIN   158
2021 11 10 06 29 MAX   540
2021 11 10 13 04 MIN   100
2021 11 10 19 18 MAX   624
2021 11 11 02 10 MIN   200
2021 11 11 07 28 MAX   498
2021 11 11 14 01 MIN   152
2021 11 11 20 24 MAX   576
2021 11 12 03 23 MIN   227
2021 11 12 08 43 MAX   465
2021 11 12 15 19 MIN   194
2021 11 12 21 46 MAX   544
2021 11 13 04 48 MIN   226
2021 11 13 10 19 MAX   463
2021 11 13 16 54 MIN   208
2021 11 13 23 12 MAX   540
2021 11 14 06 03 MIN   198
2021 11 14 11 47 MAX   496
2021 11 14 18 17 MIN   190
2021 11 15 00 19 MAX   553
2021 11 15 07 01 MIN   159
2021 11 15 12 49 MAX   545
2021 11 15 19 20 MIN   161
2021 11 16 01 09 MAX   571
2021 11 16 07 47 MIN   122
2021 11 16 13 37 MAX   591
2021 11 16 20 10 MIN   135
2021 11 17 01 49 MAX   585
2021 11 17 08 24 MIN    93
2021 11 17 14 16 MAX   626
2021 11 17 20 51 MIN   119
2021 11 18 02 24 MAX   593
2021 11 18 08 57 MIN    74
2021 11 18 14 51 MAX   649
2021 11 18 21 26 MIN   112
2021 11 19 02 56 MAX   594
2021 11 19 09 27 MIN    65
2021 11 19 15 24 MAX   661
2021 11 19 21 58 MIN   114
2021 11 20 03 26 MAX   590
2021 11 20 09 54 MIN    62
2021 11 20 15 55 MAX   663
2021 11 20 22 29 MIN   120
2021 11 21 03 56 MAX   582
2021 11 21 10 21 MIN    65
2021 11 21 16 25 MAX   659
2021 11 21 22 59 MIN   130
2021 11 22 04 26 MAX   571
2021 11 22 10 48 MIN    72
2021 11 22 16 55 MAX   649
2021 11 22 23 30 MIN   144
2021 11 23 04 57 MAX   555
2021 11 23 11 18 MIN    85
2021 11 23 17 27 MAX   635
2021 11 24 00 02 MIN   163
2021 11 24 05 28 MAX   536
2021 11 24 11 49 MIN   104
2021 11 24 18 02 MAX   617
2021 11 25 00 38 MIN   185
2021 11 25 06 03 MAX   514
2021 11 25 12 24 MIN   128
2021 11 25 18 40 MAX   593
2021 11 26 01 19 MIN   209
2021 11 26 06 44 MAX   490
2021 11 26 13 04 MIN   157
2021 11 26 19 26 MAX   565
2021 11 27 02 10 MIN   230
2021 11 27 07 37 MAX   467
2021 11 27 13 58 MIN   187
2021 11 27 20 25 MAX   539
2021 11 28 03 18 MIN   238
2021 11 28 08 51 MAX   454
2021 11 28 15 14 MIN   210
2021 11 28 21 39 MAX   525
2021 11 29 04 35 MIN   222
2021 11 29 10 18 MAX   468
2021 11 29 16 45 MIN   210
2021 11 29 22 54 MAX   531
2021 11 30 05 46 MIN   184
2021 11 30 11 35 MAX   514
2021 11 30 18 10 MIN   183
2021 11 30 23 58 MAX   553
2021 12 01 06 45 MIN   132
2021 12 01 12 37 MAX   574
2021 12 01 19 18 MIN   144
2021 12 02 00 52 MAX   579
2021 12 02 07 35 MIN    80
2021 12 02 13 29 MAX   634
2021 12 02 20 14 MIN   107
2021 12 03 01 40 MAX   601
2021 12 03 08 23 MIN    36
2021 12 03 14 17 MAX   683
2021 12 03 21 05 MIN    80
2021 12 04 02 26 MAX   613
2021 12 04 09 08 MIN     5
2021 12 04 15 04 MAX   714
2021 12 04 21 54 MIN    68
2021 12 05 03 12 MAX   615
2021 12 05 09 53 MIN    -9
2021 12 05 15 51 MAX   727
2021 12 05 22 41 MIN    70
2021 12 06 03 57 MAX   608
2021 12 06 10 37 MIN    -7
2021 12 06 16 38 MAX   721
2021 12 06 23 28 MIN    84
2021 12 07 04 44 MAX   592
2021 12 07 11 23 MIN    10
2021 12 07 17 26 MAX   701
2021 12 08 00 16 MIN   107
2021 12 08 05 32 MAX   571
2021 12 08 12 09 MIN    40
2021 12 08 18 15 MAX   670
2021 12 09 01 05 MIN   134
2021 12 09 06 22 MAX   545
2021 12 09 12 57 MIN    79
2021 12 09 19 06 MAX   631
2021 12 10 01 57 MIN   161
2021 12 10 07 17 MAX   518
2021 12 10 13 50 MIN   124
2021 12 10 20 01 MAX   589
2021 12 11 02 53 MIN   182
2021 12 11 08 20 MAX   495
2021 12 11 14 52 MIN   169
2021 12 11 21 02 MAX   550
2021 12 12 03 56 MIN   193
2021 12 12 09 35 MAX   483
2021 12 12 16 05 MIN   202
2021 12 12 22 11 MAX   522
2021 12 13 05 02 MIN   189
2021 12 13 10 55 MAX   491
2021 12 13 17 26 MIN   214
2021 12 13 23 19 MAX   509
2021 12 14 06 06 MIN   170
2021 12 14 12 07 MAX   518
2021 12 14 18 39 MIN   206
2021 12 15 00 20 MAX   510
2021 12 15 06 59 MIN   145
2021 12 15 13 04 MAX   551
2021 12 15 19 37 MIN   187
2021 12 16 01 10 MAX   518
2021 12 16 07 43 MIN   119
2021 12 16 13 50 MAX   583
2021 12 16 20 23 MIN   168
2021 12 17 01 51 MAX   528
2021 12 17 08 20 MIN    98
2021 12 17 14 28 MAX   607
2021 12 17 21 01 MIN   153
2021 12 18 02 29 MAX   538
2021 12 18 08 54 MIN    83
2021 12 18 15 03 MAX   623
2021 12 18 21 36 MIN   142
2021 12 19 03 03 MAX   545
2021 12 19 09 25 MIN    72
2021 12 19 15 36 MAX   633
2021 12 19 22 09 MIN   136
2021 12 20 03 36 MAX   549
2021 12 20 09 57 MIN    67
2021 12 20 16 08 MAX   638
2021 12 20 22 42 MIN   134
2021 12 21 04 08 MAX   550
2021 12 21 10 30 MIN    66
2021 12 21 16 40 MAX   639
2021 12 21 23 16 MIN   136
2021 12 22 04 41 MAX   548
2021 12 22 11 04 MIN    69
2021 12 22 17 12 MAX   636
2021 12 22 23 51 MIN   143
2021 12 23 05 14 MAX   542
2021 12 23 11 39 MIN    79
2021 12 23 17 46 MAX   628
2021 12 24 00 27 MIN   153
2021 12 24 05 50 MAX   534
2021 12 24 12 15 MIN    94
2021 12 24 18 22 MAX   615
2021 12 25 01 06 MIN   163
2021 12 25 06 29 MAX   523
2021 12 25 12 55 MIN   115
2021 12 25 19 03 MAX   596
2021 12 26 01 48 MIN   173
2021 12 26 07 17 MAX   511
2021 12 26 13 42 MIN   142
2021 12 26 19 50 MAX   571
2021 12 27 02 37 MIN   178
2021 12 27 08 15 MAX   501
2021 12 27 14 40 MIN   171
2021 12 27 20 47 MAX   546
2021 12 28 03 35 MIN   175
2021 12 28 09 26 MAX   501
2021 12 28 15 54 MIN   194
2021 12 28 21 54 MAX   526
2021 12 29 04 42 MIN   159
2021 12 29 10 44 MAX   520
2021 12 29 17 22 MIN   197
2021 12 29 23 04 MAX   520
2021 12 30 05 52 MIN   129
2021 12 30 11 58 MAX   558
2021 12 30 18 44 MIN   177
2021 12 31 00 12 MAX   527
2021 12 31 06 56 MIN    90
2021 12 31 13 03 MAX   605
2021 12 31 19 52 MIN   146
