 <API - 조위예측극치자료>

대상조위관측소 : 대청도
위도(WGS84) : N 124.7181
경도(WGS84) : E 37.8252
관측기관 : 20201221 ~ 20220101

2020 12 21 05 09 MIN   104
2020 12 21 10 31 MAX   235
2020 12 21 16 27 MIN    92
2020 12 21 23 10 MAX   298
2020 12 22 05 58 MIN   109
2020 12 22 11 34 MAX   227
2020 12 22 17 24 MIN   119
2020 12 23 00 02 MAX   274
2020 12 23 06 54 MIN   109
2020 12 23 12 52 MAX   227
2020 12 23 18 44 MIN   139
2020 12 24 01 03 MAX   256
2020 12 24 07 54 MIN   104
2020 12 24 14 16 MAX   240
2020 12 24 20 20 MIN   146
2020 12 25 02 09 MAX   245
2020 12 25 08 48 MIN    93
2020 12 25 15 24 MAX   263
2020 12 25 21 40 MIN   140
2020 12 26 03 09 MAX   243
2020 12 26 09 35 MIN    80
2020 12 26 16 15 MAX   289
2020 12 26 22 38 MIN   128
2020 12 27 03 59 MAX   245
2020 12 27 10 16 MIN    65
2020 12 27 16 57 MAX   312
2020 12 27 23 23 MIN   116
2020 12 28 04 41 MAX   250
2020 12 28 10 53 MIN    51
2020 12 28 17 34 MAX   332
2020 12 29 00 03 MIN   106
2020 12 29 05 19 MAX   255
2020 12 29 11 29 MIN    38
2020 12 29 18 08 MAX   347
2020 12 30 00 40 MIN    98
2020 12 30 05 54 MAX   259
2020 12 30 12 05 MIN    28
2020 12 30 18 42 MAX   358
2020 12 31 01 16 MIN    91
2020 12 31 06 29 MAX   262
2020 12 31 12 41 MIN    21
2020 12 31 19 17 MAX   365
2021 01 01 01 53 MIN    86
2021 01 01 07 05 MAX   263
2021 01 01 13 18 MIN    17
2021 01 01 19 53 MAX   368
2021 01 02 02 32 MIN    83
2021 01 02 07 43 MAX   263
2021 01 02 13 57 MIN    18
2021 01 02 20 30 MAX   366
2021 01 03 03 11 MIN    82
2021 01 03 08 23 MAX   261
2021 01 03 14 37 MIN    24
2021 01 03 21 10 MAX   359
2021 01 04 03 52 MIN    82
2021 01 04 09 09 MAX   259
2021 01 04 15 21 MIN    36
2021 01 04 21 52 MAX   345
2021 01 05 04 35 MIN    83
2021 01 05 10 01 MAX   257
2021 01 05 16 11 MIN    55
2021 01 05 22 39 MAX   326
2021 01 06 05 22 MIN    84
2021 01 06 11 02 MAX   257
2021 01 06 17 11 MIN    79
2021 01 06 23 31 MAX   303
2021 01 07 06 16 MIN    82
2021 01 07 12 14 MAX   263
2021 01 07 18 27 MIN   103
2021 01 08 00 31 MAX   280
2021 01 08 07 15 MIN    76
2021 01 08 13 35 MAX   279
2021 01 08 19 58 MIN   117
2021 01 09 01 38 MAX   261
2021 01 09 08 17 MIN    64
2021 01 09 14 53 MAX   304
2021 01 09 21 28 MIN   116
2021 01 10 02 47 MAX   252
2021 01 10 09 19 MIN    48
2021 01 10 16 01 MAX   332
2021 01 10 22 43 MIN   106
2021 01 11 03 51 MAX   251
2021 01 11 10 16 MIN    31
2021 01 11 17 00 MAX   358
2021 01 11 23 42 MIN    93
2021 01 12 04 48 MAX   255
2021 01 12 11 10 MIN    16
2021 01 12 17 51 MAX   375
2021 01 13 00 33 MIN    82
2021 01 13 05 39 MAX   262
2021 01 13 12 00 MIN     6
2021 01 13 18 37 MAX   383
2021 01 14 01 19 MIN    73
2021 01 14 06 27 MAX   269
2021 01 14 12 47 MIN     2
2021 01 14 19 20 MAX   382
2021 01 15 01 59 MIN    68
2021 01 15 07 10 MAX   273
2021 01 15 13 29 MIN     4
2021 01 15 20 00 MAX   374
2021 01 16 02 37 MIN    66
2021 01 16 07 53 MAX   274
2021 01 16 14 09 MIN    14
2021 01 16 20 36 MAX   360
2021 01 17 03 12 MIN    67
2021 01 17 08 33 MAX   272
2021 01 17 14 45 MIN    29
2021 01 17 21 11 MAX   342
2021 01 18 03 45 MIN    71
2021 01 18 09 14 MAX   266
2021 01 18 15 20 MIN    50
2021 01 18 21 44 MAX   320
2021 01 19 04 16 MIN    76
2021 01 19 09 55 MAX   258
2021 01 19 15 57 MIN    75
2021 01 19 22 17 MAX   296
2021 01 20 04 50 MIN    83
2021 01 20 10 43 MAX   250
2021 01 20 16 38 MIN   104
2021 01 20 22 53 MAX   271
2021 01 21 05 29 MIN    90
2021 01 21 11 41 MAX   242
2021 01 21 17 33 MIN   132
2021 01 21 23 36 MAX   247
2021 01 22 06 18 MIN    96
2021 01 22 12 57 MAX   241
2021 01 22 18 56 MIN   154
2021 01 23 00 36 MAX   226
2021 01 23 07 21 MIN    97
2021 01 23 14 26 MAX   251
2021 01 23 20 47 MIN   160
2021 01 24 01 56 MAX   214
2021 01 24 08 29 MIN    91
2021 01 24 15 40 MAX   272
2021 01 24 22 14 MIN   149
2021 01 25 03 13 MAX   215
2021 01 25 09 30 MIN    78
2021 01 25 16 33 MAX   295
2021 01 25 23 09 MIN   132
2021 01 26 04 11 MAX   224
2021 01 26 10 22 MIN    61
2021 01 26 17 15 MAX   317
2021 01 26 23 50 MIN   114
2021 01 27 04 57 MAX   237
2021 01 27 11 07 MIN    43
2021 01 27 17 52 MAX   337
2021 01 28 00 27 MIN    98
2021 01 28 05 38 MAX   250
2021 01 28 11 50 MIN    26
2021 01 28 18 28 MAX   353
2021 01 29 01 03 MIN    82
2021 01 29 06 17 MAX   262
2021 01 29 12 31 MIN    12
2021 01 29 19 02 MAX   365
2021 01 30 01 39 MIN    69
2021 01 30 06 55 MAX   273
2021 01 30 13 12 MIN     2
2021 01 30 19 38 MAX   372
2021 01 31 02 14 MIN    59
2021 01 31 07 34 MAX   282
2021 01 31 13 52 MIN    -1
2021 01 31 20 14 MAX   372
2021 02 01 02 50 MIN    52
2021 02 01 08 15 MAX   290
2021 02 01 14 34 MIN     5
2021 02 01 20 51 MAX   365
2021 02 02 03 26 MIN    49
2021 02 02 08 59 MAX   295
2021 02 02 15 17 MIN    20
2021 02 02 21 29 MAX   348
2021 02 03 04 03 MIN    50
2021 02 03 09 47 MAX   296
2021 02 03 16 03 MIN    46
2021 02 03 22 09 MAX   323
2021 02 04 04 42 MIN    54
2021 02 04 10 41 MAX   294
2021 02 04 16 57 MIN    79
2021 02 04 22 53 MAX   292
2021 02 05 05 27 MIN    61
2021 02 05 11 46 MAX   290
2021 02 05 18 06 MIN   113
2021 02 05 23 44 MAX   260
2021 02 06 06 22 MIN    68
2021 02 06 13 07 MAX   290
2021 02 06 19 40 MIN   137
2021 02 07 00 53 MAX   233
2021 02 07 07 33 MIN    71
2021 02 07 14 37 MAX   301
2021 02 07 21 28 MIN   138
2021 02 08 02 20 MAX   220
2021 02 08 08 53 MIN    65
2021 02 08 15 57 MAX   321
2021 02 08 22 49 MIN   121
2021 02 09 03 42 MAX   224
2021 02 09 10 07 MIN    50
2021 02 09 16 59 MAX   342
2021 02 09 23 44 MIN   101
2021 02 10 04 47 MAX   240
2021 02 10 11 08 MIN    33
2021 02 10 17 47 MAX   356
2021 02 11 00 28 MIN    83
2021 02 11 05 38 MAX   258
2021 02 11 11 59 MIN    19
2021 02 11 18 29 MAX   364
2021 02 12 01 06 MIN    68
2021 02 12 06 22 MAX   274
2021 02 12 12 43 MIN    11
2021 02 12 19 06 MAX   364
2021 02 13 01 40 MIN    59
2021 02 13 07 01 MAX   286
2021 02 13 13 22 MIN    11
2021 02 13 19 39 MAX   358
2021 02 14 02 10 MIN    53
2021 02 14 07 38 MAX   294
2021 02 14 13 56 MIN    17
2021 02 14 20 09 MAX   348
2021 02 15 02 38 MIN    51
2021 02 15 08 13 MAX   297
2021 02 15 14 28 MIN    30
2021 02 15 20 38 MAX   334
2021 02 16 03 03 MIN    53
2021 02 16 08 47 MAX   296
2021 02 16 14 59 MIN    48
2021 02 16 21 05 MAX   316
2021 02 17 03 28 MIN    57
2021 02 17 09 23 MAX   292
2021 02 17 15 31 MIN    72
2021 02 17 21 32 MAX   296
2021 02 18 03 55 MIN    64
2021 02 18 10 02 MAX   283
2021 02 18 16 06 MIN   100
2021 02 18 21 59 MAX   273
2021 02 19 04 24 MIN    74
2021 02 19 10 46 MAX   272
2021 02 19 16 48 MIN   131
2021 02 19 22 29 MAX   248
2021 02 20 05 02 MIN    87
2021 02 20 11 46 MAX   260
2021 02 20 17 51 MIN   159
2021 02 20 23 07 MAX   224
2021 02 21 05 56 MIN    99
2021 02 21 13 13 MAX   255
2021 02 21 19 44 MIN   175
2021 02 22 00 23 MAX   203
2021 02 22 07 16 MIN   105
2021 02 22 14 54 MAX   265
2021 02 22 21 54 MIN   165
2021 02 23 02 22 MAX   199
2021 02 23 08 43 MIN    98
2021 02 23 16 05 MAX   287
2021 02 23 22 54 MIN   142
2021 02 24 03 45 MAX   212
2021 02 24 09 54 MIN    79
2021 02 24 16 52 MAX   311
2021 02 24 23 33 MIN   118
2021 02 25 04 39 MAX   233
2021 02 25 10 49 MIN    54
2021 02 25 17 31 MAX   334
2021 02 26 00 08 MIN    94
2021 02 26 05 22 MAX   257
2021 02 26 11 36 MIN    31
2021 02 26 18 06 MAX   354
2021 02 27 00 41 MIN    72
2021 02 27 06 02 MAX   280
2021 02 27 12 20 MIN    11
2021 02 27 18 41 MAX   369
2021 02 28 01 15 MIN    53
2021 02 28 06 41 MAX   301
2021 02 28 13 03 MIN    -2
2021 02 28 19 16 MAX   377
2021 03 01 01 48 MIN    39
2021 03 01 07 21 MAX   320
2021 03 01 13 44 MIN    -5
2021 03 01 19 51 MAX   375
2021 03 02 02 22 MIN    29
2021 03 02 08 02 MAX   334
2021 03 02 14 26 MIN     4
2021 03 02 20 26 MAX   363
2021 03 03 02 56 MIN    26
2021 03 03 08 45 MAX   342
2021 03 03 15 09 MIN    25
2021 03 03 21 03 MAX   342
2021 03 04 03 30 MIN    29
2021 03 04 09 31 MAX   342
2021 03 04 15 55 MIN    57
2021 03 04 21 39 MAX   313
2021 03 05 04 06 MIN    39
2021 03 05 10 23 MAX   332
2021 03 05 16 47 MIN    96
2021 03 05 22 20 MAX   280
2021 03 06 04 47 MIN    54
2021 03 06 11 26 MAX   317
2021 03 06 17 55 MIN   133
2021 03 06 23 09 MAX   245
2021 03 07 05 40 MIN    73
2021 03 07 12 48 MAX   303
2021 03 07 19 39 MIN   156
2021 03 08 00 23 MAX   216
2021 03 08 07 00 MIN    89
2021 03 08 14 29 MAX   303
2021 03 08 21 37 MIN   148
2021 03 09 02 14 MAX   207
2021 03 09 08 42 MIN    90
2021 03 09 15 53 MAX   317
2021 03 09 22 49 MIN   125
2021 03 10 03 48 MAX   222
2021 03 10 10 07 MIN    75
2021 03 10 16 51 MAX   332
2021 03 10 23 34 MIN   101
2021 03 11 04 49 MAX   248
2021 03 11 11 08 MIN    55
2021 03 11 17 35 MAX   343
2021 03 12 00 10 MIN    81
2021 03 12 05 34 MAX   273
2021 03 12 11 55 MIN    40
2021 03 12 18 11 MAX   349
2021 03 13 00 42 MIN    65
2021 03 13 06 12 MAX   294
2021 03 13 12 33 MIN    31
2021 03 13 18 42 MAX   349
2021 03 14 01 11 MIN    55
2021 03 14 06 46 MAX   310
2021 03 14 13 08 MIN    30
2021 03 14 19 11 MAX   345
2021 03 15 01 36 MIN    49
2021 03 15 07 19 MAX   322
2021 03 15 13 39 MIN    35
2021 03 15 19 38 MAX   337
2021 03 16 02 00 MIN    46
2021 03 16 07 50 MAX   329
2021 03 16 14 09 MIN    46
2021 03 16 20 04 MAX   326
2021 03 17 02 22 MIN    47
2021 03 17 08 22 MAX   331
2021 03 17 14 39 MIN    63
2021 03 17 20 29 MAX   311
2021 03 18 02 45 MIN    50
2021 03 18 08 54 MAX   328
2021 03 18 15 10 MIN    85
2021 03 18 20 53 MAX   293
2021 03 19 03 09 MIN    58
2021 03 19 09 29 MAX   320
2021 03 19 15 43 MIN   111
2021 03 19 21 17 MAX   274
2021 03 20 03 37 MIN    69
2021 03 20 10 08 MAX   307
2021 03 20 16 22 MIN   139
2021 03 20 21 43 MAX   253
2021 03 21 04 09 MIN    84
2021 03 21 10 57 MAX   290
2021 03 21 17 15 MIN   166
2021 03 21 22 14 MAX   230
2021 03 22 04 53 MIN   102
2021 03 22 12 10 MAX   275
2021 03 22 18 53 MIN   183
2021 03 22 23 13 MAX   208
2021 03 23 06 07 MIN   117
2021 03 23 13 55 MAX   273
2021 03 23 21 18 MIN   174
2021 03 24 01 36 MAX   199
2021 03 24 07 55 MIN   118
2021 03 24 15 22 MAX   290
2021 03 24 22 23 MIN   148
2021 03 25 03 18 MAX   217
2021 03 25 09 24 MIN    99
2021 03 25 16 17 MAX   314
2021 03 25 23 02 MIN   119
2021 03 26 04 17 MAX   246
2021 03 26 10 27 MIN    72
2021 03 26 16 58 MAX   337
2021 03 26 23 35 MIN    91
2021 03 27 05 02 MAX   279
2021 03 27 11 19 MIN    45
2021 03 27 17 35 MAX   357
2021 03 28 00 09 MIN    66
2021 03 28 05 42 MAX   312
2021 03 28 12 04 MIN    24
2021 03 28 18 11 MAX   370
2021 03 29 00 42 MIN    44
2021 03 29 06 23 MAX   342
2021 03 29 12 48 MIN    13
2021 03 29 18 47 MAX   374
2021 03 30 01 16 MIN    28
2021 03 30 07 04 MAX   367
2021 03 30 13 32 MIN    13
2021 03 30 19 23 MAX   368
2021 03 31 01 50 MIN    18
2021 03 31 07 46 MAX   383
2021 03 31 14 16 MIN    26
2021 03 31 19 59 MAX   353
2021 04 01 02 24 MIN    16
2021 04 01 08 30 MAX   389
2021 04 01 15 01 MIN    51
2021 04 01 20 36 MAX   330
2021 04 02 02 59 MIN    23
2021 04 02 09 18 MAX   383
2021 04 02 15 48 MIN    84
2021 04 02 21 14 MAX   301
2021 04 03 03 36 MIN    38
2021 04 03 10 10 MAX   365
2021 04 03 16 44 MIN   119
2021 04 03 21 57 MAX   269
2021 04 04 04 18 MIN    62
2021 04 04 11 12 MAX   341
2021 04 04 17 55 MIN   150
2021 04 04 22 51 MAX   238
2021 04 05 05 14 MIN    89
2021 04 05 12 34 MAX   319
2021 04 05 19 41 MIN   162
2021 04 06 00 18 MAX   215
2021 04 06 06 42 MIN   112
2021 04 06 14 11 MAX   311
2021 04 06 21 23 MIN   149
2021 04 07 02 18 MAX   217
2021 04 07 08 35 MIN   116
2021 04 07 15 32 MAX   316
2021 04 07 22 24 MIN   125
2021 04 08 03 45 MAX   241
2021 04 08 09 59 MIN   101
2021 04 08 16 27 MAX   325
2021 04 08 23 06 MIN   103
2021 04 09 04 39 MAX   270
2021 04 09 10 56 MIN    84
2021 04 09 17 07 MAX   331
2021 04 09 23 39 MIN    84
2021 04 10 05 20 MAX   297
2021 04 10 11 40 MIN    71
2021 04 10 17 41 MAX   334
2021 04 11 00 08 MIN    70
2021 04 11 05 54 MAX   319
2021 04 11 12 17 MIN    63
2021 04 11 18 11 MAX   334
2021 04 12 00 34 MIN    61
2021 04 12 06 26 MAX   337
2021 04 12 12 49 MIN    62
2021 04 12 18 39 MAX   331
2021 04 13 00 58 MIN    55
2021 04 13 06 57 MAX   351
2021 04 13 13 21 MIN    66
2021 04 13 19 05 MAX   324
2021 04 14 01 21 MIN    52
2021 04 14 07 27 MAX   360
2021 04 14 13 51 MIN    76
2021 04 14 19 31 MAX   315
2021 04 15 01 43 MIN    52
2021 04 15 07 58 MAX   363
2021 04 15 14 22 MIN    90
2021 04 15 19 56 MAX   303
2021 04 16 02 08 MIN    55
2021 04 16 08 30 MAX   361
2021 04 16 14 54 MIN   108
2021 04 16 20 21 MAX   289
2021 04 17 02 33 MIN    62
2021 04 17 09 03 MAX   352
2021 04 17 15 29 MIN   128
2021 04 17 20 47 MAX   274
2021 04 18 03 01 MIN    74
2021 04 18 09 41 MAX   339
2021 04 18 16 08 MIN   150
2021 04 18 21 16 MAX   257
2021 04 19 03 34 MIN    89
2021 04 19 10 27 MAX   321
2021 04 19 17 01 MIN   169
2021 04 19 21 53 MAX   238
2021 04 20 04 17 MIN   108
2021 04 20 11 30 MAX   304
2021 04 20 18 25 MIN   181
2021 04 20 23 01 MAX   220
2021 04 21 05 25 MIN   126
2021 04 21 12 58 MAX   296
2021 04 21 20 17 MIN   172
2021 04 22 01 03 MAX   215
2021 04 22 07 11 MIN   132
2021 04 22 14 25 MAX   304
2021 04 22 21 29 MIN   148
2021 04 23 02 43 MAX   236
2021 04 23 08 48 MIN   118
2021 04 23 15 27 MAX   321
2021 04 23 22 15 MIN   120
2021 04 24 03 47 MAX   272
2021 04 24 09 59 MIN    94
2021 04 24 16 15 MAX   339
2021 04 24 22 52 MIN    91
2021 04 25 04 35 MAX   311
2021 04 25 10 55 MIN    70
2021 04 25 16 57 MAX   353
2021 04 25 23 29 MIN    65
2021 04 26 05 19 MAX   350
2021 04 26 11 45 MIN    53
2021 04 26 17 36 MAX   361
2021 04 27 00 04 MIN    42
2021 04 27 06 02 MAX   384
2021 04 27 12 33 MIN    45
2021 04 27 18 15 MAX   360
2021 04 28 00 40 MIN    27
2021 04 28 06 46 MAX   410
2021 04 28 13 20 MIN    48
2021 04 28 18 54 MAX   351
2021 04 29 01 17 MIN    18
2021 04 29 07 31 MAX   423
2021 04 29 14 07 MIN    62
2021 04 29 19 33 MAX   335
2021 04 30 01 54 MIN    19
2021 04 30 08 18 MAX   423
2021 04 30 14 55 MIN    84
2021 04 30 20 14 MAX   315
2021 05 01 02 33 MIN    30
2021 05 01 09 07 MAX   411
2021 05 01 15 45 MIN   109
2021 05 01 20 57 MAX   291
2021 05 02 03 14 MIN    50
2021 05 02 10 00 MAX   389
2021 05 02 16 43 MIN   134
2021 05 02 21 46 MAX   267
2021 05 03 04 01 MIN    77
2021 05 03 11 01 MAX   361
2021 05 03 17 53 MIN   153
2021 05 03 22 49 MAX   244
2021 05 04 04 59 MIN   107
2021 05 04 12 13 MAX   336
2021 05 04 19 18 MIN   157
2021 05 05 00 17 MAX   232
2021 05 05 06 25 MIN   132
2021 05 05 13 33 MAX   319
2021 05 05 20 39 MIN   146
2021 05 06 02 01 MAX   239
2021 05 06 08 10 MIN   140
2021 05 06 14 46 MAX   314
2021 05 06 21 39 MIN   128
2021 05 07 03 21 MAX   263
2021 05 07 09 33 MIN   133
2021 05 07 15 43 MAX   314
2021 05 07 22 22 MIN   110
2021 05 08 04 15 MAX   290
2021 05 08 10 31 MIN   121
2021 05 08 16 27 MAX   316
2021 05 08 22 57 MIN    94
2021 05 09 04 56 MAX   317
2021 05 09 11 17 MIN   110
2021 05 09 17 03 MAX   317
2021 05 09 23 26 MIN    82
2021 05 10 05 32 MAX   340
2021 05 10 11 55 MIN   103
2021 05 10 17 35 MAX   317
2021 05 10 23 53 MIN    74
2021 05 11 06 04 MAX   359
2021 05 11 12 30 MIN   101
2021 05 11 18 05 MAX   314
2021 05 12 00 18 MIN    68
2021 05 12 06 36 MAX   373
2021 05 12 13 03 MIN   103
2021 05 12 18 33 MAX   309
2021 05 13 00 43 MIN    64
2021 05 13 07 07 MAX   382
2021 05 13 13 36 MIN   108
2021 05 13 19 02 MAX   303
2021 05 14 01 10 MIN    64
2021 05 14 07 38 MAX   386
2021 05 14 14 09 MIN   117
2021 05 14 19 30 MAX   295
2021 05 15 01 38 MIN    66
2021 05 15 08 11 MAX   383
2021 05 15 14 44 MIN   128
2021 05 15 19 59 MAX   286
2021 05 16 02 07 MIN    72
2021 05 16 08 46 MAX   376
2021 05 16 15 21 MIN   141
2021 05 16 20 30 MAX   275
2021 05 17 02 40 MIN    82
2021 05 17 09 24 MAX   365
2021 05 17 16 03 MIN   153
2021 05 17 21 06 MAX   262
2021 05 18 03 16 MIN    95
2021 05 18 10 09 MAX   350
2021 05 18 16 54 MIN   164
2021 05 18 21 54 MAX   249
2021 05 19 04 02 MIN   112
2021 05 19 11 04 MAX   335
2021 05 19 18 02 MIN   167
2021 05 19 23 04 MAX   240
2021 05 20 05 06 MIN   129
2021 05 20 12 13 MAX   325
2021 05 20 19 18 MIN   160
2021 05 21 00 36 MAX   243
2021 05 21 06 36 MIN   139
2021 05 21 13 26 MAX   322
2021 05 21 20 25 MIN   142
2021 05 22 02 04 MAX   266
2021 05 22 08 10 MIN   135
2021 05 22 14 32 MAX   327
2021 05 22 21 18 MIN   117
2021 05 23 03 11 MAX   302
2021 05 23 09 28 MIN   121
2021 05 23 15 27 MAX   333
2021 05 23 22 03 MIN    92
2021 05 24 04 07 MAX   343
2021 05 24 10 32 MIN   104
2021 05 24 16 15 MAX   339
2021 05 24 22 45 MIN    67
2021 05 25 04 56 MAX   382
2021 05 25 11 28 MIN    92
2021 05 25 17 00 MAX   340
2021 05 25 23 26 MIN    47
2021 05 26 05 44 MAX   414
2021 05 26 12 21 MIN    86
2021 05 26 17 45 MAX   336
2021 05 27 00 07 MIN    33
2021 05 27 06 31 MAX   436
2021 05 27 13 11 MIN    88
2021 05 27 18 29 MAX   329
2021 05 28 00 49 MIN    27
2021 05 28 07 20 MAX   444
2021 05 28 14 01 MIN    96
2021 05 28 19 13 MAX   318
2021 05 29 01 32 MIN    30
2021 05 29 08 08 MAX   440
2021 05 29 14 50 MIN   108
2021 05 29 20 00 MAX   305
2021 05 30 02 17 MIN    42
2021 05 30 08 58 MAX   425
2021 05 30 15 41 MIN   121
2021 05 30 20 49 MAX   291
2021 05 31 03 02 MIN    62
2021 05 31 09 49 MAX   403
2021 05 31 16 34 MIN   133
2021 05 31 21 42 MAX   277
2021 06 01 03 51 MIN    89
2021 06 01 10 42 MAX   376
2021 06 01 17 32 MIN   142
2021 06 01 22 43 MAX   264
2021 06 02 04 47 MIN   118
2021 06 02 11 38 MAX   348
2021 06 02 18 34 MIN   145
2021 06 02 23 57 MAX   257
2021 06 03 05 56 MIN   145
2021 06 03 12 39 MAX   325
2021 06 03 19 37 MIN   141
2021 06 04 01 22 MAX   262
2021 06 04 07 22 MIN   162
2021 06 04 13 43 MAX   309
2021 06 04 20 35 MIN   132
2021 06 05 02 40 MAX   279
2021 06 05 08 49 MIN   165
2021 06 05 14 43 MAX   300
2021 06 05 21 24 MIN   120
2021 06 06 03 41 MAX   303
2021 06 06 09 58 MIN   159
2021 06 06 15 35 MAX   297
2021 06 06 22 05 MIN   109
2021 06 07 04 28 MAX   328
2021 06 07 10 51 MIN   150
2021 06 07 16 20 MAX   296
2021 06 07 22 39 MIN    98
2021 06 08 05 08 MAX   352
2021 06 08 11 35 MIN   142
2021 06 08 16 58 MAX   296
2021 06 08 23 11 MIN    89
2021 06 09 05 43 MAX   371
2021 06 09 12 13 MIN   136
2021 06 09 17 33 MAX   296
2021 06 09 23 42 MIN    81
2021 06 10 06 17 MAX   385
2021 06 10 12 50 MIN   133
2021 06 10 18 06 MAX   295
2021 06 11 00 13 MIN    76
2021 06 11 06 50 MAX   393
2021 06 11 13 25 MIN   133
2021 06 11 18 39 MAX   293
2021 06 12 00 45 MIN    74
2021 06 12 07 23 MAX   397
2021 06 12 14 00 MIN   134
2021 06 12 19 12 MAX   290
2021 06 13 01 18 MIN    74
2021 06 13 07 58 MAX   397
2021 06 13 14 37 MIN   137
2021 06 13 19 45 MAX   286
2021 06 14 01 53 MIN    77
2021 06 14 08 33 MAX   393
2021 06 14 15 15 MIN   140
2021 06 14 20 22 MAX   281
2021 06 15 02 29 MIN    84
2021 06 15 09 11 MAX   385
2021 06 15 15 56 MIN   144
2021 06 15 21 04 MAX   276
2021 06 16 03 09 MIN    95
2021 06 16 09 53 MAX   375
2021 06 16 16 41 MIN   146
2021 06 16 21 54 MAX   271
2021 06 17 03 57 MIN   110
2021 06 17 10 40 MAX   362
2021 06 17 17 32 MIN   145
2021 06 17 22 55 MAX   270
2021 06 18 04 55 MIN   127
2021 06 18 11 34 MAX   347
2021 06 18 18 28 MIN   140
2021 06 19 00 09 MAX   278
2021 06 19 06 10 MIN   143
2021 06 19 12 35 MAX   333
2021 06 19 19 26 MIN   129
2021 06 20 01 27 MAX   298
2021 06 20 07 36 MIN   151
2021 06 20 13 38 MAX   323
2021 06 20 20 22 MIN   113
2021 06 21 02 39 MAX   329
2021 06 21 09 01 MIN   149
2021 06 21 14 40 MAX   317
2021 06 21 21 14 MIN    93
2021 06 22 03 42 MAX   365
2021 06 22 10 15 MIN   140
2021 06 22 15 37 MAX   314
2021 06 22 22 04 MIN    73
2021 06 23 04 39 MAX   399
2021 06 23 11 18 MIN   130
2021 06 23 16 31 MAX   312
2021 06 23 22 54 MIN    57
2021 06 24 05 32 MAX   425
2021 06 24 12 15 MIN   121
2021 06 24 17 22 MAX   312
2021 06 24 23 44 MIN    45
2021 06 25 06 23 MAX   441
2021 06 25 13 08 MIN   116
2021 06 25 18 13 MAX   311
2021 06 26 00 33 MIN    39
2021 06 26 07 12 MAX   446
2021 06 26 13 57 MIN   114
2021 06 26 19 02 MAX   310
2021 06 27 01 21 MIN    41
2021 06 27 08 00 MAX   441
2021 06 27 14 43 MIN   114
2021 06 27 19 52 MAX   307
2021 06 28 02 08 MIN    51
2021 06 28 08 46 MAX   427
2021 06 28 15 28 MIN   116
2021 06 28 20 41 MAX   303
2021 06 29 02 54 MIN    69
2021 06 29 09 30 MAX   406
2021 06 29 16 12 MIN   120
2021 06 29 21 31 MAX   297
2021 06 30 03 39 MIN    93
2021 06 30 10 12 MAX   381
2021 06 30 16 56 MIN   125
2021 06 30 22 24 MAX   289
2021 07 01 04 25 MIN   121
2021 07 01 10 55 MAX   354
2021 07 01 17 40 MIN   129
2021 07 01 23 22 MAX   283
2021 07 02 05 17 MIN   150
2021 07 02 11 39 MAX   327
2021 07 02 18 28 MIN   133
2021 07 03 00 30 MAX   282
2021 07 03 06 23 MIN   176
2021 07 03 12 31 MAX   304
2021 07 03 19 20 MIN   134
2021 07 04 01 46 MAX   290
2021 07 04 07 50 MIN   191
2021 07 04 13 31 MAX   286
2021 07 04 20 14 MIN   131
2021 07 05 02 59 MAX   307
2021 07 05 09 19 MIN   192
2021 07 05 14 36 MAX   276
2021 07 05 21 05 MIN   124
2021 07 06 03 58 MAX   330
2021 07 06 10 29 MIN   183
2021 07 06 15 34 MAX   273
2021 07 06 21 51 MIN   114
2021 07 07 04 46 MAX   352
2021 07 07 11 20 MIN   171
2021 07 07 16 24 MAX   276
2021 07 07 22 33 MIN   103
2021 07 08 05 26 MAX   371
2021 07 08 12 02 MIN   160
2021 07 08 17 07 MAX   280
2021 07 08 23 13 MIN    93
2021 07 09 06 02 MAX   385
2021 07 09 12 39 MIN   150
2021 07 09 17 46 MAX   286
2021 07 09 23 51 MIN    83
2021 07 10 06 36 MAX   396
2021 07 10 13 15 MIN   142
2021 07 10 18 22 MAX   290
2021 07 11 00 29 MIN    76
2021 07 11 07 10 MAX   402
2021 07 11 13 50 MIN   135
2021 07 11 18 59 MAX   294
2021 07 12 01 07 MIN    72
2021 07 12 07 45 MAX   405
2021 07 12 14 25 MIN   129
2021 07 12 19 36 MAX   297
2021 07 13 01 46 MIN    72
2021 07 13 08 20 MAX   405
2021 07 13 15 01 MIN   125
2021 07 13 20 15 MAX   299
2021 07 14 02 25 MIN    76
2021 07 14 08 55 MAX   400
2021 07 14 15 38 MIN   122
2021 07 14 20 58 MAX   301
2021 07 15 03 06 MIN    86
2021 07 15 09 33 MAX   391
2021 07 15 16 16 MIN   120
2021 07 15 21 44 MAX   303
2021 07 16 03 51 MIN   102
2021 07 16 10 13 MAX   375
2021 07 16 16 57 MIN   119
2021 07 16 22 38 MAX   306
2021 07 17 04 44 MIN   124
2021 07 17 10 57 MAX   354
2021 07 17 17 41 MIN   118
2021 07 17 23 41 MAX   313
2021 07 18 05 49 MIN   148
2021 07 18 11 49 MAX   330
2021 07 18 18 33 MIN   115
2021 07 19 00 55 MAX   325
2021 07 19 07 12 MIN   169
2021 07 19 12 50 MAX   307
2021 07 19 19 31 MIN   109
2021 07 20 02 14 MAX   346
2021 07 20 08 46 MIN   175
2021 07 20 13 59 MAX   291
2021 07 20 20 34 MIN    99
2021 07 21 03 28 MAX   372
2021 07 21 10 12 MIN   167
2021 07 21 15 11 MAX   284
2021 07 21 21 38 MIN    84
2021 07 22 04 32 MAX   399
2021 07 22 11 20 MIN   152
2021 07 22 16 16 MAX   287
2021 07 22 22 38 MIN    69
2021 07 23 05 29 MAX   420
2021 07 23 12 15 MIN   136
2021 07 23 17 14 MAX   295
2021 07 23 23 35 MIN    56
2021 07 24 06 18 MAX   432
2021 07 24 13 03 MIN   122
2021 07 24 18 08 MAX   306
2021 07 25 00 28 MIN    48
2021 07 25 07 04 MAX   435
2021 07 25 13 46 MIN   112
2021 07 25 18 56 MAX   315
2021 07 26 01 16 MIN    47
2021 07 26 07 46 MAX   429
2021 07 26 14 26 MIN   105
2021 07 26 19 42 MAX   321
2021 07 27 02 00 MIN    55
2021 07 27 08 25 MAX   416
2021 07 27 15 03 MIN   102
2021 07 27 20 26 MAX   323
2021 07 28 02 41 MIN    70
2021 07 28 09 01 MAX   398
2021 07 28 15 37 MIN   103
2021 07 28 21 09 MAX   321
2021 07 29 03 19 MIN    93
2021 07 29 09 35 MAX   375
2021 07 29 16 10 MIN   107
2021 07 29 21 53 MAX   316
2021 07 30 03 57 MIN   120
2021 07 30 10 08 MAX   350
2021 07 30 16 43 MIN   114
2021 07 30 22 40 MAX   308
2021 07 31 04 38 MIN   150
2021 07 31 10 41 MAX   323
2021 07 31 17 18 MIN   123
2021 07 31 23 35 MAX   301
2021 08 01 05 29 MIN   180
2021 08 01 11 20 MAX   297
2021 08 01 18 01 MIN   131
2021 08 02 00 45 MAX   298
2021 08 02 06 46 MIN   204
2021 08 02 12 11 MAX   272
2021 08 02 18 56 MIN   138
2021 08 03 02 10 MAX   305
2021 08 03 08 38 MIN   212
2021 08 03 13 28 MAX   255
2021 08 03 20 03 MIN   137
2021 08 04 03 28 MAX   322
2021 08 04 10 15 MIN   201
2021 08 04 14 53 MAX   251
2021 08 04 21 08 MIN   129
2021 08 05 04 25 MAX   343
2021 08 05 11 12 MIN   184
2021 08 05 15 59 MAX   258
2021 08 05 22 05 MIN   116
2021 08 06 05 09 MAX   363
2021 08 06 11 51 MIN   166
2021 08 06 16 50 MAX   270
2021 08 06 22 54 MIN   100
2021 08 07 05 47 MAX   379
2021 08 07 12 25 MIN   149
2021 08 07 17 31 MAX   283
2021 08 07 23 38 MIN    84
2021 08 08 06 20 MAX   392
2021 08 08 12 57 MIN   134
2021 08 08 18 09 MAX   296
2021 08 09 00 19 MIN    71
2021 08 09 06 53 MAX   402
2021 08 09 13 30 MIN   120
2021 08 09 18 46 MAX   308
2021 08 10 00 59 MIN    62
2021 08 10 07 25 MAX   408
2021 08 10 14 03 MIN   108
2021 08 10 19 23 MAX   318
2021 08 11 01 38 MIN    59
2021 08 11 07 59 MAX   409
2021 08 11 14 36 MIN    99
2021 08 11 20 02 MAX   328
2021 08 12 02 18 MIN    62
2021 08 12 08 32 MAX   404
2021 08 12 15 09 MIN    94
2021 08 12 20 43 MAX   336
2021 08 13 02 59 MIN    75
2021 08 13 09 07 MAX   391
2021 08 13 15 43 MIN    92
2021 08 13 21 28 MAX   341
2021 08 14 03 43 MIN    96
2021 08 14 09 44 MAX   369
2021 08 14 16 18 MIN    94
2021 08 14 22 18 MAX   343
2021 08 15 04 33 MIN   125
2021 08 15 10 23 MAX   342
2021 08 15 16 59 MIN    99
2021 08 15 23 17 MAX   342
2021 08 16 05 35 MIN   157
2021 08 16 11 10 MAX   310
2021 08 16 17 47 MIN   106
2021 08 17 00 31 MAX   341
2021 08 17 07 01 MIN   183
2021 08 17 12 11 MAX   281
2021 08 17 18 51 MIN   111
2021 08 18 02 00 MAX   349
2021 08 18 08 50 MIN   189
2021 08 18 13 36 MAX   261
2021 08 18 20 10 MIN   110
2021 08 19 03 25 MAX   367
2021 08 19 10 22 MIN   173
2021 08 19 15 06 MAX   260
2021 08 19 21 30 MIN    98
2021 08 20 04 33 MAX   388
2021 08 20 11 23 MIN   150
2021 08 20 16 20 MAX   275
2021 08 20 22 40 MIN    80
2021 08 21 05 25 MAX   404
2021 08 21 12 09 MIN   128
2021 08 21 17 17 MAX   295
2021 08 21 23 37 MIN    63
2021 08 22 06 10 MAX   413
2021 08 22 12 48 MIN   110
2021 08 22 18 04 MAX   315
2021 08 23 00 26 MIN    52
2021 08 23 06 49 MAX   414
2021 08 23 13 24 MIN    97
2021 08 23 18 47 MAX   331
2021 08 24 01 09 MIN    50
2021 08 24 07 24 MAX   407
2021 08 24 13 57 MIN    88
2021 08 24 19 27 MAX   341
2021 08 25 01 47 MIN    58
2021 08 25 07 56 MAX   395
2021 08 25 14 27 MIN    85
2021 08 25 20 04 MAX   346
2021 08 26 02 23 MIN    73
2021 08 26 08 27 MAX   378
2021 08 26 14 55 MIN    86
2021 08 26 20 42 MAX   345
2021 08 27 02 56 MIN    94
2021 08 27 08 55 MAX   358
2021 08 27 15 21 MIN    91
2021 08 27 21 18 MAX   340
2021 08 28 03 29 MIN   119
2021 08 28 09 22 MAX   336
2021 08 28 15 47 MIN    99
2021 08 28 21 58 MAX   332
2021 08 29 04 05 MIN   148
2021 08 29 09 49 MAX   311
2021 08 29 16 15 MIN   110
2021 08 29 22 44 MAX   320
2021 08 30 04 48 MIN   178
2021 08 30 10 19 MAX   285
2021 08 30 16 50 MIN   124
2021 08 30 23 43 MAX   307
2021 08 31 05 53 MIN   205
2021 08 31 10 56 MAX   259
2021 08 31 17 40 MIN   138
2021 09 01 01 10 MAX   301
2021 09 01 07 56 MIN   218
2021 09 01 12 11 MAX   236
2021 09 01 18 58 MIN   147
2021 09 02 02 51 MAX   310
2021 09 02 10 08 MIN   203
2021 09 02 14 18 MAX   231
2021 09 02 20 28 MIN   142
2021 09 03 04 00 MAX   329
2021 09 03 10 56 MIN   180
2021 09 03 15 42 MAX   245
2021 09 03 21 42 MIN   125
2021 09 04 04 46 MAX   349
2021 09 04 11 29 MIN   157
2021 09 04 16 35 MAX   266
2021 09 04 22 38 MIN   102
2021 09 05 05 22 MAX   368
2021 09 05 11 59 MIN   134
2021 09 05 17 15 MAX   288
2021 09 05 23 24 MIN    81
2021 09 06 05 54 MAX   383
2021 09 06 12 28 MIN   113
2021 09 06 17 52 MAX   310
2021 09 07 00 05 MIN    63
2021 09 07 06 26 MAX   395
2021 09 07 12 59 MIN    95
2021 09 07 18 28 MAX   331
2021 09 08 00 46 MIN    51
2021 09 08 06 57 MAX   402
2021 09 08 13 30 MIN    80
2021 09 08 19 05 MAX   349
2021 09 09 01 26 MIN    47
2021 09 09 07 30 MAX   401
2021 09 09 14 02 MIN    70
2021 09 09 19 43 MAX   365
2021 09 10 02 07 MIN    53
2021 09 10 08 04 MAX   391
2021 09 10 14 34 MIN    64
2021 09 10 20 24 MAX   375
2021 09 11 02 49 MIN    70
2021 09 11 08 38 MAX   372
2021 09 11 15 07 MIN    65
2021 09 11 21 08 MAX   378
2021 09 12 03 34 MIN    96
2021 09 12 09 14 MAX   346
2021 09 12 15 41 MIN    72
2021 09 12 21 58 MAX   372
2021 09 13 04 25 MIN   130
2021 09 13 09 53 MAX   315
2021 09 13 16 20 MIN    84
2021 09 13 22 58 MAX   360
2021 09 14 05 30 MIN   164
2021 09 14 10 40 MAX   281
2021 09 14 17 10 MIN   101
2021 09 15 00 16 MAX   346
2021 09 15 07 06 MIN   186
2021 09 15 11 50 MAX   251
2021 09 15 18 24 MIN   118
2021 09 16 01 53 MAX   344
2021 09 16 09 03 MIN   181
2021 09 16 13 39 MAX   238
2021 09 16 20 05 MIN   121
2021 09 17 03 22 MAX   355
2021 09 17 10 21 MIN   157
2021 09 17 15 19 MAX   252
2021 09 17 21 36 MIN   106
2021 09 18 04 25 MAX   370
2021 09 18 11 09 MIN   131
2021 09 18 16 25 MAX   279
2021 09 18 22 42 MIN    85
2021 09 19 05 12 MAX   380
2021 09 19 11 48 MIN   108
2021 09 19 17 14 MAX   306
2021 09 19 23 34 MIN    68
2021 09 20 05 50 MAX   384
2021 09 20 12 22 MIN    90
2021 09 20 17 54 MAX   330
2021 09 21 00 17 MIN    58
2021 09 21 06 23 MAX   382
2021 09 21 12 52 MIN    77
2021 09 21 18 31 MAX   348
2021 09 22 00 54 MIN    58
2021 09 22 06 54 MAX   375
2021 09 22 13 20 MIN    71
2021 09 22 19 06 MAX   359
2021 09 23 01 29 MIN    65
2021 09 23 07 23 MAX   364
2021 09 23 13 46 MIN    69
2021 09 23 19 39 MAX   365
2021 09 24 02 01 MIN    78
2021 09 24 07 49 MAX   349
2021 09 24 14 09 MIN    70
2021 09 24 20 12 MAX   365
2021 09 25 02 33 MIN    97
2021 09 25 08 16 MAX   332
2021 09 25 14 32 MIN    75
2021 09 25 20 45 MAX   361
2021 09 26 03 04 MIN   119
2021 09 26 08 41 MAX   312
2021 09 26 14 56 MIN    84
2021 09 26 21 21 MAX   350
2021 09 27 03 39 MIN   144
2021 09 27 09 06 MAX   291
2021 09 27 15 23 MIN    96
2021 09 27 22 01 MAX   335
2021 09 28 04 20 MIN   170
2021 09 28 09 32 MAX   268
2021 09 28 15 55 MIN   112
2021 09 28 22 51 MAX   317
2021 09 29 05 17 MIN   195
2021 09 29 10 03 MAX   245
2021 09 29 16 38 MIN   130
2021 09 30 00 07 MAX   300
2021 09 30 07 07 MIN   207
2021 09 30 11 09 MAX   222
2021 09 30 17 53 MIN   147
2021 10 01 01 53 MAX   298
2021 10 01 09 30 MIN   192
2021 10 01 13 44 MAX   216
2021 10 01 19 45 MIN   148
2021 10 02 03 16 MAX   311
2021 10 02 10 18 MIN   166
2021 10 02 15 19 MAX   236
2021 10 02 21 14 MIN   130
2021 10 03 04 06 MAX   331
2021 10 03 10 50 MIN   139
2021 10 03 16 11 MAX   265
2021 10 03 22 15 MIN   104
2021 10 04 04 44 MAX   350
2021 10 04 11 19 MIN   113
2021 10 04 16 51 MAX   296
2021 10 04 23 03 MIN    79
2021 10 05 05 18 MAX   366
2021 10 05 11 50 MIN    88
2021 10 05 17 28 MAX   328
2021 10 05 23 46 MIN    59
2021 10 06 05 51 MAX   377
2021 10 06 12 20 MIN    67
2021 10 06 18 05 MAX   356
2021 10 07 00 28 MIN    47
2021 10 07 06 24 MAX   381
2021 10 07 12 52 MIN    50
2021 10 07 18 43 MAX   381
2021 10 08 01 11 MIN    45
2021 10 08 06 58 MAX   376
2021 10 08 13 24 MIN    40
2021 10 08 19 23 MAX   399
2021 10 09 01 54 MIN    54
2021 10 09 07 33 MAX   362
2021 10 09 13 57 MIN    36
2021 10 09 20 06 MAX   407
2021 10 10 02 38 MIN    73
2021 10 10 08 09 MAX   341
2021 10 10 14 32 MIN    40
2021 10 10 20 52 MAX   403
2021 10 11 03 26 MIN   100
2021 10 11 08 47 MAX   314
2021 10 11 15 09 MIN    52
2021 10 11 21 44 MAX   389
2021 10 12 04 21 MIN   131
2021 10 12 09 31 MAX   283
2021 10 12 15 51 MIN    72
2021 10 12 22 45 MAX   367
2021 10 13 05 32 MIN   159
2021 10 13 10 25 MAX   253
2021 10 13 16 46 MIN    97
2021 10 14 00 04 MAX   344
2021 10 14 07 10 MIN   170
2021 10 14 11 50 MAX   229
2021 10 14 18 11 MIN   120
2021 10 15 01 38 MAX   333
2021 10 15 08 50 MIN   157
2021 10 15 13 48 MAX   230
2021 10 15 20 02 MIN   125
2021 10 16 03 01 MAX   335
2021 10 16 09 55 MIN   133
2021 10 16 15 19 MAX   254
2021 10 16 21 30 MIN   111
2021 10 17 04 00 MAX   341
2021 10 17 10 39 MIN   108
2021 10 17 16 17 MAX   285
2021 10 17 22 32 MIN    92
2021 10 18 04 44 MAX   345
2021 10 18 11 15 MIN    87
2021 10 18 17 00 MAX   314
2021 10 18 23 20 MIN    78
2021 10 19 05 20 MAX   346
2021 10 19 11 46 MIN    72
2021 10 19 17 37 MAX   338
2021 10 20 00 00 MIN    71
2021 10 20 00 00 MIN    71
2021 10 20 05 51 MAX   343
2021 10 20 12 15 MIN    61
2021 10 20 18 11 MAX   356
2021 10 21 00 36 MIN    71
2021 10 21 06 20 MAX   336
2021 10 21 12 40 MIN    56
2021 10 21 18 43 MAX   368
2021 10 22 01 09 MIN    77
2021 10 22 06 48 MAX   327
2021 10 22 13 03 MIN    55
2021 10 22 19 14 MAX   374
2021 10 23 01 41 MIN    87
2021 10 23 07 14 MAX   315
2021 10 23 13 26 MIN    56
2021 10 23 19 46 MAX   375
2021 10 24 02 13 MIN   101
2021 10 24 07 41 MAX   301
2021 10 24 13 50 MIN    60
2021 10 24 20 17 MAX   371
2021 10 25 02 45 MIN   117
2021 10 25 08 07 MAX   286
2021 10 25 14 16 MIN    68
2021 10 25 20 52 MAX   360
2021 10 26 03 20 MIN   136
2021 10 26 08 34 MAX   269
2021 10 26 14 44 MIN    79
2021 10 26 21 29 MAX   344
2021 10 27 04 01 MIN   156
2021 10 27 09 03 MAX   251
2021 10 27 15 17 MIN    95
2021 10 27 22 14 MAX   324
2021 10 28 04 54 MIN   173
2021 10 28 09 41 MAX   232
2021 10 28 15 59 MIN   114
2021 10 28 23 16 MAX   304
2021 10 29 06 19 MIN   182
2021 10 29 10 49 MAX   214
2021 10 29 17 05 MIN   133
2021 10 30 00 42 MAX   293
2021 10 30 08 08 MIN   171
2021 10 30 12 56 MAX   210
2021 10 30 18 52 MIN   141
2021 10 31 02 08 MAX   297
2021 10 31 09 14 MIN   148
2021 10 31 14 36 MAX   231
2021 10 31 20 31 MIN   129
2021 11 01 03 09 MAX   310
2021 11 01 09 56 MIN   120
2021 11 01 15 35 MAX   265
2021 11 01 21 41 MIN   107
2021 11 02 03 55 MAX   326
2021 11 02 10 31 MIN    91
2021 11 02 16 19 MAX   303
2021 11 02 22 35 MIN    83
2021 11 03 04 34 MAX   338
2021 11 03 11 04 MIN    65
2021 11 03 17 00 MAX   341
2021 11 03 23 23 MIN    65
2021 11 04 05 12 MAX   346
2021 11 04 11 38 MIN    42
2021 11 04 17 40 MAX   375
2021 11 05 00 10 MIN    54
2021 11 05 05 48 MAX   347
2021 11 05 12 13 MIN    25
2021 11 05 18 22 MAX   402
2021 11 06 00 55 MIN    53
2021 11 06 06 27 MAX   340
2021 11 06 12 49 MIN    14
2021 11 06 19 06 MAX   418
2021 11 07 01 42 MIN    62
2021 11 07 07 05 MAX   326
2021 11 07 13 26 MIN    12
2021 11 07 19 52 MAX   422
2021 11 08 02 30 MIN    78
2021 11 08 07 46 MAX   307
2021 11 08 14 05 MIN    18
2021 11 08 20 40 MAX   412
2021 11 09 03 22 MIN    99
2021 11 09 08 30 MAX   284
2021 11 09 14 48 MIN    34
2021 11 09 21 34 MAX   392
2021 11 10 04 18 MIN   121
2021 11 10 09 20 MAX   261
2021 11 10 15 36 MIN    58
2021 11 10 22 33 MAX   365
2021 11 11 05 26 MIN   136
2021 11 11 10 22 MAX   239
2021 11 11 16 34 MIN    87
2021 11 11 23 43 MAX   338
2021 11 12 06 46 MIN   141
2021 11 12 11 47 MAX   225
2021 11 12 17 56 MIN   112
2021 11 13 01 02 MAX   318
2021 11 13 08 05 MIN   130
2021 11 13 13 29 MAX   230
2021 11 13 19 38 MIN   124
2021 11 14 02 16 MAX   307
2021 11 14 09 08 MIN   112
2021 11 14 14 54 MAX   253
2021 11 14 21 05 MIN   119
2021 11 15 03 16 MAX   304
2021 11 15 09 55 MIN    92
2021 11 15 15 53 MAX   282
2021 11 15 22 10 MIN   108
2021 11 16 04 03 MAX   302
2021 11 16 10 33 MIN    75
2021 11 16 16 38 MAX   309
2021 11 16 22 59 MIN    98
2021 11 17 04 42 MAX   301
2021 11 17 11 06 MIN    62
2021 11 17 17 16 MAX   333
2021 11 17 23 41 MIN    91
2021 11 18 05 16 MAX   299
2021 11 18 11 34 MIN    53
2021 11 18 17 50 MAX   351
2021 11 19 00 17 MIN    88
2021 11 19 05 47 MAX   295
2021 11 19 12 00 MIN    47
2021 11 19 18 22 MAX   364
2021 11 20 00 51 MIN    90
2021 11 20 06 16 MAX   290
2021 11 20 12 26 MIN    44
2021 11 20 18 53 MAX   371
2021 11 21 01 25 MIN    94
2021 11 21 06 46 MAX   283
2021 11 21 12 52 MIN    43
2021 11 21 19 25 MAX   372
2021 11 22 01 57 MIN   102
2021 11 22 07 14 MAX   274
2021 11 22 13 20 MIN    45
2021 11 22 19 58 MAX   368
2021 11 23 02 31 MIN   111
2021 11 23 07 44 MAX   264
2021 11 23 13 50 MIN    51
2021 11 23 20 31 MAX   359
2021 11 24 03 07 MIN   122
2021 11 24 08 15 MAX   253
2021 11 24 14 22 MIN    60
2021 11 24 21 08 MAX   345
2021 11 25 03 47 MIN   133
2021 11 25 08 50 MAX   241
2021 11 25 14 58 MIN    73
2021 11 25 21 50 MAX   329
2021 11 26 04 34 MIN   142
2021 11 26 09 34 MAX   228
2021 11 26 15 41 MIN    90
2021 11 26 22 40 MAX   312
2021 11 27 05 35 MIN   146
2021 11 27 10 37 MAX   218
2021 11 27 16 38 MIN   108
2021 11 27 23 43 MAX   297
2021 11 28 06 48 MIN   140
2021 11 28 12 05 MAX   217
2021 11 28 18 02 MIN   123
2021 11 29 00 54 MAX   290
2021 11 29 07 56 MIN   124
2021 11 29 13 37 MAX   234
2021 11 29 19 38 MIN   124
2021 11 30 02 01 MAX   291
2021 11 30 08 51 MIN   101
2021 11 30 14 48 MAX   267
2021 11 30 21 00 MIN   112
2021 12 01 02 59 MAX   297
2021 12 01 09 36 MIN    75
2021 12 01 15 44 MAX   306
2021 12 01 22 06 MIN    95
2021 12 02 03 48 MAX   302
2021 12 02 10 18 MIN    49
2021 12 02 16 33 MAX   346
2021 12 02 23 03 MIN    80
2021 12 03 04 33 MAX   306
2021 12 03 10 58 MIN    26
2021 12 03 17 20 MAX   380
2021 12 03 23 55 MIN    70
2021 12 04 05 17 MAX   305
2021 12 04 11 39 MIN     8
2021 12 04 18 06 MAX   405
2021 12 05 00 45 MIN    67
2021 12 05 06 01 MAX   301
2021 12 05 12 22 MIN    -3
2021 12 05 18 54 MAX   418
2021 12 06 01 35 MIN    70
2021 12 06 06 46 MAX   293
2021 12 06 13 05 MIN    -5
2021 12 06 19 43 MAX   418
2021 12 07 02 25 MIN    77
2021 12 07 07 33 MAX   282
2021 12 07 13 51 MIN     1
2021 12 07 20 33 MAX   406
2021 12 08 03 16 MIN    87
2021 12 08 08 21 MAX   270
2021 12 08 14 38 MIN    17
2021 12 08 21 23 MAX   385
2021 12 09 04 07 MIN    96
2021 12 09 09 14 MAX   257
2021 12 09 15 28 MIN    41
2021 12 09 22 15 MAX   358
2021 12 10 05 02 MIN   104
2021 12 10 10 13 MAX   244
2021 12 10 16 23 MIN    70
2021 12 10 23 10 MAX   329
2021 12 11 06 01 MIN   108
2021 12 11 11 23 MAX   235
2021 12 11 17 28 MIN    99
2021 12 12 00 08 MAX   301
2021 12 12 07 02 MIN   106
2021 12 12 12 44 MAX   235
2021 12 12 18 49 MIN   123
2021 12 13 01 11 MAX   279
2021 12 13 08 03 MIN    99
2021 12 13 14 08 MAX   247
2021 12 13 20 19 MIN   133
2021 12 14 02 14 MAX   266
2021 12 14 08 57 MIN    88
2021 12 14 15 18 MAX   269
2021 12 14 21 36 MIN   130
2021 12 15 03 11 MAX   259
2021 12 15 09 43 MIN    76
2021 12 15 16 11 MAX   293
2021 12 15 22 36 MIN   122
2021 12 16 04 00 MAX   257
2021 12 16 10 21 MIN    65
2021 12 16 16 54 MAX   316
2021 12 16 23 23 MIN   112
2021 12 17 04 41 MAX   257
2021 12 17 10 55 MIN    55
2021 12 17 17 31 MAX   335
2021 12 18 00 03 MIN   105
2021 12 18 05 19 MAX   258
2021 12 18 11 27 MIN    46
2021 12 18 18 05 MAX   349
2021 12 19 00 38 MIN   100
2021 12 19 05 53 MAX   259
2021 12 19 11 59 MIN    39
2021 12 19 18 38 MAX   357
2021 12 20 01 12 MIN    98
2021 12 20 06 26 MAX   259
2021 12 20 12 31 MIN    34
2021 12 20 19 11 MAX   361
2021 12 21 01 46 MIN    97
2021 12 21 06 58 MAX   257
2021 12 21 13 04 MIN    32
2021 12 21 19 44 MAX   360
2021 12 22 02 20 MIN    99
2021 12 22 07 31 MAX   255
2021 12 22 13 38 MIN    33
2021 12 22 20 18 MAX   355
2021 12 23 02 54 MIN   101
2021 12 23 08 05 MAX   251
2021 12 23 14 13 MIN    39
2021 12 23 20 53 MAX   346
2021 12 24 03 31 MIN   103
2021 12 24 08 43 MAX   246
2021 12 24 14 50 MIN    48
2021 12 24 21 30 MAX   335
2021 12 25 04 11 MIN   105
2021 12 25 09 26 MAX   241
2021 12 25 15 32 MIN    63
2021 12 25 22 11 MAX   321
2021 12 26 04 55 MIN   106
2021 12 26 10 19 MAX   237
2021 12 26 16 22 MIN    82
2021 12 26 22 57 MAX   305
2021 12 27 05 46 MIN   104
2021 12 27 11 24 MAX   238
2021 12 27 17 26 MIN   102
2021 12 27 23 52 MAX   289
2021 12 28 06 42 MIN    97
2021 12 28 12 41 MAX   249
2021 12 28 18 48 MIN   117
2021 12 29 00 55 MAX   275
2021 12 29 07 41 MIN    84
2021 12 29 14 00 MAX   273
2021 12 29 20 19 MIN   121
2021 12 30 02 00 MAX   266
2021 12 30 08 39 MIN    66
2021 12 30 15 10 MAX   306
2021 12 30 21 41 MIN   113
2021 12 31 03 04 MAX   263
2021 12 31 09 33 MIN    45
2021 12 31 16 11 MAX   341
2021 12 31 22 49 MIN   100
