 <API - 조위예측극치자료>

대상조위관측소 : 대산
위도(WGS84) : N 126.3528
경도(WGS84) : E 37.0075
관측기관 : 20201221 ~ 20220101

2020 12 21 03 01 MIN   203
2020 12 21 08 46 MAX   578
2020 12 21 14 51 MIN   179
2020 12 21 21 12 MAX   629
2020 12 22 03 49 MIN   229
2020 12 22 09 43 MAX   548
2020 12 22 15 44 MIN   232
2020 12 22 22 05 MAX   586
2020 12 23 04 48 MIN   244
2020 12 23 10 54 MAX   533
2020 12 23 16 54 MIN   271
2020 12 23 23 12 MAX   555
2020 12 24 05 57 MIN   241
2020 12 24 12 15 MAX   543
2020 12 24 18 19 MIN   282
2020 12 25 00 27 MAX   546
2020 12 25 07 01 MIN   218
2020 12 25 13 24 MAX   578
2020 12 25 19 35 MIN   264
2020 12 26 01 32 MAX   558
2020 12 26 07 55 MIN   183
2020 12 26 14 18 MAX   622
2020 12 26 20 33 MIN   232
2020 12 27 02 23 MAX   581
2020 12 27 08 38 MIN   145
2020 12 27 15 02 MAX   665
2020 12 27 21 19 MIN   201
2020 12 28 03 06 MAX   605
2020 12 28 09 17 MIN   109
2020 12 28 15 41 MAX   702
2020 12 28 22 01 MIN   175
2020 12 29 03 44 MAX   626
2020 12 29 09 55 MIN    79
2020 12 29 16 19 MAX   728
2020 12 29 22 40 MIN   158
2020 12 30 04 22 MAX   641
2020 12 30 10 33 MIN    57
2020 12 30 16 55 MAX   746
2020 12 30 23 18 MIN   146
2020 12 31 04 59 MAX   652
2020 12 31 11 10 MIN    44
2020 12 31 17 31 MAX   757
2020 12 31 23 55 MIN   140
2021 01 01 05 36 MAX   656
2021 01 01 11 47 MIN    40
2021 01 01 18 07 MAX   760
2021 01 02 00 33 MIN   137
2021 01 02 06 13 MAX   656
2021 01 02 12 25 MIN    45
2021 01 02 18 43 MAX   757
2021 01 03 01 11 MIN   137
2021 01 03 06 52 MAX   650
2021 01 03 13 04 MIN    60
2021 01 03 19 21 MAX   746
2021 01 04 01 49 MIN   140
2021 01 04 07 34 MAX   639
2021 01 04 13 46 MIN    85
2021 01 04 20 01 MAX   726
2021 01 05 02 31 MIN   147
2021 01 05 08 21 MAX   624
2021 01 05 14 33 MIN   120
2021 01 05 20 47 MAX   695
2021 01 06 03 18 MIN   156
2021 01 06 09 16 MAX   609
2021 01 06 15 27 MIN   162
2021 01 06 21 40 MAX   657
2021 01 07 04 13 MIN   165
2021 01 07 10 24 MAX   600
2021 01 07 16 35 MIN   201
2021 01 07 22 45 MAX   620
2021 01 08 05 20 MIN   165
2021 01 08 11 43 MAX   609
2021 01 08 17 58 MIN   222
2021 01 09 00 02 MAX   597
2021 01 09 06 32 MIN   150
2021 01 09 13 03 MAX   641
2021 01 09 19 24 MIN   214
2021 01 10 01 18 MAX   596
2021 01 10 07 41 MIN   120
2021 01 10 14 13 MAX   687
2021 01 10 20 39 MIN   187
2021 01 11 02 26 MAX   613
2021 01 11 08 42 MIN    84
2021 01 11 15 13 MAX   731
2021 01 11 21 41 MIN   156
2021 01 12 03 23 MAX   635
2021 01 12 09 37 MIN    51
2021 01 12 16 06 MAX   764
2021 01 12 22 35 MIN   131
2021 01 13 04 15 MAX   655
2021 01 13 10 27 MIN    28
2021 01 13 16 55 MAX   782
2021 01 13 23 22 MIN   116
2021 01 14 05 01 MAX   670
2021 01 14 11 13 MIN    17
2021 01 14 17 38 MAX   785
2021 01 15 00 05 MIN   111
2021 01 15 05 43 MAX   677
2021 01 15 11 56 MIN    20
2021 01 15 18 18 MAX   775
2021 01 16 00 43 MIN   114
2021 01 16 06 23 MAX   676
2021 01 16 12 34 MIN    35
2021 01 16 18 53 MAX   755
2021 01 17 01 18 MIN   123
2021 01 17 07 00 MAX   666
2021 01 17 13 10 MIN    62
2021 01 17 19 25 MAX   727
2021 01 18 01 51 MIN   137
2021 01 18 07 37 MAX   648
2021 01 18 13 45 MIN    99
2021 01 18 19 55 MAX   694
2021 01 19 02 21 MIN   156
2021 01 19 08 14 MAX   623
2021 01 19 14 19 MIN   144
2021 01 19 20 27 MAX   654
2021 01 20 02 54 MIN   179
2021 01 20 08 54 MAX   594
2021 01 20 14 58 MIN   196
2021 01 20 21 03 MAX   610
2021 01 21 03 32 MIN   204
2021 01 21 09 44 MAX   563
2021 01 21 15 45 MIN   249
2021 01 21 21 47 MAX   563
2021 01 22 04 24 MIN   228
2021 01 22 10 50 MAX   542
2021 01 22 16 53 MIN   294
2021 01 22 22 51 MAX   523
2021 01 23 05 33 MIN   239
2021 01 23 12 14 MAX   544
2021 01 23 18 26 MIN   311
2021 01 24 00 18 MAX   505
2021 01 24 06 51 MIN   227
2021 01 24 13 32 MAX   574
2021 01 24 19 54 MIN   292
2021 01 25 01 38 MAX   520
2021 01 25 07 56 MIN   194
2021 01 25 14 32 MAX   618
2021 01 25 20 56 MIN   255
2021 01 26 02 37 MAX   552
2021 01 26 08 48 MIN   152
2021 01 26 15 20 MAX   663
2021 01 26 21 44 MIN   217
2021 01 27 03 25 MAX   590
2021 01 27 09 35 MIN   110
2021 01 27 16 02 MAX   704
2021 01 27 22 27 MIN   180
2021 01 28 04 08 MAX   625
2021 01 28 10 18 MIN    72
2021 01 28 16 41 MAX   737
2021 01 28 23 06 MIN   148
2021 01 29 04 48 MAX   655
2021 01 29 11 00 MIN    43
2021 01 29 17 19 MAX   762
2021 01 29 23 45 MIN   121
2021 01 30 05 27 MAX   678
2021 01 30 11 41 MIN    24
2021 01 30 17 56 MAX   778
2021 01 31 00 22 MIN   100
2021 01 31 06 06 MAX   693
2021 01 31 12 20 MIN    16
2021 01 31 18 32 MAX   782
2021 02 01 00 58 MIN    85
2021 02 01 06 45 MAX   699
2021 02 01 13 00 MIN    24
2021 02 01 19 08 MAX   774
2021 02 02 01 33 MIN    80
2021 02 02 07 25 MAX   697
2021 02 02 13 39 MIN    47
2021 02 02 19 45 MAX   751
2021 02 03 02 10 MIN    85
2021 02 03 08 07 MAX   685
2021 02 03 14 21 MIN    87
2021 02 03 20 24 MAX   712
2021 02 04 02 49 MIN   101
2021 02 04 08 55 MAX   663
2021 02 04 15 08 MIN   141
2021 02 04 21 09 MAX   660
2021 02 05 03 35 MIN   127
2021 02 05 09 52 MAX   635
2021 02 05 16 06 MIN   203
2021 02 05 22 04 MAX   601
2021 02 06 04 34 MIN   158
2021 02 06 11 06 MAX   613
2021 02 06 17 26 MIN   254
2021 02 06 23 20 MAX   552
2021 02 07 05 51 MIN   177
2021 02 07 12 39 MAX   615
2021 02 07 19 10 MIN   266
2021 02 08 00 56 MAX   536
2021 02 08 07 18 MIN   168
2021 02 08 14 06 MAX   648
2021 02 08 20 39 MIN   235
2021 02 09 02 20 MAX   560
2021 02 09 08 34 MIN   134
2021 02 09 15 13 MAX   693
2021 02 09 21 43 MIN   190
2021 02 10 03 23 MAX   603
2021 02 10 09 34 MIN    93
2021 02 10 16 06 MAX   731
2021 02 10 22 32 MIN   151
2021 02 11 04 13 MAX   644
2021 02 11 10 25 MIN    59
2021 02 11 16 50 MAX   756
2021 02 11 23 14 MIN   122
2021 02 12 04 56 MAX   676
2021 02 12 11 08 MIN    38
2021 02 12 17 28 MAX   765
2021 02 12 23 51 MIN   104
2021 02 13 05 34 MAX   695
2021 02 13 11 46 MIN    31
2021 02 13 18 01 MAX   762
2021 02 14 00 23 MIN    97
2021 02 14 06 08 MAX   703
2021 02 14 12 20 MIN    37
2021 02 14 18 30 MAX   750
2021 02 15 00 52 MIN    96
2021 02 15 06 40 MAX   701
2021 02 15 12 51 MIN    55
2021 02 15 18 56 MAX   732
2021 02 16 01 18 MIN   102
2021 02 16 07 11 MAX   689
2021 02 16 13 21 MIN    83
2021 02 16 19 22 MAX   706
2021 02 17 01 43 MIN   114
2021 02 17 07 41 MAX   670
2021 02 17 13 50 MIN   122
2021 02 17 19 48 MAX   672
2021 02 18 02 08 MIN   133
2021 02 18 08 14 MAX   642
2021 02 18 14 21 MIN   171
2021 02 18 20 16 MAX   630
2021 02 19 02 37 MIN   161
2021 02 19 08 52 MAX   608
2021 02 19 14 57 MIN   228
2021 02 19 20 49 MAX   580
2021 02 20 03 13 MIN   197
2021 02 20 09 40 MAX   571
2021 02 20 15 45 MIN   287
2021 02 20 21 33 MAX   528
2021 02 21 04 05 MIN   234
2021 02 21 10 53 MAX   542
2021 02 21 17 05 MIN   334
2021 02 21 22 49 MAX   484
2021 02 22 05 31 MIN   257
2021 02 22 12 35 MAX   545
2021 02 22 19 09 MIN   336
2021 02 23 00 46 MAX   479
2021 02 23 07 10 MIN   241
2021 02 23 14 01 MAX   585
2021 02 23 20 35 MIN   292
2021 02 24 02 12 MAX   520
2021 02 24 08 23 MIN   194
2021 02 24 14 58 MAX   640
2021 02 24 21 27 MIN   237
2021 02 25 03 08 MAX   576
2021 02 25 09 17 MIN   137
2021 02 25 15 43 MAX   694
2021 02 25 22 10 MIN   181
2021 02 26 03 53 MAX   632
2021 02 26 10 04 MIN    82
2021 02 26 16 23 MAX   741
2021 02 26 22 48 MIN   130
2021 02 27 04 34 MAX   681
2021 02 27 10 48 MIN    37
2021 02 27 17 01 MAX   776
2021 02 27 23 26 MIN    87
2021 02 28 05 14 MAX   720
2021 02 28 11 29 MIN     7
2021 02 28 17 38 MAX   797
2021 03 01 00 02 MIN    54
2021 03 01 05 52 MAX   746
2021 03 01 12 09 MIN    -7
2021 03 01 18 14 MAX   802
2021 03 02 00 36 MIN    34
2021 03 02 06 31 MAX   759
2021 03 02 12 48 MIN     1
2021 03 02 18 49 MAX   789
2021 03 03 01 11 MIN    28
2021 03 03 07 10 MAX   757
2021 03 03 13 27 MIN    29
2021 03 03 19 25 MAX   758
2021 03 04 01 45 MIN    38
2021 03 04 07 50 MAX   740
2021 03 04 14 07 MIN    79
2021 03 04 20 02 MAX   710
2021 03 05 02 22 MIN    66
2021 03 05 08 35 MAX   707
2021 03 05 14 52 MIN   146
2021 03 05 20 43 MAX   648
2021 03 06 03 04 MIN   110
2021 03 06 09 28 MAX   661
2021 03 06 15 46 MIN   222
2021 03 06 21 34 MAX   578
2021 03 07 03 58 MIN   164
2021 03 07 10 42 MAX   615
2021 03 07 17 10 MIN   286
2021 03 07 22 53 MAX   517
2021 03 08 05 22 MIN   210
2021 03 08 12 27 MAX   598
2021 03 08 19 11 MIN   296
2021 03 09 00 50 MAX   504
2021 03 09 07 09 MIN   212
2021 03 09 14 05 MAX   629
2021 03 09 20 41 MIN   250
2021 03 10 02 22 MAX   548
2021 03 10 08 32 MIN   172
2021 03 10 15 10 MAX   676
2021 03 10 21 37 MIN   195
2021 03 11 03 21 MAX   608
2021 03 11 09 31 MIN   123
2021 03 11 15 57 MAX   715
2021 03 11 22 19 MIN   148
2021 03 12 04 05 MAX   660
2021 03 12 10 17 MIN    84
2021 03 12 16 35 MAX   739
2021 03 12 22 55 MIN   115
2021 03 13 04 43 MAX   698
2021 03 13 10 55 MIN    59
2021 03 13 17 07 MAX   749
2021 03 13 23 26 MIN    93
2021 03 14 05 16 MAX   721
2021 03 14 11 29 MIN    48
2021 03 14 17 35 MAX   749
2021 03 14 23 54 MIN    80
2021 03 15 05 47 MAX   732
2021 03 15 12 00 MIN    50
2021 03 15 18 01 MAX   741
2021 03 16 00 20 MIN    75
2021 03 16 06 16 MAX   732
2021 03 16 12 28 MIN    64
2021 03 16 18 26 MAX   727
2021 03 17 00 43 MIN    76
2021 03 17 06 44 MAX   724
2021 03 17 12 56 MIN    87
2021 03 17 18 50 MAX   705
2021 03 18 01 06 MIN    85
2021 03 18 07 12 MAX   708
2021 03 18 13 24 MIN   123
2021 03 18 19 15 MAX   676
2021 03 19 01 30 MIN   103
2021 03 19 07 41 MAX   684
2021 03 19 13 53 MIN   168
2021 03 19 19 40 MAX   637
2021 03 20 01 56 MIN   132
2021 03 20 08 14 MAX   650
2021 03 20 14 24 MIN   222
2021 03 20 20 09 MAX   592
2021 03 21 02 26 MIN   171
2021 03 21 08 54 MAX   610
2021 03 21 15 05 MIN   280
2021 03 21 20 46 MAX   541
2021 03 22 03 09 MIN   218
2021 03 22 09 52 MAX   569
2021 03 22 16 09 MIN   333
2021 03 22 21 48 MAX   491
2021 03 23 04 21 MIN   262
2021 03 23 11 30 MAX   549
2021 03 23 18 16 MIN   350
2021 03 23 23 53 MAX   471
2021 03 24 06 18 MIN   269
2021 03 24 13 18 MAX   577
2021 03 24 20 02 MIN   303
2021 03 25 01 43 MAX   515
2021 03 25 07 52 MIN   223
2021 03 25 14 26 MAX   634
2021 03 25 20 58 MIN   235
2021 03 26 02 45 MAX   586
2021 03 26 08 54 MIN   157
2021 03 26 15 14 MAX   695
2021 03 26 21 41 MIN   166
2021 03 27 03 31 MAX   657
2021 03 27 09 44 MIN    92
2021 03 27 15 56 MAX   747
2021 03 27 22 20 MIN   104
2021 03 28 04 13 MAX   719
2021 03 28 10 29 MIN    40
2021 03 28 16 35 MAX   784
2021 03 28 22 58 MIN    54
2021 03 29 04 53 MAX   766
2021 03 29 11 11 MIN     6
2021 03 29 17 13 MAX   802
2021 03 29 23 34 MIN    17
2021 03 30 05 33 MAX   797
2021 03 30 11 52 MIN    -6
2021 03 30 17 50 MAX   801
2021 03 31 00 10 MIN    -2
2021 03 31 06 12 MAX   810
2021 03 31 12 33 MIN     7
2021 03 31 18 27 MAX   781
2021 04 01 00 45 MIN    -4
2021 04 01 06 52 MAX   805
2021 04 01 13 13 MIN    42
2021 04 01 19 03 MAX   743
2021 04 02 01 21 MIN    15
2021 04 02 07 34 MAX   779
2021 04 02 13 55 MIN    99
2021 04 02 19 42 MAX   692
2021 04 03 01 58 MIN    53
2021 04 03 08 19 MAX   736
2021 04 03 14 40 MIN   169
2021 04 03 20 24 MAX   628
2021 04 04 02 41 MIN   110
2021 04 04 09 13 MAX   679
2021 04 04 15 38 MIN   243
2021 04 04 21 18 MAX   561
2021 04 05 03 37 MIN   178
2021 04 05 10 27 MAX   624
2021 04 05 17 06 MIN   297
2021 04 05 22 43 MAX   508
2021 04 06 05 04 MIN   234
2021 04 06 12 13 MAX   600
2021 04 06 19 01 MIN   295
2021 04 07 00 43 MAX   509
2021 04 07 06 57 MIN   239
2021 04 07 13 48 MAX   623
2021 04 07 20 21 MIN   247
2021 04 08 02 10 MAX   563
2021 04 08 08 18 MIN   200
2021 04 08 14 49 MAX   661
2021 04 08 21 12 MIN   193
2021 04 09 03 05 MAX   626
2021 04 09 09 14 MIN   154
2021 04 09 15 32 MAX   694
2021 04 09 21 51 MIN   147
2021 04 10 03 45 MAX   679
2021 04 10 09 56 MIN   117
2021 04 10 16 06 MAX   715
2021 04 10 22 24 MIN   113
2021 04 11 04 20 MAX   716
2021 04 11 10 32 MIN    93
2021 04 11 16 36 MAX   725
2021 04 11 22 53 MIN    90
2021 04 12 04 51 MAX   740
2021 04 12 11 05 MIN    81
2021 04 12 17 03 MAX   727
2021 04 12 23 20 MIN    75
2021 04 13 05 21 MAX   751
2021 04 13 11 35 MIN    80
2021 04 13 17 30 MAX   722
2021 04 13 23 45 MIN    68
2021 04 14 05 50 MAX   754
2021 04 14 12 04 MIN    91
2021 04 14 17 55 MAX   710
2021 04 15 00 09 MIN    67
2021 04 15 06 18 MAX   748
2021 04 15 12 33 MIN   111
2021 04 15 18 21 MAX   692
2021 04 16 00 34 MIN    75
2021 04 16 06 46 MAX   735
2021 04 16 13 02 MIN   142
2021 04 16 18 47 MAX   667
2021 04 17 00 59 MIN    92
2021 04 17 07 15 MAX   714
2021 04 17 13 31 MIN   181
2021 04 17 19 14 MAX   635
2021 04 18 01 26 MIN   119
2021 04 18 07 47 MAX   685
2021 04 18 14 03 MIN   226
2021 04 18 19 45 MAX   597
2021 04 19 01 58 MIN   158
2021 04 19 08 26 MAX   649
2021 04 19 14 44 MIN   273
2021 04 19 20 24 MAX   554
2021 04 20 02 40 MIN   205
2021 04 20 09 19 MAX   610
2021 04 20 15 44 MIN   315
2021 04 20 21 26 MAX   512
2021 04 21 03 46 MIN   253
2021 04 21 10 41 MAX   583
2021 04 21 17 27 MIN   328
2021 04 21 23 15 MAX   495
2021 04 22 05 31 MIN   271
2021 04 22 12 23 MAX   594
2021 04 22 19 10 MIN   288
2021 04 23 01 03 MAX   537
2021 04 23 07 12 MIN   236
2021 04 23 13 40 MAX   640
2021 04 23 20 13 MIN   220
2021 04 24 02 10 MAX   610
2021 04 24 08 21 MIN   174
2021 04 24 14 35 MAX   694
2021 04 24 21 01 MIN   149
2021 04 25 03 01 MAX   686
2021 04 25 09 15 MIN   111
2021 04 25 15 21 MAX   740
2021 04 25 21 43 MIN    86
2021 04 26 03 46 MAX   752
2021 04 26 10 04 MIN    61
2021 04 26 16 03 MAX   771
2021 04 26 22 24 MIN    36
2021 04 27 04 28 MAX   801
2021 04 27 10 49 MIN    32
2021 04 27 16 44 MAX   782
2021 04 27 23 03 MIN     2
2021 04 28 05 11 MAX   831
2021 04 28 11 33 MIN    25
2021 04 28 17 24 MAX   776
2021 04 28 23 41 MIN   -13
2021 04 29 05 53 MAX   841
2021 04 29 12 17 MIN    41
2021 04 29 18 05 MAX   753
2021 04 30 00 20 MIN    -9
2021 04 30 06 36 MAX   830
2021 04 30 13 00 MIN    77
2021 04 30 18 45 MAX   718
2021 05 01 00 59 MIN    15
2021 05 01 07 21 MAX   800
2021 05 01 13 45 MIN   128
2021 05 01 19 27 MAX   672
2021 05 02 01 40 MIN    59
2021 05 02 08 08 MAX   754
2021 05 02 14 34 MIN   187
2021 05 02 20 14 MAX   620
2021 05 03 02 26 MIN   119
2021 05 03 09 02 MAX   698
2021 05 03 15 33 MIN   243
2021 05 03 21 11 MAX   568
2021 05 04 03 23 MIN   186
2021 05 04 10 11 MAX   644
2021 05 04 16 51 MIN   281
2021 05 04 22 32 MAX   531
2021 05 05 04 45 MIN   241
2021 05 05 11 39 MAX   612
2021 05 05 18 23 MIN   279
2021 05 06 00 14 MAX   535
2021 05 06 06 24 MIN   256
2021 05 06 13 04 MAX   614
2021 05 06 19 37 MIN   245
2021 05 07 01 36 MAX   579
2021 05 07 07 45 MIN   234
2021 05 07 14 06 MAX   635
2021 05 07 20 29 MIN   201
2021 05 08 02 32 MAX   633
2021 05 08 08 42 MIN   198
2021 05 08 14 52 MAX   659
2021 05 08 21 10 MIN   160
2021 05 09 03 14 MAX   681
2021 05 09 09 25 MIN   166
2021 05 09 15 28 MAX   677
2021 05 09 21 44 MIN   127
2021 05 10 03 50 MAX   717
2021 05 10 10 03 MIN   142
2021 05 10 15 59 MAX   689
2021 05 10 22 14 MIN   102
2021 05 11 04 23 MAX   742
2021 05 11 10 38 MIN   128
2021 05 11 16 29 MAX   695
2021 05 11 22 43 MIN    85
2021 05 12 04 54 MAX   756
2021 05 12 11 10 MIN   124
2021 05 12 16 59 MAX   694
2021 05 12 23 11 MIN    75
2021 05 13 05 24 MAX   762
2021 05 13 11 42 MIN   130
2021 05 13 17 28 MAX   686
2021 05 13 23 39 MIN    72
2021 05 14 05 55 MAX   760
2021 05 14 12 14 MIN   145
2021 05 14 17 57 MAX   673
2021 05 15 00 07 MIN    78
2021 05 15 06 25 MAX   751
2021 05 15 12 45 MIN   168
2021 05 15 18 27 MAX   655
2021 05 16 00 36 MIN    93
2021 05 16 06 56 MAX   735
2021 05 16 13 17 MIN   195
2021 05 16 18 58 MAX   633
2021 05 17 01 08 MIN   117
2021 05 17 07 30 MAX   714
2021 05 17 13 53 MIN   224
2021 05 17 19 33 MAX   607
2021 05 18 01 43 MIN   150
2021 05 18 08 10 MAX   687
2021 05 18 14 35 MIN   252
2021 05 18 20 17 MAX   577
2021 05 19 02 28 MIN   190
2021 05 19 09 00 MAX   657
2021 05 19 15 31 MIN   275
2021 05 19 21 19 MAX   549
2021 05 20 03 30 MIN   230
2021 05 20 10 07 MAX   632
2021 05 20 16 48 MIN   279
2021 05 20 22 45 MAX   542
2021 05 21 04 55 MIN   252
2021 05 21 11 29 MAX   628
2021 05 21 18 11 MIN   251
2021 05 22 00 17 MAX   575
2021 05 22 06 26 MIN   236
2021 05 22 12 46 MAX   649
2021 05 22 19 20 MIN   198
2021 05 23 01 29 MAX   637
2021 05 23 07 42 MIN   193
2021 05 23 13 50 MAX   682
2021 05 23 20 15 MIN   138
2021 05 24 02 26 MAX   707
2021 05 24 08 44 MIN   144
2021 05 24 14 43 MAX   714
2021 05 24 21 04 MIN    83
2021 05 25 03 16 MAX   768
2021 05 25 09 38 MIN   104
2021 05 25 15 31 MAX   735
2021 05 25 21 49 MIN    39
2021 05 26 04 03 MAX   813
2021 05 26 10 29 MIN    81
2021 05 26 16 17 MAX   742
2021 05 26 22 33 MIN    11
2021 05 27 04 50 MAX   840
2021 05 27 11 17 MIN    76
2021 05 27 17 02 MAX   736
2021 05 27 23 17 MIN    -1
2021 05 28 05 37 MAX   846
2021 05 28 12 05 MIN    88
2021 05 28 17 47 MAX   721
2021 05 29 00 01 MIN     5
2021 05 29 06 24 MAX   835
2021 05 29 12 51 MIN   112
2021 05 29 18 32 MAX   698
2021 05 30 00 44 MIN    28
2021 05 30 07 11 MAX   808
2021 05 30 13 38 MIN   146
2021 05 30 19 18 MAX   669
2021 05 31 01 29 MIN    67
2021 05 31 07 58 MAX   768
2021 05 31 14 26 MIN   183
2021 05 31 20 06 MAX   635
2021 06 01 02 15 MIN   119
2021 06 01 08 47 MAX   720
2021 06 01 15 18 MIN   219
2021 06 01 21 00 MAX   601
2021 06 02 03 09 MIN   178
2021 06 02 09 41 MAX   670
2021 06 02 16 18 MIN   246
2021 06 02 22 06 MAX   573
2021 06 03 04 12 MIN   232
2021 06 03 10 45 MAX   628
2021 06 03 17 26 MIN   256
2021 06 03 23 25 MAX   566
2021 06 04 05 30 MIN   266
2021 06 04 11 57 MAX   604
2021 06 04 18 34 MIN   245
2021 06 05 00 43 MAX   585
2021 06 05 06 50 MIN   270
2021 06 05 13 04 MAX   602
2021 06 05 19 32 MIN   218
2021 06 06 01 46 MAX   623
2021 06 06 07 56 MIN   251
2021 06 06 13 59 MAX   614
2021 06 06 20 20 MIN   185
2021 06 07 02 36 MAX   664
2021 06 07 08 49 MIN   224
2021 06 07 14 43 MAX   631
2021 06 07 20 59 MIN   154
2021 06 08 03 17 MAX   700
2021 06 08 09 32 MIN   199
2021 06 08 15 22 MAX   646
2021 06 08 21 35 MIN   127
2021 06 09 03 53 MAX   728
2021 06 09 10 11 MIN   181
2021 06 09 15 57 MAX   657
2021 06 09 22 08 MIN   106
2021 06 10 04 28 MAX   748
2021 06 10 10 48 MIN   171
2021 06 10 16 32 MAX   663
2021 06 10 22 41 MIN    92
2021 06 11 05 03 MAX   759
2021 06 11 11 24 MIN   169
2021 06 11 17 05 MAX   665
2021 06 11 23 15 MIN    84
2021 06 12 05 36 MAX   764
2021 06 12 11 59 MIN   173
2021 06 12 17 39 MAX   662
2021 06 12 23 48 MIN    85
2021 06 13 06 10 MAX   762
2021 06 13 12 34 MIN   180
2021 06 13 18 14 MAX   656
2021 06 14 00 23 MIN    93
2021 06 14 06 44 MAX   755
2021 06 14 13 09 MIN   190
2021 06 14 18 49 MAX   646
2021 06 15 00 58 MIN   109
2021 06 15 07 19 MAX   744
2021 06 15 13 46 MIN   200
2021 06 15 19 28 MAX   632
2021 06 16 01 38 MIN   133
2021 06 16 07 58 MAX   727
2021 06 16 14 27 MIN   210
2021 06 16 20 13 MAX   617
2021 06 17 02 22 MIN   164
2021 06 17 08 43 MAX   705
2021 06 17 15 15 MIN   217
2021 06 17 21 08 MAX   603
2021 06 18 03 16 MIN   197
2021 06 18 09 37 MAX   679
2021 06 18 16 13 MIN   218
2021 06 18 22 16 MAX   599
2021 06 19 04 24 MIN   225
2021 06 19 10 42 MAX   658
2021 06 19 17 19 MIN   207
2021 06 19 23 33 MAX   616
2021 06 20 05 43 MIN   234
2021 06 20 11 54 MAX   649
2021 06 20 18 27 MIN   179
2021 06 21 00 47 MAX   657
2021 06 21 07 03 MIN   220
2021 06 21 13 05 MAX   655
2021 06 21 19 30 MIN   140
2021 06 22 01 53 MAX   710
2021 06 22 08 15 MIN   191
2021 06 22 14 08 MAX   669
2021 06 22 20 28 MIN    99
2021 06 23 02 52 MAX   761
2021 06 23 09 18 MIN   161
2021 06 23 15 05 MAX   684
2021 06 23 21 21 MIN    63
2021 06 24 03 46 MAX   802
2021 06 24 10 15 MIN   138
2021 06 24 15 58 MAX   695
2021 06 24 22 12 MIN    37
2021 06 25 04 38 MAX   827
2021 06 25 11 08 MIN   125
2021 06 25 16 48 MAX   702
2021 06 25 23 01 MIN    24
2021 06 26 05 27 MAX   836
2021 06 26 11 57 MIN   122
2021 06 26 17 36 MAX   703
2021 06 26 23 49 MIN    24
2021 06 27 06 15 MAX   831
2021 06 27 12 44 MIN   128
2021 06 27 18 23 MAX   698
2021 06 28 00 34 MIN    38
2021 06 28 06 59 MAX   812
2021 06 28 13 28 MIN   140
2021 06 28 19 08 MAX   688
2021 06 29 01 18 MIN    67
2021 06 29 07 42 MAX   781
2021 06 29 14 09 MIN   159
2021 06 29 19 52 MAX   669
2021 06 30 02 00 MIN   108
2021 06 30 08 22 MAX   740
2021 06 30 14 50 MIN   181
2021 06 30 20 38 MAX   645
2021 07 01 02 44 MIN   160
2021 07 01 09 02 MAX   695
2021 07 01 15 33 MIN   204
2021 07 01 21 28 MAX   618
2021 07 02 03 32 MIN   214
2021 07 02 09 46 MAX   648
2021 07 02 16 21 MIN   225
2021 07 02 22 28 MAX   596
2021 07 03 04 29 MIN   264
2021 07 03 10 39 MAX   605
2021 07 03 17 19 MIN   238
2021 07 03 23 38 MAX   588
2021 07 04 05 41 MIN   296
2021 07 04 11 45 MAX   577
2021 07 04 18 22 MIN   236
2021 07 05 00 50 MAX   602
2021 07 05 07 00 MIN   301
2021 07 05 12 56 MAX   569
2021 07 05 19 23 MIN   218
2021 07 06 01 53 MAX   633
2021 07 06 08 09 MIN   283
2021 07 06 13 57 MAX   580
2021 07 06 20 15 MIN   190
2021 07 07 02 44 MAX   670
2021 07 07 09 04 MIN   255
2021 07 07 14 48 MAX   600
2021 07 07 20 59 MIN   160
2021 07 08 03 28 MAX   705
2021 07 08 09 50 MIN   229
2021 07 08 15 31 MAX   622
2021 07 08 21 40 MIN   132
2021 07 09 04 08 MAX   733
2021 07 09 10 31 MIN   207
2021 07 09 16 11 MAX   642
2021 07 09 22 20 MIN   108
2021 07 10 04 46 MAX   755
2021 07 10 11 10 MIN   190
2021 07 10 16 49 MAX   658
2021 07 10 22 59 MIN    90
2021 07 11 05 22 MAX   770
2021 07 11 11 47 MIN   177
2021 07 11 17 27 MAX   670
2021 07 11 23 37 MIN    80
2021 07 12 05 58 MAX   779
2021 07 12 12 23 MIN   166
2021 07 12 18 04 MAX   677
2021 07 13 00 15 MIN    78
2021 07 13 06 32 MAX   782
2021 07 13 12 59 MIN   158
2021 07 13 18 41 MAX   680
2021 07 14 00 52 MIN    85
2021 07 14 07 07 MAX   778
2021 07 14 13 34 MIN   152
2021 07 14 19 20 MAX   677
2021 07 15 01 31 MIN   101
2021 07 15 07 44 MAX   765
2021 07 15 14 11 MIN   151
2021 07 15 20 03 MAX   670
2021 07 16 02 13 MIN   128
2021 07 16 08 23 MAX   742
2021 07 16 14 52 MIN   155
2021 07 16 20 50 MAX   660
2021 07 17 02 59 MIN   165
2021 07 17 09 08 MAX   708
2021 07 17 15 38 MIN   163
2021 07 17 21 46 MAX   650
2021 07 18 03 56 MIN   207
2021 07 18 10 02 MAX   668
2021 07 18 16 33 MIN   172
2021 07 18 22 54 MAX   646
2021 07 19 05 06 MIN   243
2021 07 19 11 09 MAX   631
2021 07 19 17 40 MIN   173
2021 07 20 00 13 MAX   660
2021 07 20 06 32 MIN   258
2021 07 20 12 27 MAX   610
2021 07 20 18 53 MIN   160
2021 07 21 01 30 MAX   693
2021 07 21 07 58 MIN   243
2021 07 21 13 45 MAX   615
2021 07 21 20 03 MIN   131
2021 07 22 02 40 MAX   737
2021 07 22 09 11 MIN   210
2021 07 22 14 52 MAX   637
2021 07 22 21 06 MIN    97
2021 07 23 03 40 MAX   779
2021 07 23 10 11 MIN   175
2021 07 23 15 50 MAX   665
2021 07 23 22 03 MIN    65
2021 07 24 04 33 MAX   809
2021 07 24 11 03 MIN   146
2021 07 24 16 42 MAX   692
2021 07 24 22 54 MIN    42
2021 07 25 05 20 MAX   825
2021 07 25 11 49 MIN   127
2021 07 25 17 29 MAX   712
2021 07 25 23 41 MIN    32
2021 07 26 06 03 MAX   825
2021 07 26 12 30 MIN   117
2021 07 26 18 11 MAX   722
2021 07 27 00 23 MIN    38
2021 07 27 06 42 MAX   811
2021 07 27 13 07 MIN   117
2021 07 27 18 52 MAX   721
2021 07 28 01 02 MIN    59
2021 07 28 07 16 MAX   786
2021 07 28 13 41 MIN   125
2021 07 28 19 30 MAX   709
2021 07 29 01 39 MIN    94
2021 07 29 07 48 MAX   752
2021 07 29 14 13 MIN   140
2021 07 29 20 07 MAX   687
2021 07 30 02 14 MIN   140
2021 07 30 08 19 MAX   711
2021 07 30 14 45 MIN   162
2021 07 30 20 47 MAX   657
2021 07 31 02 51 MIN   194
2021 07 31 08 52 MAX   664
2021 07 31 15 20 MIN   190
2021 07 31 21 32 MAX   624
2021 08 01 03 33 MIN   252
2021 08 01 09 31 MAX   613
2021 08 01 16 03 MIN   220
2021 08 01 22 30 MAX   595
2021 08 02 04 31 MIN   305
2021 08 02 10 25 MAX   564
2021 08 02 17 02 MIN   245
2021 08 02 23 45 MAX   583
2021 08 03 05 55 MIN   338
2021 08 03 11 43 MAX   532
2021 08 03 18 18 MIN   251
2021 08 04 01 08 MAX   599
2021 08 04 07 31 MIN   332
2021 08 04 13 11 MAX   532
2021 08 04 19 32 MIN   231
2021 08 05 02 16 MAX   636
2021 08 05 08 43 MIN   298
2021 08 05 14 20 MAX   560
2021 08 05 20 30 MIN   195
2021 08 06 03 07 MAX   680
2021 08 06 09 33 MIN   258
2021 08 06 15 12 MAX   599
2021 08 06 21 20 MIN   153
2021 08 07 03 51 MAX   721
2021 08 07 10 16 MIN   218
2021 08 07 15 56 MAX   638
2021 08 07 22 04 MIN   114
2021 08 08 04 29 MAX   756
2021 08 08 10 54 MIN   182
2021 08 08 16 35 MAX   673
2021 08 08 22 46 MIN    81
2021 08 09 05 06 MAX   783
2021 08 09 11 31 MIN   150
2021 08 09 17 14 MAX   700
2021 08 09 23 26 MIN    58
2021 08 10 05 41 MAX   801
2021 08 10 12 06 MIN   124
2021 08 10 17 51 MAX   720
2021 08 11 00 04 MIN    47
2021 08 11 06 15 MAX   809
2021 08 11 12 40 MIN   104
2021 08 11 18 29 MAX   730
2021 08 12 00 42 MIN    49
2021 08 12 06 49 MAX   805
2021 08 12 13 14 MIN    92
2021 08 12 19 06 MAX   733
2021 08 13 01 20 MIN    66
2021 08 13 07 23 MAX   788
2021 08 13 13 48 MIN    90
2021 08 13 19 45 MAX   726
2021 08 14 01 59 MIN    99
2021 08 14 07 59 MAX   756
2021 08 14 14 23 MIN   100
2021 08 14 20 29 MAX   710
2021 08 15 02 41 MIN   147
2021 08 15 08 39 MAX   710
2021 08 15 15 05 MIN   123
2021 08 15 21 19 MAX   685
2021 08 16 03 32 MIN   206
2021 08 16 09 28 MAX   653
2021 08 16 15 55 MIN   154
2021 08 16 22 24 MAX   659
2021 08 17 04 41 MIN   264
2021 08 17 10 33 MAX   595
2021 08 17 17 03 MIN   185
2021 08 17 23 50 MAX   647
2021 08 18 06 18 MIN   295
2021 08 18 12 04 MAX   560
2021 08 18 18 31 MIN   192
2021 08 19 01 23 MAX   668
2021 08 19 08 00 MIN   275
2021 08 19 13 40 MAX   571
2021 08 19 19 55 MIN   167
2021 08 20 02 40 MAX   715
2021 08 20 09 13 MIN   225
2021 08 20 14 53 MAX   616
2021 08 20 21 04 MIN   122
2021 08 21 03 39 MAX   762
2021 08 21 10 08 MIN   174
2021 08 21 15 49 MAX   668
2021 08 21 22 00 MIN    78
2021 08 22 04 27 MAX   797
2021 08 22 10 52 MIN   133
2021 08 22 16 36 MAX   711
2021 08 22 22 48 MIN    47
2021 08 23 05 08 MAX   814
2021 08 23 11 32 MIN   106
2021 08 23 17 17 MAX   740
2021 08 23 23 29 MIN    32
2021 08 24 05 44 MAX   814
2021 08 24 12 07 MIN    90
2021 08 24 17 54 MAX   754
2021 08 25 00 06 MIN    35
2021 08 25 06 15 MAX   802
2021 08 25 12 38 MIN    85
2021 08 25 18 28 MAX   754
2021 08 26 00 40 MIN    54
2021 08 26 06 44 MAX   780
2021 08 26 13 06 MIN    90
2021 08 26 19 01 MAX   742
2021 08 27 01 11 MIN    85
2021 08 27 07 11 MAX   750
2021 08 27 13 32 MIN   103
2021 08 27 19 33 MAX   721
2021 08 28 01 42 MIN   128
2021 08 28 07 38 MAX   713
2021 08 28 13 58 MIN   125
2021 08 28 20 06 MAX   690
2021 08 29 02 13 MIN   180
2021 08 29 08 06 MAX   667
2021 08 29 14 26 MIN   156
2021 08 29 20 43 MAX   652
2021 08 30 02 48 MIN   240
2021 08 30 08 38 MAX   614
2021 08 30 15 00 MIN   197
2021 08 30 21 29 MAX   611
2021 08 31 03 34 MIN   302
2021 08 31 09 20 MAX   558
2021 08 31 15 48 MIN   240
2021 08 31 22 37 MAX   577
2021 09 01 04 49 MIN   353
2021 09 01 10 29 MAX   508
2021 09 01 17 07 MIN   274
2021 09 02 00 17 MAX   571
2021 09 02 06 54 MIN   360
2021 09 02 12 27 MAX   495
2021 09 02 18 49 MIN   267
2021 09 03 01 47 MAX   607
2021 09 03 08 23 MIN   317
2021 09 03 13 58 MAX   534
2021 09 03 20 06 MIN   224
2021 09 04 02 45 MAX   660
2021 09 04 09 14 MIN   260
2021 09 04 14 54 MAX   592
2021 09 04 21 01 MIN   167
2021 09 05 03 28 MAX   713
2021 09 05 09 54 MIN   203
2021 09 05 15 38 MAX   651
2021 09 05 21 47 MIN   111
2021 09 06 04 07 MAX   760
2021 09 06 10 30 MIN   150
2021 09 06 16 18 MAX   703
2021 09 06 22 30 MIN    65
2021 09 07 04 43 MAX   795
2021 09 07 11 05 MIN   104
2021 09 07 16 55 MAX   743
2021 09 07 23 10 MIN    33
2021 09 08 05 17 MAX   816
2021 09 08 11 40 MIN    68
2021 09 08 17 32 MAX   771
2021 09 08 23 48 MIN    18
2021 09 09 05 52 MAX   822
2021 09 09 12 14 MIN    44
2021 09 09 18 09 MAX   785
2021 09 10 00 26 MIN    22
2021 09 10 06 25 MAX   812
2021 09 10 12 47 MIN    34
2021 09 10 18 46 MAX   786
2021 09 11 01 04 MIN    45
2021 09 11 07 00 MAX   786
2021 09 11 13 20 MIN    39
2021 09 11 19 25 MAX   774
2021 09 12 01 43 MIN    88
2021 09 12 07 35 MAX   743
2021 09 12 13 55 MIN    61
2021 09 12 20 07 MAX   746
2021 09 13 02 25 MIN   149
2021 09 13 08 14 MAX   685
2021 09 13 14 35 MIN   101
2021 09 13 20 58 MAX   704
2021 09 14 03 16 MIN   220
2021 09 14 09 02 MAX   617
2021 09 14 15 25 MIN   154
2021 09 14 22 03 MAX   657
2021 09 15 04 29 MIN   286
2021 09 15 10 12 MAX   552
2021 09 15 16 38 MIN   207
2021 09 15 23 40 MAX   630
2021 09 16 06 23 MIN   309
2021 09 16 12 03 MAX   524
2021 09 16 18 24 MIN   223
2021 09 17 01 24 MAX   652
2021 09 17 08 04 MIN   268
2021 09 17 13 46 MAX   561
2021 09 17 19 56 MIN   187
2021 09 18 02 38 MAX   701
2021 09 18 09 07 MIN   206
2021 09 18 14 52 MAX   628
2021 09 18 21 02 MIN   132
2021 09 19 03 29 MAX   747
2021 09 19 09 52 MIN   150
2021 09 19 15 41 MAX   691
2021 09 19 21 51 MIN    85
2021 09 20 04 10 MAX   777
2021 09 20 10 31 MIN   107
2021 09 20 16 21 MAX   738
2021 09 20 22 34 MIN    53
2021 09 21 04 45 MAX   790
2021 09 21 11 04 MIN    78
2021 09 21 16 57 MAX   767
2021 09 21 23 10 MIN    40
2021 09 22 05 15 MAX   789
2021 09 22 11 35 MIN    63
2021 09 22 17 30 MAX   778
2021 09 22 23 44 MIN    44
2021 09 23 05 44 MAX   777
2021 09 23 12 02 MIN    58
2021 09 23 18 01 MAX   777
2021 09 24 00 14 MIN    61
2021 09 24 06 10 MAX   758
2021 09 24 12 28 MIN    62
2021 09 24 18 31 MAX   765
2021 09 25 00 43 MIN    89
2021 09 25 06 36 MAX   732
2021 09 25 12 52 MIN    74
2021 09 25 19 00 MAX   744
2021 09 26 01 12 MIN   128
2021 09 26 07 01 MAX   698
2021 09 26 13 16 MIN    96
2021 09 26 19 29 MAX   715
2021 09 27 01 41 MIN   176
2021 09 27 07 28 MAX   656
2021 09 27 13 42 MIN   129
2021 09 27 20 02 MAX   677
2021 09 28 02 14 MIN   232
2021 09 28 07 57 MAX   606
2021 09 28 14 12 MIN   173
2021 09 28 20 42 MAX   633
2021 09 29 02 54 MIN   291
2021 09 29 08 34 MAX   552
2021 09 29 14 53 MIN   225
2021 09 29 21 38 MAX   588
2021 09 30 03 58 MIN   345
2021 09 30 09 34 MAX   499
2021 09 30 16 02 MIN   274
2021 09 30 23 15 MAX   563
2021 10 01 06 05 MIN   360
2021 10 01 11 40 MAX   477
2021 10 01 18 00 MIN   287
2021 10 02 01 03 MAX   587
2021 10 02 07 48 MIN   312
2021 10 02 13 30 MAX   523
2021 10 02 19 36 MIN   242
2021 10 03 02 10 MAX   642
2021 10 03 08 41 MIN   244
2021 10 03 14 29 MAX   596
2021 10 03 20 36 MIN   176
2021 10 04 02 56 MAX   701
2021 10 04 09 20 MIN   174
2021 10 04 15 13 MAX   669
2021 10 04 21 24 MIN   111
2021 10 05 03 35 MAX   752
2021 10 05 09 57 MIN   110
2021 10 05 15 53 MAX   732
2021 10 05 22 07 MIN    58
2021 10 06 04 12 MAX   789
2021 10 06 10 33 MIN    57
2021 10 06 16 31 MAX   781
2021 10 06 22 48 MIN    23
2021 10 07 04 48 MAX   809
2021 10 07 11 08 MIN    19
2021 10 07 17 09 MAX   813
2021 10 07 23 28 MIN     9
2021 10 08 05 24 MAX   810
2021 10 08 11 43 MIN    -4
2021 10 08 17 47 MAX   828
2021 10 09 00 07 MIN    17
2021 10 09 06 00 MAX   793
2021 10 09 12 18 MIN    -9
2021 10 09 18 26 MAX   825
2021 10 10 00 47 MIN    47
2021 10 10 06 36 MAX   759
2021 10 10 12 53 MIN     6
2021 10 10 19 06 MAX   804
2021 10 11 01 28 MIN    96
2021 10 11 07 14 MAX   710
2021 10 11 13 30 MIN    40
2021 10 11 19 51 MAX   765
2021 10 12 02 14 MIN   160
2021 10 12 07 56 MAX   650
2021 10 12 14 12 MIN    93
2021 10 12 20 43 MAX   712
2021 10 13 03 09 MIN   230
2021 10 13 08 48 MAX   584
2021 10 13 15 05 MIN   160
2021 10 13 21 51 MAX   655
2021 10 14 04 29 MIN   286
2021 10 14 10 07 MAX   527
2021 10 14 16 26 MIN   220
2021 10 14 23 31 MAX   623
2021 10 15 06 20 MIN   290
2021 10 15 12 04 MAX   519
2021 10 15 18 17 MIN   236
2021 10 16 01 10 MAX   639
2021 10 16 07 46 MIN   243
2021 10 16 13 38 MAX   572
2021 10 16 19 46 MIN   199
2021 10 17 02 17 MAX   678
2021 10 17 08 42 MIN   183
2021 10 17 14 38 MAX   643
2021 10 17 20 46 MIN   148
2021 10 18 03 04 MAX   713
2021 10 18 09 24 MIN   130
2021 10 18 15 22 MAX   704
2021 10 18 21 33 MIN   105
2021 10 19 03 42 MAX   737
2021 10 19 09 59 MIN    90
2021 10 19 15 59 MAX   747
2021 10 19 22 12 MIN    79
2021 10 20 04 14 MAX   747
2021 10 20 10 31 MIN    63
2021 10 20 16 32 MAX   772
2021 10 20 22 46 MIN    67
2021 10 21 04 43 MAX   746
2021 10 21 10 59 MIN    49
2021 10 21 17 03 MAX   783
2021 10 21 23 18 MIN    70
2021 10 22 05 11 MAX   737
2021 10 22 11 26 MIN    44
2021 10 22 17 33 MAX   781
2021 10 22 23 49 MIN    83
2021 10 23 05 38 MAX   722
2021 10 23 11 51 MIN    47
2021 10 23 18 02 MAX   771
2021 10 24 00 18 MIN   106
2021 10 24 06 04 MAX   700
2021 10 24 12 16 MIN    58
2021 10 24 18 31 MAX   754
2021 10 25 00 47 MIN   139
2021 10 25 06 31 MAX   671
2021 10 25 12 42 MIN    79
2021 10 25 19 00 MAX   729
2021 10 26 01 17 MIN   179
2021 10 26 06 59 MAX   636
2021 10 26 13 09 MIN   110
2021 10 26 19 31 MAX   696
2021 10 27 01 50 MIN   224
2021 10 27 07 29 MAX   596
2021 10 27 13 41 MIN   152
2021 10 27 20 09 MAX   656
2021 10 28 02 29 MIN   271
2021 10 28 08 08 MAX   551
2021 10 28 14 20 MIN   202
2021 10 28 20 59 MAX   613
2021 10 29 03 27 MIN   313
2021 10 29 09 07 MAX   506
2021 10 29 15 22 MIN   254
2021 10 29 22 17 MAX   580
2021 10 30 05 06 MIN   328
2021 10 30 10 53 MAX   486
2021 10 30 17 06 MIN   280
2021 10 30 23 59 MAX   583
2021 10 31 06 49 MIN   289
2021 10 31 12 44 MAX   526
2021 10 31 18 50 MIN   251
2021 11 01 01 18 MAX   624
2021 11 01 07 52 MIN   222
2021 11 01 13 51 MAX   599
2021 11 01 20 00 MIN   189
2021 11 02 02 12 MAX   677
2021 11 02 08 37 MIN   149
2021 11 02 14 40 MAX   677
2021 11 02 20 52 MIN   125
2021 11 03 02 57 MAX   724
2021 11 03 09 18 MIN    83
2021 11 03 15 23 MAX   746
2021 11 03 21 39 MIN    73
2021 11 04 03 37 MAX   758
2021 11 04 09 57 MIN    29
2021 11 04 16 03 MAX   799
2021 11 04 22 24 MIN    39
2021 11 05 04 17 MAX   774
2021 11 05 10 35 MIN    -9
2021 11 05 16 44 MAX   833
2021 11 05 23 07 MIN    28
2021 11 06 04 57 MAX   771
2021 11 06 11 13 MIN   -28
2021 11 06 17 26 MAX   846
2021 11 06 23 50 MIN    38
2021 11 07 05 37 MAX   753
2021 11 07 11 52 MIN   -28
2021 11 07 18 08 MAX   839
2021 11 08 00 34 MIN    67
2021 11 08 06 17 MAX   720
2021 11 08 12 31 MIN    -8
2021 11 08 18 53 MAX   814
2021 11 09 01 19 MIN   112
2021 11 09 07 00 MAX   677
2021 11 09 13 13 MIN    32
2021 11 09 19 40 MAX   772
2021 11 10 02 08 MIN   165
2021 11 10 07 47 MAX   627
2021 11 10 13 59 MIN    88
2021 11 10 20 33 MAX   717
2021 11 11 03 06 MIN   217
2021 11 11 08 43 MAX   576
2021 11 11 14 55 MIN   154
2021 11 11 21 38 MAX   662
2021 11 12 04 19 MIN   255
2021 11 12 10 00 MAX   536
2021 11 12 16 11 MIN   213
2021 11 12 23 02 MAX   623
2021 11 13 05 48 MIN   257
2021 11 13 11 40 MAX   535
2021 11 13 17 48 MIN   237
2021 11 14 00 30 MAX   617
2021 11 14 07 05 MIN   225
2021 11 14 13 07 MAX   577
2021 11 14 19 15 MIN   220
2021 11 15 01 37 MAX   634
2021 11 15 08 02 MIN   178
2021 11 15 14 08 MAX   634
2021 11 15 20 17 MIN   184
2021 11 16 02 27 MAX   656
2021 11 16 08 46 MIN   133
2021 11 16 14 54 MAX   687
2021 11 16 21 05 MIN   151
2021 11 17 03 07 MAX   675
2021 11 17 09 22 MIN    97
2021 11 17 15 32 MAX   726
2021 11 17 21 46 MIN   126
2021 11 18 03 40 MAX   686
2021 11 18 09 55 MIN    71
2021 11 18 16 06 MAX   750
2021 11 18 22 21 MIN   113
2021 11 19 04 12 MAX   690
2021 11 19 10 24 MIN    55
2021 11 19 16 37 MAX   763
2021 11 19 22 54 MIN   110
2021 11 20 04 41 MAX   688
2021 11 20 10 53 MIN    48
2021 11 20 17 08 MAX   766
2021 11 20 23 27 MIN   117
2021 11 21 05 11 MAX   679
2021 11 21 11 21 MIN    48
2021 11 21 17 38 MAX   762
2021 11 21 23 58 MIN   132
2021 11 22 05 40 MAX   665
2021 11 22 11 49 MIN    56
2021 11 22 18 09 MAX   750
2021 11 23 00 29 MIN   154
2021 11 23 06 10 MAX   647
2021 11 23 12 18 MIN    72
2021 11 23 18 39 MAX   733
2021 11 24 01 01 MIN   180
2021 11 24 06 41 MAX   624
2021 11 24 12 49 MIN    97
2021 11 24 19 12 MAX   709
2021 11 25 01 35 MIN   208
2021 11 25 07 15 MAX   596
2021 11 25 13 23 MIN   131
2021 11 25 19 49 MAX   680
2021 11 26 02 14 MIN   237
2021 11 26 07 55 MAX   565
2021 11 26 14 05 MIN   172
2021 11 26 20 34 MAX   646
2021 11 27 03 06 MIN   260
2021 11 27 08 51 MAX   535
2021 11 27 15 00 MIN   217
2021 11 27 21 34 MAX   615
2021 11 28 04 16 MIN   269
2021 11 28 10 11 MAX   520
2021 11 28 16 19 MIN   248
2021 11 28 22 52 MAX   599
2021 11 29 05 39 MIN   249
2021 11 29 11 45 MAX   541
2021 11 29 17 53 MIN   245
2021 11 30 00 14 MAX   610
2021 11 30 06 50 MIN   201
2021 11 30 13 03 MAX   599
2021 11 30 19 13 MIN   208
2021 12 01 01 20 MAX   641
2021 12 01 07 48 MIN   140
2021 12 01 14 01 MAX   669
2021 12 01 20 17 MIN   158
2021 12 02 02 15 MAX   676
2021 12 02 08 36 MIN    80
2021 12 02 14 51 MAX   735
2021 12 02 21 12 MIN   113
2021 12 03 03 04 MAX   703
2021 12 03 09 21 MIN    30
2021 12 03 15 38 MAX   788
2021 12 03 22 02 MIN    82
2021 12 04 03 50 MAX   717
2021 12 04 10 05 MIN    -5
2021 12 04 16 24 MAX   822
2021 12 04 22 51 MIN    69
2021 12 05 04 35 MAX   719
2021 12 05 10 50 MIN   -23
2021 12 05 17 10 MAX   836
2021 12 05 23 39 MIN    73
2021 12 06 05 20 MAX   709
2021 12 06 11 34 MIN   -24
2021 12 06 17 57 MAX   831
2021 12 07 00 26 MIN    90
2021 12 07 06 06 MAX   690
2021 12 07 12 19 MIN    -8
2021 12 07 18 44 MAX   810
2021 12 08 01 14 MIN   116
2021 12 08 06 52 MAX   665
2021 12 08 13 04 MIN    25
2021 12 08 19 32 MAX   774
2021 12 09 02 02 MIN   148
2021 12 09 07 41 MAX   634
2021 12 09 13 52 MIN    73
2021 12 09 20 21 MAX   727
2021 12 10 02 53 MIN   181
2021 12 10 08 34 MAX   601
2021 12 10 14 44 MIN   131
2021 12 10 21 14 MAX   675
2021 12 11 03 49 MIN   208
2021 12 11 09 38 MAX   571
2021 12 11 15 45 MIN   189
2021 12 11 22 14 MAX   626
2021 12 12 04 54 MIN   223
2021 12 12 10 53 MAX   556
2021 12 12 16 59 MIN   234
2021 12 12 23 25 MAX   592
2021 12 13 06 03 MIN   218
2021 12 13 12 15 MAX   567
2021 12 13 18 21 MIN   250
2021 12 14 00 36 MAX   580
2021 12 14 07 07 MIN   195
2021 12 14 13 25 MAX   601
2021 12 14 19 35 MIN   238
2021 12 15 01 38 MAX   586
2021 12 15 08 00 MIN   163
2021 12 15 14 19 MAX   641
2021 12 15 20 32 MIN   213
2021 12 16 02 26 MAX   601
2021 12 16 08 43 MIN   132
2021 12 16 15 03 MAX   678
2021 12 16 21 19 MIN   188
2021 12 17 03 07 MAX   617
2021 12 17 09 20 MIN   105
2021 12 17 15 41 MAX   706
2021 12 17 21 59 MIN   169
2021 12 18 03 44 MAX   630
2021 12 18 09 54 MIN    84
2021 12 18 16 16 MAX   726
2021 12 18 22 36 MIN   157
2021 12 19 04 18 MAX   639
2021 12 19 10 27 MIN    70
2021 12 19 16 50 MAX   738
2021 12 19 23 10 MIN   153
2021 12 20 04 51 MAX   643
2021 12 20 10 59 MIN    61
2021 12 20 17 22 MAX   743
2021 12 20 23 44 MIN   154
2021 12 21 05 24 MAX   643
2021 12 21 11 33 MIN    60
2021 12 21 17 55 MAX   742
2021 12 22 00 17 MIN   160
2021 12 22 05 57 MAX   638
2021 12 22 12 06 MIN    66
2021 12 22 18 27 MAX   735
2021 12 23 00 51 MIN   168
2021 12 23 06 31 MAX   630
2021 12 23 12 40 MIN    80
2021 12 23 19 00 MAX   723
2021 12 24 01 25 MIN   176
2021 12 24 07 07 MAX   617
2021 12 24 13 16 MIN   103
2021 12 24 19 35 MAX   706
2021 12 25 02 02 MIN   185
2021 12 25 07 46 MAX   601
2021 12 25 13 56 MIN   133
2021 12 25 20 14 MAX   682
2021 12 26 02 44 MIN   194
2021 12 26 08 35 MAX   583
2021 12 26 14 44 MIN   170
2021 12 26 21 01 MAX   654
2021 12 27 03 34 MIN   200
2021 12 27 09 35 MAX   570
2021 12 27 15 43 MIN   206
2021 12 27 21 59 MAX   624
2021 12 28 04 36 MIN   198
2021 12 28 10 49 MAX   572
2021 12 28 16 58 MIN   230
2021 12 28 23 10 MAX   603
2021 12 29 05 45 MIN   182
2021 12 29 12 09 MAX   599
2021 12 29 18 23 MIN   230
2021 12 30 00 25 MAX   600
2021 12 30 06 54 MIN   148
2021 12 30 13 22 MAX   648
2021 12 30 19 42 MIN   205
2021 12 31 01 36 MAX   613
2021 12 31 07 57 MIN   104
2021 12 31 14 24 MAX   704
2021 12 31 20 50 MIN   169
