 <API - 조위예측극치자료>

대상조위관측소 : 도농탄
위도(WGS84) : N 126.2747
경도(WGS84) : E 33.1581
관측기관 : 20201221 ~ 20220101

2020 12 21 02 27 MAX   178
2020 12 21 08 32 MIN    80
2020 12 21 15 28 MAX   215
2020 12 21 22 03 MIN   107
2020 12 22 03 40 MAX   171
2020 12 22 09 33 MIN   102
2020 12 22 16 18 MAX   202
2020 12 22 23 08 MIN   102
2020 12 23 05 17 MAX   172
2020 12 23 10 51 MIN   117
2020 12 23 17 19 MAX   192
2020 12 24 00 09 MIN    92
2020 12 24 06 46 MAX   182
2020 12 24 12 20 MIN   121
2020 12 24 18 21 MAX   187
2020 12 25 00 58 MIN    79
2020 12 25 07 44 MAX   196
2020 12 25 13 31 MIN   115
2020 12 25 19 13 MAX   186
2020 12 26 01 38 MIN    64
2020 12 26 08 29 MAX   210
2020 12 26 14 24 MIN   106
2020 12 26 19 57 MAX   186
2020 12 27 02 14 MIN    48
2020 12 27 09 08 MAX   223
2020 12 27 15 06 MIN    96
2020 12 27 20 36 MAX   189
2020 12 28 02 47 MIN    32
2020 12 28 09 43 MAX   236
2020 12 28 15 43 MIN    86
2020 12 28 21 11 MAX   193
2020 12 29 03 21 MIN    16
2020 12 29 10 18 MAX   248
2020 12 29 16 17 MIN    78
2020 12 29 21 46 MAX   199
2020 12 30 03 55 MIN     3
2020 12 30 10 52 MAX   257
2020 12 30 16 51 MIN    72
2020 12 30 22 22 MAX   204
2020 12 31 04 32 MIN    -6
2020 12 31 11 28 MAX   264
2020 12 31 17 27 MIN    69
2020 12 31 22 59 MAX   209
2021 01 01 05 10 MIN    -9
2021 01 01 12 04 MAX   267
2021 01 01 18 04 MIN    69
2021 01 01 23 38 MAX   210
2021 01 02 05 49 MIN    -6
2021 01 02 12 43 MAX   266
2021 01 02 18 44 MIN    70
2021 01 03 00 21 MAX   209
2021 01 03 06 33 MIN     6
2021 01 03 13 23 MAX   259
2021 01 03 19 28 MIN    73
2021 01 04 01 08 MAX   204
2021 01 04 07 20 MIN    23
2021 01 04 14 05 MAX   249
2021 01 04 20 17 MIN    75
2021 01 05 02 03 MAX   197
2021 01 05 08 13 MIN    44
2021 01 05 14 52 MAX   236
2021 01 05 21 12 MIN    74
2021 01 06 03 09 MAX   191
2021 01 06 09 16 MIN    66
2021 01 06 15 44 MAX   221
2021 01 06 22 14 MIN    69
2021 01 07 04 32 MAX   191
2021 01 07 10 31 MIN    84
2021 01 07 16 44 MAX   208
2021 01 07 23 20 MIN    58
2021 01 08 06 03 MAX   200
2021 01 08 11 57 MIN    92
2021 01 08 17 53 MAX   199
2021 01 09 00 25 MIN    42
2021 01 09 07 22 MAX   217
2021 01 09 13 19 MIN    90
2021 01 09 19 00 MAX   195
2021 01 10 01 24 MIN    23
2021 01 10 08 26 MAX   237
2021 01 10 14 26 MIN    81
2021 01 10 19 59 MAX   197
2021 01 11 02 17 MIN     4
2021 01 11 09 21 MAX   255
2021 01 11 15 22 MIN    70
2021 01 11 20 52 MAX   203
2021 01 12 03 07 MIN   -13
2021 01 12 10 10 MAX   269
2021 01 12 16 10 MIN    61
2021 01 12 21 40 MAX   209
2021 01 13 03 53 MIN   -24
2021 01 13 10 55 MAX   278
2021 01 13 16 53 MIN    56
2021 01 13 22 25 MAX   215
2021 01 14 04 37 MIN   -27
2021 01 14 11 36 MAX   279
2021 01 14 17 34 MIN    55
2021 01 14 23 08 MAX   218
2021 01 15 05 18 MIN   -21
2021 01 15 12 14 MAX   274
2021 01 15 18 12 MIN    58
2021 01 15 23 48 MAX   218
2021 01 16 05 58 MIN    -7
2021 01 16 12 49 MAX   264
2021 01 16 18 49 MIN    64
2021 01 17 00 28 MAX   213
2021 01 17 06 36 MIN    13
2021 01 17 13 21 MAX   250
2021 01 17 19 26 MIN    72
2021 01 18 01 09 MAX   206
2021 01 18 07 13 MIN    39
2021 01 18 13 51 MAX   234
2021 01 18 20 03 MIN    79
2021 01 19 01 52 MAX   196
2021 01 19 07 52 MIN    65
2021 01 19 14 21 MAX   218
2021 01 19 20 44 MIN    85
2021 01 20 02 42 MAX   185
2021 01 20 08 35 MIN    91
2021 01 20 14 53 MAX   202
2021 01 20 21 31 MIN    88
2021 01 21 03 48 MAX   176
2021 01 21 09 30 MIN   114
2021 01 21 15 34 MAX   186
2021 01 21 22 30 MIN    88
2021 01 22 05 24 MAX   175
2021 01 22 10 54 MIN   129
2021 01 22 16 34 MAX   173
2021 01 22 23 40 MIN    83
2021 01 23 07 02 MAX   184
2021 01 23 12 52 MIN   130
2021 01 23 17 59 MAX   166
2021 01 24 00 45 MIN    72
2021 01 24 08 06 MAX   198
2021 01 24 14 10 MIN   120
2021 01 24 19 14 MAX   167
2021 01 25 01 38 MIN    57
2021 01 25 08 52 MAX   213
2021 01 25 14 57 MIN   106
2021 01 25 20 08 MAX   173
2021 01 26 02 23 MIN    38
2021 01 26 09 30 MAX   229
2021 01 26 15 33 MIN    91
2021 01 26 20 52 MAX   184
2021 01 27 03 04 MIN    18
2021 01 27 10 05 MAX   244
2021 01 27 16 05 MIN    76
2021 01 27 21 33 MAX   196
2021 01 28 03 42 MIN    -1
2021 01 28 10 38 MAX   257
2021 01 28 16 36 MIN    63
2021 01 28 22 12 MAX   209
2021 01 29 04 21 MIN   -16
2021 01 29 11 12 MAX   268
2021 01 29 17 10 MIN    51
2021 01 29 22 51 MAX   220
2021 01 30 05 00 MIN   -25
2021 01 30 11 47 MAX   275
2021 01 30 17 44 MIN    43
2021 01 30 23 31 MAX   227
2021 01 31 05 40 MIN   -24
2021 01 31 12 23 MAX   275
2021 01 31 18 22 MIN    39
2021 02 01 00 14 MAX   230
2021 02 01 06 22 MIN   -13
2021 02 01 12 59 MAX   268
2021 02 01 19 01 MIN    38
2021 02 02 00 59 MAX   227
2021 02 02 07 06 MIN     7
2021 02 02 13 36 MAX   255
2021 02 02 19 44 MIN    41
2021 02 03 01 50 MAX   219
2021 02 03 07 55 MIN    35
2021 02 03 14 16 MAX   236
2021 02 03 20 31 MIN    46
2021 02 04 02 48 MAX   209
2021 02 04 08 50 MIN    66
2021 02 04 14 59 MAX   215
2021 02 04 21 27 MIN    51
2021 02 05 04 04 MAX   200
2021 02 05 10 02 MIN    95
2021 02 05 15 53 MAX   193
2021 02 05 22 35 MIN    53
2021 02 06 05 43 MAX   200
2021 02 06 11 41 MIN   111
2021 02 06 17 09 MAX   177
2021 02 06 23 53 MIN    49
2021 02 07 07 19 MAX   211
2021 02 07 13 22 MIN   109
2021 02 07 18 38 MAX   173
2021 02 08 01 08 MIN    38
2021 02 08 08 30 MAX   228
2021 02 08 14 33 MIN    96
2021 02 08 19 51 MAX   179
2021 02 09 02 10 MIN    21
2021 02 09 09 23 MAX   245
2021 02 09 15 23 MIN    80
2021 02 09 20 48 MAX   192
2021 02 10 03 02 MIN     5
2021 02 10 10 07 MAX   257
2021 02 10 16 03 MIN    65
2021 02 10 21 36 MAX   206
2021 02 11 03 47 MIN    -9
2021 02 11 10 44 MAX   265
2021 02 11 16 38 MIN    53
2021 02 11 22 19 MAX   219
2021 02 12 04 27 MIN   -16
2021 02 12 11 17 MAX   268
2021 02 12 17 12 MIN    45
2021 02 12 22 57 MAX   228
2021 02 13 05 04 MIN   -15
2021 02 13 11 48 MAX   266
2021 02 13 17 43 MIN    42
2021 02 13 23 34 MAX   232
2021 02 14 05 39 MIN    -6
2021 02 14 12 16 MAX   259
2021 02 14 18 14 MIN    43
2021 02 15 00 09 MAX   230
2021 02 15 06 13 MIN    11
2021 02 15 12 42 MAX   248
2021 02 15 18 44 MIN    47
2021 02 16 00 45 MAX   224
2021 02 16 06 46 MIN    33
2021 02 16 13 07 MAX   234
2021 02 16 19 13 MIN    54
2021 02 17 01 21 MAX   215
2021 02 17 07 18 MIN    59
2021 02 17 13 30 MAX   219
2021 02 17 19 44 MIN    61
2021 02 18 02 01 MAX   203
2021 02 18 07 54 MIN    86
2021 02 18 13 56 MAX   202
2021 02 18 20 19 MIN    70
2021 02 19 02 51 MAX   191
2021 02 19 08 37 MIN   111
2021 02 19 14 24 MAX   185
2021 02 19 21 04 MIN    78
2021 02 20 04 03 MAX   181
2021 02 20 09 43 MIN   132
2021 02 20 15 05 MAX   168
2021 02 20 22 10 MIN    84
2021 02 21 05 56 MAX   180
2021 02 21 12 06 MIN   140
2021 02 21 16 33 MAX   154
2021 02 21 23 41 MIN    82
2021 02 22 07 35 MAX   192
2021 02 22 14 04 MIN   127
2021 02 22 18 34 MAX   154
2021 02 23 01 02 MIN    69
2021 02 23 08 30 MAX   208
2021 02 23 14 45 MIN   109
2021 02 23 19 48 MAX   165
2021 02 24 02 00 MIN    48
2021 02 24 09 09 MAX   225
2021 02 24 15 15 MIN    89
2021 02 24 20 38 MAX   182
2021 02 25 02 46 MIN    24
2021 02 25 09 43 MAX   242
2021 02 25 15 43 MIN    69
2021 02 25 21 21 MAX   201
2021 02 26 03 27 MIN     0
2021 02 26 10 16 MAX   258
2021 02 26 16 13 MIN    48
2021 02 26 22 00 MAX   220
2021 02 27 04 06 MIN   -19
2021 02 27 10 49 MAX   271
2021 02 27 16 45 MIN    30
2021 02 27 22 40 MAX   237
2021 02 28 04 46 MIN   -31
2021 02 28 11 22 MAX   278
2021 02 28 17 19 MIN    15
2021 02 28 23 22 MAX   249
2021 03 01 05 26 MIN   -30
2021 03 01 11 56 MAX   277
2021 03 01 17 55 MIN     6
2021 03 02 00 04 MAX   254
2021 03 02 06 08 MIN   -16
2021 03 02 12 31 MAX   268
2021 03 02 18 33 MIN     5
2021 03 03 00 49 MAX   251
2021 03 03 06 52 MIN     9
2021 03 03 13 06 MAX   251
2021 03 03 19 12 MIN    11
2021 03 04 01 38 MAX   241
2021 03 04 07 39 MIN    43
2021 03 04 13 42 MAX   228
2021 03 04 19 56 MIN    24
2021 03 05 02 34 MAX   226
2021 03 05 08 33 MIN    79
2021 03 05 14 21 MAX   203
2021 03 05 20 48 MIN    40
2021 03 06 03 48 MAX   210
2021 03 06 09 50 MIN   111
2021 03 06 15 11 MAX   178
2021 03 06 21 57 MIN    56
2021 03 07 05 36 MAX   203
2021 03 07 11 50 MIN   126
2021 03 07 16 37 MAX   160
2021 03 07 23 30 MIN    63
2021 03 08 07 22 MAX   211
2021 03 08 13 40 MIN   116
2021 03 08 18 36 MAX   159
2021 03 09 01 00 MIN    57
2021 03 09 08 31 MAX   225
2021 03 09 14 36 MIN    98
2021 03 09 19 57 MAX   174
2021 03 10 02 06 MIN    42
2021 03 10 09 16 MAX   237
2021 03 10 15 14 MIN    80
2021 03 10 20 50 MAX   193
2021 03 11 02 55 MIN    26
2021 03 11 09 51 MAX   245
2021 03 11 15 45 MIN    62
2021 03 11 21 32 MAX   211
2021 03 12 03 35 MIN    12
2021 03 12 10 22 MAX   251
2021 03 12 16 15 MIN    47
2021 03 12 22 09 MAX   226
2021 03 13 04 12 MIN     4
2021 03 13 10 49 MAX   254
2021 03 13 16 43 MIN    36
2021 03 13 22 43 MAX   237
2021 03 14 04 46 MIN     2
2021 03 14 11 15 MAX   253
2021 03 14 17 11 MIN    29
2021 03 14 23 16 MAX   243
2021 03 15 05 18 MIN     8
2021 03 15 11 39 MAX   248
2021 03 15 17 38 MIN    26
2021 03 15 23 49 MAX   243
2021 03 16 05 49 MIN    21
2021 03 16 12 03 MAX   239
2021 03 16 18 04 MIN    28
2021 03 17 00 21 MAX   240
2021 03 17 06 20 MIN    41
2021 03 17 12 26 MAX   228
2021 03 17 18 29 MIN    33
2021 03 18 00 55 MAX   232
2021 03 18 06 51 MIN    64
2021 03 18 12 48 MAX   214
2021 03 18 18 56 MIN    42
2021 03 19 01 32 MAX   221
2021 03 19 07 25 MIN    88
2021 03 19 13 11 MAX   198
2021 03 19 19 27 MIN    54
2021 03 20 02 15 MAX   208
2021 03 20 08 06 MIN   112
2021 03 20 13 36 MAX   182
2021 03 20 20 05 MIN    67
2021 03 21 03 13 MAX   195
2021 03 21 09 08 MIN   132
2021 03 21 14 09 MAX   166
2021 03 21 21 04 MIN    81
2021 03 22 04 45 MAX   187
2021 03 22 11 21 MIN   141
2021 03 22 15 30 MAX   150
2021 03 22 22 40 MIN    88
2021 03 23 06 41 MAX   192
2021 03 23 13 36 MIN   127
2021 03 23 17 58 MAX   149
2021 03 24 00 22 MIN    80
2021 03 24 07 51 MAX   206
2021 03 24 14 14 MIN   106
2021 03 24 19 28 MAX   165
2021 03 25 01 31 MIN    59
2021 03 25 08 33 MAX   223
2021 03 25 14 42 MIN    83
2021 03 25 20 21 MAX   187
2021 03 26 02 22 MIN    34
2021 03 26 09 08 MAX   239
2021 03 26 15 11 MIN    57
2021 03 26 21 04 MAX   211
2021 03 27 03 06 MIN     9
2021 03 27 09 43 MAX   254
2021 03 27 15 42 MIN    31
2021 03 27 21 45 MAX   234
2021 03 28 03 47 MIN   -11
2021 03 28 10 16 MAX   266
2021 03 28 16 15 MIN     7
2021 03 28 22 27 MAX   255
2021 03 29 04 29 MIN   -21
2021 03 29 10 51 MAX   271
2021 03 29 16 50 MIN   -11
2021 03 29 23 09 MAX   270
2021 03 30 05 10 MIN   -18
2021 03 30 11 26 MAX   268
2021 03 30 17 26 MIN   -21
2021 03 30 23 53 MAX   275
2021 03 31 05 53 MIN    -1
2021 03 31 12 01 MAX   257
2021 03 31 18 04 MIN   -20
2021 04 01 00 38 MAX   271
2021 04 01 06 39 MIN    27
2021 04 01 12 37 MAX   237
2021 04 01 18 45 MIN    -8
2021 04 02 01 29 MAX   258
2021 04 02 07 28 MIN    62
2021 04 02 13 13 MAX   214
2021 04 02 19 27 MIN    12
2021 04 03 02 26 MAX   239
2021 04 03 08 28 MIN    97
2021 04 03 13 52 MAX   189
2021 04 03 20 18 MIN    38
2021 04 04 03 42 MAX   219
2021 04 04 09 56 MIN   123
2021 04 04 14 44 MAX   166
2021 04 04 21 29 MIN    63
2021 04 05 05 29 MAX   209
2021 04 05 12 05 MIN   127
2021 04 05 16 30 MAX   151
2021 04 05 23 12 MIN    78
2021 04 06 07 09 MAX   213
2021 04 06 13 33 MIN   114
2021 04 06 18 47 MAX   159
2021 04 07 00 49 MIN    76
2021 04 07 08 10 MAX   220
2021 04 07 14 17 MIN    96
2021 04 07 19 58 MAX   179
2021 04 08 01 53 MIN    64
2021 04 08 08 50 MAX   226
2021 04 08 14 49 MIN    78
2021 04 08 20 43 MAX   199
2021 04 09 02 39 MIN    51
2021 04 09 09 20 MAX   231
2021 04 09 15 17 MIN    60
2021 04 09 21 20 MAX   216
2021 04 10 03 17 MIN    39
2021 04 10 09 47 MAX   234
2021 04 10 15 44 MIN    44
2021 04 10 21 53 MAX   230
2021 04 11 03 51 MIN    32
2021 04 11 10 12 MAX   236
2021 04 11 16 11 MIN    31
2021 04 11 22 25 MAX   240
2021 04 12 04 24 MIN    29
2021 04 12 10 37 MAX   235
2021 04 12 16 37 MIN    22
2021 04 12 22 57 MAX   247
2021 04 13 04 55 MIN    32
2021 04 13 11 01 MAX   231
2021 04 13 17 01 MIN    17
2021 04 13 23 28 MAX   250
2021 04 14 05 26 MIN    42
2021 04 14 11 24 MAX   225
2021 04 14 17 26 MIN    17
2021 04 15 00 00 MAX   249
2021 04 15 00 00 MAX   249
2021 04 15 05 58 MIN    58
2021 04 15 11 48 MAX   216
2021 04 15 17 52 MIN    21
2021 04 16 00 33 MAX   243
2021 04 16 06 30 MIN    76
2021 04 16 12 12 MAX   205
2021 04 16 18 20 MIN    30
2021 04 17 01 09 MAX   235
2021 04 17 07 06 MIN    96
2021 04 17 12 37 MAX   193
2021 04 17 18 51 MIN    44
2021 04 18 01 51 MAX   223
2021 04 18 07 50 MIN   116
2021 04 18 13 06 MAX   180
2021 04 18 19 31 MIN    61
2021 04 19 02 44 MAX   210
2021 04 19 08 55 MIN   131
2021 04 19 13 46 MAX   165
2021 04 19 20 27 MIN    78
2021 04 20 03 59 MAX   201
2021 04 20 10 40 MIN   135
2021 04 20 15 10 MAX   153
2021 04 20 21 58 MIN    89
2021 04 21 05 32 MAX   200
2021 04 21 12 27 MIN   123
2021 04 21 17 21 MAX   154
2021 04 21 23 37 MIN    86
2021 04 22 06 49 MAX   209
2021 04 22 13 20 MIN   102
2021 04 22 18 57 MAX   171
2021 04 23 00 54 MIN    70
2021 04 23 07 41 MAX   221
2021 04 23 13 57 MIN    76
2021 04 23 19 55 MAX   195
2021 04 24 01 51 MIN    48
2021 04 24 08 23 MAX   234
2021 04 24 14 31 MIN    47
2021 04 24 20 42 MAX   221
2021 04 25 02 40 MIN    26
2021 04 25 09 02 MAX   246
2021 04 25 15 07 MIN    17
2021 04 25 21 26 MAX   247
2021 04 26 03 26 MIN    10
2021 04 26 09 40 MAX   254
2021 04 26 15 43 MIN    -8
2021 04 26 22 10 MAX   268
2021 04 27 04 11 MIN     4
2021 04 27 10 17 MAX   256
2021 04 27 16 21 MIN   -27
2021 04 27 22 55 MAX   283
2021 04 28 04 56 MIN     9
2021 04 28 10 56 MAX   251
2021 04 28 17 00 MIN   -35
2021 04 28 23 42 MAX   289
2021 04 29 05 42 MIN    26
2021 04 29 11 33 MAX   239
2021 04 29 17 40 MIN   -31
2021 04 30 00 30 MAX   283
2021 04 30 06 31 MIN    52
2021 04 30 12 11 MAX   221
2021 04 30 18 22 MIN   -14
2021 05 01 01 22 MAX   269
2021 05 01 07 24 MIN    81
2021 05 01 12 51 MAX   201
2021 05 01 19 07 MIN    12
2021 05 02 02 21 MAX   249
2021 05 02 08 29 MIN   108
2021 05 02 13 35 MAX   181
2021 05 02 20 00 MIN    43
2021 05 03 03 34 MAX   230
2021 05 03 09 58 MIN   124
2021 05 03 14 37 MAX   163
2021 05 03 21 10 MIN    72
2021 05 04 05 04 MAX   217
2021 05 04 11 42 MIN   124
2021 05 04 16 30 MAX   156
2021 05 04 22 46 MIN    90
2021 05 05 06 29 MAX   213
2021 05 05 12 56 MIN   112
2021 05 05 18 34 MAX   166
2021 05 06 00 20 MIN    94
2021 05 06 07 27 MAX   213
2021 05 06 13 40 MIN    96
2021 05 06 19 41 MAX   185
2021 05 07 01 26 MIN    89
2021 05 07 08 06 MAX   214
2021 05 07 14 13 MIN    79
2021 05 07 20 25 MAX   202
2021 05 08 02 13 MIN    81
2021 05 08 08 37 MAX   216
2021 05 08 14 42 MIN    63
2021 05 08 21 01 MAX   216
2021 05 09 02 53 MIN    72
2021 05 09 09 04 MAX   217
2021 05 09 15 09 MIN    47
2021 05 09 21 34 MAX   229
2021 05 10 03 28 MIN    65
2021 05 10 09 31 MAX   217
2021 05 10 15 36 MIN    35
2021 05 10 22 06 MAX   239
2021 05 11 04 02 MIN    62
2021 05 11 09 57 MAX   216
2021 05 11 16 01 MIN    25
2021 05 11 22 37 MAX   247
2021 05 12 04 34 MIN    63
2021 05 12 10 23 MAX   214
2021 05 12 16 27 MIN    18
2021 05 12 23 09 MAX   252
2021 05 13 05 07 MIN    69
2021 05 13 10 50 MAX   211
2021 05 13 16 54 MIN    16
2021 05 13 23 42 MAX   253
2021 05 14 05 40 MIN    78
2021 05 14 11 16 MAX   206
2021 05 14 17 23 MIN    19
2021 05 15 00 17 MAX   251
2021 05 15 06 15 MIN    91
2021 05 15 11 45 MAX   200
2021 05 15 17 54 MIN    27
2021 05 16 00 54 MAX   244
2021 05 16 06 54 MIN   105
2021 05 16 12 16 MAX   192
2021 05 16 18 31 MIN    40
2021 05 17 01 36 MAX   236
2021 05 17 07 41 MIN   117
2021 05 17 12 52 MAX   182
2021 05 17 19 14 MIN    57
2021 05 18 02 26 MAX   226
2021 05 18 08 42 MIN   125
2021 05 18 13 43 MAX   172
2021 05 18 20 12 MIN    74
2021 05 19 03 27 MAX   218
2021 05 19 09 59 MIN   126
2021 05 19 15 02 MAX   165
2021 05 19 21 29 MIN    86
2021 05 20 04 35 MAX   214
2021 05 20 11 17 MIN   115
2021 05 20 16 44 MAX   167
2021 05 20 22 54 MIN    88
2021 05 21 05 43 MAX   216
2021 05 21 12 18 MIN    95
2021 05 21 18 15 MAX   182
2021 05 22 00 12 MIN    81
2021 05 22 06 43 MAX   221
2021 05 22 13 07 MIN    69
2021 05 22 19 23 MAX   205
2021 05 23 01 18 MIN    67
2021 05 23 07 33 MAX   228
2021 05 23 13 50 MIN    41
2021 05 23 20 17 MAX   230
2021 05 24 02 15 MIN    53
2021 05 24 08 19 MAX   234
2021 05 24 14 32 MIN    13
2021 05 24 21 07 MAX   255
2021 05 25 03 06 MIN    43
2021 05 25 09 03 MAX   237
2021 05 25 15 13 MIN   -11
2021 05 25 21 56 MAX   275
2021 05 26 03 56 MIN    39
2021 05 26 09 46 MAX   237
2021 05 26 15 55 MIN   -27
2021 05 26 22 44 MAX   289
2021 05 27 04 45 MIN    43
2021 05 27 10 28 MAX   233
2021 05 27 16 38 MIN   -32
2021 05 27 23 34 MAX   293
2021 05 28 05 34 MIN    56
2021 05 28 11 10 MAX   225
2021 05 28 17 22 MIN   -26
2021 05 29 00 25 MAX   288
2021 05 29 06 26 MIN    74
2021 05 29 11 53 MAX   213
2021 05 29 18 07 MIN    -8
2021 05 30 01 17 MAX   275
2021 05 30 07 20 MIN    93
2021 05 30 12 38 MAX   200
2021 05 30 18 54 MIN    19
2021 05 31 02 12 MAX   258
2021 05 31 08 21 MIN   110
2021 05 31 13 28 MAX   186
2021 05 31 19 47 MIN    49
2021 06 01 03 12 MAX   240
2021 06 01 09 31 MIN   120
2021 06 01 14 32 MAX   175
2021 06 01 20 49 MIN    78
2021 06 02 04 16 MAX   224
2021 06 02 10 48 MIN   121
2021 06 02 16 03 MAX   169
2021 06 02 22 04 MIN   101
2021 06 03 05 23 MAX   213
2021 06 03 11 56 MIN   113
2021 06 03 17 52 MAX   175
2021 06 03 23 28 MIN   114
2021 06 04 06 21 MAX   207
2021 06 04 12 48 MIN   101
2021 06 04 19 08 MAX   188
2021 06 05 00 43 MIN   116
2021 06 05 07 06 MAX   204
2021 06 05 13 27 MIN    87
2021 06 05 19 59 MAX   202
2021 06 06 01 41 MIN   113
2021 06 06 07 43 MAX   202
2021 06 06 14 01 MIN    73
2021 06 06 20 39 MAX   214
2021 06 07 02 27 MIN   107
2021 06 07 08 17 MAX   202
2021 06 07 14 32 MIN    59
2021 06 07 21 15 MAX   226
2021 06 08 03 08 MIN   100
2021 06 08 08 49 MAX   202
2021 06 08 15 01 MIN    47
2021 06 08 21 49 MAX   236
2021 06 09 03 44 MIN    95
2021 06 09 09 19 MAX   203
2021 06 09 15 30 MIN    36
2021 06 09 22 22 MAX   245
2021 06 10 04 19 MIN    93
2021 06 10 09 50 MAX   203
2021 06 10 15 59 MIN    27
2021 06 10 22 56 MAX   252
2021 06 11 04 54 MIN    93
2021 06 11 10 21 MAX   204
2021 06 11 16 31 MIN    22
2021 06 11 23 30 MAX   256
2021 06 12 05 28 MIN    96
2021 06 12 10 53 MAX   205
2021 06 12 17 04 MIN    22
2021 06 13 00 06 MAX   257
2021 06 13 06 04 MIN   101
2021 06 13 11 27 MAX   203
2021 06 13 17 41 MIN    27
2021 06 14 00 44 MAX   255
2021 06 14 06 43 MIN   108
2021 06 14 12 04 MAX   200
2021 06 14 18 21 MIN    38
2021 06 15 01 24 MAX   250
2021 06 15 07 28 MIN   113
2021 06 15 12 47 MAX   195
2021 06 15 19 06 MIN    52
2021 06 16 02 08 MAX   243
2021 06 16 08 20 MIN   116
2021 06 16 13 40 MAX   189
2021 06 16 20 00 MIN    68
2021 06 17 02 56 MAX   236
2021 06 17 09 18 MIN   114
2021 06 17 14 48 MAX   185
2021 06 17 21 03 MIN    83
2021 06 18 03 49 MAX   229
2021 06 18 10 21 MIN   105
2021 06 18 16 10 MAX   186
2021 06 18 22 16 MIN    93
2021 06 19 04 47 MAX   224
2021 06 19 11 23 MIN    89
2021 06 19 17 38 MAX   197
2021 06 19 23 34 MIN    97
2021 06 20 05 47 MAX   221
2021 06 20 12 19 MIN    68
2021 06 20 18 55 MAX   215
2021 06 21 00 49 MIN    94
2021 06 21 06 46 MAX   220
2021 06 21 13 12 MIN    44
2021 06 21 19 58 MAX   237
2021 06 22 01 55 MIN    87
2021 06 22 07 41 MAX   220
2021 06 22 14 02 MIN    21
2021 06 22 20 55 MAX   259
2021 06 23 02 54 MIN    79
2021 06 23 08 33 MAX   222
2021 06 23 14 50 MIN     1
2021 06 23 21 48 MAX   277
2021 06 24 03 48 MIN    75
2021 06 24 09 22 MAX   223
2021 06 24 15 37 MIN   -12
2021 06 24 22 39 MAX   289
2021 06 25 04 39 MIN    74
2021 06 25 10 09 MAX   224
2021 06 25 16 24 MIN   -17
2021 06 25 23 30 MAX   294
2021 06 26 05 28 MIN    78
2021 06 26 10 56 MAX   222
2021 06 26 17 10 MIN   -11
2021 06 27 00 18 MAX   290
2021 06 27 06 17 MIN    87
2021 06 27 11 42 MAX   218
2021 06 27 17 56 MIN     4
2021 06 28 01 05 MAX   280
2021 06 28 07 05 MIN    97
2021 06 28 12 29 MAX   212
2021 06 28 18 42 MIN    28
2021 06 29 01 50 MAX   265
2021 06 29 07 54 MIN   107
2021 06 29 13 18 MAX   203
2021 06 29 19 28 MIN    56
2021 06 30 02 33 MAX   248
2021 06 30 08 45 MIN   114
2021 06 30 14 13 MAX   194
2021 06 30 20 17 MIN    85
2021 07 01 03 15 MAX   231
2021 07 01 09 41 MIN   117
2021 07 01 15 19 MAX   187
2021 07 01 21 12 MIN   111
2021 07 02 03 57 MAX   216
2021 07 02 10 40 MIN   116
2021 07 02 16 47 MAX   185
2021 07 02 22 19 MIN   131
2021 07 03 04 45 MAX   205
2021 07 03 11 40 MIN   110
2021 07 03 18 22 MAX   191
2021 07 03 23 44 MIN   142
2021 07 04 05 40 MAX   197
2021 07 04 12 32 MIN   100
2021 07 04 19 30 MAX   202
2021 07 05 01 07 MIN   143
2021 07 05 06 37 MAX   192
2021 07 05 13 16 MIN    89
2021 07 05 20 19 MAX   214
2021 07 06 02 10 MIN   138
2021 07 06 07 27 MAX   191
2021 07 06 13 55 MIN    77
2021 07 06 21 00 MAX   225
2021 07 07 02 57 MIN   129
2021 07 07 08 10 MAX   193
2021 07 07 14 30 MIN    64
2021 07 07 21 37 MAX   237
2021 07 08 03 36 MIN   121
2021 07 08 08 49 MAX   196
2021 07 08 15 06 MIN    51
2021 07 08 22 11 MAX   247
2021 07 09 04 10 MIN   114
2021 07 09 09 26 MAX   201
2021 07 09 15 40 MIN    39
2021 07 09 22 45 MAX   256
2021 07 10 04 43 MIN   108
2021 07 10 10 02 MAX   207
2021 07 10 16 16 MIN    29
2021 07 10 23 19 MAX   263
2021 07 11 05 15 MIN   105
2021 07 11 10 39 MAX   213
2021 07 11 16 53 MIN    25
2021 07 11 23 54 MAX   268
2021 07 12 05 49 MIN   103
2021 07 12 11 17 MAX   217
2021 07 12 17 31 MIN    26
2021 07 13 00 29 MAX   269
2021 07 13 06 25 MIN   102
2021 07 13 11 58 MAX   218
2021 07 13 18 12 MIN    33
2021 07 14 01 05 MAX   266
2021 07 14 07 05 MIN   101
2021 07 14 12 42 MAX   216
2021 07 14 18 55 MIN    47
2021 07 15 01 43 MAX   260
2021 07 15 07 49 MIN   100
2021 07 15 13 33 MAX   213
2021 07 15 19 43 MIN    65
2021 07 16 02 23 MAX   251
2021 07 16 08 39 MIN    98
2021 07 16 14 33 MAX   208
2021 07 16 20 39 MIN    86
2021 07 17 03 07 MAX   239
2021 07 17 09 34 MIN    93
2021 07 17 15 45 MAX   207
2021 07 17 21 45 MIN   106
2021 07 18 03 58 MAX   226
2021 07 18 10 35 MIN    85
2021 07 18 17 13 MAX   211
2021 07 18 23 06 MIN   120
2021 07 19 05 00 MAX   215
2021 07 19 11 40 MIN    72
2021 07 19 18 40 MAX   225
2021 07 20 00 34 MIN   124
2021 07 20 06 09 MAX   209
2021 07 20 12 44 MIN    56
2021 07 20 19 53 MAX   243
2021 07 21 01 52 MIN   119
2021 07 21 07 16 MAX   208
2021 07 21 13 43 MIN    39
2021 07 21 20 54 MAX   261
2021 07 22 02 56 MIN   109
2021 07 22 08 16 MAX   212
2021 07 22 14 37 MIN    22
2021 07 22 21 49 MAX   277
2021 07 23 03 48 MIN    99
2021 07 23 09 10 MAX   219
2021 07 23 15 28 MIN     9
2021 07 23 22 38 MAX   288
2021 07 24 04 35 MIN    91
2021 07 24 10 01 MAX   226
2021 07 24 16 16 MIN     3
2021 07 24 23 23 MAX   293
2021 07 25 05 17 MIN    87
2021 07 25 10 48 MAX   232
2021 07 25 17 00 MIN     5
2021 07 26 00 04 MAX   291
2021 07 26 05 57 MIN    88
2021 07 26 11 33 MAX   234
2021 07 26 17 43 MIN    17
2021 07 27 00 41 MAX   282
2021 07 27 06 36 MIN    91
2021 07 27 12 16 MAX   231
2021 07 27 18 23 MIN    38
2021 07 28 01 15 MAX   269
2021 07 28 07 14 MIN    97
2021 07 28 13 00 MAX   225
2021 07 28 19 02 MIN    64
2021 07 29 01 45 MAX   253
2021 07 29 07 53 MIN   104
2021 07 29 13 45 MAX   216
2021 07 29 19 42 MIN    92
2021 07 30 02 13 MAX   236
2021 07 30 08 32 MIN   110
2021 07 30 14 35 MAX   206
2021 07 30 20 23 MIN   120
2021 07 31 02 40 MAX   221
2021 07 31 09 17 MIN   114
2021 07 31 15 41 MAX   198
2021 07 31 21 13 MIN   144
2021 08 01 03 10 MAX   206
2021 08 01 10 12 MIN   116
2021 08 01 17 20 MAX   196
2021 08 01 22 33 MIN   162
2021 08 02 03 56 MAX   193
2021 08 02 11 19 MIN   114
2021 08 02 19 00 MAX   204
2021 08 03 00 50 MIN   166
2021 08 03 05 17 MAX   184
2021 08 03 12 26 MIN   106
2021 08 03 20 04 MAX   216
2021 08 04 02 15 MIN   157
2021 08 04 06 45 MAX   183
2021 08 04 13 22 MIN    95
2021 08 04 20 50 MAX   229
2021 08 05 03 00 MIN   145
2021 08 05 07 47 MAX   188
2021 08 05 14 08 MIN    80
2021 08 05 21 27 MAX   242
2021 08 06 03 32 MIN   133
2021 08 06 08 33 MAX   196
2021 08 06 14 49 MIN    64
2021 08 06 21 59 MAX   253
2021 08 07 03 59 MIN   121
2021 08 07 09 14 MAX   207
2021 08 07 15 26 MIN    47
2021 08 07 22 30 MAX   264
2021 08 08 04 26 MIN   110
2021 08 08 09 52 MAX   218
2021 08 08 16 04 MIN    33
2021 08 08 23 01 MAX   273
2021 08 09 04 55 MIN    99
2021 08 09 10 30 MAX   229
2021 08 09 16 41 MIN    24
2021 08 09 23 32 MAX   279
2021 08 10 05 26 MIN    89
2021 08 10 11 09 MAX   237
2021 08 10 17 19 MIN    22
2021 08 11 00 04 MAX   281
2021 08 11 05 59 MIN    82
2021 08 11 11 51 MAX   242
2021 08 11 17 58 MIN    30
2021 08 12 00 37 MAX   278
2021 08 12 06 36 MIN    78
2021 08 12 12 35 MAX   242
2021 08 12 18 40 MIN    46
2021 08 13 01 11 MAX   270
2021 08 13 07 16 MIN    77
2021 08 13 13 24 MAX   238
2021 08 13 19 26 MIN    70
2021 08 14 01 48 MAX   256
2021 08 14 08 01 MIN    78
2021 08 14 14 19 MAX   231
2021 08 14 20 19 MIN    98
2021 08 15 02 27 MAX   238
2021 08 15 08 52 MIN    81
2021 08 15 15 30 MAX   224
2021 08 15 21 25 MIN   125
2021 08 16 03 16 MAX   219
2021 08 16 09 56 MIN    83
2021 08 16 17 04 MAX   223
2021 08 16 22 59 MIN   144
2021 08 17 04 22 MAX   203
2021 08 17 11 12 MIN    82
2021 08 17 18 44 MAX   233
2021 08 18 00 48 MIN   146
2021 08 18 05 52 MAX   195
2021 08 18 12 30 MIN    73
2021 08 18 20 02 MAX   249
2021 08 19 02 09 MIN   135
2021 08 19 07 14 MAX   198
2021 08 19 13 38 MIN    59
2021 08 19 21 01 MAX   265
2021 08 20 03 02 MIN   119
2021 08 20 08 19 MAX   209
2021 08 20 14 35 MIN    43
2021 08 20 21 47 MAX   278
2021 08 21 03 44 MIN   104
2021 08 21 09 12 MAX   224
2021 08 21 15 24 MIN    29
2021 08 21 22 27 MAX   286
2021 08 22 04 20 MIN    91
2021 08 22 09 58 MAX   237
2021 08 22 16 07 MIN    21
2021 08 22 23 03 MAX   288
2021 08 23 04 55 MIN    82
2021 08 23 10 41 MAX   246
2021 08 23 16 47 MIN    21
2021 08 23 23 35 MAX   285
2021 08 24 05 28 MIN    78
2021 08 24 11 20 MAX   251
2021 08 24 17 24 MIN    31
2021 08 25 00 04 MAX   277
2021 08 25 06 00 MIN    77
2021 08 25 11 59 MAX   250
2021 08 25 18 00 MIN    49
2021 08 26 00 31 MAX   265
2021 08 26 06 31 MIN    81
2021 08 26 12 36 MAX   244
2021 08 26 18 34 MIN    73
2021 08 27 00 55 MAX   251
2021 08 27 07 01 MIN    87
2021 08 27 13 15 MAX   234
2021 08 27 19 07 MIN   100
2021 08 28 01 17 MAX   235
2021 08 28 07 31 MIN    95
2021 08 28 13 57 MAX   223
2021 08 28 19 43 MIN   127
2021 08 29 01 38 MAX   220
2021 08 29 08 04 MIN   104
2021 08 29 14 49 MAX   212
2021 08 29 20 26 MIN   152
2021 08 30 02 00 MAX   205
2021 08 30 08 47 MIN   113
2021 08 30 16 11 MAX   205
2021 08 30 21 40 MIN   172
2021 08 31 02 29 MAX   190
2021 08 31 09 53 MIN   120
2021 08 31 18 21 MAX   208
2021 09 01 01 25 MIN   173
2021 09 01 03 53 MAX   176
2021 09 01 11 31 MIN   119
2021 09 01 19 44 MAX   220
2021 09 02 02 27 MIN   159
2021 09 02 06 23 MAX   175
2021 09 02 12 53 MIN   108
2021 09 02 20 31 MAX   233
2021 09 03 02 53 MIN   144
2021 09 03 07 39 MAX   186
2021 09 03 13 49 MIN    91
2021 09 03 21 05 MAX   245
2021 09 04 03 13 MIN   129
2021 09 04 08 26 MAX   200
2021 09 04 14 32 MIN    71
2021 09 04 21 34 MAX   257
2021 09 05 03 34 MIN   113
2021 09 05 09 05 MAX   216
2021 09 05 15 10 MIN    51
2021 09 05 22 02 MAX   268
2021 09 06 03 58 MIN    95
2021 09 06 09 42 MAX   232
2021 09 06 15 47 MIN    34
2021 09 06 22 30 MAX   278
2021 09 07 04 26 MIN    77
2021 09 07 10 19 MAX   247
2021 09 07 16 24 MIN    23
2021 09 07 23 01 MAX   284
2021 09 08 04 56 MIN    62
2021 09 08 10 59 MAX   259
2021 09 08 17 02 MIN    21
2021 09 08 23 32 MAX   285
2021 09 09 05 30 MIN    50
2021 09 09 11 40 MAX   266
2021 09 09 17 42 MIN    31
2021 09 10 00 04 MAX   279
2021 09 10 06 05 MIN    44
2021 09 10 12 25 MAX   267
2021 09 10 18 25 MIN    51
2021 09 11 00 38 MAX   266
2021 09 11 06 44 MIN    46
2021 09 11 13 14 MAX   261
2021 09 11 19 12 MIN    80
2021 09 12 01 14 MAX   247
2021 09 12 07 27 MIN    55
2021 09 12 14 10 MAX   249
2021 09 12 20 07 MIN   113
2021 09 13 01 52 MAX   225
2021 09 13 08 17 MIN    69
2021 09 13 15 24 MAX   237
2021 09 13 21 23 MIN   142
2021 09 14 02 40 MAX   202
2021 09 14 09 24 MIN    83
2021 09 14 17 09 MAX   232
2021 09 14 23 26 MIN   155
2021 09 15 04 03 MAX   185
2021 09 15 10 55 MIN    91
2021 09 15 18 54 MAX   240
2021 09 16 01 18 MIN   146
2021 09 16 06 05 MAX   183
2021 09 16 12 28 MIN    87
2021 09 16 20 05 MAX   253
2021 09 17 02 16 MIN   129
2021 09 17 07 31 MAX   197
2021 09 17 13 38 MIN    73
2021 09 17 20 53 MAX   264
2021 09 18 02 54 MIN   111
2021 09 18 08 28 MAX   215
2021 09 18 14 31 MIN    58
2021 09 18 21 31 MAX   271
2021 09 19 03 26 MIN    94
2021 09 19 09 12 MAX   233
2021 09 19 15 15 MIN    46
2021 09 19 22 02 MAX   274
2021 09 20 03 56 MIN    79
2021 09 20 09 51 MAX   247
2021 09 20 15 53 MIN    38
2021 09 20 22 31 MAX   274
2021 09 21 04 25 MIN    67
2021 09 21 10 28 MAX   257
2021 09 21 16 29 MIN    39
2021 09 21 22 58 MAX   270
2021 09 22 04 54 MIN    60
2021 09 22 11 03 MAX   261
2021 09 22 17 02 MIN    46
2021 09 22 23 23 MAX   263
2021 09 23 05 22 MIN    57
2021 09 23 11 38 MAX   261
2021 09 23 17 35 MIN    61
2021 09 23 23 46 MAX   253
2021 09 24 05 48 MIN    59
2021 09 24 12 12 MAX   256
2021 09 24 18 07 MIN    82
2021 09 25 00 08 MAX   240
2021 09 25 06 14 MIN    65
2021 09 25 12 47 MAX   248
2021 09 25 18 40 MIN   105
2021 09 26 00 29 MAX   226
2021 09 26 06 40 MIN    74
2021 09 26 13 25 MAX   238
2021 09 26 19 14 MIN   130
2021 09 27 00 49 MAX   212
2021 09 27 07 09 MIN    86
2021 09 27 14 11 MAX   226
2021 09 27 19 58 MIN   152
2021 09 28 01 11 MAX   197
2021 09 28 07 45 MIN   101
2021 09 28 15 18 MAX   215
2021 09 28 21 17 MIN   170
2021 09 29 01 33 MAX   182
2021 09 29 08 45 MIN   115
2021 09 29 17 11 MAX   211
2021 09 30 10 34 MIN   122
2021 09 30 18 57 MAX   219
2021 10 01 01 59 MIN   151
2021 10 01 06 11 MAX   169
2021 10 01 12 17 MIN   114
2021 10 01 19 49 MAX   230
2021 10 02 02 17 MIN   134
2021 10 02 07 28 MAX   185
2021 10 02 13 21 MIN    96
2021 10 02 20 24 MAX   241
2021 10 03 02 35 MIN   115
2021 10 03 08 12 MAX   204
2021 10 03 14 06 MIN    75
2021 10 03 20 53 MAX   252
2021 10 04 02 56 MIN    93
2021 10 04 08 49 MAX   224
2021 10 04 14 46 MIN    53
2021 10 04 21 22 MAX   263
2021 10 05 03 22 MIN    69
2021 10 05 09 26 MAX   244
2021 10 05 15 25 MIN    35
2021 10 05 21 52 MAX   272
2021 10 06 03 52 MIN    45
2021 10 06 10 05 MAX   263
2021 10 06 16 05 MIN    25
2021 10 06 22 24 MAX   277
2021 10 07 04 25 MIN    25
2021 10 07 10 45 MAX   278
2021 10 07 16 45 MIN    24
2021 10 07 22 58 MAX   275
2021 10 08 04 59 MIN    12
2021 10 08 11 28 MAX   286
2021 10 08 17 28 MIN    36
2021 10 08 23 33 MAX   266
2021 10 09 05 37 MIN     8
2021 10 09 12 14 MAX   286
2021 10 09 18 13 MIN    59
2021 10 10 00 09 MAX   251
2021 10 10 06 16 MIN    16
2021 10 10 13 05 MAX   277
2021 10 10 19 04 MIN    89
2021 10 11 00 46 MAX   230
2021 10 11 07 00 MIN    33
2021 10 11 14 04 MAX   262
2021 10 11 20 06 MIN   120
2021 10 12 01 27 MAX   206
2021 10 12 07 52 MIN    56
2021 10 12 15 21 MAX   246
2021 10 12 21 37 MIN   143
2021 10 13 02 23 MAX   185
2021 10 13 09 03 MIN    80
2021 10 13 17 05 MAX   238
2021 10 13 23 45 MIN   146
2021 10 14 04 11 MAX   171
2021 10 14 10 44 MIN    95
2021 10 14 18 40 MAX   241
2021 10 15 01 10 MIN   132
2021 10 15 06 23 MAX   180
2021 10 15 12 21 MIN    94
2021 10 15 19 43 MAX   246
2021 10 16 01 55 MIN   114
2021 10 16 07 36 MAX   200
2021 10 16 13 29 MIN    84
2021 10 16 20 25 MAX   250
2021 10 17 02 28 MIN    96
2021 10 17 08 24 MAX   219
2021 10 17 14 18 MIN    73
2021 10 17 20 58 MAX   252
2021 10 18 02 57 MIN    78
2021 10 18 09 03 MAX   236
2021 10 18 14 58 MIN    63
2021 10 18 21 27 MAX   252
2021 10 19 03 25 MIN    62
2021 10 19 09 38 MAX   249
2021 10 19 15 34 MIN    57
2021 10 19 21 53 MAX   251
2021 10 20 03 52 MIN    49
2021 10 20 10 11 MAX   258
2021 10 20 16 08 MIN    56
2021 10 20 22 18 MAX   247
2021 10 21 04 19 MIN    41
2021 10 21 10 44 MAX   263
2021 10 21 16 41 MIN    61
2021 10 21 22 43 MAX   241
2021 10 22 04 45 MIN    37
2021 10 22 11 17 MAX   264
2021 10 22 17 14 MIN    72
2021 10 22 23 06 MAX   233
2021 10 23 05 10 MIN    37
2021 10 23 11 49 MAX   262
2021 10 23 17 47 MIN    87
2021 10 23 23 30 MAX   223
2021 10 24 05 36 MIN    42
2021 10 24 12 24 MAX   256
2021 10 24 18 20 MIN   105
2021 10 24 23 54 MAX   212
2021 10 25 06 03 MIN    52
2021 10 25 13 01 MAX   246
2021 10 25 18 58 MIN   124
2021 10 26 00 19 MAX   201
2021 10 26 06 34 MIN    66
2021 10 26 13 45 MAX   235
2021 10 26 19 46 MIN   141
2021 10 27 00 48 MAX   188
2021 10 27 07 13 MIN    83
2021 10 27 14 41 MAX   223
2021 10 27 21 00 MIN   154
2021 10 28 01 28 MAX   174
2021 10 28 08 10 MIN   101
2021 10 28 16 00 MAX   215
2021 10 28 23 10 MIN   153
2021 10 29 03 03 MAX   163
2021 10 29 09 45 MIN   113
2021 10 29 17 32 MAX   215
2021 10 30 00 39 MIN   139
2021 10 30 05 26 MAX   166
2021 10 30 11 25 MIN   110
2021 10 30 18 40 MAX   221
2021 10 31 01 14 MIN   119
2021 10 31 06 53 MAX   183
2021 10 31 12 38 MIN    96
2021 10 31 19 25 MAX   230
2021 11 01 01 42 MIN    96
2021 11 01 07 43 MAX   204
2021 11 01 13 33 MIN    77
2021 11 01 20 01 MAX   239
2021 11 02 02 11 MIN    69
2021 11 02 08 25 MAX   227
2021 11 02 14 19 MIN    58
2021 11 02 20 37 MAX   248
2021 11 03 02 43 MIN    41
2021 11 03 09 05 MAX   251
2021 11 03 15 03 MIN    42
2021 11 03 21 12 MAX   255
2021 11 04 03 18 MIN    14
2021 11 04 09 48 MAX   272
2021 11 04 15 47 MIN    32
2021 11 04 21 49 MAX   257
2021 11 05 03 55 MIN    -8
2021 11 05 10 32 MAX   289
2021 11 05 16 31 MIN    33
2021 11 05 22 27 MAX   255
2021 11 06 04 33 MIN   -20
2021 11 06 11 17 MAX   297
2021 11 06 17 18 MIN    44
2021 11 06 23 06 MAX   246
2021 11 07 05 14 MIN   -21
2021 11 07 12 06 MAX   296
2021 11 07 18 07 MIN    64
2021 11 07 23 46 MAX   231
2021 11 08 05 56 MIN    -9
2021 11 08 12 59 MAX   285
2021 11 08 19 01 MIN    89
2021 11 09 00 28 MAX   213
2021 11 09 06 43 MIN    14
2021 11 09 13 58 MAX   269
2021 11 09 20 06 MIN   112
2021 11 10 01 16 MAX   194
2021 11 10 07 37 MIN    43
2021 11 10 15 09 MAX   250
2021 11 10 21 31 MIN   127
2021 11 11 02 22 MAX   177
2021 11 11 08 47 MIN    72
2021 11 11 16 33 MAX   237
2021 11 11 23 08 MIN   127
2021 11 12 04 07 MAX   169
2021 11 12 10 19 MIN    92
2021 11 12 17 55 MAX   230
2021 11 13 00 24 MIN   116
2021 11 13 06 05 MAX   179
2021 11 13 11 51 MIN    99
2021 11 13 18 57 MAX   228
2021 11 14 01 13 MIN   100
2021 11 14 07 18 MAX   197
2021 11 14 13 03 MIN    96
2021 11 14 19 41 MAX   226
2021 11 15 01 50 MIN    83
2021 11 15 08 07 MAX   214
2021 11 15 13 55 MIN    90
2021 11 15 20 15 MAX   225
2021 11 16 02 22 MIN    66
2021 11 16 08 46 MAX   229
2021 11 16 14 37 MIN    83
2021 11 16 20 45 MAX   224
2021 11 17 02 51 MIN    51
2021 11 17 09 21 MAX   240
2021 11 17 15 15 MIN    77
2021 11 17 21 13 MAX   222
2021 11 18 03 19 MIN    38
2021 11 18 09 54 MAX   249
2021 11 18 15 50 MIN    74
2021 11 18 21 40 MAX   220
2021 11 19 03 47 MIN    28
2021 11 19 10 27 MAX   256
2021 11 19 16 25 MIN    74
2021 11 19 22 08 MAX   217
2021 11 20 04 14 MIN    22
2021 11 20 10 59 MAX   260
2021 11 20 16 58 MIN    78
2021 11 20 22 35 MAX   213
2021 11 21 04 42 MIN    21
2021 11 21 11 32 MAX   260
2021 11 21 17 32 MIN    87
2021 11 21 23 04 MAX   208
2021 11 22 05 11 MIN    24
2021 11 22 12 07 MAX   258
2021 11 22 18 08 MIN    97
2021 11 22 23 33 MAX   202
2021 11 23 05 43 MIN    32
2021 11 23 12 44 MAX   251
2021 11 23 18 47 MIN   109
2021 11 24 00 05 MAX   194
2021 11 24 06 18 MIN    45
2021 11 24 13 26 MAX   242
2021 11 24 19 33 MIN   120
2021 11 25 00 42 MAX   185
2021 11 25 07 00 MIN    61
2021 11 25 14 13 MAX   231
2021 11 25 20 30 MIN   128
2021 11 26 01 32 MAX   176
2021 11 26 07 54 MIN    79
2021 11 26 15 09 MAX   222
2021 11 26 21 40 MIN   128
2021 11 27 02 46 MAX   168
2021 11 27 09 05 MIN    92
2021 11 27 16 11 MAX   216
2021 11 27 22 53 MIN   119
2021 11 28 04 23 MAX   168
2021 11 28 10 28 MIN    98
2021 11 28 17 16 MAX   214
2021 11 28 23 54 MIN   101
2021 11 29 05 56 MAX   181
2021 11 29 11 46 MIN    94
2021 11 29 18 15 MAX   216
2021 11 30 00 42 MIN    77
2021 11 30 07 04 MAX   201
2021 11 30 12 54 MIN    82
2021 11 30 19 06 MAX   221
2021 12 01 01 25 MIN    49
2021 12 01 07 57 MAX   225
2021 12 01 13 52 MIN    68
2021 12 01 19 52 MAX   226
2021 12 02 02 06 MIN    20
2021 12 02 08 46 MAX   250
2021 12 02 14 44 MIN    54
2021 12 02 20 36 MAX   231
2021 12 03 02 48 MIN    -7
2021 12 03 09 33 MAX   273
2021 12 03 15 34 MIN    46
2021 12 03 21 20 MAX   233
2021 12 04 03 31 MIN   -27
2021 12 04 10 21 MAX   290
2021 12 04 16 23 MIN    44
2021 12 04 22 04 MAX   232
2021 12 05 04 14 MIN   -38
2021 12 05 11 10 MAX   298
2021 12 05 17 12 MIN    50
2021 12 05 22 48 MAX   227
2021 12 06 04 59 MIN   -38
2021 12 06 12 00 MAX   298
2021 12 06 18 02 MIN    61
2021 12 06 23 33 MAX   219
2021 12 07 05 45 MIN   -25
2021 12 07 12 51 MAX   288
2021 12 07 18 55 MIN    77
2021 12 08 00 20 MAX   208
2021 12 08 06 33 MIN    -2
2021 12 08 13 45 MAX   272
2021 12 08 19 52 MIN    92
2021 12 09 01 11 MAX   196
2021 12 09 07 26 MIN    27
2021 12 09 14 40 MAX   252
2021 12 09 20 54 MIN   103
2021 12 10 02 12 MAX   184
2021 12 10 08 25 MIN    58
2021 12 10 15 39 MAX   233
2021 12 10 22 04 MIN   107
2021 12 11 03 32 MAX   176
2021 12 11 09 34 MIN    85
2021 12 11 16 42 MAX   217
2021 12 11 23 14 MIN   102
2021 12 12 05 12 MAX   177
2021 12 12 10 55 MIN   104
2021 12 12 17 44 MAX   206
2021 12 13 00 15 MIN    92
2021 12 13 06 40 MAX   187
2021 12 13 12 17 MIN   111
2021 12 13 18 37 MAX   199
2021 12 14 01 02 MIN    78
2021 12 14 07 41 MAX   201
2021 12 14 13 24 MIN   110
2021 12 14 19 22 MAX   196
2021 12 15 01 42 MIN    64
2021 12 15 08 26 MAX   214
2021 12 15 14 16 MIN   104
2021 12 15 20 00 MAX   195
2021 12 16 02 17 MIN    50
2021 12 16 09 05 MAX   225
2021 12 16 15 00 MIN    97
2021 12 16 20 35 MAX   195
2021 12 17 02 49 MIN    37
2021 12 17 09 40 MAX   236
2021 12 17 15 39 MIN    89
2021 12 17 21 09 MAX   196
2021 12 18 03 21 MIN    26
2021 12 18 10 13 MAX   245
2021 12 18 16 15 MIN    83
2021 12 18 21 43 MAX   198
2021 12 19 03 52 MIN    16
2021 12 19 10 47 MAX   252
2021 12 19 16 49 MIN    81
2021 12 19 22 15 MAX   200
2021 12 20 04 24 MIN    11
2021 12 20 11 21 MAX   257
2021 12 20 17 23 MIN    81
2021 12 20 22 48 MAX   201
2021 12 21 04 57 MIN     9
2021 12 21 11 55 MAX   258
2021 12 21 17 57 MIN    84
2021 12 21 23 22 MAX   201
2021 12 22 05 33 MIN    13
2021 12 22 12 31 MAX   255
2021 12 22 18 32 MIN    89
2021 12 22 23 58 MAX   199
2021 12 23 06 10 MIN    22
2021 12 23 13 07 MAX   249
2021 12 23 19 11 MIN    94
2021 12 24 00 38 MAX   195
2021 12 24 06 51 MIN    35
2021 12 24 13 46 MAX   241
2021 12 24 19 54 MIN    97
2021 12 25 01 25 MAX   188
2021 12 25 07 38 MIN    52
2021 12 25 14 27 MAX   231
2021 12 25 20 44 MIN    96
2021 12 26 02 22 MAX   182
2021 12 26 08 33 MIN    69
2021 12 26 15 13 MAX   221
2021 12 26 21 41 MIN    91
2021 12 27 03 33 MAX   179
2021 12 27 09 39 MIN    83
2021 12 27 16 06 MAX   212
2021 12 27 22 42 MIN    79
2021 12 28 04 59 MAX   184
2021 12 28 10 56 MIN    92
2021 12 28 17 07 MAX   205
2021 12 28 23 44 MIN    61
2021 12 29 06 23 MAX   199
2021 12 29 12 17 MIN    92
2021 12 29 18 11 MAX   202
2021 12 30 00 41 MIN    39
2021 12 30 07 33 MAX   220
2021 12 30 13 30 MIN    84
2021 12 30 19 13 MAX   202
2021 12 31 01 35 MIN    14
2021 12 31 08 31 MAX   244
2021 12 31 14 34 MIN    72
2021 12 31 20 09 MAX   206
