 <API - 조위예측극치자료>

대상조위관측소 : 독도
위도(WGS84) : N 131.8672
경도(WGS84) : E 37.2389
관측기관 : 20201221 ~ 20220101

2020 12 21 05 56 MAX    11
2020 12 21 14 20 MIN    -6
2020 12 21 22 08 MAX     7
2020 12 22 03 04 MIN     5
2020 12 22 07 10 MAX     7
2020 12 22 14 57 MIN    -3
2020 12 22 21 58 MAX     7
2020 12 23 04 21 MIN     3
2020 12 23 08 52 MAX     5
2020 12 23 15 27 MIN     0
2020 12 23 22 08 MAX     8
2020 12 24 05 36 MIN     1
2020 12 24 11 21 MAX     4
2020 12 24 15 46 MIN     3
2020 12 24 22 21 MAX    10
2020 12 25 06 27 MIN    -1
2020 12 25 13 32 MAX     6
2020 12 25 16 04 MIN     5
2020 12 25 22 41 MAX    12
2020 12 26 07 04 MIN    -2
2020 12 26 14 31 MAX     8
2020 12 26 16 40 MIN     7
2020 12 26 23 08 MAX    15
2020 12 27 07 31 MIN    -2
2020 12 27 15 15 MAX    10
2020 12 27 17 27 MIN     9
2020 12 28 00 00 MAX    17
2020 12 28 00 00 MAX    17
2020 12 28 07 51 MIN    -3
2020 12 28 15 58 MAX    12
2020 12 28 18 12 MIN    11
2020 12 29 00 13 MAX    19
2020 12 29 08 11 MIN    -3
2020 12 29 16 43 MAX    13
2020 12 29 18 54 MIN    12
2020 12 30 00 49 MAX    21
2020 12 30 08 40 MIN    -4
2020 12 31 01 27 MAX    22
2020 12 31 09 18 MIN    -5
2021 01 01 02 09 MAX    22
2021 01 01 10 02 MIN    -6
2021 01 02 02 55 MAX    22
2021 01 02 10 51 MIN    -6
2021 01 03 03 46 MAX    20
2021 01 03 11 42 MIN    -6
2021 01 03 20 43 MAX    12
2021 01 03 22 50 MIN    11
2021 01 04 04 43 MAX    18
2021 01 04 12 33 MIN    -5
2021 01 04 20 53 MAX    11
2021 01 05 00 14 MIN     9
2021 01 05 05 48 MAX    16
2021 01 05 13 21 MIN    -3
2021 01 05 20 26 MAX    11
2021 01 06 01 43 MIN     7
2021 01 06 07 05 MAX    13
2021 01 06 14 05 MIN     0
2021 01 06 20 42 MAX    12
2021 01 07 03 02 MIN     5
2021 01 07 08 29 MAX    11
2021 01 07 14 45 MIN     3
2021 01 07 21 11 MAX    14
2021 01 08 04 16 MIN     2
2021 01 08 09 58 MAX     9
2021 01 08 15 23 MIN     6
2021 01 08 21 46 MAX    17
2021 01 09 05 28 MIN    -1
2021 01 09 22 27 MAX    19
2021 01 10 06 32 MIN    -4
2021 01 10 23 13 MAX    21
2021 01 11 07 27 MIN    -6
2021 01 12 00 02 MAX    23
2021 01 12 08 17 MIN    -8
2021 01 13 00 53 MAX    23
2021 01 13 09 05 MIN   -10
2021 01 14 01 45 MAX    23
2021 01 14 09 53 MIN   -11
2021 01 14 17 08 MAX    10
2021 01 14 20 28 MIN     9
2021 01 15 02 37 MAX    22
2021 01 15 10 41 MIN   -11
2021 01 15 17 42 MAX     9
2021 01 15 21 19 MIN     8
2021 01 16 03 27 MAX    19
2021 01 16 11 27 MIN   -11
2021 01 16 18 19 MAX     8
2021 01 16 22 18 MIN     7
2021 01 17 04 17 MAX    16
2021 01 17 12 11 MIN    -9
2021 01 17 18 54 MAX     7
2021 01 17 23 32 MIN     6
2021 01 18 05 05 MAX    13
2021 01 18 12 51 MIN    -7
2021 01 18 19 24 MAX     7
2021 01 19 00 50 MIN     5
2021 01 19 05 57 MAX    10
2021 01 19 13 24 MIN    -3
2021 01 19 19 48 MAX     8
2021 01 20 02 05 MIN     3
2021 01 20 07 00 MAX     7
2021 01 20 13 45 MIN     0
2021 01 20 20 08 MAX     9
2021 01 21 03 18 MIN     2
2021 01 21 08 26 MAX     6
2021 01 21 13 46 MIN     3
2021 01 21 20 30 MAX    11
2021 01 22 04 41 MIN     2
2021 01 22 21 00 MAX    13
2021 01 23 05 55 MIN     1
2021 01 23 21 38 MAX    15
2021 01 24 06 43 MIN     0
2021 01 24 22 20 MAX    17
2021 01 25 07 18 MIN     0
2021 01 25 23 03 MAX    19
2021 01 26 07 47 MIN    -1
2021 01 26 15 46 MAX    14
2021 01 26 17 44 MIN    13
2021 01 26 23 45 MAX    21
2021 01 27 08 13 MIN    -2
2021 01 27 16 20 MAX    14
2021 01 27 18 32 MIN    13
2021 01 28 00 30 MAX    22
2021 01 28 08 43 MIN    -3
2021 01 28 16 57 MAX    14
2021 01 28 19 17 MIN    13
2021 01 29 01 16 MAX    23
2021 01 29 09 19 MIN    -4
2021 01 29 17 33 MAX    13
2021 01 29 20 04 MIN    12
2021 01 30 02 07 MAX    24
2021 01 30 09 59 MIN    -5
2021 01 30 18 01 MAX    13
2021 01 30 20 56 MIN    11
2021 01 31 03 01 MAX    23
2021 01 31 10 42 MIN    -4
2021 01 31 17 47 MAX    12
2021 01 31 21 56 MIN    10
2021 02 01 03 58 MAX    22
2021 02 01 11 25 MIN    -3
2021 02 01 17 58 MAX    13
2021 02 01 23 01 MIN     9
2021 02 02 04 59 MAX    20
2021 02 02 12 07 MIN     0
2021 02 02 18 25 MAX    14
2021 02 03 00 09 MIN     7
2021 02 03 06 04 MAX    17
2021 02 03 12 46 MIN     3
2021 02 03 18 56 MAX    15
2021 02 04 01 21 MIN     5
2021 02 04 07 16 MAX    15
2021 02 04 13 22 MIN     7
2021 02 04 19 31 MAX    17
2021 02 05 02 36 MIN     4
2021 02 05 08 38 MAX    13
2021 02 05 13 51 MIN    10
2021 02 05 20 12 MAX    19
2021 02 06 03 57 MIN     2
2021 02 06 20 58 MAX    21
2021 02 07 05 26 MIN     0
2021 02 07 21 51 MAX    22
2021 02 08 06 36 MIN    -2
2021 02 08 22 48 MAX    23
2021 02 09 07 29 MIN    -4
2021 02 09 23 49 MAX    24
2021 02 10 08 14 MIN    -6
2021 02 11 00 52 MAX    23
2021 02 11 08 56 MIN    -7
2021 02 11 15 39 MAX    12
2021 02 11 19 54 MIN    10
2021 02 12 01 51 MAX    23
2021 02 12 09 37 MIN    -8
2021 02 12 16 02 MAX    11
2021 02 12 20 45 MIN     8
2021 02 13 02 44 MAX    22
2021 02 13 10 17 MIN    -7
2021 02 13 16 31 MAX    11
2021 02 13 21 31 MIN     7
2021 02 14 03 33 MAX    20
2021 02 14 10 55 MIN    -5
2021 02 14 17 02 MAX    11
2021 02 14 22 17 MIN     6
2021 02 15 04 19 MAX    18
2021 02 15 11 31 MIN    -3
2021 02 15 17 30 MAX    11
2021 02 15 23 04 MIN     6
2021 02 16 05 05 MAX    16
2021 02 16 12 00 MIN     1
2021 02 16 17 54 MAX    12
2021 02 16 23 56 MIN     5
2021 02 17 05 56 MAX    14
2021 02 17 12 19 MIN     4
2021 02 17 18 14 MAX    14
2021 02 18 00 56 MIN     5
2021 02 18 06 57 MAX    12
2021 02 18 12 20 MIN     8
2021 02 18 18 37 MAX    16
2021 02 19 02 05 MIN     5
2021 02 19 19 09 MAX    18
2021 02 20 03 20 MIN     6
2021 02 20 19 52 MAX    19
2021 02 21 04 44 MIN     5
2021 02 21 20 43 MAX    20
2021 02 22 05 56 MIN     5
2021 02 22 21 36 MAX    21
2021 02 23 06 46 MIN     4
2021 02 23 14 46 MAX    18
2021 02 23 16 30 MIN    17
2021 02 23 22 29 MAX    23
2021 02 24 07 24 MIN     3
2021 02 24 15 13 MAX    18
2021 02 24 17 29 MIN    17
2021 02 24 23 22 MAX    24
2021 02 25 07 56 MIN     1
2021 02 25 15 39 MAX    17
2021 02 25 18 22 MIN    16
2021 02 26 00 16 MAX    25
2021 02 26 08 29 MIN     0
2021 02 26 15 58 MAX    17
2021 02 26 19 14 MIN    14
2021 02 27 01 13 MAX    26
2021 02 27 09 04 MIN     0
2021 02 27 15 55 MAX    16
2021 02 27 20 08 MIN    13
2021 02 28 02 12 MAX    27
2021 02 28 09 41 MIN     0
2021 02 28 15 59 MAX    16
2021 02 28 21 03 MIN    11
2021 03 01 03 10 MAX    26
2021 03 01 10 19 MIN     2
2021 03 01 16 20 MAX    17
2021 03 01 21 59 MIN     9
2021 03 02 04 08 MAX    25
2021 03 02 10 57 MIN     5
2021 03 02 16 50 MAX    19
2021 03 02 22 57 MIN     8
2021 03 03 05 08 MAX    23
2021 03 03 11 35 MIN     9
2021 03 03 17 22 MAX    21
2021 03 03 23 58 MIN     6
2021 03 04 06 13 MAX    21
2021 03 04 12 10 MIN    12
2021 03 04 17 58 MAX    23
2021 03 05 01 06 MIN     5
2021 03 05 07 33 MAX    19
2021 03 05 12 42 MIN    15
2021 03 05 18 38 MAX    24
2021 03 06 02 23 MIN     4
2021 03 06 19 25 MAX    25
2021 03 07 03 49 MIN     3
2021 03 07 20 21 MAX    25
2021 03 08 05 16 MIN     2
2021 03 08 21 25 MAX    24
2021 03 09 06 23 MIN     1
2021 03 09 22 34 MAX    24
2021 03 10 07 14 MIN    -1
2021 03 10 14 36 MAX    15
2021 03 10 18 21 MIN    14
2021 03 10 23 52 MAX    23
2021 03 11 07 56 MIN    -2
2021 03 11 14 34 MAX    15
2021 03 11 19 19 MIN    12
2021 03 12 01 04 MAX    23
2021 03 12 08 33 MIN    -2
2021 03 12 14 48 MAX    14
2021 03 12 20 04 MIN     9
2021 03 13 01 59 MAX    22
2021 03 13 09 09 MIN    -1
2021 03 13 15 10 MAX    15
2021 03 13 20 44 MIN     8
2021 03 14 02 46 MAX    22
2021 03 14 09 44 MIN     0
2021 03 14 15 35 MAX    15
2021 03 14 21 22 MIN     7
2021 03 15 03 31 MAX    21
2021 03 15 10 15 MIN     3
2021 03 15 15 59 MAX    16
2021 03 15 21 59 MIN     6
2021 03 16 04 16 MAX    20
2021 03 16 10 43 MIN     6
2021 03 16 16 20 MAX    17
2021 03 16 22 36 MIN     6
2021 03 17 05 03 MAX    19
2021 03 17 11 01 MIN    10
2021 03 17 16 39 MAX    19
2021 03 17 23 16 MIN     7
2021 03 18 05 58 MAX    18
2021 03 18 11 10 MIN    13
2021 03 18 17 02 MAX    21
2021 03 19 00 02 MIN     7
2021 03 19 07 19 MAX    17
2021 03 19 11 20 MIN    16
2021 03 19 17 32 MAX    22
2021 03 20 00 59 MIN     8
2021 03 20 18 08 MAX    23
2021 03 21 02 10 MIN     8
2021 03 21 18 55 MAX    24
2021 03 22 03 27 MIN     8
2021 03 22 19 53 MAX    24
2021 03 23 04 44 MIN     7
2021 03 23 13 45 MAX    21
2021 03 23 15 08 MIN    20
2021 03 23 20 56 MAX    24
2021 03 24 05 51 MIN     6
2021 03 24 21 58 MAX    24
2021 03 25 06 41 MIN     5
2021 03 25 14 29 MAX    20
2021 03 25 17 28 MIN    18
2021 03 25 23 00 MAX    25
2021 03 26 07 22 MIN     4
2021 03 26 14 41 MAX    19
2021 03 26 18 26 MIN    16
2021 03 27 00 07 MAX    26
2021 03 27 07 58 MIN     4
2021 03 27 14 33 MAX    19
2021 03 27 19 19 MIN    14
2021 03 28 01 15 MAX    27
2021 03 28 08 33 MIN     5
2021 03 28 14 36 MAX    20
2021 03 28 20 10 MIN    12
2021 03 29 02 15 MAX    27
2021 03 29 09 09 MIN     7
2021 03 29 14 57 MAX    21
2021 03 29 21 01 MIN     9
2021 03 30 03 13 MAX    27
2021 03 30 09 45 MIN     9
2021 03 30 15 25 MAX    23
2021 03 30 21 53 MIN     7
2021 03 31 04 10 MAX    26
2021 03 31 10 22 MIN    13
2021 03 31 15 58 MAX    26
2021 03 31 22 49 MIN     6
2021 04 01 05 13 MAX    24
2021 04 01 10 58 MIN    16
2021 04 01 16 33 MAX    27
2021 04 01 23 49 MIN     5
2021 04 02 06 38 MAX    22
2021 04 02 11 33 MIN    19
2021 04 02 17 13 MAX    28
2021 04 03 01 00 MIN     4
2021 04 03 17 57 MAX    28
2021 04 04 02 19 MIN     3
2021 04 04 18 50 MAX    27
2021 04 05 03 38 MIN     3
2021 04 05 19 55 MAX    25
2021 04 06 04 50 MIN     2
2021 04 06 13 38 MAX    19
2021 04 06 15 47 MIN    18
2021 04 06 21 08 MAX    23
2021 04 07 05 52 MIN     2
2021 04 07 13 37 MAX    17
2021 04 07 17 33 MIN    15
2021 04 07 22 31 MAX    21
2021 04 08 06 42 MIN     2
2021 04 08 13 32 MAX    16
2021 04 08 18 33 MIN    12
2021 04 08 23 59 MAX    20
2021 04 09 07 23 MIN     2
2021 04 09 13 40 MAX    15
2021 04 09 19 18 MIN     9
2021 04 10 01 08 MAX    19
2021 04 10 07 59 MIN     3
2021 04 10 13 57 MAX    16
2021 04 10 19 57 MIN     7
2021 04 11 01 57 MAX    19
2021 04 11 08 32 MIN     4
2021 04 11 14 17 MAX    17
2021 04 11 20 32 MIN     6
2021 04 12 02 43 MAX    20
2021 04 12 09 01 MIN     7
2021 04 12 14 37 MAX    19
2021 04 12 21 05 MIN     5
2021 04 13 03 27 MAX    20
2021 04 13 09 26 MIN    10
2021 04 13 14 56 MAX    20
2021 04 13 21 37 MIN     5
2021 04 14 04 14 MAX    20
2021 04 14 09 42 MIN    13
2021 04 14 15 15 MAX    22
2021 04 14 22 08 MIN     6
2021 04 15 05 09 MAX    20
2021 04 15 09 55 MIN    16
2021 04 15 15 39 MAX    24
2021 04 15 22 44 MIN     6
2021 04 16 06 59 MAX    20
2021 04 16 10 13 MIN    18
2021 04 16 16 08 MAX    25
2021 04 16 23 27 MIN     6
2021 04 17 16 42 MAX    26
2021 04 18 00 19 MIN     7
2021 04 18 17 22 MAX    26
2021 04 19 01 25 MIN     7
2021 04 19 18 10 MAX    25
2021 04 20 02 38 MIN     6
2021 04 20 19 10 MAX    24
2021 04 21 03 45 MIN     6
2021 04 21 12 59 MAX    21
2021 04 21 15 04 MIN    20
2021 04 21 20 19 MAX    23
2021 04 22 04 48 MIN     5
2021 04 22 13 20 MAX    20
2021 04 22 16 22 MIN    18
2021 04 22 21 30 MAX    22
2021 04 23 05 45 MIN     5
2021 04 23 13 29 MAX    19
2021 04 23 17 26 MIN    16
2021 04 23 22 43 MAX    23
2021 04 24 06 33 MIN     5
2021 04 24 13 12 MAX    19
2021 04 24 18 21 MIN    13
2021 04 25 00 01 MAX    23
2021 04 25 07 14 MIN     7
2021 04 25 13 13 MAX    20
2021 04 25 19 11 MIN    10
2021 04 26 01 10 MAX    24
2021 04 26 07 52 MIN     9
2021 04 26 13 33 MAX    22
2021 04 26 20 01 MIN     8
2021 04 27 02 10 MAX    25
2021 04 27 08 28 MIN    12
2021 04 27 14 02 MAX    25
2021 04 27 20 51 MIN     5
2021 04 28 03 09 MAX    24
2021 04 28 09 05 MIN    15
2021 04 28 14 36 MAX    28
2021 04 28 21 44 MIN     3
2021 04 29 04 11 MAX    23
2021 04 29 09 41 MIN    18
2021 04 29 15 13 MAX    29
2021 04 29 22 41 MIN     2
2021 04 30 07 32 MAX    22
2021 04 30 10 17 MIN    20
2021 04 30 15 54 MAX    30
2021 04 30 23 45 MIN     1
2021 05 01 08 58 MAX    22
2021 05 01 10 52 MIN    21
2021 05 01 16 38 MAX    30
2021 05 02 00 59 MIN     0
2021 05 02 17 28 MAX    28
2021 05 03 02 11 MIN     0
2021 05 03 18 25 MAX    25
2021 05 04 03 14 MIN     0
2021 05 04 12 28 MAX    18
2021 05 04 14 43 MIN    17
2021 05 04 19 34 MAX    21
2021 05 05 04 12 MIN     0
2021 05 05 12 39 MAX    16
2021 05 05 16 12 MIN    14
2021 05 05 20 54 MAX    18
2021 05 06 05 06 MIN     1
2021 05 06 12 32 MAX    14
2021 05 06 17 25 MIN    11
2021 05 06 22 26 MAX    16
2021 05 07 05 55 MIN     3
2021 05 07 12 30 MAX    14
2021 05 07 18 22 MIN     8
2021 05 07 23 59 MAX    15
2021 05 08 06 36 MIN     4
2021 05 08 12 41 MAX    15
2021 05 08 19 06 MIN     6
2021 05 09 01 05 MAX    15
2021 05 09 07 12 MIN     6
2021 05 09 12 57 MAX    16
2021 05 09 19 43 MIN     4
2021 05 10 01 57 MAX    15
2021 05 10 07 41 MIN     9
2021 05 10 13 14 MAX    18
2021 05 10 20 15 MIN     4
2021 05 11 02 45 MAX    16
2021 05 11 08 02 MIN    11
2021 05 11 13 31 MAX    20
2021 05 11 20 43 MIN     4
2021 05 12 03 34 MAX    17
2021 05 12 08 14 MIN    14
2021 05 12 13 51 MAX    22
2021 05 12 21 09 MIN     4
2021 05 13 04 40 MAX    18
2021 05 13 08 29 MIN    16
2021 05 13 14 17 MAX    24
2021 05 13 21 38 MIN     4
2021 05 14 06 28 MAX    19
2021 05 14 08 53 MIN    18
2021 05 14 14 47 MAX    26
2021 05 14 22 15 MIN     4
2021 05 15 07 38 MAX    20
2021 05 15 09 22 MIN    19
2021 05 15 15 23 MAX    26
2021 05 15 22 58 MIN     4
2021 05 16 16 03 MAX    26
2021 05 16 23 50 MIN     4
2021 05 17 16 46 MAX    25
2021 05 18 00 53 MIN     4
2021 05 18 17 37 MAX    24
2021 05 19 01 59 MIN     3
2021 05 19 18 38 MAX    22
2021 05 20 02 58 MIN     3
2021 05 20 12 03 MAX    18
2021 05 20 14 47 MIN    17
2021 05 20 19 52 MAX    21
2021 05 21 03 52 MIN     4
2021 05 21 12 04 MAX    17
2021 05 21 16 02 MIN    15
2021 05 21 21 12 MAX    20
2021 05 22 04 43 MIN     6
2021 05 22 11 29 MAX    18
2021 05 22 17 05 MIN    12
2021 05 22 22 32 MAX    19
2021 05 23 05 32 MIN     8
2021 05 23 11 38 MAX    19
2021 05 23 18 02 MIN     9
2021 05 23 23 52 MAX    20
2021 05 24 06 17 MIN    10
2021 05 24 12 04 MAX    22
2021 05 24 18 56 MIN     6
2021 05 25 01 02 MAX    20
2021 05 25 06 59 MIN    13
2021 05 25 12 36 MAX    25
2021 05 25 19 48 MIN     4
2021 05 26 02 05 MAX    21
2021 05 26 07 38 MIN    16
2021 05 26 13 12 MAX    28
2021 05 26 20 41 MIN     1
2021 05 27 03 09 MAX    20
2021 05 27 08 16 MIN    18
2021 05 27 13 52 MAX    30
2021 05 27 21 35 MIN     0
2021 05 28 06 55 MAX    20
2021 05 28 08 52 MIN    19
2021 05 28 14 36 MAX    31
2021 05 28 22 35 MIN    -2
2021 05 29 15 23 MAX    30
2021 05 29 23 40 MIN    -2
2021 05 30 16 13 MAX    28
2021 05 31 00 48 MIN    -3
2021 05 31 17 06 MAX    25
2021 06 01 01 48 MIN    -2
2021 06 01 18 05 MAX    21
2021 06 02 02 40 MIN    -1
2021 06 02 11 47 MAX    15
2021 06 02 14 32 MIN    14
2021 06 02 19 14 MAX    17
2021 06 03 03 25 MIN     1
2021 06 03 11 27 MAX    13
2021 06 03 15 48 MIN    11
2021 06 03 20 35 MAX    14
2021 06 04 04 07 MIN     3
2021 06 04 11 00 MAX    13
2021 06 04 17 01 MIN     8
2021 06 04 22 10 MAX    12
2021 06 05 04 44 MIN     5
2021 06 05 11 05 MAX    14
2021 06 05 18 06 MIN     6
2021 06 06 00 03 MAX    11
2021 06 06 05 15 MIN     8
2021 06 06 11 19 MAX    16
2021 06 06 18 53 MIN     5
2021 06 07 01 27 MAX    12
2021 06 07 05 32 MIN    11
2021 06 07 11 36 MAX    18
2021 06 07 19 28 MIN     4
2021 06 08 02 30 MAX    14
2021 06 08 05 42 MIN    13
2021 06 08 11 59 MAX    20
2021 06 08 19 55 MIN     4
2021 06 09 03 29 MAX    16
2021 06 09 06 09 MIN    15
2021 06 09 12 25 MAX    23
2021 06 09 20 15 MIN     4
2021 06 10 12 56 MAX    25
2021 06 10 20 38 MIN     4
2021 06 11 13 30 MAX    27
2021 06 11 21 09 MIN     4
2021 06 12 14 06 MAX    27
2021 06 12 21 48 MIN     4
2021 06 13 14 47 MAX    28
2021 06 13 22 33 MIN     3
2021 06 14 15 32 MAX    27
2021 06 14 23 25 MIN     3
2021 06 15 16 21 MAX    26
2021 06 16 00 21 MIN     3
2021 06 16 17 15 MAX    24
2021 06 17 01 17 MIN     4
2021 06 17 18 20 MAX    22
2021 06 18 02 08 MIN     5
2021 06 18 09 32 MAX    17
2021 06 18 14 16 MIN    15
2021 06 18 19 39 MAX    20
2021 06 19 02 54 MIN     8
2021 06 19 09 33 MAX    19
2021 06 19 15 32 MIN    13
2021 06 19 21 04 MAX    19
2021 06 20 03 36 MIN    11
2021 06 20 09 57 MAX    21
2021 06 20 16 39 MIN    11
2021 06 20 22 26 MAX    19
2021 06 21 04 17 MIN    14
2021 06 21 10 29 MAX    24
2021 06 21 17 43 MIN     8
2021 06 21 23 47 MAX    19
2021 06 22 04 57 MIN    16
2021 06 22 11 05 MAX    27
2021 06 22 18 43 MIN     6
2021 06 23 01 06 MAX    19
2021 06 23 05 34 MIN    18
2021 06 23 11 46 MAX    30
2021 06 23 19 39 MIN     3
2021 06 24 12 31 MAX    32
2021 06 24 20 34 MIN     1
2021 06 25 13 19 MAX    33
2021 06 25 21 29 MIN     0
2021 06 26 14 09 MAX    33
2021 06 26 22 26 MIN    -1
2021 06 27 15 01 MAX    31
2021 06 27 23 24 MIN    -2
2021 06 28 15 54 MAX    28
2021 06 29 00 19 MIN    -1
2021 06 29 16 47 MAX    24
2021 06 30 01 09 MIN     0
2021 06 30 17 42 MAX    20
2021 07 01 01 52 MIN     3
2021 07 01 08 48 MAX    14
2021 07 01 13 56 MIN    13
2021 07 01 18 47 MAX    17
2021 07 02 02 26 MIN     6
2021 07 02 08 53 MAX    15
2021 07 02 15 11 MIN    11
2021 07 02 20 10 MAX    14
2021 07 03 02 49 MIN     9
2021 07 03 09 06 MAX    16
2021 07 03 16 30 MIN    10
2021 07 03 21 59 MAX    13
2021 07 04 02 40 MIN    12
2021 07 04 09 23 MAX    18
2021 07 04 17 51 MIN     9
2021 07 05 09 49 MAX    21
2021 07 05 18 42 MIN     8
2021 07 06 10 22 MAX    23
2021 07 06 19 15 MIN     8
2021 07 07 10 59 MAX    26
2021 07 07 19 36 MIN     8
2021 07 08 11 37 MAX    28
2021 07 08 19 50 MIN     8
2021 07 09 12 15 MAX    30
2021 07 09 20 13 MIN     7
2021 07 10 12 54 MAX    31
2021 07 10 20 46 MIN     7
2021 07 11 13 37 MAX    31
2021 07 11 21 27 MIN     6
2021 07 12 14 22 MAX    31
2021 07 12 22 12 MIN     6
2021 07 13 15 12 MAX    31
2021 07 13 22 59 MIN     7
2021 07 14 16 06 MAX    29
2021 07 14 23 46 MIN     8
2021 07 15 06 39 MAX    20
2021 07 15 10 52 MIN    19
2021 07 15 17 07 MAX    27
2021 07 16 00 31 MIN    10
2021 07 16 07 05 MAX    21
2021 07 16 12 23 MIN    18
2021 07 16 18 17 MAX    25
2021 07 17 01 12 MIN    13
2021 07 17 07 36 MAX    23
2021 07 17 13 51 MIN    17
2021 07 17 19 39 MAX    23
2021 07 18 01 46 MIN    16
2021 07 18 08 10 MAX    25
2021 07 18 15 08 MIN    15
2021 07 18 21 04 MAX    22
2021 07 19 02 03 MIN    20
2021 07 19 08 49 MAX    28
2021 07 19 16 22 MIN    13
2021 07 20 09 32 MAX    31
2021 07 20 17 35 MIN    11
2021 07 21 10 20 MAX    33
2021 07 21 18 42 MIN     8
2021 07 22 11 11 MAX    35
2021 07 22 19 39 MIN     6
2021 07 23 12 04 MAX    36
2021 07 23 20 30 MIN     5
2021 07 24 12 58 MAX    36
2021 07 24 21 19 MIN     3
2021 07 25 13 53 MAX    35
2021 07 25 22 06 MIN     3
2021 07 26 04 41 MAX    20
2021 07 26 06 39 MIN    19
2021 07 26 14 47 MAX    33
2021 07 26 22 52 MIN     4
2021 07 27 05 15 MAX    19
2021 07 27 07 34 MIN    18
2021 07 27 15 39 MAX    30
2021 07 27 23 35 MIN     5
2021 07 28 05 48 MAX    19
2021 07 28 08 36 MIN    17
2021 07 28 16 29 MAX    27
2021 07 29 00 14 MIN     8
2021 07 29 06 17 MAX    19
2021 07 29 10 33 MIN    17
2021 07 29 17 21 MAX    23
2021 07 30 00 43 MIN    12
2021 07 30 06 39 MAX    20
2021 07 30 12 58 MIN    16
2021 07 30 18 20 MAX    20
2021 07 31 00 45 MIN    15
2021 07 31 06 55 MAX    22
2021 07 31 14 25 MIN    16
2021 08 01 07 14 MAX    24
2021 08 01 15 56 MIN    15
2021 08 02 07 48 MAX    26
2021 08 02 17 32 MIN    15
2021 08 03 08 36 MAX    28
2021 08 03 18 24 MIN    14
2021 08 04 09 27 MAX    30
2021 08 04 18 57 MIN    14
2021 08 05 10 16 MAX    32
2021 08 05 19 18 MIN    14
2021 08 06 11 03 MAX    34
2021 08 06 19 32 MIN    13
2021 08 07 11 47 MAX    35
2021 08 07 19 56 MIN    12
2021 08 08 12 32 MAX    36
2021 08 08 20 30 MIN    11
2021 08 09 04 22 MAX    25
2021 08 09 06 51 MIN    24
2021 08 09 13 19 MAX    37
2021 08 09 21 08 MIN    11
2021 08 10 03 51 MAX    25
2021 08 10 07 36 MIN    23
2021 08 10 14 09 MAX    36
2021 08 10 21 49 MIN    12
2021 08 11 04 09 MAX    25
2021 08 11 08 36 MIN    23
2021 08 11 15 05 MAX    35
2021 08 11 22 29 MIN    14
2021 08 12 04 39 MAX    26
2021 08 12 09 48 MIN    22
2021 08 12 16 06 MAX    34
2021 08 12 23 09 MIN    16
2021 08 13 05 11 MAX    28
2021 08 13 11 01 MIN    21
2021 08 13 17 11 MAX    32
2021 08 13 23 44 MIN    20
2021 08 14 05 45 MAX    30
2021 08 14 12 16 MIN    20
2021 08 14 18 23 MAX    29
2021 08 15 00 10 MIN    23
2021 08 15 06 19 MAX    32
2021 08 15 13 34 MIN    19
2021 08 15 19 48 MAX    27
2021 08 16 00 00 MIN    26
2021 08 16 00 00 MIN    26
2021 08 16 06 59 MAX    34
2021 08 16 14 57 MIN    18
2021 08 17 07 50 MAX    36
2021 08 17 16 24 MIN    16
2021 08 18 08 50 MAX    37
2021 08 18 17 49 MIN    14
2021 08 19 09 51 MAX    38
2021 08 19 18 49 MIN    12
2021 08 20 10 52 MAX    38
2021 08 20 19 36 MIN    10
2021 08 21 11 52 MAX    38
2021 08 21 20 18 MIN     9
2021 08 22 02 58 MAX    25
2021 08 22 05 27 MIN    24
2021 08 22 12 52 MAX    37
2021 08 22 20 58 MIN     8
2021 08 23 03 12 MAX    25
2021 08 23 06 27 MIN    22
2021 08 23 13 50 MAX    36
2021 08 23 21 35 MIN     9
2021 08 24 03 36 MAX    24
2021 08 24 07 26 MIN    21
2021 08 24 14 42 MAX    34
2021 08 24 22 11 MIN    11
2021 08 25 04 03 MAX    25
2021 08 25 08 40 MIN    20
2021 08 25 15 31 MAX    32
2021 08 25 22 42 MIN    14
2021 08 26 04 27 MAX    25
2021 08 26 09 47 MIN    19
2021 08 26 16 18 MAX    29
2021 08 26 23 02 MIN    17
2021 08 27 04 47 MAX    27
2021 08 27 10 45 MIN    19
2021 08 27 17 07 MAX    27
2021 08 27 22 50 MIN    21
2021 08 28 05 02 MAX    29
2021 08 28 11 49 MIN    19
2021 08 28 18 08 MAX    25
2021 08 28 21 51 MIN    23
2021 08 29 05 20 MAX    31
2021 08 29 13 11 MIN    20
2021 08 30 05 45 MAX    32
2021 08 30 15 08 MIN    20
2021 08 31 06 24 MAX    34
2021 08 31 16 46 MIN    19
2021 09 01 07 30 MAX    34
2021 09 01 17 45 MIN    19
2021 09 02 08 43 MAX    35
2021 09 02 18 23 MIN    18
2021 09 03 09 44 MAX    35
2021 09 03 18 50 MIN    17
2021 09 04 02 58 MAX    30
2021 09 04 04 26 MIN    29
2021 09 04 10 38 MAX    36
2021 09 04 19 11 MIN    16
2021 09 05 03 07 MAX    29
2021 09 05 05 21 MIN    28
2021 09 05 11 29 MAX    37
2021 09 05 19 38 MIN    15
2021 09 06 03 02 MAX    28
2021 09 06 06 08 MIN    27
2021 09 06 12 21 MAX    38
2021 09 06 20 11 MIN    15
2021 09 07 02 39 MAX    29
2021 09 07 06 59 MIN    25
2021 09 07 13 16 MAX    39
2021 09 07 20 46 MIN    15
2021 09 08 02 50 MAX    29
2021 09 08 07 57 MIN    24
2021 09 08 14 13 MAX    38
2021 09 08 21 22 MIN    17
2021 09 09 03 15 MAX    31
2021 09 09 08 59 MIN    22
2021 09 09 15 13 MAX    37
2021 09 09 21 58 MIN    20
2021 09 10 03 44 MAX    33
2021 09 10 10 00 MIN    21
2021 09 10 16 14 MAX    36
2021 09 10 22 31 MIN    24
2021 09 11 04 15 MAX    35
2021 09 11 11 02 MIN    20
2021 09 11 17 19 MAX    33
2021 09 11 22 57 MIN    28
2021 09 12 04 45 MAX    37
2021 09 12 12 09 MIN    20
2021 09 12 18 37 MAX    31
2021 09 12 20 40 MIN    30
2021 09 13 05 18 MAX    39
2021 09 13 13 29 MIN    19
2021 09 14 05 59 MAX    39
2021 09 14 15 05 MIN    18
2021 09 15 07 05 MAX    39
2021 09 15 16 41 MIN    16
2021 09 16 08 24 MAX    38
2021 09 16 17 50 MIN    14
2021 09 17 09 38 MAX    37
2021 09 17 18 39 MIN    12
2021 09 18 10 49 MAX    36
2021 09 18 19 19 MIN    11
2021 09 19 02 04 MAX    26
2021 09 19 05 58 MIN    25
2021 09 19 12 01 MAX    35
2021 09 19 19 54 MIN    11
2021 09 20 02 06 MAX    26
2021 09 20 07 05 MIN    22
2021 09 20 13 05 MAX    34
2021 09 20 20 27 MIN    11
2021 09 21 02 22 MAX    26
2021 09 21 07 52 MIN    19
2021 09 21 13 58 MAX    33
2021 09 21 20 58 MIN    13
2021 09 22 02 44 MAX    27
2021 09 22 08 32 MIN    18
2021 09 22 14 44 MAX    31
2021 09 22 21 24 MIN    16
2021 09 23 03 04 MAX    28
2021 09 23 09 10 MIN    17
2021 09 23 15 29 MAX    30
2021 09 23 21 41 MIN    19
2021 09 24 03 23 MAX    30
2021 09 24 09 47 MIN    17
2021 09 24 16 15 MAX    28
2021 09 24 21 38 MIN    22
2021 09 25 03 39 MAX    32
2021 09 25 10 27 MIN    18
2021 09 25 17 06 MAX    27
2021 09 25 21 10 MIN    25
2021 09 26 03 58 MAX    33
2021 09 26 11 11 MIN    18
2021 09 27 04 21 MAX    34
2021 09 27 12 07 MIN    18
2021 09 28 04 48 MAX    35
2021 09 28 13 35 MIN    19
2021 09 29 05 24 MAX    35
2021 09 29 15 39 MIN    18
2021 09 30 06 34 MAX    34
2021 09 30 16 43 MIN    17
2021 10 01 08 05 MAX    33
2021 10 01 17 30 MIN    16
2021 10 02 09 18 MAX    33
2021 10 02 18 07 MIN    15
2021 10 03 02 06 MAX    28
2021 10 03 04 44 MIN    27
2021 10 03 10 22 MAX    33
2021 10 03 18 39 MIN    14
2021 10 04 02 05 MAX    28
2021 10 04 05 39 MIN    25
2021 10 04 11 24 MAX    34
2021 10 04 19 11 MIN    14
2021 10 05 01 41 MAX    28
2021 10 05 06 30 MIN    22
2021 10 05 12 26 MAX    34
2021 10 05 19 44 MIN    15
2021 10 06 01 43 MAX    29
2021 10 06 07 22 MIN    20
2021 10 06 13 27 MAX    35
2021 10 06 20 18 MIN    17
2021 10 07 02 03 MAX    31
2021 10 07 08 14 MIN    18
2021 10 07 14 25 MAX    35
2021 10 07 20 51 MIN    20
2021 10 08 02 29 MAX    33
2021 10 08 09 06 MIN    16
2021 10 08 15 22 MAX    34
2021 10 08 21 25 MIN    23
2021 10 09 02 58 MAX    36
2021 10 09 10 01 MIN    15
2021 10 09 16 22 MAX    32
2021 10 09 21 54 MIN    27
2021 10 10 03 29 MAX    38
2021 10 10 11 00 MIN    14
2021 10 11 04 03 MAX    38
2021 10 11 12 08 MIN    13
2021 10 12 04 41 MAX    38
2021 10 12 13 35 MIN    12
2021 10 13 05 30 MAX    36
2021 10 13 15 10 MIN    11
2021 10 14 06 44 MAX    33
2021 10 14 16 25 MIN    10
2021 10 15 08 15 MAX    30
2021 10 15 17 24 MIN     9
2021 10 16 01 44 MAX    25
2021 10 16 05 00 MIN    24
2021 10 16 09 44 MAX    28
2021 10 16 18 10 MIN     9
2021 10 17 01 15 MAX    23
2021 10 17 06 00 MIN    19
2021 10 17 11 13 MAX    26
2021 10 17 18 48 MIN     9
2021 10 18 01 06 MAX    22
2021 10 18 06 44 MIN    16
2021 10 18 12 26 MAX    25
2021 10 18 19 21 MIN    10
2021 10 19 01 16 MAX    23
2021 10 19 07 23 MIN    13
2021 10 19 13 20 MAX    25
2021 10 19 19 50 MIN    11
2021 10 20 01 34 MAX    24
2021 10 20 07 59 MIN    11
2021 10 20 14 06 MAX    25
2021 10 20 20 15 MIN    13
2021 10 21 01 52 MAX    26
2021 10 21 08 33 MIN    10
2021 10 21 14 50 MAX    24
2021 10 21 20 33 MIN    16
2021 10 22 02 10 MAX    27
2021 10 22 09 04 MIN    10
2021 10 22 15 35 MAX    24
2021 10 22 20 37 MIN    19
2021 10 23 02 28 MAX    29
2021 10 23 09 34 MIN    10
2021 10 23 16 24 MAX    23
2021 10 23 20 32 MIN    21
2021 10 24 02 49 MAX    30
2021 10 24 10 08 MIN    11
2021 10 25 03 14 MAX    31
2021 10 25 10 48 MIN    11
2021 10 26 03 42 MAX    31
2021 10 26 11 36 MIN    11
2021 10 27 04 15 MAX    30
2021 10 27 12 41 MIN    11
2021 10 28 04 55 MAX    29
2021 10 28 14 19 MIN    11
2021 10 29 06 00 MAX    27
2021 10 29 15 31 MIN    10
2021 10 30 07 33 MAX    25
2021 10 30 16 25 MIN     9
2021 10 31 01 04 MAX    23
2021 10 31 04 25 MIN    21
2021 10 31 08 59 MAX    24
2021 10 31 17 13 MIN     9
2021 11 01 01 03 MAX    22
2021 11 01 05 15 MIN    19
2021 11 01 10 17 MAX    24
2021 11 01 17 55 MIN     9
2021 11 02 00 38 MAX    22
2021 11 02 05 58 MIN    16
2021 11 02 11 32 MAX    25
2021 11 02 18 33 MIN    11
2021 11 03 00 35 MAX    24
2021 11 03 06 43 MIN    13
2021 11 03 12 39 MAX    26
2021 11 03 19 09 MIN    13
2021 11 04 00 53 MAX    26
2021 11 04 07 28 MIN    10
2021 11 04 13 37 MAX    27
2021 11 04 19 44 MIN    16
2021 11 05 01 19 MAX    29
2021 11 05 08 16 MIN     8
2021 11 05 14 33 MAX    26
2021 11 05 20 17 MIN    19
2021 11 06 01 49 MAX    32
2021 11 06 09 06 MIN     6
2021 11 06 15 31 MAX    25
2021 11 06 20 49 MIN    21
2021 11 07 02 23 MAX    34
2021 11 07 10 00 MIN     4
2021 11 07 19 54 MAX    24
2021 11 07 21 16 MIN    23
2021 11 08 03 00 MAX    34
2021 11 08 11 00 MIN     3
2021 11 09 03 42 MAX    33
2021 11 09 12 12 MIN     3
2021 11 10 04 30 MAX    31
2021 11 10 13 35 MIN     2
2021 11 11 05 26 MAX    27
2021 11 11 14 46 MIN     1
2021 11 12 06 42 MAX    23
2021 11 12 15 45 MIN     1
2021 11 13 00 34 MAX    18
2021 11 13 04 01 MIN    16
2021 11 13 08 20 MAX    19
2021 11 13 16 37 MIN     2
2021 11 14 00 19 MAX    16
2021 11 14 05 12 MIN    12
2021 11 14 10 01 MAX    16
2021 11 14 17 23 MIN     3
2021 11 15 00 01 MAX    15
2021 11 15 06 05 MIN     8
2021 11 15 11 36 MAX    14
2021 11 15 18 03 MIN     5
2021 11 16 00 07 MAX    16
2021 11 16 06 48 MIN     5
2021 11 16 12 44 MAX    14
2021 11 16 18 37 MIN     7
2021 11 17 00 24 MAX    18
2021 11 17 07 25 MIN     3
2021 11 17 13 37 MAX    15
2021 11 17 19 05 MIN     9
2021 11 18 00 42 MAX    20
2021 11 18 07 58 MIN     2
2021 11 18 14 25 MAX    15
2021 11 18 19 24 MIN    11
2021 11 19 01 01 MAX    22
2021 11 19 08 28 MIN     1
2021 11 19 15 15 MAX    16
2021 11 19 19 31 MIN    14
2021 11 20 01 23 MAX    23
2021 11 20 08 55 MIN     2
2021 11 20 16 17 MAX    17
2021 11 20 19 39 MIN    15
2021 11 21 01 47 MAX    25
2021 11 21 09 23 MIN     2
2021 11 22 02 14 MAX    25
2021 11 22 09 54 MIN     2
2021 11 23 02 46 MAX    25
2021 11 23 10 32 MIN     2
2021 11 24 03 22 MAX    24
2021 11 24 11 18 MIN     2
2021 11 25 04 03 MAX    23
2021 11 25 12 16 MIN     1
2021 11 26 04 50 MAX    21
2021 11 26 13 25 MIN     1
2021 11 27 05 50 MAX    18
2021 11 27 14 29 MIN     1
2021 11 27 23 45 MAX    16
2021 11 28 03 03 MIN    15
2021 11 28 07 15 MAX    16
2021 11 28 15 23 MIN     2
2021 11 28 23 43 MAX    15
2021 11 29 04 16 MIN    12
2021 11 29 08 51 MAX    15
2021 11 29 16 12 MIN     4
2021 11 29 23 11 MAX    16
2021 11 30 05 06 MIN     9
2021 11 30 10 19 MAX    15
2021 11 30 16 59 MIN     6
2021 11 30 23 15 MAX    17
2021 12 01 05 53 MIN     6
2021 12 01 11 39 MAX    16
2021 12 01 17 44 MIN     8
2021 12 01 23 37 MAX    20
2021 12 02 06 39 MIN     3
2021 12 02 12 48 MAX    17
2021 12 02 18 25 MIN    11
2021 12 03 00 06 MAX    23
2021 12 03 07 26 MIN     0
2021 12 03 13 50 MAX    17
2021 12 03 19 03 MIN    14
2021 12 04 00 40 MAX    26
2021 12 04 08 15 MIN    -2
2021 12 04 14 53 MAX    17
2021 12 04 19 39 MIN    15
2021 12 05 01 18 MAX    28
2021 12 05 09 07 MIN    -5
2021 12 06 02 00 MAX    29
2021 12 06 10 03 MIN    -6
2021 12 07 02 47 MAX    28
2021 12 07 11 05 MIN    -7
2021 12 08 03 38 MAX    26
2021 12 08 12 11 MIN    -8
2021 12 09 04 32 MAX    22
2021 12 09 13 14 MIN    -7
2021 12 10 05 33 MAX    18
2021 12 10 14 08 MIN    -6
2021 12 10 23 06 MAX    11
2021 12 11 02 13 MIN     9
2021 12 11 06 50 MAX    13
2021 12 11 14 56 MIN    -5
2021 12 11 22 49 MAX     9
2021 12 12 03 37 MIN     6
2021 12 12 08 22 MAX     9
2021 12 12 15 38 MIN    -2
2021 12 12 22 29 MAX     9
2021 12 13 04 56 MIN     2
2021 12 13 10 04 MAX     6
2021 12 13 16 16 MIN     0
2021 12 13 22 41 MAX    10
2021 12 14 06 02 MIN    -1
2021 12 14 12 11 MAX     6
2021 12 14 16 52 MIN     3
2021 12 14 23 01 MAX    12
2021 12 15 06 50 MIN    -3
2021 12 15 13 44 MAX     7
2021 12 15 17 21 MIN     6
2021 12 15 23 24 MAX    14
2021 12 16 07 28 MIN    -4
2021 12 16 14 45 MAX     9
2021 12 16 17 40 MIN     8
2021 12 16 23 50 MAX    16
2021 12 17 08 01 MIN    -4
2021 12 18 00 17 MAX    18
2021 12 18 08 29 MIN    -4
2021 12 18 16 22 MAX    12
2021 12 18 18 30 MIN    11
2021 12 19 00 46 MAX    20
2021 12 19 08 54 MIN    -4
2021 12 20 01 19 MAX    21
2021 12 20 09 19 MIN    -4
2021 12 20 18 02 MAX    13
2021 12 20 19 38 MIN    12
2021 12 21 01 53 MAX    21
2021 12 21 09 48 MIN    -4
2021 12 22 02 32 MAX    21
2021 12 22 10 26 MIN    -5
2021 12 23 03 14 MAX    20
2021 12 23 11 10 MIN    -5
2021 12 24 04 01 MAX    18
2021 12 24 11 59 MIN    -5
2021 12 25 04 53 MAX    16
2021 12 25 12 50 MIN    -4
2021 12 25 21 35 MAX    11
2021 12 26 00 26 MIN    10
2021 12 26 05 56 MAX    14
2021 12 26 13 39 MIN    -2
2021 12 26 21 22 MAX    11
2021 12 27 02 18 MIN     8
2021 12 27 07 18 MAX    12
2021 12 27 14 25 MIN     1
2021 12 27 21 20 MAX    12
2021 12 28 03 34 MIN     6
2021 12 28 08 49 MAX    10
2021 12 28 15 10 MIN     4
2021 12 28 21 42 MAX    14
2021 12 29 04 39 MIN     3
2021 12 29 10 19 MAX    10
2021 12 29 15 54 MIN     7
2021 12 29 22 11 MAX    17
2021 12 30 05 39 MIN     0
2021 12 30 12 02 MAX    11
2021 12 30 16 38 MIN    10
2021 12 30 22 47 MAX    20
2021 12 31 06 35 MIN    -2
2021 12 31 23 27 MAX    23
