 <API - 조위예측극치자료>

대상조위관측소 : 동해항
위도(WGS84) : N 129.1439
경도(WGS84) : E 37.4947
관측기관 : 20201221 ~ 20220101

2020 12 21 01 40 MIN    13
2020 12 21 07 01 MAX    19
2020 12 21 14 50 MIN     1
2020 12 21 22 17 MAX    15
2020 12 22 03 33 MIN    11
2020 12 22 08 09 MAX    15
2020 12 22 15 40 MIN     3
2020 12 22 22 47 MAX    15
2020 12 23 05 08 MIN     8
2020 12 23 09 43 MAX    12
2020 12 23 16 26 MIN     5
2020 12 23 23 12 MAX    15
2020 12 24 06 14 MIN     5
2020 12 24 11 55 MAX    11
2020 12 24 17 08 MIN     7
2020 12 24 23 36 MAX    16
2020 12 25 07 02 MIN     3
2020 12 25 13 36 MAX    11
2020 12 25 17 45 MIN     9
2020 12 26 00 01 MAX    18
2020 12 26 07 39 MIN     1
2020 12 26 14 33 MAX    13
2020 12 26 18 21 MIN    10
2020 12 27 00 28 MAX    19
2020 12 27 08 10 MIN     0
2020 12 27 15 13 MAX    14
2020 12 27 18 59 MIN    11
2020 12 28 00 58 MAX    21
2020 12 28 08 42 MIN    -1
2020 12 28 15 49 MAX    15
2020 12 28 19 37 MIN    12
2020 12 29 01 30 MAX    23
2020 12 29 09 14 MIN    -2
2020 12 29 16 25 MAX    16
2020 12 29 20 16 MIN    13
2020 12 30 02 04 MAX    24
2020 12 30 09 49 MIN    -3
2020 12 30 17 02 MAX    16
2020 12 30 20 54 MIN    13
2020 12 31 02 40 MAX    25
2020 12 31 10 25 MIN    -5
2020 12 31 17 41 MAX    16
2020 12 31 21 31 MIN    13
2021 01 01 03 17 MAX    25
2021 01 01 11 03 MIN    -6
2021 01 01 18 21 MAX    15
2021 01 01 22 10 MIN    12
2021 01 02 03 56 MAX    25
2021 01 02 11 42 MIN    -6
2021 01 02 18 59 MAX    14
2021 01 02 22 52 MIN    11
2021 01 03 04 39 MAX    23
2021 01 03 12 23 MIN    -7
2021 01 03 19 34 MAX    13
2021 01 03 23 42 MIN     9
2021 01 04 05 28 MAX    21
2021 01 04 13 07 MIN    -6
2021 01 04 20 07 MAX    12
2021 01 05 00 46 MIN     8
2021 01 05 06 24 MAX    18
2021 01 05 13 54 MIN    -5
2021 01 05 20 40 MAX    12
2021 01 06 02 07 MIN     5
2021 01 06 07 33 MAX    14
2021 01 06 14 46 MIN    -2
2021 01 06 21 17 MAX    13
2021 01 07 03 37 MIN     3
2021 01 07 09 02 MAX    11
2021 01 07 15 42 MIN     1
2021 01 07 21 57 MAX    14
2021 01 08 04 58 MIN    -1
2021 01 08 11 04 MAX    10
2021 01 08 16 40 MIN     4
2021 01 08 22 41 MAX    16
2021 01 09 06 08 MIN    -4
2021 01 09 13 17 MAX    11
2021 01 09 17 39 MIN     7
2021 01 09 23 29 MAX    18
2021 01 10 07 10 MIN    -6
2021 01 10 14 38 MAX    13
2021 01 10 18 36 MIN     9
2021 01 11 00 20 MAX    20
2021 01 11 08 06 MIN    -8
2021 01 11 15 36 MAX    14
2021 01 11 19 30 MIN    11
2021 01 12 01 10 MAX    22
2021 01 12 08 57 MIN    -9
2021 01 12 16 24 MAX    15
2021 01 12 20 19 MIN    12
2021 01 13 01 59 MAX    24
2021 01 13 09 45 MIN    -9
2021 01 13 17 05 MAX    15
2021 01 13 21 04 MIN    12
2021 01 14 02 46 MAX    25
2021 01 14 10 30 MIN    -9
2021 01 14 17 42 MAX    14
2021 01 14 21 47 MIN    11
2021 01 15 03 32 MAX    25
2021 01 15 11 13 MIN    -8
2021 01 15 18 15 MAX    14
2021 01 15 22 30 MIN    10
2021 01 16 04 17 MAX    24
2021 01 16 11 52 MIN    -7
2021 01 16 18 46 MAX    13
2021 01 16 23 14 MIN     9
2021 01 17 05 01 MAX    21
2021 01 17 12 30 MIN    -6
2021 01 17 19 16 MAX    12
2021 01 18 00 04 MIN     7
2021 01 18 05 46 MAX    18
2021 01 18 13 05 MIN    -4
2021 01 18 19 44 MAX    11
2021 01 19 01 03 MIN     6
2021 01 19 06 34 MAX    14
2021 01 19 13 36 MIN    -2
2021 01 19 20 12 MAX    11
2021 01 20 02 19 MIN     4
2021 01 20 07 31 MAX    10
2021 01 20 14 04 MIN     1
2021 01 20 20 40 MAX    12
2021 01 21 03 48 MIN     3
2021 01 21 08 53 MAX     7
2021 01 21 14 28 MIN     3
2021 01 21 21 12 MAX    12
2021 01 22 05 10 MIN     1
2021 01 22 21 51 MAX    13
2021 01 23 06 13 MIN    -1
2021 01 23 22 38 MAX    15
2021 01 24 07 00 MIN    -2
2021 01 24 14 44 MAX    10
2021 01 24 17 06 MIN     9
2021 01 24 23 30 MAX    16
2021 01 25 07 40 MIN    -4
2021 01 25 15 12 MAX    12
2021 01 25 18 17 MIN    10
2021 01 26 00 21 MAX    18
2021 01 26 08 16 MIN    -5
2021 01 26 15 39 MAX    13
2021 01 26 19 13 MIN    11
2021 01 27 01 06 MAX    20
2021 01 27 08 52 MIN    -6
2021 01 27 16 07 MAX    14
2021 01 27 20 01 MIN    10
2021 01 28 01 49 MAX    21
2021 01 28 09 29 MIN    -7
2021 01 28 16 35 MAX    14
2021 01 28 20 43 MIN    10
2021 01 29 02 30 MAX    22
2021 01 29 10 06 MIN    -9
2021 01 29 17 02 MAX    13
2021 01 29 21 25 MIN     8
2021 01 30 03 11 MAX    23
2021 01 30 10 44 MIN   -10
2021 01 30 17 28 MAX    12
2021 01 30 22 07 MIN     6
2021 01 31 03 54 MAX    22
2021 01 31 11 22 MIN   -10
2021 01 31 17 54 MAX    12
2021 01 31 22 53 MIN     4
2021 02 01 04 40 MAX    20
2021 02 01 12 01 MIN   -10
2021 02 01 18 22 MAX    11
2021 02 02 00 00 MIN     2
2021 02 02 00 00 MIN     2
2021 02 02 05 31 MAX    17
2021 02 02 12 40 MIN    -8
2021 02 02 18 52 MAX    11
2021 02 03 00 45 MIN    -1
2021 02 03 06 29 MAX    14
2021 02 03 13 20 MIN    -5
2021 02 03 19 26 MAX    11
2021 02 04 01 53 MIN    -3
2021 02 04 07 39 MAX    10
2021 02 04 14 02 MIN    -2
2021 02 04 20 04 MAX    12
2021 02 05 03 11 MIN    -5
2021 02 05 09 18 MAX     7
2021 02 05 14 48 MIN     2
2021 02 05 20 50 MAX    13
2021 02 06 04 35 MIN    -6
2021 02 06 12 17 MAX     7
2021 02 06 15 45 MIN     6
2021 02 06 21 47 MAX    15
2021 02 07 05 54 MIN    -8
2021 02 07 14 02 MAX     9
2021 02 07 17 02 MIN     8
2021 02 07 22 55 MAX    16
2021 02 08 07 02 MIN    -9
2021 02 08 14 59 MAX    11
2021 02 08 18 22 MIN     9
2021 02 09 00 05 MAX    18
2021 02 09 07 59 MIN    -9
2021 02 09 15 36 MAX    12
2021 02 09 19 25 MIN     9
2021 02 10 01 07 MAX    20
2021 02 10 08 48 MIN    -9
2021 02 10 16 03 MAX    13
2021 02 10 20 16 MIN     9
2021 02 11 01 59 MAX    21
2021 02 11 09 31 MIN    -9
2021 02 11 16 25 MAX    13
2021 02 11 21 01 MIN     8
2021 02 12 02 45 MAX    22
2021 02 12 10 10 MIN    -9
2021 02 12 16 45 MAX    12
2021 02 12 21 42 MIN     6
2021 02 13 03 28 MAX    21
2021 02 13 10 46 MIN    -8
2021 02 13 17 07 MAX    12
2021 02 13 22 22 MIN     5
2021 02 14 04 09 MAX    20
2021 02 14 11 19 MIN    -7
2021 02 14 17 30 MAX    12
2021 02 14 23 03 MIN     3
2021 02 15 04 50 MAX    18
2021 02 15 11 48 MIN    -6
2021 02 15 17 54 MAX    11
2021 02 15 23 46 MIN     1
2021 02 16 05 33 MAX    15
2021 02 16 12 15 MIN    -4
2021 02 16 18 18 MAX    11
2021 02 17 00 32 MIN     0
2021 02 17 06 20 MAX    11
2021 02 17 12 37 MIN    -1
2021 02 17 18 41 MAX    11
2021 02 18 01 25 MIN    -1
2021 02 18 07 16 MAX     8
2021 02 18 12 55 MIN     1
2021 02 18 19 07 MAX    12
2021 02 19 02 28 MIN    -2
2021 02 19 08 41 MAX     6
2021 02 19 13 11 MIN     4
2021 02 19 19 38 MAX    12
2021 02 20 03 43 MIN    -2
2021 02 20 20 20 MAX    13
2021 02 21 05 04 MIN    -3
2021 02 21 21 18 MAX    14
2021 02 22 06 10 MIN    -3
2021 02 22 22 33 MAX    15
2021 02 23 07 01 MIN    -4
2021 02 23 14 47 MAX    11
2021 02 23 18 08 MIN    10
2021 02 23 23 49 MAX    16
2021 02 24 07 44 MIN    -6
2021 02 24 15 07 MAX    12
2021 02 24 19 09 MIN     9
2021 02 25 00 47 MAX    18
2021 02 25 08 23 MIN    -7
2021 02 25 15 29 MAX    13
2021 02 25 19 55 MIN     8
2021 02 26 01 35 MAX    19
2021 02 26 09 02 MIN    -9
2021 02 26 15 50 MAX    13
2021 02 26 20 37 MIN     6
2021 02 27 02 21 MAX    20
2021 02 27 09 41 MIN   -10
2021 02 27 16 11 MAX    13
2021 02 27 21 19 MIN     4
2021 02 28 03 06 MAX    21
2021 02 28 10 19 MIN   -11
2021 02 28 16 33 MAX    12
2021 02 28 22 04 MIN     1
2021 03 01 03 53 MAX    20
2021 03 01 10 58 MIN   -10
2021 03 01 16 58 MAX    12
2021 03 01 22 51 MIN    -2
2021 03 02 04 43 MAX    18
2021 03 02 11 35 MIN    -8
2021 03 02 17 26 MAX    12
2021 03 02 23 42 MIN    -5
2021 03 03 05 38 MAX    15
2021 03 03 12 12 MIN    -5
2021 03 03 17 56 MAX    13
2021 03 04 00 38 MIN    -7
2021 03 04 06 42 MAX    12
2021 03 04 12 49 MIN    -1
2021 03 04 18 31 MAX    14
2021 03 05 01 41 MIN    -8
2021 03 05 08 05 MAX     9
2021 03 05 13 24 MIN     3
2021 03 05 19 12 MAX    15
2021 03 06 02 54 MIN    -8
2021 03 06 10 37 MAX     7
2021 03 06 14 03 MIN     6
2021 03 06 20 04 MAX    15
2021 03 07 04 18 MIN    -8
2021 03 07 13 01 MAX     9
2021 03 07 15 01 MIN     8
2021 03 07 21 12 MAX    16
2021 03 08 05 42 MIN    -8
2021 03 08 14 11 MAX    10
2021 03 08 17 04 MIN     9
2021 03 08 22 43 MAX    16
2021 03 09 06 51 MIN    -8
2021 03 09 14 43 MAX    11
2021 03 09 18 32 MIN     9
2021 03 10 00 06 MAX    17
2021 03 10 07 46 MIN    -7
2021 03 10 15 04 MAX    12
2021 03 10 19 30 MIN     8
2021 03 11 01 08 MAX    18
2021 03 11 08 31 MIN    -7
2021 03 11 15 19 MAX    12
2021 03 11 20 17 MIN     6
2021 03 12 01 58 MAX    19
2021 03 12 09 09 MIN    -6
2021 03 12 15 33 MAX    13
2021 03 12 20 58 MIN     4
2021 03 13 02 41 MAX    19
2021 03 13 09 43 MIN    -5
2021 03 13 15 51 MAX    13
2021 03 13 21 36 MIN     3
2021 03 14 03 22 MAX    19
2021 03 14 10 13 MIN    -5
2021 03 14 16 10 MAX    13
2021 03 14 22 12 MIN     1
2021 03 15 04 01 MAX    17
2021 03 15 10 41 MIN    -3
2021 03 15 16 31 MAX    13
2021 03 15 22 48 MIN    -1
2021 03 16 04 43 MAX    16
2021 03 16 11 07 MIN    -2
2021 03 16 16 52 MAX    14
2021 03 16 23 25 MIN    -2
2021 03 17 05 27 MAX    14
2021 03 17 11 30 MIN     1
2021 03 17 17 13 MAX    14
2021 03 18 00 05 MIN    -3
2021 03 18 06 17 MAX    11
2021 03 18 11 52 MIN     3
2021 03 18 17 36 MAX    14
2021 03 19 00 49 MIN    -4
2021 03 19 07 20 MAX    10
2021 03 19 12 12 MIN     5
2021 03 19 18 02 MAX    15
2021 03 20 01 38 MIN    -3
2021 03 20 09 05 MAX     8
2021 03 20 12 30 MIN     7
2021 03 20 18 34 MAX    15
2021 03 21 02 39 MIN    -3
2021 03 21 19 15 MAX    15
2021 03 22 03 57 MIN    -2
2021 03 22 20 15 MAX    14
2021 03 23 05 16 MIN    -2
2021 03 23 13 47 MAX    12
2021 03 23 16 15 MIN    11
2021 03 23 21 42 MAX    15
2021 03 24 06 17 MIN    -3
2021 03 24 14 03 MAX    13
2021 03 24 18 07 MIN    10
2021 03 24 23 16 MAX    15
2021 03 25 07 06 MIN    -5
2021 03 25 14 21 MAX    13
2021 03 25 19 01 MIN     9
2021 03 26 00 25 MAX    17
2021 03 26 07 49 MIN    -6
2021 03 26 14 39 MAX    14
2021 03 26 19 44 MIN     7
2021 03 27 01 20 MAX    18
2021 03 27 08 30 MIN    -7
2021 03 27 14 57 MAX    14
2021 03 27 20 26 MIN     4
2021 03 28 02 11 MAX    19
2021 03 28 09 10 MIN    -7
2021 03 28 15 18 MAX    15
2021 03 28 21 09 MIN     0
2021 03 29 03 02 MAX    20
2021 03 29 09 50 MIN    -6
2021 03 29 15 42 MAX    15
2021 03 29 21 55 MIN    -3
2021 03 30 03 54 MAX    19
2021 03 30 10 29 MIN    -4
2021 03 30 16 09 MAX    16
2021 03 30 22 44 MIN    -6
2021 03 31 04 50 MAX    17
2021 03 31 11 07 MIN    -1
2021 03 31 16 38 MAX    17
2021 03 31 23 35 MIN    -8
2021 04 01 05 53 MAX    15
2021 04 01 11 43 MIN     3
2021 04 01 17 12 MAX    18
2021 04 02 00 31 MIN   -10
2021 04 02 07 15 MAX    13
2021 04 02 12 18 MIN     6
2021 04 02 17 50 MAX    19
2021 04 03 01 32 MIN    -9
2021 04 03 09 12 MAX    11
2021 04 03 12 52 MIN     9
2021 04 03 18 36 MAX    19
2021 04 04 02 44 MIN    -8
2021 04 04 19 36 MAX    18
2021 04 05 04 07 MIN    -6
2021 04 05 20 59 MAX    18
2021 04 06 05 28 MIN    -5
2021 04 06 13 38 MAX    13
2021 04 06 17 19 MIN    11
2021 04 06 22 39 MAX    17
2021 04 07 06 31 MIN    -4
2021 04 07 14 00 MAX    13
2021 04 07 18 34 MIN     9
2021 04 08 00 01 MAX    17
2021 04 08 07 22 MIN    -3
2021 04 08 14 16 MAX    14
2021 04 08 19 28 MIN     7
2021 04 09 01 03 MAX    18
2021 04 09 08 02 MIN    -2
2021 04 09 14 30 MAX    15
2021 04 09 20 12 MIN     5
2021 04 10 01 53 MAX    18
2021 04 10 08 36 MIN    -1
2021 04 10 14 44 MAX    15
2021 04 10 20 51 MIN     3
2021 04 11 02 36 MAX    18
2021 04 11 09 06 MIN     0
2021 04 11 15 01 MAX    16
2021 04 11 21 26 MIN     2
2021 04 12 03 18 MAX    17
2021 04 12 09 34 MIN     2
2021 04 12 15 19 MAX    17
2021 04 12 21 59 MIN     0
2021 04 13 03 59 MAX    17
2021 04 13 10 01 MIN     4
2021 04 13 15 39 MAX    18
2021 04 13 22 32 MIN    -1
2021 04 14 04 43 MAX    16
2021 04 14 10 26 MIN     5
2021 04 14 16 00 MAX    18
2021 04 14 23 06 MIN    -2
2021 04 15 05 32 MAX    15
2021 04 15 10 50 MIN     7
2021 04 15 16 23 MAX    19
2021 04 15 23 43 MIN    -3
2021 04 16 06 29 MAX    14
2021 04 16 11 14 MIN     9
2021 04 16 16 48 MAX    20
2021 04 17 00 23 MIN    -2
2021 04 17 07 44 MAX    13
2021 04 17 11 37 MIN    11
2021 04 17 17 17 MAX    20
2021 04 18 01 08 MIN    -2
2021 04 18 09 20 MAX    13
2021 04 18 12 01 MIN    12
2021 04 18 17 51 MAX    19
2021 04 19 02 02 MIN    -1
2021 04 19 18 33 MAX    19
2021 04 20 03 09 MIN     0
2021 04 20 19 33 MAX    18
2021 04 21 04 25 MIN     0
2021 04 21 12 50 MAX    15
2021 04 21 16 11 MIN    14
2021 04 21 21 01 MAX    17
2021 04 22 05 30 MIN    -1
2021 04 22 13 09 MAX    16
2021 04 22 17 47 MIN    12
2021 04 22 22 41 MAX    17
2021 04 23 06 22 MIN    -1
2021 04 23 13 25 MAX    16
2021 04 23 18 40 MIN    10
2021 04 24 00 01 MAX    18
2021 04 24 07 08 MIN    -2
2021 04 24 13 42 MAX    17
2021 04 24 19 25 MIN     6
2021 04 25 01 06 MAX    19
2021 04 25 07 53 MIN    -1
2021 04 25 14 02 MAX    18
2021 04 25 20 10 MIN     3
2021 04 26 02 05 MAX    20
2021 04 26 08 36 MIN     0
2021 04 26 14 27 MAX    19
2021 04 26 20 56 MIN    -1
2021 04 27 03 03 MAX    20
2021 04 27 09 17 MIN     3
2021 04 27 14 54 MAX    21
2021 04 27 21 45 MIN    -4
2021 04 28 04 03 MAX    20
2021 04 28 09 58 MIN     6
2021 04 28 15 25 MAX    23
2021 04 28 22 36 MIN    -6
2021 04 29 05 10 MAX    19
2021 04 29 10 36 MIN     9
2021 04 29 16 00 MAX    24
2021 04 29 23 29 MIN    -8
2021 04 30 06 32 MAX    18
2021 04 30 11 12 MIN    12
2021 04 30 16 39 MAX    25
2021 05 01 00 25 MIN    -7
2021 05 01 08 09 MAX    17
2021 05 01 11 48 MIN    14
2021 05 01 17 24 MAX    26
2021 05 02 01 27 MIN    -6
2021 05 02 09 45 MAX    16
2021 05 02 12 26 MIN    15
2021 05 02 18 17 MAX    25
2021 05 03 02 36 MIN    -4
2021 05 03 19 24 MAX    23
2021 05 04 03 51 MIN    -2
2021 05 04 12 12 MAX    17
2021 05 04 15 27 MIN    16
2021 05 04 20 49 MAX    21
2021 05 05 05 01 MIN     0
2021 05 05 12 47 MAX    17
2021 05 05 17 16 MIN    14
2021 05 05 22 23 MAX    20
2021 05 06 05 59 MIN     2
2021 05 06 13 09 MAX    18
2021 05 06 18 27 MIN    11
2021 05 06 23 47 MAX    19
2021 05 07 06 45 MIN     3
2021 05 07 13 25 MAX    18
2021 05 07 19 20 MIN     9
2021 05 08 00 55 MAX    18
2021 05 08 07 22 MIN     5
2021 05 08 13 39 MAX    19
2021 05 08 20 04 MIN     7
2021 05 09 01 52 MAX    18
2021 05 09 07 53 MIN     7
2021 05 09 13 55 MAX    20
2021 05 09 20 41 MIN     5
2021 05 10 02 40 MAX    19
2021 05 10 08 21 MIN     9
2021 05 10 14 12 MAX    22
2021 05 10 21 13 MIN     4
2021 05 11 03 24 MAX    19
2021 05 11 08 49 MIN    11
2021 05 11 14 31 MAX    23
2021 05 11 21 44 MIN     3
2021 05 12 04 10 MAX    20
2021 05 12 09 15 MIN    12
2021 05 12 14 53 MAX    24
2021 05 12 22 16 MIN     2
2021 05 13 04 57 MAX    20
2021 05 13 09 43 MIN    14
2021 05 13 15 18 MAX    25
2021 05 13 22 50 MIN     2
2021 05 14 05 50 MAX    20
2021 05 14 10 10 MIN    16
2021 05 14 15 45 MAX    26
2021 05 14 23 26 MIN     2
2021 05 15 06 51 MAX    19
2021 05 15 10 37 MIN    17
2021 05 15 16 15 MAX    26
2021 05 16 00 06 MIN     2
2021 05 16 08 00 MAX    19
2021 05 16 11 05 MIN    17
2021 05 16 16 48 MAX    26
2021 05 17 00 49 MIN     3
2021 05 17 09 12 MAX    19
2021 05 17 11 36 MIN    18
2021 05 17 17 26 MAX    25
2021 05 18 01 38 MIN     3
2021 05 18 18 12 MAX    24
2021 05 19 02 35 MIN     3
2021 05 19 11 09 MAX    19
2021 05 19 13 35 MIN    18
2021 05 19 19 13 MAX    22
2021 05 20 03 39 MIN     4
2021 05 20 11 38 MAX    19
2021 05 20 15 45 MIN    17
2021 05 20 20 36 MAX    21
2021 05 21 04 40 MIN     4
2021 05 21 11 58 MAX    20
2021 05 21 17 14 MIN    15
2021 05 21 22 12 MAX    20
2021 05 22 05 35 MIN     5
2021 05 22 12 17 MAX    21
2021 05 22 18 13 MIN    11
2021 05 22 23 42 MAX    20
2021 05 23 06 24 MIN     6
2021 05 23 12 40 MAX    22
2021 05 23 19 04 MIN     8
2021 05 24 01 00 MAX    21
2021 05 24 07 12 MIN     8
2021 05 24 13 07 MAX    24
2021 05 24 19 53 MIN     4
2021 05 25 02 11 MAX    23
2021 05 25 07 57 MIN    11
2021 05 25 13 38 MAX    27
2021 05 25 20 44 MIN     1
2021 05 26 03 20 MAX    23
2021 05 26 08 41 MIN    14
2021 05 26 14 12 MAX    29
2021 05 26 21 36 MIN    -1
2021 05 27 04 32 MAX    24
2021 05 27 09 23 MIN    17
2021 05 27 14 50 MAX    31
2021 05 27 22 29 MIN    -2
2021 05 28 05 51 MAX    24
2021 05 28 10 03 MIN    19
2021 05 28 15 32 MAX    33
2021 05 28 23 24 MIN    -2
2021 05 29 07 13 MAX    23
2021 05 29 10 42 MIN    21
2021 05 29 16 18 MAX    33
2021 05 30 00 20 MIN    -2
2021 05 30 08 29 MAX    23
2021 05 30 11 23 MIN    21
2021 05 30 17 10 MAX    33
2021 05 31 01 18 MIN     0
2021 05 31 09 34 MAX    22
2021 05 31 12 14 MIN    21
2021 05 31 18 07 MAX    31
2021 06 01 02 19 MIN     2
2021 06 01 10 29 MAX    22
2021 06 01 13 29 MIN    21
2021 06 01 19 12 MAX    28
2021 06 02 03 21 MIN     5
2021 06 02 11 10 MAX    22
2021 06 02 15 21 MIN    20
2021 06 02 20 27 MAX    25
2021 06 03 04 19 MIN     7
2021 06 03 11 41 MAX    22
2021 06 03 16 59 MIN    17
2021 06 03 21 53 MAX    23
2021 06 04 05 10 MIN     9
2021 06 04 12 05 MAX    23
2021 06 04 18 11 MIN    15
2021 06 04 23 27 MAX    21
2021 06 05 05 52 MIN    12
2021 06 05 12 24 MAX    24
2021 06 05 19 07 MIN    12
2021 06 06 00 58 MAX    21
2021 06 06 06 27 MIN    14
2021 06 06 12 43 MAX    25
2021 06 06 19 50 MIN    11
2021 06 07 02 08 MAX    21
2021 06 07 06 57 MIN    16
2021 06 07 13 02 MAX    27
2021 06 07 20 26 MIN    10
2021 06 08 03 02 MAX    22
2021 06 08 07 26 MIN    18
2021 06 08 13 24 MAX    29
2021 06 08 20 57 MIN     9
2021 06 09 03 46 MAX    24
2021 06 09 07 55 MIN    20
2021 06 09 13 49 MAX    30
2021 06 09 21 29 MIN     9
2021 06 10 04 30 MAX    25
2021 06 10 08 27 MIN    22
2021 06 10 14 17 MAX    32
2021 06 10 22 01 MIN     8
2021 06 11 05 15 MAX    25
2021 06 11 08 59 MIN    23
2021 06 11 14 47 MAX    33
2021 06 11 22 37 MIN     8
2021 06 12 06 04 MAX    26
2021 06 12 09 32 MIN    24
2021 06 12 15 20 MAX    34
2021 06 12 23 14 MIN     8
2021 06 13 06 57 MAX    25
2021 06 13 10 05 MIN    24
2021 06 13 15 55 MAX    34
2021 06 13 23 52 MIN     7
2021 06 14 07 51 MAX    25
2021 06 14 10 40 MIN    24
2021 06 14 16 33 MAX    33
2021 06 15 00 33 MIN     7
2021 06 15 08 39 MAX    24
2021 06 15 11 22 MIN    23
2021 06 15 17 15 MAX    32
2021 06 16 01 16 MIN     7
2021 06 16 09 18 MAX    24
2021 06 16 12 18 MIN    23
2021 06 16 18 05 MAX    30
2021 06 17 02 03 MIN     8
2021 06 17 09 46 MAX    24
2021 06 17 13 39 MIN    22
2021 06 17 19 06 MAX    28
2021 06 18 02 56 MIN     9
2021 06 18 10 10 MAX    24
2021 06 18 15 18 MIN    20
2021 06 18 20 24 MAX    26
2021 06 19 03 51 MIN    11
2021 06 19 10 36 MAX    25
2021 06 19 16 41 MIN    17
2021 06 19 21 57 MAX    24
2021 06 20 04 46 MIN    13
2021 06 20 11 06 MAX    27
2021 06 20 17 47 MIN    14
2021 06 20 23 41 MAX    24
2021 06 21 05 38 MIN    16
2021 06 21 11 40 MAX    29
2021 06 21 18 46 MIN    10
2021 06 22 01 22 MAX    25
2021 06 22 06 29 MIN    19
2021 06 22 12 18 MAX    32
2021 06 22 19 41 MIN     8
2021 06 23 02 46 MAX    27
2021 06 23 07 18 MIN    22
2021 06 23 12 59 MAX    35
2021 06 23 20 37 MIN     6
2021 06 24 03 58 MAX    28
2021 06 24 08 05 MIN    25
2021 06 24 13 43 MAX    37
2021 06 24 21 31 MIN     5
2021 06 25 05 07 MAX    29
2021 06 25 08 51 MIN    26
2021 06 25 14 30 MAX    39
2021 06 25 22 25 MIN     4
2021 06 26 06 15 MAX    29
2021 06 26 09 36 MIN    27
2021 06 26 15 19 MAX    40
2021 06 26 23 17 MIN     5
2021 06 27 07 15 MAX    29
2021 06 27 10 22 MIN    27
2021 06 27 16 10 MAX    40
2021 06 28 00 08 MIN     6
2021 06 28 08 04 MAX    28
2021 06 28 11 11 MIN    27
2021 06 28 17 01 MAX    39
2021 06 29 00 58 MIN     7
2021 06 29 08 44 MAX    28
2021 06 29 12 09 MIN    26
2021 06 29 17 55 MAX    36
2021 06 30 01 47 MIN     9
2021 06 30 09 17 MAX    27
2021 06 30 13 23 MIN    25
2021 06 30 18 53 MAX    33
2021 07 01 02 34 MIN    12
2021 07 01 09 47 MAX    27
2021 07 01 14 56 MIN    23
2021 07 01 19 58 MAX    29
2021 07 02 03 20 MIN    15
2021 07 02 10 15 MAX    28
2021 07 02 16 27 MIN    21
2021 07 02 21 20 MAX    26
2021 07 03 04 02 MIN    18
2021 07 03 10 42 MAX    29
2021 07 03 17 43 MIN    19
2021 07 03 23 25 MAX    24
2021 07 04 04 40 MIN    20
2021 07 04 11 09 MAX    30
2021 07 04 18 41 MIN    17
2021 07 05 01 28 MAX    25
2021 07 05 05 15 MIN    23
2021 07 05 11 38 MAX    32
2021 07 05 19 26 MIN    16
2021 07 06 02 37 MAX    26
2021 07 06 05 49 MIN    25
2021 07 06 12 09 MAX    33
2021 07 06 20 04 MIN    15
2021 07 07 03 22 MAX    28
2021 07 07 06 26 MIN    27
2021 07 07 12 42 MAX    35
2021 07 07 20 38 MIN    15
2021 07 08 03 58 MAX    30
2021 07 08 07 07 MIN    28
2021 07 08 13 18 MAX    37
2021 07 08 21 12 MIN    14
2021 07 09 04 34 MAX    31
2021 07 09 07 48 MIN    29
2021 07 09 13 53 MAX    39
2021 07 09 21 47 MIN    14
2021 07 10 05 11 MAX    31
2021 07 10 08 28 MIN    29
2021 07 10 14 29 MAX    40
2021 07 10 22 22 MIN    13
2021 07 11 05 51 MAX    31
2021 07 11 09 07 MIN    29
2021 07 11 15 06 MAX    41
2021 07 11 22 58 MIN    12
2021 07 12 06 29 MAX    31
2021 07 12 09 48 MIN    29
2021 07 12 15 44 MAX    40
2021 07 12 23 35 MIN    12
2021 07 13 07 03 MAX    30
2021 07 13 10 32 MIN    28
2021 07 13 16 26 MAX    39
2021 07 14 00 12 MIN    11
2021 07 14 07 29 MAX    29
2021 07 14 11 21 MIN    26
2021 07 14 17 11 MAX    37
2021 07 15 00 51 MIN    12
2021 07 15 07 52 MAX    29
2021 07 15 12 21 MIN    25
2021 07 15 18 03 MAX    35
2021 07 16 01 32 MIN    13
2021 07 16 08 16 MAX    29
2021 07 16 13 34 MIN    23
2021 07 16 19 05 MAX    32
2021 07 17 02 17 MIN    15
2021 07 17 08 45 MAX    30
2021 07 17 14 55 MIN    21
2021 07 17 20 23 MAX    29
2021 07 18 03 06 MIN    18
2021 07 18 09 22 MAX    31
2021 07 18 16 15 MIN    18
2021 07 18 22 08 MAX    28
2021 07 19 03 59 MIN    22
2021 07 19 10 03 MAX    33
2021 07 19 17 29 MIN    16
2021 07 20 00 37 MAX    28
2021 07 20 04 55 MIN    25
2021 07 20 10 51 MAX    36
2021 07 20 18 35 MIN    13
2021 07 21 02 15 MAX    30
2021 07 21 05 53 MIN    28
2021 07 21 11 44 MAX    38
2021 07 21 19 37 MIN    12
2021 07 22 03 22 MAX    32
2021 07 22 06 51 MIN    30
2021 07 22 12 40 MAX    41
2021 07 22 20 33 MIN    11
2021 07 23 04 18 MAX    33
2021 07 23 07 45 MIN    31
2021 07 23 13 34 MAX    43
2021 07 23 21 26 MIN    10
2021 07 24 05 06 MAX    34
2021 07 24 08 36 MIN    31
2021 07 24 14 26 MAX    45
2021 07 24 22 16 MIN    11
2021 07 25 05 47 MAX    33
2021 07 25 09 24 MIN    31
2021 07 25 15 16 MAX    45
2021 07 25 23 02 MIN    11
2021 07 26 06 21 MAX    33
2021 07 26 10 13 MIN    30
2021 07 26 16 04 MAX    44
2021 07 26 23 46 MIN    12
2021 07 27 06 49 MAX    32
2021 07 27 11 03 MIN    28
2021 07 27 16 52 MAX    42
2021 07 28 00 26 MIN    14
2021 07 28 07 14 MAX    32
2021 07 28 11 58 MIN    27
2021 07 28 17 40 MAX    39
2021 07 29 01 04 MIN    16
2021 07 29 07 39 MAX    31
2021 07 29 13 01 MIN    26
2021 07 29 18 33 MAX    35
2021 07 30 01 39 MIN    19
2021 07 30 08 05 MAX    32
2021 07 30 14 15 MIN    24
2021 07 30 19 34 MAX    31
2021 07 31 02 09 MIN    22
2021 07 31 08 33 MAX    32
2021 07 31 15 36 MIN    23
2021 07 31 21 04 MAX    28
2021 08 01 02 36 MIN    25
2021 08 01 09 04 MAX    33
2021 08 01 16 56 MIN    21
2021 08 02 00 05 MAX    28
2021 08 02 03 01 MIN    27
2021 08 02 09 42 MAX    34
2021 08 02 18 02 MIN    20
2021 08 03 02 03 MAX    30
2021 08 03 03 34 MIN    29
2021 08 03 10 29 MAX    36
2021 08 03 18 55 MIN    19
2021 08 04 11 23 MAX    37
2021 08 04 19 37 MIN    19
2021 08 05 03 18 MAX    33
2021 08 05 05 54 MIN    32
2021 08 05 12 15 MAX    39
2021 08 05 20 15 MIN    18
2021 08 06 03 42 MAX    34
2021 08 06 06 51 MIN    33
2021 08 06 13 00 MAX    41
2021 08 06 20 50 MIN    18
2021 08 07 04 08 MAX    34
2021 08 07 07 37 MIN    33
2021 08 07 13 41 MAX    42
2021 08 07 21 25 MIN    17
2021 08 08 04 35 MAX    34
2021 08 08 08 19 MIN    32
2021 08 08 14 19 MAX    43
2021 08 08 22 00 MIN    16
2021 08 09 05 00 MAX    34
2021 08 09 09 00 MIN    31
2021 08 09 14 57 MAX    44
2021 08 09 22 34 MIN    15
2021 08 10 05 22 MAX    33
2021 08 10 09 43 MIN    29
2021 08 10 15 38 MAX    43
2021 08 10 23 10 MIN    14
2021 08 11 05 42 MAX    33
2021 08 11 10 29 MIN    27
2021 08 11 16 21 MAX    42
2021 08 11 23 46 MIN    14
2021 08 12 06 04 MAX    32
2021 08 12 11 20 MIN    25
2021 08 12 17 10 MAX    39
2021 08 13 00 23 MIN    16
2021 08 13 06 29 MAX    32
2021 08 13 12 18 MIN    23
2021 08 13 18 05 MAX    36
2021 08 14 01 01 MIN    18
2021 08 14 07 00 MAX    33
2021 08 14 13 23 MIN    21
2021 08 14 19 12 MAX    33
2021 08 15 01 42 MIN    22
2021 08 15 07 37 MAX    34
2021 08 15 14 37 MIN    19
2021 08 15 20 44 MAX    31
2021 08 16 02 26 MIN    25
2021 08 16 08 21 MAX    35
2021 08 16 15 59 MIN    18
2021 08 16 23 35 MAX    30
2021 08 17 03 19 MIN    28
2021 08 17 09 16 MAX    37
2021 08 17 17 21 MIN    16
2021 08 18 01 30 MAX    32
2021 08 18 04 30 MIN    31
2021 08 18 10 24 MAX    39
2021 08 18 18 34 MIN    15
2021 08 19 02 37 MAX    34
2021 08 19 05 49 MIN    32
2021 08 19 11 38 MAX    41
2021 08 19 19 36 MIN    15
2021 08 20 03 21 MAX    34
2021 08 20 06 55 MIN    32
2021 08 20 12 44 MAX    43
2021 08 20 20 30 MIN    14
2021 08 21 03 52 MAX    35
2021 08 21 07 48 MIN    32
2021 08 21 13 39 MAX    45
2021 08 21 21 17 MIN    14
2021 08 22 04 17 MAX    35
2021 08 22 08 36 MIN    31
2021 08 22 14 28 MAX    45
2021 08 22 21 59 MIN    15
2021 08 23 04 37 MAX    34
2021 08 23 09 21 MIN    29
2021 08 23 15 13 MAX    45
2021 08 23 22 38 MIN    16
2021 08 24 04 57 MAX    34
2021 08 24 10 05 MIN    28
2021 08 24 15 57 MAX    43
2021 08 24 23 14 MIN    17
2021 08 25 05 19 MAX    34
2021 08 25 10 51 MIN    26
2021 08 25 16 41 MAX    41
2021 08 25 23 47 MIN    18
2021 08 26 05 42 MAX    33
2021 08 26 11 38 MIN    24
2021 08 26 17 27 MAX    38
2021 08 27 00 16 MIN    21
2021 08 27 06 05 MAX    33
2021 08 27 12 29 MIN    23
2021 08 27 18 19 MAX    35
2021 08 28 00 42 MIN    23
2021 08 28 06 30 MAX    34
2021 08 28 13 26 MIN    22
2021 08 28 19 25 MAX    32
2021 08 29 01 03 MIN    26
2021 08 29 06 57 MAX    34
2021 08 29 14 33 MIN    22
2021 08 29 21 28 MAX    30
2021 08 30 01 17 MIN    28
2021 08 30 07 30 MAX    35
2021 08 30 15 53 MIN    21
2021 08 31 08 15 MAX    35
2021 08 31 17 15 MIN    21
2021 09 01 09 22 MAX    36
2021 09 01 18 18 MIN    21
2021 09 02 10 49 MAX    37
2021 09 02 19 07 MIN    20
2021 09 03 02 44 MAX    34
2021 09 03 06 10 MIN    33
2021 09 03 11 57 MAX    39
2021 09 03 19 46 MIN    19
2021 09 04 03 02 MAX    34
2021 09 04 06 57 MIN    32
2021 09 04 12 47 MAX    40
2021 09 04 20 21 MIN    18
2021 09 05 03 20 MAX    35
2021 09 05 07 36 MIN    31
2021 09 05 13 28 MAX    41
2021 09 05 20 55 MIN    16
2021 09 06 03 38 MAX    34
2021 09 06 08 14 MIN    29
2021 09 06 14 08 MAX    42
2021 09 06 21 29 MIN    15
2021 09 07 03 55 MAX    34
2021 09 07 08 54 MIN    27
2021 09 07 14 49 MAX    42
2021 09 07 22 04 MIN    15
2021 09 08 04 12 MAX    34
2021 09 08 09 37 MIN    25
2021 09 08 15 33 MAX    42
2021 09 08 22 40 MIN    15
2021 09 09 04 33 MAX    33
2021 09 09 10 23 MIN    22
2021 09 09 16 20 MAX    40
2021 09 09 23 17 MIN    17
2021 09 10 04 58 MAX    34
2021 09 10 11 13 MIN    19
2021 09 10 17 13 MAX    38
2021 09 10 23 54 MIN    19
2021 09 11 05 27 MAX    34
2021 09 11 12 09 MIN    17
2021 09 11 18 15 MAX    35
2021 09 12 00 30 MIN    22
2021 09 12 06 01 MAX    35
2021 09 12 13 11 MIN    16
2021 09 12 19 40 MAX    32
2021 09 13 01 08 MIN    26
2021 09 13 06 42 MAX    36
2021 09 13 14 24 MIN    15
2021 09 13 22 17 MAX    30
2021 09 14 01 50 MIN    28
2021 09 14 07 35 MAX    36
2021 09 14 15 51 MIN    15
2021 09 15 00 26 MAX    31
2021 09 15 02 54 MIN    30
2021 09 15 08 49 MAX    37
2021 09 15 17 19 MIN    15
2021 09 16 01 40 MAX    32
2021 09 16 04 45 MIN    31
2021 09 16 10 24 MAX    38
2021 09 16 18 31 MIN    14
2021 09 17 02 19 MAX    33
2021 09 17 06 07 MIN    30
2021 09 17 11 49 MAX    39
2021 09 17 19 29 MIN    14
2021 09 18 02 44 MAX    33
2021 09 18 07 04 MIN    29
2021 09 18 12 52 MAX    40
2021 09 18 20 16 MIN    15
2021 09 19 03 02 MAX    33
2021 09 19 07 52 MIN    27
2021 09 19 13 43 MAX    41
2021 09 19 20 57 MIN    15
2021 09 20 03 17 MAX    33
2021 09 20 08 34 MIN    25
2021 09 20 14 28 MAX    41
2021 09 20 21 33 MIN    16
2021 09 21 03 32 MAX    33
2021 09 21 09 15 MIN    23
2021 09 21 15 09 MAX    40
2021 09 21 22 05 MIN    17
2021 09 22 03 51 MAX    33
2021 09 22 09 54 MIN    21
2021 09 22 15 50 MAX    38
2021 09 22 22 35 MIN    19
2021 09 23 04 11 MAX    33
2021 09 23 10 34 MIN    20
2021 09 23 16 34 MAX    36
2021 09 23 23 03 MIN    21
2021 09 24 04 31 MAX    33
2021 09 24 11 13 MIN    19
2021 09 24 17 21 MAX    34
2021 09 24 23 28 MIN    23
2021 09 25 04 53 MAX    33
2021 09 25 11 55 MIN    18
2021 09 25 18 17 MAX    32
2021 09 25 23 50 MIN    25
2021 09 26 05 16 MAX    34
2021 09 26 12 41 MIN    18
2021 09 26 19 39 MAX    30
2021 09 27 00 07 MIN    27
2021 09 27 05 41 MAX    34
2021 09 27 13 36 MIN    18
2021 09 27 21 52 MAX    29
2021 09 28 00 19 MIN    28
2021 09 28 06 13 MAX    34
2021 09 28 14 48 MIN    19
2021 09 29 06 58 MAX    33
2021 09 29 16 20 MIN    19
2021 09 30 08 13 MAX    33
2021 09 30 17 35 MIN    18
2021 10 01 01 49 MAX    31
2021 10 01 05 11 MIN    30
2021 10 01 10 05 MAX    33
2021 10 01 18 27 MIN    17
2021 10 02 01 58 MAX    31
2021 10 02 06 12 MIN    29
2021 10 02 11 29 MAX    34
2021 10 02 19 07 MIN    16
2021 10 03 02 11 MAX    31
2021 10 03 06 51 MIN    27
2021 10 03 12 24 MAX    35
2021 10 03 19 42 MIN    15
2021 10 04 02 24 MAX    31
2021 10 04 07 27 MIN    25
2021 10 04 13 11 MAX    36
2021 10 04 20 17 MIN    14
2021 10 05 02 38 MAX    31
2021 10 05 08 04 MIN    22
2021 10 05 13 56 MAX    37
2021 10 05 20 53 MIN    13
2021 10 06 02 53 MAX    31
2021 10 06 08 43 MIN    19
2021 10 06 14 42 MAX    37
2021 10 06 21 30 MIN    14
2021 10 07 03 14 MAX    32
2021 10 07 09 27 MIN    16
2021 10 07 15 31 MAX    36
2021 10 07 22 08 MIN    16
2021 10 08 03 38 MAX    32
2021 10 08 10 14 MIN    13
2021 10 08 16 25 MAX    35
2021 10 08 22 45 MIN    18
2021 10 09 04 07 MAX    33
2021 10 09 11 05 MIN    10
2021 10 09 17 27 MAX    32
2021 10 09 23 21 MIN    21
2021 10 10 04 39 MAX    34
2021 10 10 12 00 MIN     9
2021 10 10 18 50 MAX    30
2021 10 10 23 57 MIN    24
2021 10 11 05 17 MAX    35
2021 10 11 13 03 MIN     9
2021 10 11 20 59 MAX    28
2021 10 12 00 33 MIN    26
2021 10 12 06 04 MAX    35
2021 10 12 14 17 MIN    10
2021 10 12 23 01 MAX    28
2021 10 13 01 17 MIN    27
2021 10 13 07 07 MAX    34
2021 10 13 15 45 MIN    10
2021 10 14 08 39 MAX    33
2021 10 14 17 10 MIN    11
2021 10 15 01 14 MAX    28
2021 10 15 05 00 MIN    26
2021 10 15 10 25 MAX    33
2021 10 15 18 16 MIN    11
2021 10 16 01 39 MAX    28
2021 10 16 06 12 MIN    24
2021 10 16 11 48 MAX    33
2021 10 16 19 08 MIN    12
2021 10 17 01 57 MAX    28
2021 10 17 07 05 MIN    21
2021 10 17 12 51 MAX    33
2021 10 17 19 50 MIN    13
2021 10 18 02 10 MAX    29
2021 10 18 07 51 MIN    19
2021 10 18 13 43 MAX    33
2021 10 18 20 25 MIN    14
2021 10 19 02 24 MAX    29
2021 10 19 08 31 MIN    17
2021 10 19 14 28 MAX    32
2021 10 19 20 57 MIN    15
2021 10 20 02 39 MAX    30
2021 10 20 09 08 MIN    15
2021 10 20 15 10 MAX    31
2021 10 20 21 25 MIN    17
2021 10 21 02 57 MAX    30
2021 10 21 09 43 MIN    14
2021 10 21 15 51 MAX    31
2021 10 21 21 52 MIN    18
2021 10 22 03 16 MAX    30
2021 10 22 10 16 MIN    12
2021 10 22 16 36 MAX    30
2021 10 22 22 17 MIN    20
2021 10 23 03 37 MAX    31
2021 10 23 10 51 MIN    12
2021 10 23 17 27 MAX    29
2021 10 23 22 40 MIN    22
2021 10 24 03 59 MAX    31
2021 10 24 11 28 MIN    11
2021 10 24 18 31 MAX    27
2021 10 24 23 00 MIN    23
2021 10 25 04 24 MAX    31
2021 10 25 12 09 MIN    11
2021 10 25 19 57 MAX    26
2021 10 25 23 19 MIN    24
2021 10 26 04 51 MAX    31
2021 10 26 12 57 MIN    12
2021 10 27 05 23 MAX    30
2021 10 27 13 56 MIN    13
2021 10 28 06 04 MAX    29
2021 10 28 15 14 MIN    13
2021 10 29 07 09 MAX    28
2021 10 29 16 33 MIN    13
2021 10 30 08 55 MAX    26
2021 10 30 17 30 MIN    12
2021 10 31 01 02 MAX    25
2021 10 31 05 51 MIN    22
2021 10 31 10 39 MAX    26
2021 10 31 18 15 MIN    11
2021 11 01 01 11 MAX    26
2021 11 01 06 32 MIN    19
2021 11 01 11 53 MAX    26
2021 11 01 18 54 MIN    10
2021 11 02 01 22 MAX    26
2021 11 02 07 09 MIN    16
2021 11 02 12 53 MAX    27
2021 11 02 19 33 MIN    10
2021 11 03 01 38 MAX    27
2021 11 03 07 49 MIN    12
2021 11 03 13 49 MAX    28
2021 11 03 20 13 MIN    11
2021 11 04 01 59 MAX    28
2021 11 04 08 31 MIN     9
2021 11 04 14 44 MAX    29
2021 11 04 20 53 MIN    13
2021 11 05 02 24 MAX    29
2021 11 05 09 16 MIN     5
2021 11 05 15 41 MAX    29
2021 11 05 21 32 MIN    16
2021 11 06 02 54 MAX    31
2021 11 06 10 06 MIN     3
2021 11 06 16 45 MAX    28
2021 11 06 22 10 MIN    18
2021 11 07 03 27 MAX    32
2021 11 07 10 58 MIN     1
2021 11 07 18 05 MAX    26
2021 11 07 22 46 MIN    21
2021 11 08 04 05 MAX    33
2021 11 08 11 55 MIN     1
2021 11 08 19 48 MAX    25
2021 11 08 23 21 MIN    22
2021 11 09 04 50 MAX    33
2021 11 09 12 57 MIN     1
2021 11 09 21 27 MAX    24
2021 11 09 23 58 MIN    23
2021 11 10 05 44 MAX    32
2021 11 10 14 07 MIN     3
2021 11 11 06 53 MAX    30
2021 11 11 15 26 MIN     4
2021 11 11 23 52 MAX    23
2021 11 12 02 59 MIN    22
2021 11 12 08 23 MAX    27
2021 11 12 16 41 MIN     6
2021 11 13 00 24 MAX    22
2021 11 13 04 53 MIN    19
2021 11 13 10 03 MAX    25
2021 11 13 17 42 MIN     7
2021 11 14 00 46 MAX    22
2021 11 14 06 06 MIN    16
2021 11 14 11 34 MAX    24
2021 11 14 18 30 MIN     8
2021 11 15 01 03 MAX    23
2021 11 15 07 01 MIN    12
2021 11 15 12 49 MAX    23
2021 11 15 19 08 MIN    10
2021 11 16 01 18 MAX    24
2021 11 16 07 47 MIN    10
2021 11 16 13 50 MAX    23
2021 11 16 19 41 MIN    12
2021 11 17 01 34 MAX    24
2021 11 17 08 26 MIN     8
2021 11 17 14 41 MAX    23
2021 11 17 20 10 MIN    14
2021 11 18 01 51 MAX    25
2021 11 18 09 00 MIN     7
2021 11 18 15 25 MAX    23
2021 11 18 20 37 MIN    15
2021 11 19 02 11 MAX    26
2021 11 19 09 31 MIN     6
2021 11 19 16 07 MAX    23
2021 11 19 21 03 MIN    17
2021 11 20 02 33 MAX    27
2021 11 20 10 01 MIN     5
2021 11 20 16 52 MAX    23
2021 11 20 21 28 MIN    18
2021 11 21 02 57 MAX    28
2021 11 21 10 35 MIN     5
2021 11 21 17 41 MAX    23
2021 11 21 21 53 MIN    19
2021 11 22 03 25 MAX    29
2021 11 22 11 11 MIN     4
2021 11 22 18 40 MAX    22
2021 11 22 22 17 MIN    20
2021 11 23 03 54 MAX    29
2021 11 23 11 50 MIN     5
2021 11 23 19 48 MAX    21
2021 11 23 22 41 MIN    20
2021 11 24 04 26 MAX    28
2021 11 24 12 32 MIN     5
2021 11 24 21 01 MAX    20
2021 11 24 23 07 MIN    19
2021 11 25 05 01 MAX    26
2021 11 25 13 18 MIN     5
2021 11 26 05 43 MAX    24
2021 11 26 14 13 MIN     5
2021 11 27 06 39 MAX    22
2021 11 27 15 14 MIN     5
2021 11 27 23 24 MAX    19
2021 11 28 03 29 MIN    17
2021 11 28 08 02 MAX    20
2021 11 28 16 15 MIN     5
2021 11 28 23 38 MAX    19
2021 11 29 05 05 MIN    14
2021 11 29 09 45 MAX    18
2021 11 29 17 10 MIN     5
2021 11 29 23 53 MAX    20
2021 11 30 05 59 MIN    10
2021 11 30 11 23 MAX    18
2021 11 30 17 58 MIN     6
2021 12 01 00 13 MAX    21
2021 12 01 06 46 MIN     6
2021 12 01 12 46 MAX    19
2021 12 01 18 45 MIN     8
2021 12 02 00 39 MAX    22
2021 12 02 07 31 MIN     3
2021 12 02 13 57 MAX    20
2021 12 02 19 30 MIN    10
2021 12 03 01 09 MAX    24
2021 12 03 08 19 MIN    -1
2021 12 03 15 04 MAX    21
2021 12 03 20 14 MIN    13
2021 12 04 01 43 MAX    27
2021 12 04 09 08 MIN    -4
2021 12 04 16 10 MAX    22
2021 12 04 20 55 MIN    15
2021 12 05 02 21 MAX    29
2021 12 05 10 00 MIN    -5
2021 12 05 17 21 MAX    21
2021 12 05 21 35 MIN    17
2021 12 06 03 03 MAX    30
2021 12 06 10 54 MIN    -6
2021 12 06 18 39 MAX    20
2021 12 06 22 13 MIN    18
2021 12 07 03 49 MAX    31
2021 12 07 11 49 MIN    -6
2021 12 07 19 54 MAX    19
2021 12 07 22 53 MIN    18
2021 12 08 04 40 MAX    30
2021 12 08 12 46 MIN    -5
2021 12 08 21 00 MAX    18
2021 12 08 23 41 MIN    17
2021 12 09 05 36 MAX    28
2021 12 09 13 46 MIN    -3
2021 12 09 21 53 MAX    17
2021 12 10 00 51 MIN    16
2021 12 10 06 40 MAX    24
2021 12 10 14 47 MIN    -1
2021 12 10 22 33 MAX    16
2021 12 11 02 38 MIN    14
2021 12 11 07 55 MAX    20
2021 12 11 15 48 MIN     1
2021 12 11 23 05 MAX    16
2021 12 12 04 28 MIN    11
2021 12 12 09 25 MAX    17
2021 12 12 16 43 MIN     4
2021 12 12 23 31 MAX    17
2021 12 13 05 48 MIN     8
2021 12 13 11 14 MAX    14
2021 12 13 17 29 MIN     6
2021 12 13 23 55 MAX    18
2021 12 14 06 49 MIN     5
2021 12 14 13 03 MAX    14
2021 12 14 18 09 MIN     8
2021 12 15 00 18 MAX    19
2021 12 15 07 36 MIN     2
2021 12 15 14 17 MAX    14
2021 12 15 18 44 MIN    10
2021 12 16 00 42 MAX    20
2021 12 16 08 14 MIN     1
2021 12 16 15 07 MAX    15
2021 12 16 19 16 MIN    12
2021 12 17 01 07 MAX    22
2021 12 17 08 47 MIN     0
2021 12 17 15 46 MAX    16
2021 12 17 19 46 MIN    13
2021 12 18 01 34 MAX    23
2021 12 18 09 17 MIN     0
2021 12 18 16 22 MAX    17
2021 12 18 20 17 MIN    14
2021 12 19 02 03 MAX    24
2021 12 19 09 49 MIN    -1
2021 12 19 16 59 MAX    18
2021 12 19 20 47 MIN    15
2021 12 20 02 35 MAX    25
2021 12 20 10 22 MIN    -1
2021 12 20 17 39 MAX    18
2021 12 20 21 18 MIN    15
2021 12 21 03 07 MAX    26
2021 12 21 10 57 MIN    -2
2021 12 21 18 22 MAX    17
2021 12 21 21 50 MIN    15
2021 12 22 03 42 MAX    25
2021 12 22 11 33 MIN    -2
2021 12 22 19 07 MAX    16
2021 12 22 22 23 MIN    14
2021 12 23 04 17 MAX    24
2021 12 23 12 09 MIN    -2
2021 12 23 19 49 MAX    15
2021 12 23 23 02 MIN    13
2021 12 24 04 55 MAX    22
2021 12 24 12 46 MIN    -2
2021 12 24 20 24 MAX    14
2021 12 24 23 52 MIN    12
2021 12 25 05 38 MAX    20
2021 12 25 13 26 MIN    -2
2021 12 25 20 53 MAX    13
2021 12 26 01 02 MIN    11
2021 12 26 06 31 MAX    17
2021 12 26 14 11 MIN    -1
2021 12 26 21 21 MAX    13
2021 12 27 02 38 MIN     9
2021 12 27 07 42 MAX    14
2021 12 27 15 03 MIN     0
2021 12 27 21 51 MAX    14
2021 12 28 04 10 MIN     6
2021 12 28 09 15 MAX    12
2021 12 28 16 00 MIN     2
2021 12 28 22 26 MAX    15
2021 12 29 05 20 MIN     2
2021 12 29 11 12 MAX    11
2021 12 29 16 58 MIN     5
2021 12 29 23 03 MAX    17
2021 12 30 06 20 MIN    -2
2021 12 30 13 11 MAX    12
2021 12 30 17 55 MIN     8
2021 12 30 23 44 MAX    19
2021 12 31 07 15 MIN    -5
2021 12 31 14 33 MAX    14
2021 12 31 18 49 MIN    10
