<TOPS - 조위예측극치자료>

대상조위관측소 : 동해항
위도(WGS84) : N  37도 29분 41초
경도(WGS84) : E 129도 08분 38초
관측기간 : 2022-01-01 00:00:00 ~ 2022-12-31 23:59:00

2021 12 01 00 13 MAX    21
2021 12 01 06 46 MIN     6
2021 12 01 12 46 MAX    19
2021 12 01 18 45 MIN     8
2021 12 02 00 39 MAX    22
2021 12 02 07 31 MIN     3
2021 12 02 13 57 MAX    20
2021 12 02 19 30 MIN    10
2021 12 03 01 09 MAX    24
2021 12 03 08 19 MIN    -1
2021 12 03 15 04 MAX    21
2021 12 03 20 14 MIN    13
2021 12 04 01 43 MAX    27
2021 12 04 09 08 MIN    -4
2021 12 04 16 10 MAX    22
2021 12 04 20 55 MIN    15
2021 12 05 02 21 MAX    29
2021 12 05 10 00 MIN    -5
2021 12 05 17 21 MAX    21
2021 12 05 21 35 MIN    17
2021 12 06 03 03 MAX    30
2021 12 06 10 54 MIN    -6
2021 12 06 18 39 MAX    20
2021 12 06 22 13 MIN    18
2021 12 07 03 49 MAX    31
2021 12 07 11 49 MIN    -6
2021 12 07 19 54 MAX    19
2021 12 07 22 53 MIN    18
2021 12 08 04 40 MAX    30
2021 12 08 12 46 MIN    -5
2021 12 08 21 00 MAX    18
2021 12 08 23 41 MIN    17
2021 12 09 05 36 MAX    28
2021 12 09 13 46 MIN    -3
2021 12 09 21 53 MAX    17
2021 12 10 00 51 MIN    16
2021 12 10 06 40 MAX    24
2021 12 10 14 47 MIN    -1
2021 12 10 22 33 MAX    16
2021 12 11 02 38 MIN    14
2021 12 11 07 55 MAX    20
2021 12 11 15 48 MIN     1
2021 12 11 23 05 MAX    16
2021 12 12 04 28 MIN    11
2021 12 12 09 25 MAX    17
2021 12 12 16 43 MIN     4
2021 12 12 23 31 MAX    17
2021 12 13 05 48 MIN     8
2021 12 13 11 14 MAX    14
2021 12 13 17 29 MIN     6
2021 12 13 23 55 MAX    18
2021 12 14 06 49 MIN     5
2021 12 14 13 03 MAX    14
2021 12 14 18 09 MIN     8
2021 12 15 00 18 MAX    19
2021 12 15 07 36 MIN     2
2021 12 15 14 17 MAX    14
2021 12 15 18 44 MIN    10
2021 12 16 00 42 MAX    20
2021 12 16 08 14 MIN     1
2021 12 16 15 07 MAX    15
2021 12 16 19 16 MIN    12
2021 12 17 01 07 MAX    22
2021 12 17 08 47 MIN     0
2021 12 17 15 46 MAX    16
2021 12 17 19 46 MIN    13
2021 12 18 01 34 MAX    23
2021 12 18 09 17 MIN     0
2021 12 18 16 22 MAX    17
2021 12 18 20 17 MIN    14
2021 12 19 02 03 MAX    24
2021 12 19 09 49 MIN    -1
2021 12 19 16 59 MAX    18
2021 12 19 20 47 MIN    15
2021 12 20 02 35 MAX    25
2021 12 20 10 22 MIN    -1
2021 12 20 17 39 MAX    18
2021 12 20 21 18 MIN    15
2021 12 21 03 07 MAX    26
2021 12 21 10 57 MIN    -2
2021 12 21 18 22 MAX    17
2021 12 21 21 50 MIN    15
2021 12 22 03 42 MAX    25
2021 12 22 11 33 MIN    -2
2021 12 22 19 07 MAX    16
2021 12 22 22 23 MIN    14
2021 12 23 04 17 MAX    24
2021 12 23 12 09 MIN    -2
2021 12 23 19 49 MAX    15
2021 12 23 23 02 MIN    13
2021 12 24 04 55 MAX    22
2021 12 24 12 46 MIN    -2
2021 12 24 20 24 MAX    14
2021 12 24 23 52 MIN    12
2021 12 25 05 38 MAX    20
2021 12 25 13 26 MIN    -2
2021 12 25 20 53 MAX    13
2021 12 26 01 02 MIN    11
2021 12 26 06 31 MAX    17
2021 12 26 14 11 MIN    -1
2021 12 26 21 21 MAX    13
2021 12 27 02 38 MIN     9
2021 12 27 07 42 MAX    14
2021 12 27 15 03 MIN     0
2021 12 27 21 51 MAX    14
2021 12 28 04 10 MIN     6
2021 12 28 09 15 MAX    12
2021 12 28 16 00 MIN     2
2021 12 28 22 26 MAX    15
2021 12 29 05 20 MIN     2
2021 12 29 11 12 MAX    11
2021 12 29 16 58 MIN     5
2021 12 29 23 03 MAX    17
2021 12 30 06 20 MIN    -2
2021 12 30 13 11 MAX    12
2021 12 30 17 55 MIN     8
2021 12 30 23 44 MAX    19
2021 12 31 07 15 MIN    -5
2021 12 31 14 33 MAX    14
2021 12 31 18 49 MIN    10
2022 01 01 00 29 MAX    22
2022 01 01 08 09 MIN    -7
2022 01 01 15 39 MAX    16
2022 01 01 19 39 MIN    12
2022 01 02 01 15 MAX    24
2022 01 02 09 03 MIN    -9
2022 01 02 16 36 MAX    17
2022 01 02 20 27 MIN    13
2022 01 03 02 05 MAX    27
2022 01 03 09 56 MIN   -10
2022 01 03 17 30 MAX    17
2022 01 03 21 06 MIN    14
2022 01 04 02 54 MAX    28
2022 01 04 10 47 MIN   -11
2022 01 04 18 21 MAX    16
2022 01 04 21 53 MIN    13
2022 01 05 03 45 MAX    28
2022 01 05 11 37 MIN   -10
2022 01 05 19 10 MAX    14
2022 01 05 22 45 MIN    11
2022 01 06 04 36 MAX    26
2022 01 06 12 24 MIN    -9
2022 01 06 19 44 MAX    13
2022 01 06 23 36 MIN    10
2022 01 07 05 29 MAX    23
2022 01 07 13 10 MIN    -7
2022 01 07 20 16 MAX    12
2022 01 08 00 44 MIN     8
2022 01 08 06 25 MAX    19
2022 01 08 13 54 MIN    -4
2022 01 08 20 44 MAX    12
2022 01 09 02 07 MIN     6
2022 01 09 07 27 MAX    14
2022 01 09 14 36 MIN    -1
2022 01 09 21 16 MAX    12
2022 01 10 03 42 MIN     4
2022 01 10 08 48 MAX    10
2022 01 10 15 15 MIN     2
2022 01 10 21 47 MAX    13
2022 01 11 05 10 MIN     1
2022 01 11 11 19 MAX     7
2022 01 11 15 51 MIN     5
2022 01 11 22 22 MAX    14
2022 01 12 06 19 MIN    -1
2022 01 12 23 01 MAX    15
2022 01 13 07 11 MIN    -2
2022 01 13 23 44 MAX    17
2022 01 14 07 51 MIN    -3
2022 01 14 15 33 MAX    12
2022 01 14 18 05 MIN    11
2022 01 15 00 24 MAX    18
2022 01 15 08 27 MIN    -3
2022 01 15 16 02 MAX    13
2022 01 15 18 55 MIN    12
2022 01 16 01 06 MAX    20
2022 01 16 09 00 MIN    -4
2022 01 16 16 21 MAX    14
2022 01 16 19 45 MIN    12
2022 01 17 01 47 MAX    22
2022 01 17 09 33 MIN    -4
2022 01 17 16 49 MAX    14
2022 01 17 20 22 MIN    12
2022 01 18 02 24 MAX    23
2022 01 18 10 06 MIN    -5
2022 01 18 17 14 MAX    14
2022 01 18 21 01 MIN    11
2022 01 19 02 59 MAX    23
2022 01 19 10 39 MIN    -6
2022 01 19 17 43 MAX    13
2022 01 19 21 38 MIN    10
2022 01 20 03 35 MAX    22
2022 01 20 11 11 MIN    -7
2022 01 20 18 09 MAX    12
2022 01 20 22 20 MIN     8
2022 01 21 04 12 MAX    21
2022 01 21 11 44 MIN    -7
2022 01 21 18 33 MAX    11
2022 01 21 23 06 MIN     6
2022 01 22 04 53 MAX    19
2022 01 22 12 16 MIN    -7
2022 01 22 18 52 MAX    11
2022 01 22 23 57 MIN     4
2022 01 23 05 38 MAX    16
2022 01 23 12 50 MIN    -6
2022 01 23 19 18 MAX    11
2022 01 24 00 57 MIN     2
2022 01 24 06 33 MAX    13
2022 01 24 13 27 MIN    -4
2022 01 24 19 51 MAX    11
2022 01 25 02 08 MIN     0
2022 01 25 07 41 MAX    10
2022 01 25 14 08 MIN    -1
2022 01 25 20 27 MAX    12
2022 01 26 03 26 MIN    -2
2022 01 26 09 16 MAX     8
2022 01 26 14 57 MIN     2
2022 01 26 21 10 MAX    14
2022 01 27 04 45 MIN    -4
2022 01 27 12 03 MAX     8
2022 01 27 15 51 MIN     6
2022 01 27 22 01 MAX    15
2022 01 28 05 58 MIN    -7
2022 01 28 14 02 MAX    10
2022 01 28 17 11 MIN     8
2022 01 28 23 01 MAX    17
2022 01 29 07 04 MIN    -9
2022 01 29 15 05 MAX    12
2022 01 29 18 21 MIN    10
2022 01 30 00 06 MAX    20
2022 01 30 08 03 MIN   -10
2022 01 30 15 52 MAX    13
2022 01 30 19 20 MIN    11
2022 01 31 01 06 MAX    22
2022 01 31 08 56 MIN   -11
2022 01 31 16 24 MAX    14
2022 01 31 20 18 MIN    10
2022 02 01 02 03 MAX    24
2022 02 01 09 45 MIN   -12
2022 02 01 17 00 MAX    13
2022 02 01 21 05 MIN     9
2022 02 02 02 55 MAX    25
2022 02 02 10 31 MIN   -12
2022 02 02 17 21 MAX    13
2022 02 02 21 53 MIN     7
2022 02 03 03 44 MAX    24
2022 02 03 11 14 MIN   -11
2022 02 03 17 48 MAX    12
2022 02 03 22 42 MIN     5
2022 02 04 04 33 MAX    22
2022 02 04 11 52 MIN    -9
2022 02 04 18 15 MAX    11
2022 02 04 23 34 MIN     3
2022 02 05 05 22 MAX    18
2022 02 05 12 28 MIN    -7
2022 02 05 18 40 MAX    11
2022 02 06 00 31 MIN     1
2022 02 06 06 13 MAX    14
2022 02 06 12 58 MIN    -4
2022 02 06 19 07 MAX    11
2022 02 07 01 34 MIN    -1
2022 02 07 07 12 MAX    10
2022 02 07 13 23 MIN     0
2022 02 07 19 33 MAX    12
2022 02 08 02 46 MIN    -2
2022 02 08 08 31 MAX     7
2022 02 08 13 37 MIN     3
2022 02 08 20 06 MAX    12
2022 02 09 04 07 MIN    -2
2022 02 09 20 43 MAX    13
2022 02 10 05 25 MIN    -3
2022 02 10 21 34 MAX    14
2022 02 11 06 29 MIN    -4
2022 02 11 22 43 MAX    15
2022 02 12 07 18 MIN    -4
2022 02 12 23 51 MAX    16
2022 02 13 07 59 MIN    -5
2022 02 13 15 37 MAX    12
2022 02 13 19 01 MIN    10
2022 02 14 00 50 MAX    18
2022 02 14 08 35 MIN    -5
2022 02 14 15 45 MAX    13
2022 02 14 19 40 MIN    10
2022 02 15 01 34 MAX    19
2022 02 15 09 08 MIN    -6
2022 02 15 16 05 MAX    13
2022 02 15 20 19 MIN     9
2022 02 16 02 13 MAX    20
2022 02 16 09 40 MIN    -7
2022 02 16 16 28 MAX    12
2022 02 16 20 59 MIN     7
2022 02 17 02 50 MAX    20
2022 02 17 10 12 MIN    -8
2022 02 17 16 44 MAX    12
2022 02 17 21 38 MIN     5
2022 02 18 03 29 MAX    20
2022 02 18 10 42 MIN    -9
2022 02 18 17 01 MAX    12
2022 02 18 22 21 MIN     2
2022 02 19 04 09 MAX    18
2022 02 19 11 15 MIN    -8
2022 02 19 17 25 MAX    11
2022 02 19 23 04 MIN     0
2022 02 20 04 53 MAX    16
2022 02 20 11 47 MIN    -7
2022 02 20 17 49 MAX    11
2022 02 20 23 53 MIN    -3
2022 02 21 05 43 MAX    14
2022 02 21 12 19 MIN    -5
2022 02 21 18 15 MAX    12
2022 02 22 00 47 MIN    -5
2022 02 22 06 41 MAX    11
2022 02 22 12 53 MIN    -2
2022 02 22 18 47 MAX    13
2022 02 23 01 48 MIN    -6
2022 02 23 08 00 MAX     8
2022 02 23 13 26 MIN     2
2022 02 23 19 25 MAX    14
2022 02 24 03 00 MIN    -7
2022 02 24 10 19 MAX     7
2022 02 24 14 05 MIN     5
2022 02 24 20 13 MAX    14
2022 02 25 04 23 MIN    -7
2022 02 25 21 17 MAX    15
2022 02 26 05 45 MIN    -8
2022 02 26 22 41 MAX    17
2022 02 27 06 55 MIN    -9
2022 02 27 14 56 MAX    12
2022 02 27 18 19 MIN    10
2022 02 28 00 05 MAX    19
2022 02 28 07 54 MIN   -10
2022 02 28 15 25 MAX    12
2022 02 28 19 30 MIN     8
2022 03 01 01 10 MAX    20
2022 03 01 08 44 MIN   -10
2022 03 01 15 45 MAX    12
2022 03 01 20 18 MIN     7
2022 03 02 02 05 MAX    21
2022 03 02 09 28 MIN   -10
2022 03 02 16 03 MAX    12
2022 03 02 21 07 MIN     4
2022 03 03 02 55 MAX    21
2022 03 03 10 07 MIN    -9
2022 03 03 16 23 MAX    12
2022 03 03 21 52 MIN     2
2022 03 04 03 42 MAX    20
2022 03 04 10 43 MIN    -8
2022 03 04 16 44 MAX    12
2022 03 04 22 37 MIN     0
2022 03 05 04 28 MAX    18
2022 03 05 11 15 MIN    -5
2022 03 05 17 04 MAX    13
2022 03 05 23 23 MIN    -2
2022 03 06 05 16 MAX    15
2022 03 06 11 44 MIN    -3
2022 03 06 17 29 MAX    13
2022 03 07 00 11 MIN    -4
2022 03 07 06 09 MAX    12
2022 03 07 12 08 MIN     0
2022 03 07 17 55 MAX    13
2022 03 08 01 00 MIN    -4
2022 03 08 07 14 MAX     9
2022 03 08 12 26 MIN     3
2022 03 08 18 20 MAX    14
2022 03 09 01 55 MIN    -4
2022 03 09 08 58 MAX     7
2022 03 09 12 37 MIN     5
2022 03 09 18 49 MAX    14
2022 03 10 03 01 MIN    -4
2022 03 10 19 24 MAX    14
2022 03 11 04 20 MIN    -3
2022 03 11 20 17 MAX    14
2022 03 12 05 39 MIN    -3
2022 03 12 21 42 MAX    14
2022 03 13 06 38 MIN    -3
2022 03 13 14 52 MAX    12
2022 03 13 17 44 MIN    11
2022 03 13 23 20 MAX    15
2022 03 14 07 23 MIN    -4
2022 03 14 14 58 MAX    12
2022 03 14 18 54 MIN    10
2022 03 15 00 27 MAX    16
2022 03 15 08 00 MIN    -4
2022 03 15 15 02 MAX    13
2022 03 15 19 39 MIN     8
2022 03 16 01 16 MAX    17
2022 03 16 08 33 MIN    -5
2022 03 16 15 17 MAX    13
2022 03 16 20 16 MIN     6
2022 03 17 01 59 MAX    18
2022 03 17 09 05 MIN    -6
2022 03 17 15 32 MAX    13
2022 03 17 20 53 MIN     4
2022 03 18 02 39 MAX    18
2022 03 18 09 37 MIN    -7
2022 03 18 15 49 MAX    13
2022 03 18 21 31 MIN     1
2022 03 19 03 22 MAX    18
2022 03 19 10 11 MIN    -6
2022 03 19 16 06 MAX    14
2022 03 19 22 13 MIN    -2
2022 03 20 04 08 MAX    17
2022 03 20 10 44 MIN    -5
2022 03 20 16 30 MAX    14
2022 03 20 22 57 MIN    -5
2022 03 21 04 56 MAX    16
2022 03 21 11 17 MIN    -2
2022 03 21 16 56 MAX    15
2022 03 21 23 44 MIN    -7
2022 03 22 05 53 MAX    14
2022 03 22 11 51 MIN     1
2022 03 22 17 26 MAX    16
2022 03 23 00 37 MIN    -8
2022 03 23 07 08 MAX    11
2022 03 23 12 23 MIN     4
2022 03 23 18 01 MAX    17
2022 03 24 01 36 MIN    -9
2022 03 24 08 56 MAX    10
2022 03 24 12 53 MIN     7
2022 03 24 18 44 MAX    17
2022 03 25 02 48 MIN    -8
2022 03 25 11 46 MAX    10
2022 03 25 13 28 MIN     9
2022 03 25 19 40 MAX    17
2022 03 26 04 14 MIN    -7
2022 03 26 21 01 MAX    17
2022 03 27 05 37 MIN    -7
2022 03 27 14 07 MAX    12
2022 03 27 17 02 MIN    11
2022 03 27 22 41 MAX    17
2022 03 28 06 44 MIN    -7
2022 03 28 14 18 MAX    13
2022 03 28 18 33 MIN     9
2022 03 29 00 07 MAX    18
2022 03 29 07 37 MIN    -7
2022 03 29 14 36 MAX    13
2022 03 29 19 31 MIN     6
2022 03 30 01 12 MAX    19
2022 03 30 08 22 MIN    -6
2022 03 30 14 48 MAX    14
2022 03 30 20 19 MIN     4
2022 03 31 02 06 MAX    19
2022 03 31 09 00 MIN    -5
2022 03 31 15 07 MAX    14
2022 03 31 21 04 MIN     1
2022 04 01 02 54 MAX    19
2022 04 01 09 35 MIN    -3
2022 04 01 15 26 MAX    15
2022 04 01 21 47 MIN    -1
2022 04 02 03 40 MAX    18
2022 04 02 10 07 MIN    -1
2022 04 02 15 47 MAX    16
2022 04 02 22 27 MIN    -3
2022 04 03 04 29 MAX    16
2022 04 03 10 35 MIN     1
2022 04 03 16 10 MAX    17
2022 04 03 23 07 MIN    -4
2022 04 04 05 18 MAX    15
2022 04 04 11 01 MIN     4
2022 04 04 16 34 MAX    17
2022 04 04 23 47 MIN    -4
2022 04 05 06 19 MAX    13
2022 04 05 11 24 MIN     6
2022 04 05 16 59 MAX    18
2022 04 06 00 30 MIN    -4
2022 04 06 07 32 MAX    12
2022 04 06 11 40 MIN     9
2022 04 06 17 25 MAX    18
2022 04 07 01 16 MIN    -4
2022 04 07 09 28 MAX    11
2022 04 07 11 56 MIN    10
2022 04 07 17 55 MAX    18
2022 04 08 02 14 MIN    -2
2022 04 08 18 29 MAX    17
2022 04 09 03 25 MIN    -1
2022 04 09 19 25 MAX    17
2022 04 10 04 44 MIN     0
2022 04 10 20 50 MAX    16
2022 04 11 05 48 MIN     0
2022 04 11 13 55 MAX    14
2022 04 11 17 52 MIN    12
2022 04 11 22 29 MAX    15
2022 04 12 06 35 MIN    -1
2022 04 12 13 53 MAX    15
2022 04 12 18 44 MIN    10
2022 04 12 23 54 MAX    16
2022 04 13 07 13 MIN    -1
2022 04 13 14 06 MAX    15
2022 04 13 19 23 MIN     8
2022 04 14 00 52 MAX    17
2022 04 14 07 48 MIN    -2
2022 04 14 14 17 MAX    16
2022 04 14 19 59 MIN     5
2022 04 15 01 41 MAX    17
2022 04 15 08 23 MIN    -2
2022 04 15 14 32 MAX    17
2022 04 15 20 37 MIN     2
2022 04 16 02 30 MAX    18
2022 04 16 08 59 MIN    -1
2022 04 16 14 52 MAX    18
2022 04 16 21 17 MIN    -1
2022 04 17 03 18 MAX    19
2022 04 17 09 35 MIN     1
2022 04 17 15 16 MAX    19
2022 04 17 22 00 MIN    -4
2022 04 18 04 14 MAX    18
2022 04 18 10 12 MIN     4
2022 04 18 15 43 MAX    20
2022 04 18 22 47 MIN    -6
2022 04 19 05 15 MAX    17
2022 04 19 10 47 MIN     7
2022 04 19 16 14 MAX    22
2022 04 19 23 37 MIN    -8
2022 04 20 06 28 MAX    16
2022 04 20 11 22 MIN     9
2022 04 20 16 50 MAX    23
2022 04 21 00 32 MIN    -8
2022 04 21 08 09 MAX    15
2022 04 21 11 50 MIN    12
2022 04 21 17 31 MAX    23
2022 04 22 01 34 MIN    -7
2022 04 22 10 12 MAX    14
2022 04 22 12 24 MIN    13
2022 04 22 18 24 MAX    23
2022 04 23 02 47 MIN    -6
2022 04 23 19 33 MAX    22
2022 04 24 04 08 MIN    -4
2022 04 24 12 46 MAX    15
2022 04 24 15 11 MIN    14
2022 04 24 21 03 MAX    20
2022 04 25 05 22 MIN    -3
2022 04 25 13 12 MAX    15
2022 04 25 17 20 MIN    12
2022 04 25 22 42 MAX    19
2022 04 26 06 21 MIN    -2
2022 04 26 13 26 MAX    16
2022 04 26 18 33 MIN     9
2022 04 27 00 06 MAX    19
2022 04 27 07 09 MIN     0
2022 04 27 13 44 MAX    16
2022 04 27 19 29 MIN     6
2022 04 28 01 13 MAX    19
2022 04 28 07 49 MIN     2
2022 04 28 13 57 MAX    18
2022 04 28 20 16 MIN     4
2022 04 29 02 11 MAX    18
2022 04 29 08 24 MIN     4
2022 04 29 14 16 MAX    19
2022 04 29 20 59 MIN     2
2022 04 30 03 02 MAX    18
2022 04 30 08 55 MIN     6
2022 04 30 14 37 MAX    20
2022 04 30 21 37 MIN     1
2022 05 01 03 51 MAX    18
2022 05 01 09 25 MIN     8
2022 05 01 14 59 MAX    21
2022 05 01 22 14 MIN     0
2022 05 02 04 41 MAX    18
2022 05 02 09 53 MIN    10
2022 05 02 15 23 MAX    23
2022 05 02 22 50 MIN    -1
2022 05 03 05 35 MAX    18
2022 05 03 10 19 MIN    12
2022 05 03 15 49 MAX    23
2022 05 03 23 27 MIN    -1
2022 05 04 06 36 MAX    18
2022 05 04 10 42 MIN    14
2022 05 04 16 17 MAX    24
2022 05 05 00 07 MIN     0
2022 05 05 07 53 MAX    17
2022 05 05 11 05 MIN    15
2022 05 05 16 47 MAX    24
2022 05 06 00 52 MIN     1
2022 05 06 09 18 MAX    17
2022 05 06 11 21 MIN    16
2022 05 06 17 21 MAX    24
2022 05 07 01 42 MIN     2
2022 05 07 17 56 MAX    22
2022 05 08 02 41 MIN     3
2022 05 08 18 49 MAX    21
2022 05 09 03 46 MIN     4
2022 05 09 19 58 MAX    19
2022 05 10 04 44 MIN     4
2022 05 10 12 35 MAX    18
2022 05 10 17 14 MIN    15
2022 05 10 21 38 MAX    18
2022 05 11 05 32 MIN     4
2022 05 11 12 48 MAX    18
2022 05 11 18 13 MIN    13
2022 05 11 23 08 MAX    17
2022 05 12 06 15 MIN     4
2022 05 12 12 59 MAX    19
2022 05 12 18 55 MIN    10
2022 05 13 00 25 MAX    18
2022 05 13 06 55 MIN     5
2022 05 13 13 12 MAX    21
2022 05 13 19 35 MIN     7
2022 05 14 01 30 MAX    19
2022 05 14 07 36 MIN     6
2022 05 14 13 35 MAX    22
2022 05 14 20 16 MIN     3
2022 05 15 02 28 MAX    21
2022 05 15 08 17 MIN     9
2022 05 15 14 01 MAX    24
2022 05 15 21 01 MIN     0
2022 05 16 03 33 MAX    21
2022 05 16 08 58 MIN    12
2022 05 16 14 30 MAX    26
2022 05 16 21 49 MIN    -2
2022 05 17 04 37 MAX    22
2022 05 17 09 38 MIN    14
2022 05 17 15 04 MAX    28
2022 05 17 22 39 MIN    -4
2022 05 18 05 54 MAX    22
2022 05 18 10 13 MIN    17
2022 05 18 15 43 MAX    30
2022 05 18 23 33 MIN    -4
2022 05 19 07 25 MAX    21
2022 05 19 10 51 MIN    18
2022 05 19 16 27 MAX    31
2022 05 20 00 31 MIN    -4
2022 05 20 09 00 MAX    20
2022 05 20 11 25 MIN    19
2022 05 20 17 19 MAX    31
2022 05 21 01 32 MIN    -3
2022 05 21 10 11 MAX    20
2022 05 21 12 10 MIN    19
2022 05 21 18 20 MAX    29
2022 05 22 02 40 MIN    -1
2022 05 22 19 34 MAX    27
2022 05 23 03 49 MIN     1
2022 05 23 11 47 MAX    19
2022 05 23 15 36 MIN    17
2022 05 23 20 59 MAX    24
2022 05 24 04 51 MIN     3
2022 05 24 12 05 MAX    20
2022 05 24 17 16 MIN    14
2022 05 24 22 33 MAX    22
2022 05 25 05 43 MIN     6
2022 05 25 12 25 MAX    21
2022 05 25 18 26 MIN    11
2022 05 26 00 05 MAX    20
2022 05 26 06 26 MIN     8
2022 05 26 12 46 MAX    22
2022 05 26 19 23 MIN     8
2022 05 27 01 26 MAX    20
2022 05 27 07 03 MIN    11
2022 05 27 13 06 MAX    24
2022 05 27 20 10 MIN     7
2022 05 28 02 34 MAX    20
2022 05 28 07 35 MIN    14
2022 05 28 13 28 MAX    26
2022 05 28 20 51 MIN     6
2022 05 29 03 28 MAX    21
2022 05 29 08 06 MIN    16
2022 05 29 13 52 MAX    27
2022 05 29 21 26 MIN     5
2022 05 30 04 18 MAX    22
2022 05 30 08 36 MIN    18
2022 05 30 14 19 MAX    29
2022 05 30 22 00 MIN     5
2022 05 31 05 05 MAX    23
2022 05 31 09 04 MIN    20
2022 05 31 14 47 MAX    30
2022 05 31 22 35 MIN     5
2022 06 01 05 53 MAX    24
2022 06 01 09 33 MIN    21
2022 06 01 15 18 MAX    31
2022 06 01 23 12 MIN     5
2022 06 02 06 49 MAX    24
2022 06 02 09 57 MIN    22
2022 06 02 15 49 MAX    31
2022 06 02 23 51 MIN     6
2022 06 03 08 01 MAX    23
2022 06 03 10 26 MIN    22
2022 06 03 16 25 MAX    31
2022 06 04 00 31 MIN     6
2022 06 04 08 50 MAX    23
2022 06 04 10 49 MIN    22
2022 06 04 17 01 MAX    30
2022 06 05 01 14 MIN     7
2022 06 05 17 39 MAX    28
2022 06 06 01 59 MIN     8
2022 06 06 10 33 MAX    22
2022 06 06 12 37 MIN    21
2022 06 06 18 27 MAX    26
2022 06 07 02 45 MIN     8
2022 06 07 10 50 MAX    22
2022 06 07 14 31 MIN    20
2022 06 07 19 32 MAX    24
2022 06 08 03 33 MIN     9
2022 06 08 11 01 MAX    23
2022 06 08 16 21 MIN    18
2022 06 08 20 56 MAX    22
2022 06 09 04 23 MIN    10
2022 06 09 11 18 MAX    24
2022 06 09 17 30 MIN    16
2022 06 09 22 34 MAX    21
2022 06 10 05 11 MIN    12
2022 06 10 11 41 MAX    25
2022 06 10 18 20 MIN    12
2022 06 11 00 11 MAX    22
2022 06 11 05 59 MIN    14
2022 06 11 12 08 MAX    27
2022 06 11 19 08 MIN     9
2022 06 12 01 40 MAX    23
2022 06 12 06 46 MIN    17
2022 06 12 12 39 MAX    30
2022 06 12 19 57 MIN     7
2022 06 13 02 54 MAX    25
2022 06 13 07 33 MIN    20
2022 06 13 13 15 MAX    32
2022 06 13 20 48 MIN     4
2022 06 14 04 04 MAX    27
2022 06 14 08 16 MIN    23
2022 06 14 13 54 MAX    35
2022 06 14 21 40 MIN     2
2022 06 15 05 17 MAX    28
2022 06 15 08 57 MIN    25
2022 06 15 14 38 MAX    37
2022 06 15 22 35 MIN     1
2022 06 16 06 33 MAX    28
2022 06 16 09 35 MIN    26
2022 06 16 15 27 MAX    39
2022 06 16 23 30 MIN     1
2022 06 17 07 45 MAX    27
2022 06 17 10 16 MIN    26
2022 06 17 16 20 MAX    39
2022 06 18 00 26 MIN     2
2022 06 18 08 43 MAX    26
2022 06 18 11 11 MIN    25
2022 06 18 17 17 MAX    38
2022 06 19 01 21 MIN     3
2022 06 19 09 26 MAX    25
2022 06 19 12 15 MIN    24
2022 06 19 18 18 MAX    35
2022 06 20 02 18 MIN     6
2022 06 20 09 54 MAX    25
2022 06 20 13 49 MIN    22
2022 06 20 19 27 MAX    31
2022 06 21 03 12 MIN     9
2022 06 21 10 22 MAX    25
2022 06 21 15 30 MIN    20
2022 06 21 20 46 MAX    27
2022 06 22 04 03 MIN    12
2022 06 22 10 48 MAX    26
2022 06 22 17 01 MIN    17
2022 06 22 22 26 MAX    24
2022 06 23 04 48 MIN    15
2022 06 23 11 16 MAX    27
2022 06 23 18 14 MIN    14
2022 06 24 00 29 MAX    23
2022 06 24 05 29 MIN    18
2022 06 24 11 44 MAX    29
2022 06 24 19 12 MIN    12
2022 06 25 02 08 MAX    24
2022 06 25 06 04 MIN    21
2022 06 25 12 13 MAX    31
2022 06 25 19 59 MIN    12
2022 06 26 03 19 MAX    25
2022 06 26 06 41 MIN    23
2022 06 26 12 45 MAX    33
2022 06 26 20 39 MIN    12
2022 06 27 04 02 MAX    27
2022 06 27 07 15 MIN    25
2022 06 27 13 17 MAX    34
2022 06 27 21 13 MIN    12
2022 06 28 04 48 MAX    28
2022 06 28 07 40 MIN    27
2022 06 28 13 51 MAX    36
2022 06 28 21 48 MIN    12
2022 06 29 05 23 MAX    29
2022 06 29 08 13 MIN    28
2022 06 29 14 25 MAX    37
2022 06 29 22 23 MIN    12
2022 06 30 06 12 MAX    29
2022 06 30 08 54 MIN    28
2022 06 30 15 01 MAX    38
2022 06 30 22 59 MIN    12
2022 07 01 06 46 MAX    29
2022 07 01 09 25 MIN    28
2022 07 01 15 36 MAX    38
2022 07 01 23 34 MIN    12
2022 07 02 07 15 MAX    29
2022 07 02 10 07 MIN    27
2022 07 02 16 13 MAX    38
2022 07 03 00 09 MIN    12
2022 07 03 07 53 MAX    28
2022 07 03 10 32 MIN    27
2022 07 03 16 50 MAX    36
2022 07 04 00 43 MIN    12
2022 07 04 08 23 MAX    27
2022 07 04 11 39 MIN    25
2022 07 04 17 31 MAX    34
2022 07 05 01 16 MIN    12
2022 07 05 08 40 MAX    27
2022 07 05 12 43 MIN    24
2022 07 05 18 18 MAX    31
2022 07 06 01 51 MIN    13
2022 07 06 09 00 MAX    27
2022 07 06 14 06 MIN    23
2022 07 06 19 18 MAX    28
2022 07 07 02 31 MIN    15
2022 07 07 09 23 MAX    28
2022 07 07 15 33 MIN    21
2022 07 07 20 40 MAX    26
2022 07 08 03 16 MIN    18
2022 07 08 09 50 MAX    30
2022 07 08 16 45 MIN    18
2022 07 08 22 23 MAX    26
2022 07 09 04 12 MIN    20
2022 07 09 10 27 MAX    32
2022 07 09 17 47 MIN    15
2022 07 10 00 42 MAX    27
2022 07 10 05 02 MIN    24
2022 07 10 11 08 MAX    34
2022 07 10 18 47 MIN    13
2022 07 11 02 20 MAX    29
2022 07 11 05 57 MIN    27
2022 07 11 11 55 MAX    37
2022 07 11 19 44 MIN    11
2022 07 12 03 31 MAX    31
2022 07 12 06 54 MIN    29
2022 07 12 12 45 MAX    40
2022 07 12 20 40 MIN     9
2022 07 13 04 38 MAX    32
2022 07 13 07 50 MIN    30
2022 07 13 13 37 MAX    42
2022 07 13 21 35 MIN     7
2022 07 14 05 30 MAX    33
2022 07 14 08 33 MIN    31
2022 07 14 14 30 MAX    44
2022 07 14 22 29 MIN     7
2022 07 15 06 25 MAX    32
2022 07 15 09 29 MIN    30
2022 07 15 15 24 MAX    45
2022 07 15 23 20 MIN     7
2022 07 16 07 05 MAX    31
2022 07 16 10 18 MIN    29
2022 07 16 16 18 MAX    44
2022 07 17 00 10 MIN     8
2022 07 17 07 35 MAX    30
2022 07 17 11 19 MIN    27
2022 07 17 17 14 MAX    42
2022 07 18 00 56 MIN    10
2022 07 18 07 58 MAX    30
2022 07 18 12 26 MIN    25
2022 07 18 18 11 MAX    38
2022 07 19 01 40 MIN    13
2022 07 19 08 23 MAX    30
2022 07 19 13 44 MIN    23
2022 07 19 19 17 MAX    33
2022 07 20 02 22 MIN    17
2022 07 20 08 49 MAX    31
2022 07 20 15 10 MIN    21
2022 07 20 20 38 MAX    29
2022 07 21 03 01 MIN    20
2022 07 21 09 20 MAX    32
2022 07 21 16 35 MIN    19
2022 07 21 22 49 MAX    27
2022 07 22 03 33 MIN    24
2022 07 22 09 58 MAX    33
2022 07 22 17 51 MIN    18
2022 07 23 10 40 MAX    34
2022 07 23 18 52 MIN    17
2022 07 24 11 26 MAX    36
2022 07 24 19 41 MIN    17
2022 07 25 12 15 MAX    38
2022 07 25 20 22 MIN    17
2022 07 26 12 57 MAX    39
2022 07 26 20 58 MIN    17
2022 07 27 04 48 MAX    33
2022 07 27 07 24 MIN    32
2022 07 27 13 40 MAX    41
2022 07 27 21 32 MIN    17
2022 07 28 04 49 MAX    34
2022 07 28 08 03 MIN    32
2022 07 28 14 17 MAX    42
2022 07 28 22 06 MIN    17
2022 07 29 05 28 MAX    33
2022 07 29 08 32 MIN    32
2022 07 29 14 53 MAX    43
2022 07 29 22 38 MIN    16
2022 07 30 05 44 MAX    33
2022 07 30 09 13 MIN    31
2022 07 30 15 27 MAX    42
2022 07 30 23 09 MIN    16
2022 07 31 06 08 MAX    32
2022 07 31 10 01 MIN    29
2022 07 31 16 03 MAX    41
2022 07 31 23 38 MIN    15
2022 08 01 06 29 MAX    31
2022 08 01 10 48 MIN    27
2022 08 01 16 41 MAX    39
2022 08 02 00 08 MIN    16
2022 08 02 06 42 MAX    31
2022 08 02 11 36 MIN    26
2022 08 02 17 24 MAX    37
2022 08 03 00 37 MIN    17
2022 08 03 07 02 MAX    31
2022 08 03 12 35 MIN    24
2022 08 03 18 14 MAX    34
2022 08 04 01 09 MIN    19
2022 08 04 07 26 MAX    32
2022 08 04 13 42 MIN    22
2022 08 04 19 19 MAX    31
2022 08 05 01 45 MIN    21
2022 08 05 07 59 MAX    33
2022 08 05 14 55 MIN    21
2022 08 05 20 51 MAX    29
2022 08 06 02 28 MIN    24
2022 08 06 08 38 MAX    35
2022 08 06 16 11 MIN    19
2022 08 06 23 37 MAX    29
2022 08 07 03 11 MIN    28
2022 08 07 09 28 MAX    36
2022 08 07 17 27 MIN    17
2022 08 08 10 27 MAX    39
2022 08 08 18 36 MIN    15
2022 08 09 02 44 MAX    34
2022 08 09 05 41 MIN    32
2022 08 09 11 33 MAX    41
2022 08 09 19 38 MIN    13
2022 08 10 03 36 MAX    35
2022 08 10 06 46 MIN    33
2022 08 10 12 40 MAX    44
2022 08 10 20 34 MIN    12
2022 08 11 04 20 MAX    35
2022 08 11 07 40 MIN    33
2022 08 11 13 39 MAX    46
2022 08 11 21 27 MIN    11
2022 08 12 04 47 MAX    35
2022 08 12 08 31 MIN    32
2022 08 12 14 33 MAX    47
2022 08 12 22 15 MIN    11
2022 08 13 05 15 MAX    34
2022 08 13 09 25 MIN    30
2022 08 13 15 25 MAX    47
2022 08 13 23 00 MIN    12
2022 08 14 05 40 MAX    33
2022 08 14 10 21 MIN    27
2022 08 14 16 16 MAX    45
2022 08 14 23 42 MIN    14
2022 08 15 05 59 MAX    33
2022 08 15 11 16 MIN    25
2022 08 15 17 08 MAX    42
2022 08 16 00 20 MIN    16
2022 08 16 06 24 MAX    33
2022 08 16 12 16 MIN    23
2022 08 16 18 05 MAX    37
2022 08 17 00 55 MIN    20
2022 08 17 06 53 MAX    33
2022 08 17 13 22 MIN    22
2022 08 17 19 12 MAX    33
2022 08 18 01 26 MIN    23
2022 08 18 07 22 MAX    34
2022 08 18 14 35 MIN    21
2022 08 18 20 53 MAX    30
2022 08 19 01 52 MIN    26
2022 08 19 07 55 MAX    35
2022 08 19 15 56 MIN    20
2022 08 19 23 45 MAX    30
2022 08 20 01 53 MIN    29
2022 08 20 08 39 MAX    36
2022 08 20 17 17 MIN    20
2022 08 21 09 38 MAX    37
2022 08 21 18 24 MIN    19
2022 08 22 10 54 MAX    38
2022 08 22 19 17 MIN    19
2022 08 23 11 58 MAX    39
2022 08 23 19 59 MIN    19
2022 08 24 03 30 MAX    35
2022 08 24 06 54 MIN    33
2022 08 24 12 53 MAX    41
2022 08 24 20 36 MIN    19
2022 08 25 03 46 MAX    35
2022 08 25 07 24 MIN    33
2022 08 25 13 33 MAX    42
2022 08 25 21 09 MIN    19
2022 08 26 03 59 MAX    35
2022 08 26 08 00 MIN    32
2022 08 26 14 09 MAX    43
2022 08 26 21 38 MIN    18
2022 08 27 04 20 MAX    34
2022 08 27 08 39 MIN    30
2022 08 27 14 43 MAX    43
2022 08 27 22 06 MIN    17
2022 08 28 04 31 MAX    34
2022 08 28 09 17 MIN    28
2022 08 28 15 17 MAX    42
2022 08 28 22 35 MIN    17
2022 08 29 04 49 MAX    33
2022 08 29 09 57 MIN    26
2022 08 29 15 55 MAX    41
2022 08 29 23 03 MIN    17
2022 08 30 05 04 MAX    33
2022 08 30 10 40 MIN    24
2022 08 30 16 36 MAX    39
2022 08 30 23 32 MIN    18
2022 08 31 05 24 MAX    33
2022 08 31 11 28 MIN    22
2022 08 31 17 23 MAX    36
2022 09 01 00 02 MIN    20
2022 09 01 05 47 MAX    34
2022 09 01 12 21 MIN    20
2022 09 01 18 18 MAX    34
2022 09 02 00 34 MIN    23
2022 09 02 06 17 MAX    35
2022 09 02 13 20 MIN    19
2022 09 02 19 30 MAX    32
2022 09 03 01 07 MIN    26
2022 09 03 06 55 MAX    35
2022 09 03 14 30 MIN    18
2022 09 03 22 08 MAX    30
2022 09 04 01 37 MIN    29
2022 09 04 07 42 MAX    36
2022 09 04 15 53 MIN    17
2022 09 05 00 43 MAX    32
2022 09 05 02 27 MIN    31
2022 09 05 08 48 MAX    37
2022 09 05 17 20 MIN    16
2022 09 06 10 14 MAX    39
2022 09 06 18 33 MIN    15
2022 09 07 02 41 MAX    34
2022 09 07 05 58 MIN    32
2022 09 07 11 40 MAX    41
2022 09 07 19 33 MIN    14
2022 09 08 03 07 MAX    34
2022 09 08 06 58 MIN    31
2022 09 08 12 48 MAX    43
2022 09 08 20 24 MIN    13
2022 09 09 03 24 MAX    34
2022 09 09 07 49 MIN    29
2022 09 09 13 44 MAX    44
2022 09 09 21 10 MIN    13
2022 09 10 03 39 MAX    34
2022 09 10 08 36 MIN    27
2022 09 10 14 35 MAX    44
2022 09 10 21 52 MIN    14
2022 09 11 04 02 MAX    33
2022 09 11 09 26 MIN    24
2022 09 11 15 24 MAX    43
2022 09 11 22 30 MIN    15
2022 09 12 04 22 MAX    33
2022 09 12 10 14 MIN    22
2022 09 12 16 13 MAX    41
2022 09 12 23 06 MIN    18
2022 09 13 04 42 MAX    34
2022 09 13 11 05 MIN    20
2022 09 13 17 04 MAX    38
2022 09 13 23 38 MIN    20
2022 09 14 05 09 MAX    34
2022 09 14 11 56 MIN    18
2022 09 14 18 06 MAX    34
2022 09 15 00 07 MIN    23
2022 09 15 05 34 MAX    35
2022 09 15 12 51 MIN    18
2022 09 15 19 19 MAX    32
2022 09 16 00 31 MIN    26
2022 09 16 06 04 MAX    35
2022 09 16 13 53 MIN    18
2022 09 16 21 28 MAX    30
2022 09 17 00 36 MIN    29
2022 09 17 06 38 MAX    35
2022 09 17 15 06 MIN    18
2022 09 18 07 22 MAX    35
2022 09 18 16 34 MIN    19
2022 09 19 08 37 MAX    35
2022 09 19 17 50 MIN    19
2022 09 20 02 45 MAX    33
2022 09 20 04 57 MIN    32
2022 09 20 10 19 MAX    35
2022 09 20 18 47 MIN    19
2022 09 21 02 38 MAX    33
2022 09 21 06 17 MIN    31
2022 09 21 11 41 MAX    36
2022 09 21 19 28 MIN    18
2022 09 22 02 41 MAX    33
2022 09 22 06 54 MIN    30
2022 09 22 12 35 MAX    37
2022 09 22 20 03 MIN    18
2022 09 23 02 49 MAX    33
2022 09 23 07 29 MIN    28
2022 09 23 13 18 MAX    38
2022 09 23 20 31 MIN    17
2022 09 24 03 04 MAX    32
2022 09 24 08 00 MIN    26
2022 09 24 13 54 MAX    38
2022 09 24 20 59 MIN    17
2022 09 25 03 14 MAX    32
2022 09 25 08 33 MIN    24
2022 09 25 14 31 MAX    38
2022 09 25 21 26 MIN    16
2022 09 26 03 26 MAX    32
2022 09 26 09 08 MIN    21
2022 09 26 15 09 MAX    37
2022 09 26 21 56 MIN    17
2022 09 27 03 43 MAX    32
2022 09 27 09 47 MIN    19
2022 09 27 15 51 MAX    36
2022 09 27 22 27 MIN    18
2022 09 28 04 01 MAX    33
2022 09 28 10 29 MIN    16
2022 09 28 16 36 MAX    35
2022 09 28 22 58 MIN    20
2022 09 29 04 25 MAX    34
2022 09 29 11 16 MIN    14
2022 09 29 17 30 MAX    33
2022 09 29 23 30 MIN    22
2022 09 30 04 53 MAX    34
2022 09 30 12 07 MIN    13
2022 09 30 18 40 MAX    31
2022 10 01 00 00 MIN    25
2022 10 01 05 27 MAX    35
2022 10 01 13 07 MIN    13
2022 10 01 20 50 MAX    29
2022 10 02 00 31 MIN    27
2022 10 02 06 08 MAX    35
2022 10 02 14 19 MIN    13
2022 10 03 07 07 MAX    35
2022 10 03 15 49 MIN    13
2022 10 04 08 35 MAX    35
2022 10 04 17 16 MIN    13
2022 10 05 01 50 MAX    30
2022 10 05 04 46 MIN    29
2022 10 05 10 20 MAX    35
2022 10 05 18 25 MIN    12
2022 10 06 02 00 MAX    30
2022 10 06 06 06 MIN    27
2022 10 06 11 46 MAX    36
2022 10 06 19 19 MIN    12
2022 10 07 02 13 MAX    30
2022 10 07 07 03 MIN    24
2022 10 07 12 52 MAX    37
2022 10 07 20 04 MIN    12
2022 10 08 02 27 MAX    30
2022 10 08 07 51 MIN    21
2022 10 08 13 48 MAX    37
2022 10 08 20 43 MIN    13
2022 10 09 02 43 MAX    30
2022 10 09 08 37 MIN    18
2022 10 09 14 39 MAX    36
2022 10 09 21 20 MIN    15
2022 10 10 03 00 MAX    31
2022 10 10 09 22 MIN    15
2022 10 10 15 27 MAX    35
2022 10 10 21 53 MIN    17
2022 10 11 03 21 MAX    32
2022 10 11 10 05 MIN    14
2022 10 11 16 18 MAX    33
2022 10 11 22 24 MIN    19
2022 10 12 03 45 MAX    32
2022 10 12 10 49 MIN    12
2022 10 12 17 14 MAX    31
2022 10 12 22 52 MIN    22
2022 10 13 04 10 MAX    33
2022 10 13 11 33 MIN    12
2022 10 13 18 16 MAX    30
2022 10 13 23 17 MIN    24
2022 10 14 04 36 MAX    33
2022 10 14 12 19 MIN    12
2022 10 14 19 47 MAX    28
2022 10 14 23 34 MIN    26
2022 10 15 05 03 MAX    33
2022 10 15 13 11 MIN    13
2022 10 15 21 38 MAX    28
2022 10 15 23 34 MIN    27
2022 10 16 05 36 MAX    33
2022 10 16 14 17 MIN    14
2022 10 17 06 17 MAX    32
2022 10 17 15 41 MIN    15
2022 10 18 07 12 MAX    30
2022 10 18 17 03 MIN    15
2022 10 19 09 13 MAX    29
2022 10 19 18 00 MIN    15
2022 10 20 01 44 MAX    28
2022 10 20 06 06 MIN    26
2022 10 20 10 59 MAX    29
2022 10 20 18 41 MIN    14
2022 10 21 01 44 MAX    28
2022 10 21 06 45 MIN    23
2022 10 21 12 04 MAX    29
2022 10 21 19 13 MIN    14
2022 10 22 01 51 MAX    28
2022 10 22 07 16 MIN    21
2022 10 22 12 54 MAX    29
2022 10 22 19 41 MIN    13
2022 10 23 02 00 MAX    28
2022 10 23 07 47 MIN    18
2022 10 23 13 38 MAX    30
2022 10 23 20 11 MIN    14
2022 10 24 02 09 MAX    29
2022 10 24 08 19 MIN    15
2022 10 24 14 21 MAX    30
2022 10 24 20 41 MIN    14
2022 10 25 02 26 MAX    29
2022 10 25 08 55 MIN    12
2022 10 25 15 07 MAX    30
2022 10 25 21 15 MIN    16
2022 10 26 02 47 MAX    30
2022 10 26 09 35 MIN     9
2022 10 26 15 55 MAX    30
2022 10 26 21 49 MIN    18
2022 10 27 03 12 MAX    31
2022 10 27 10 19 MIN     7
2022 10 27 16 51 MAX    29
2022 10 27 22 22 MIN    20
2022 10 28 03 41 MAX    32
2022 10 28 11 07 MIN     6
2022 10 28 18 10 MAX    27
2022 10 28 22 54 MIN    22
2022 10 29 04 15 MAX    33
2022 10 29 12 01 MIN     5
2022 10 29 19 50 MAX    26
2022 10 29 23 20 MIN    24
2022 10 30 04 55 MAX    33
2022 10 30 13 02 MIN     5
2022 10 31 05 47 MAX    33
2022 10 31 14 16 MIN     6
2022 11 01 06 55 MAX    31
2022 11 01 15 41 MIN     7
2022 11 02 00 23 MAX    25
2022 11 02 02 31 MIN    24
2022 11 02 08 34 MAX    30
2022 11 02 16 58 MIN     7
2022 11 03 00 51 MAX    24
2022 11 03 04 57 MIN    21
2022 11 03 10 16 MAX    28
2022 11 03 18 00 MIN     8
2022 11 04 01 03 MAX    24
2022 11 04 06 07 MIN    18
2022 11 04 11 45 MAX    28
2022 11 04 18 49 MIN     9
2022 11 05 01 15 MAX    25
2022 11 05 07 03 MIN    14
2022 11 05 12 57 MAX    27
2022 11 05 19 29 MIN    10
2022 11 06 01 32 MAX    25
2022 11 06 07 52 MIN    11
2022 11 06 13 57 MAX    27
2022 11 06 20 06 MIN    12
2022 11 07 01 49 MAX    27
2022 11 07 08 36 MIN     8
2022 11 07 14 53 MAX    26
2022 11 07 20 39 MIN    14
2022 11 08 02 10 MAX    28
2022 11 08 09 17 MIN     7
2022 11 08 15 43 MAX    26
2022 11 08 21 09 MIN    17
2022 11 09 02 34 MAX    29
2022 11 09 09 55 MIN     6
2022 11 09 16 32 MAX    26
2022 11 09 21 37 MIN    19
2022 11 10 03 00 MAX    30
2022 11 10 10 33 MIN     6
2022 11 10 17 30 MAX    25
2022 11 10 22 05 MIN    20
2022 11 11 03 26 MAX    30
2022 11 11 11 12 MIN     6
2022 11 11 18 37 MAX    24
2022 11 11 22 23 MIN    22
2022 11 12 03 55 MAX    30
2022 11 12 11 54 MIN     6
2022 11 12 19 47 MAX    24
2022 11 12 22 46 MIN    22
2022 11 13 04 26 MAX    30
2022 11 13 12 40 MIN     7
2022 11 14 05 00 MAX    29
2022 11 14 13 33 MIN     8
2022 11 15 05 37 MAX    27
2022 11 15 14 38 MIN     9
2022 11 16 06 29 MAX    25
2022 11 16 15 46 MIN     9
2022 11 17 07 36 MAX    22
2022 11 17 16 44 MIN     9
2022 11 18 00 33 MAX    21
2022 11 18 05 31 MIN    18
2022 11 18 09 33 MAX    20
2022 11 18 17 27 MIN     9
2022 11 19 00 33 MAX    21
2022 11 19 06 17 MIN    15
2022 11 19 11 15 MAX    20
2022 11 19 18 04 MIN     9
2022 11 20 00 39 MAX    22
2022 11 20 06 51 MIN    12
2022 11 20 12 28 MAX    20
2022 11 20 18 39 MIN    10
2022 11 21 00 51 MAX    23
2022 11 21 07 25 MIN     9
2022 11 21 13 29 MAX    21
2022 11 21 19 16 MIN    11
2022 11 22 01 10 MAX    24
2022 11 22 08 00 MIN     6
2022 11 22 14 25 MAX    22
2022 11 22 19 53 MIN    13
2022 11 23 01 34 MAX    26
2022 11 23 08 40 MIN     3
2022 11 23 15 20 MAX    23
2022 11 23 20 32 MIN    15
2022 11 24 02 03 MAX    28
2022 11 24 09 24 MIN     0
2022 11 24 16 22 MAX    23
2022 11 24 21 09 MIN    17
2022 11 25 02 36 MAX    30
2022 11 25 10 12 MIN    -2
2022 11 25 17 28 MAX    23
2022 11 25 21 46 MIN    18
2022 11 26 03 13 MAX    31
2022 11 26 11 03 MIN    -3
2022 11 26 18 53 MAX    22
2022 11 26 22 21 MIN    19
2022 11 27 03 56 MAX    32
2022 11 27 11 59 MIN    -3
2022 11 27 20 21 MAX    21
2022 11 27 22 37 MIN    20
2022 11 28 04 45 MAX    31
2022 11 28 12 58 MIN    -3
2022 11 28 21 35 MAX    20
2022 11 28 23 15 MIN    19
2022 11 29 05 44 MAX    29
2022 11 29 14 04 MIN    -1
2022 11 30 06 54 MAX    26
2022 11 30 15 12 MIN     0
2022 11 30 23 08 MAX    18
2022 12 01 02 49 MIN    16
2022 12 01 08 21 MAX    23
2022 12 01 16 18 MIN     2
2022 12 01 23 31 MAX    18
2022 12 02 04 43 MIN    12
2022 12 02 09 59 MAX    19
2022 12 02 17 14 MIN     4
2022 12 02 23 53 MAX    18
2022 12 03 05 59 MIN     8
2022 12 03 11 44 MAX    18
2022 12 03 18 00 MIN     7
2022 12 04 00 13 MAX    20
2022 12 04 06 59 MIN     5
2022 12 04 13 18 MAX    17
2022 12 04 18 41 MIN     9
2022 12 05 00 37 MAX    21
2022 12 05 07 49 MIN     2
2022 12 05 14 31 MAX    17
2022 12 05 19 18 MIN    11
2022 12 06 01 02 MAX    23
2022 12 06 08 32 MIN     1
2022 12 06 15 26 MAX    18
2022 12 06 19 52 MIN    13
2022 12 07 01 30 MAX    24
2022 12 07 09 10 MIN     0
2022 12 07 16 12 MAX    19
2022 12 07 20 22 MIN    15
2022 12 08 01 58 MAX    25
2022 12 08 09 45 MIN     0
2022 12 08 17 00 MAX    19
2022 12 08 20 53 MIN    16
2022 12 09 02 30 MAX    26
2022 12 09 10 20 MIN     0
2022 12 09 17 36 MAX    20
2022 12 09 21 19 MIN    17
2022 12 10 03 02 MAX    27
2022 12 10 10 56 MIN     0
2022 12 10 18 32 MAX    19
2022 12 10 21 47 MIN    17
2022 12 11 03 36 MAX    27
2022 12 11 11 34 MIN     0
2022 12 11 19 30 MAX    18
2022 12 11 22 08 MIN    17
2022 12 12 04 10 MAX    26
2022 12 12 12 14 MIN     1
2022 12 12 20 29 MAX    17
2022 12 12 22 40 MIN    16
2022 12 13 04 47 MAX    25
2022 12 13 12 53 MIN     1
2022 12 13 21 19 MAX    16
2022 12 13 23 17 MIN    15
2022 12 14 05 23 MAX    22
2022 12 14 13 35 MIN     2
2022 12 14 22 00 MAX    15
2022 12 15 00 16 MIN    14
2022 12 15 06 05 MAX    19
2022 12 15 14 15 MIN     2
2022 12 15 22 08 MAX    15
2022 12 16 02 03 MIN    13
2022 12 16 07 02 MAX    16
2022 12 16 14 59 MIN     3
2022 12 16 22 27 MAX    15
2022 12 17 04 09 MIN    11
2022 12 17 08 25 MAX    13
2022 12 17 15 46 MIN     4
2022 12 17 22 44 MAX    16
2022 12 18 05 20 MIN     7
2022 12 18 10 17 MAX    12
2022 12 18 16 35 MIN     6
2022 12 18 23 09 MAX    17
2022 12 19 06 10 MIN     4
2022 12 19 12 19 MAX    12
2022 12 19 17 29 MIN     7
2022 12 19 23 38 MAX    19
2022 12 20 06 54 MIN     1
2022 12 20 13 46 MAX    14
2022 12 20 18 17 MIN    10
2022 12 21 00 12 MAX    21
2022 12 21 07 39 MIN    -2
2022 12 21 14 51 MAX    16
2022 12 21 19 06 MIN    12
2022 12 22 00 49 MAX    23
2022 12 22 08 25 MIN    -5
2022 12 22 15 48 MAX    18
2022 12 22 19 51 MIN    14
2022 12 23 01 30 MAX    26
2022 12 23 09 15 MIN    -7
2022 12 23 16 51 MAX    18
2022 12 23 20 35 MIN    15
2022 12 24 02 14 MAX    28
2022 12 24 10 06 MIN    -9
2022 12 24 17 50 MAX    18
2022 12 24 21 19 MIN    15
2022 12 25 03 02 MAX    29
2022 12 25 10 58 MIN   -10
2022 12 25 18 51 MAX    17
2022 12 25 21 55 MIN    15
2022 12 26 03 52 MAX    29
2022 12 26 11 51 MIN   -10
2022 12 26 19 46 MAX    15
2022 12 26 22 49 MIN    13
2022 12 27 04 47 MAX    28
2022 12 27 12 43 MIN    -9
2022 12 27 20 22 MAX    14
2022 12 27 23 48 MIN    11
2022 12 28 05 45 MAX    25
2022 12 28 13 35 MIN    -7
2022 12 28 20 54 MAX    13
2022 12 29 01 04 MIN     9
2022 12 29 06 49 MAX    20
2022 12 29 14 27 MIN    -4
2022 12 29 21 21 MAX    13
2022 12 30 02 39 MIN     7
2022 12 30 08 04 MAX    15
2022 12 30 15 17 MIN     0
2022 12 30 21 53 MAX    13
2022 12 31 04 18 MIN     4
2022 12 31 09 46 MAX    11
2022 12 31 16 04 MIN     3
2022 12 31 22 23 MAX    15
