 <API - 조위예측극치자료>

대상조위관측소 : 모슬포
위도(WGS84) : N 126.2511
경도(WGS84) : E 33.2144
관측기관 : 20201221 ~ 20220101

2020 12 21 02 36 MAX   165
2020 12 21 08 54 MIN    72
2020 12 21 15 45 MAX   204
2020 12 21 22 25 MIN   100
2020 12 22 03 52 MAX   157
2020 12 22 09 56 MIN    93
2020 12 22 16 38 MAX   190
2020 12 22 23 26 MIN    96
2020 12 23 05 26 MAX   158
2020 12 23 11 14 MIN   107
2020 12 23 17 33 MAX   180
2020 12 24 00 22 MIN    87
2020 12 24 06 50 MAX   168
2020 12 24 12 39 MIN   112
2020 12 24 18 26 MAX   175
2020 12 25 01 10 MIN    75
2020 12 25 07 52 MAX   183
2020 12 25 13 49 MIN   110
2020 12 25 19 15 MAX   175
2020 12 26 01 50 MIN    61
2020 12 26 08 38 MAX   199
2020 12 26 14 42 MIN   104
2020 12 26 20 00 MAX   178
2020 12 27 02 28 MIN    47
2020 12 27 09 16 MAX   215
2020 12 27 15 26 MIN    97
2020 12 27 20 41 MAX   183
2020 12 28 03 04 MIN    34
2020 12 28 09 52 MAX   229
2020 12 28 16 04 MIN    90
2020 12 28 21 20 MAX   189
2020 12 29 03 39 MIN    22
2020 12 29 10 27 MAX   242
2020 12 29 16 39 MIN    84
2020 12 29 21 56 MAX   195
2020 12 30 04 15 MIN    12
2020 12 30 11 01 MAX   252
2020 12 30 17 15 MIN    78
2020 12 30 22 32 MAX   199
2020 12 31 04 51 MIN     5
2020 12 31 11 35 MAX   259
2020 12 31 17 50 MIN    75
2020 12 31 23 08 MAX   201
2021 01 01 05 29 MIN     2
2021 01 01 12 11 MAX   261
2021 01 01 18 28 MIN    74
2021 01 01 23 45 MAX   201
2021 01 02 06 08 MIN     3
2021 01 02 12 49 MAX   258
2021 01 02 19 08 MIN    74
2021 01 03 00 25 MAX   198
2021 01 03 06 50 MIN    11
2021 01 03 13 28 MAX   250
2021 01 03 19 51 MIN    74
2021 01 04 01 10 MAX   192
2021 01 04 07 37 MIN    25
2021 01 04 14 11 MAX   238
2021 01 04 20 38 MIN    74
2021 01 05 02 05 MAX   185
2021 01 05 08 29 MIN    44
2021 01 05 14 58 MAX   223
2021 01 05 21 32 MIN    72
2021 01 06 03 15 MAX   180
2021 01 06 09 32 MIN    65
2021 01 06 15 51 MAX   208
2021 01 06 22 32 MIN    66
2021 01 07 04 42 MAX   180
2021 01 07 10 48 MIN    83
2021 01 07 16 52 MAX   195
2021 01 07 23 38 MIN    56
2021 01 08 06 16 MAX   190
2021 01 08 12 16 MIN    93
2021 01 08 17 59 MAX   187
2021 01 09 00 42 MIN    41
2021 01 09 07 36 MAX   209
2021 01 09 13 39 MIN    93
2021 01 09 19 05 MAX   186
2021 01 10 01 42 MIN    24
2021 01 10 08 40 MAX   230
2021 01 10 14 46 MIN    86
2021 01 10 20 06 MAX   190
2021 01 11 02 36 MIN     7
2021 01 11 09 33 MAX   249
2021 01 11 15 42 MIN    75
2021 01 11 21 01 MAX   197
2021 01 12 03 26 MIN    -8
2021 01 12 10 20 MAX   264
2021 01 12 16 30 MIN    65
2021 01 12 21 50 MAX   205
2021 01 13 04 13 MIN   -19
2021 01 13 11 03 MAX   273
2021 01 13 17 14 MIN    58
2021 01 13 22 35 MAX   210
2021 01 14 04 57 MIN   -23
2021 01 14 11 43 MAX   275
2021 01 14 17 55 MIN    54
2021 01 14 23 17 MAX   212
2021 01 15 05 39 MIN   -19
2021 01 15 12 21 MAX   270
2021 01 15 18 35 MIN    55
2021 01 15 23 57 MAX   208
2021 01 16 06 19 MIN    -7
2021 01 16 12 57 MAX   258
2021 01 16 19 13 MIN    59
2021 01 17 00 36 MAX   200
2021 01 17 06 57 MIN    11
2021 01 17 13 30 MAX   241
2021 01 17 19 51 MIN    66
2021 01 18 01 15 MAX   190
2021 01 18 07 34 MIN    34
2021 01 18 14 02 MAX   222
2021 01 18 20 28 MIN    73
2021 01 19 01 57 MAX   178
2021 01 19 08 11 MIN    59
2021 01 19 14 33 MAX   203
2021 01 19 21 06 MIN    78
2021 01 20 02 48 MAX   168
2021 01 20 08 53 MIN    83
2021 01 20 15 06 MAX   186
2021 01 20 21 50 MIN    81
2021 01 21 03 57 MAX   162
2021 01 21 09 49 MIN   105
2021 01 21 15 47 MAX   172
2021 01 21 22 45 MIN    81
2021 01 22 05 31 MAX   163
2021 01 22 11 15 MIN   121
2021 01 22 16 49 MAX   161
2021 01 22 23 50 MIN    76
2021 01 23 07 06 MAX   174
2021 01 23 13 06 MIN   124
2021 01 23 18 09 MAX   157
2021 01 24 00 56 MIN    68
2021 01 24 08 13 MAX   190
2021 01 24 14 26 MIN   117
2021 01 24 19 22 MAX   161
2021 01 25 01 52 MIN    55
2021 01 25 09 01 MAX   207
2021 01 25 15 16 MIN   106
2021 01 25 20 20 MAX   169
2021 01 26 02 40 MIN    40
2021 01 26 09 40 MAX   224
2021 01 26 15 54 MIN    94
2021 01 26 21 06 MAX   180
2021 01 27 03 22 MIN    25
2021 01 27 10 15 MAX   239
2021 01 27 16 29 MIN    81
2021 01 27 21 46 MAX   191
2021 01 28 04 02 MIN     9
2021 01 28 10 48 MAX   253
2021 01 28 17 02 MIN    70
2021 01 28 22 23 MAX   202
2021 01 29 04 41 MIN    -5
2021 01 29 11 21 MAX   263
2021 01 29 17 35 MIN    58
2021 01 29 23 00 MAX   211
2021 01 30 05 20 MIN   -14
2021 01 30 11 54 MAX   268
2021 01 30 18 09 MIN    49
2021 01 30 23 38 MAX   217
2021 01 31 06 00 MIN   -15
2021 01 31 12 29 MAX   267
2021 01 31 18 45 MIN    42
2021 02 01 00 20 MAX   219
2021 02 01 06 42 MIN    -8
2021 02 01 13 04 MAX   258
2021 02 01 19 24 MIN    38
2021 02 02 01 04 MAX   216
2021 02 02 07 25 MIN    10
2021 02 02 13 41 MAX   243
2021 02 02 20 05 MIN    38
2021 02 03 01 56 MAX   209
2021 02 03 08 14 MIN    36
2021 02 03 14 20 MAX   224
2021 02 03 20 51 MIN    41
2021 02 04 02 56 MAX   199
2021 02 04 09 10 MIN    66
2021 02 04 15 03 MAX   202
2021 02 04 21 45 MIN    46
2021 02 05 04 15 MAX   191
2021 02 05 10 21 MIN    93
2021 02 05 15 57 MAX   182
2021 02 05 22 51 MIN    49
2021 02 06 05 58 MAX   193
2021 02 06 11 59 MIN   110
2021 02 06 17 13 MAX   168
2021 02 07 00 09 MIN    47
2021 02 07 07 34 MAX   206
2021 02 07 13 41 MIN   109
2021 02 07 18 46 MAX   165
2021 02 08 01 24 MIN    37
2021 02 08 08 42 MAX   224
2021 02 08 14 52 MIN    96
2021 02 08 20 03 MAX   173
2021 02 09 02 28 MIN    22
2021 02 09 09 33 MAX   241
2021 02 09 15 42 MIN    80
2021 02 09 21 00 MAX   187
2021 02 10 03 21 MIN     7
2021 02 10 10 13 MAX   254
2021 02 10 16 23 MIN    64
2021 02 10 21 47 MAX   202
2021 02 11 04 06 MIN    -6
2021 02 11 10 50 MAX   263
2021 02 11 17 00 MIN    51
2021 02 11 22 29 MAX   212
2021 02 12 04 48 MIN   -12
2021 02 12 11 23 MAX   265
2021 02 12 17 35 MIN    43
2021 02 12 23 07 MAX   218
2021 02 13 05 25 MIN   -12
2021 02 13 11 54 MAX   261
2021 02 13 18 08 MIN    39
2021 02 13 23 42 MAX   219
2021 02 14 06 01 MIN    -3
2021 02 14 12 23 MAX   252
2021 02 14 18 39 MIN    40
2021 02 15 00 17 MAX   214
2021 02 15 06 34 MIN    12
2021 02 15 12 49 MAX   238
2021 02 15 19 08 MIN    44
2021 02 16 00 50 MAX   207
2021 02 16 07 06 MIN    33
2021 02 16 13 13 MAX   222
2021 02 16 19 35 MIN    49
2021 02 17 01 26 MAX   199
2021 02 17 07 38 MIN    56
2021 02 17 13 37 MAX   205
2021 02 17 20 04 MIN    56
2021 02 18 02 06 MAX   189
2021 02 18 08 12 MIN    80
2021 02 18 14 01 MAX   189
2021 02 18 20 37 MIN    63
2021 02 19 02 57 MAX   180
2021 02 19 08 55 MIN   104
2021 02 19 14 31 MAX   174
2021 02 19 21 21 MIN    71
2021 02 20 04 13 MAX   173
2021 02 20 10 03 MIN   124
2021 02 20 15 14 MAX   160
2021 02 20 22 26 MIN    78
2021 02 21 06 05 MAX   175
2021 02 21 12 15 MIN   134
2021 02 21 16 52 MAX   149
2021 02 21 23 54 MIN    79
2021 02 22 07 40 MAX   188
2021 02 22 14 18 MIN   125
2021 02 22 18 52 MAX   151
2021 02 23 01 16 MIN    69
2021 02 23 08 38 MAX   205
2021 02 23 15 06 MIN   110
2021 02 23 20 03 MAX   163
2021 02 24 02 17 MIN    52
2021 02 24 09 19 MAX   223
2021 02 24 15 38 MIN    94
2021 02 24 20 52 MAX   178
2021 02 25 03 05 MIN    32
2021 02 25 09 53 MAX   239
2021 02 25 16 08 MIN    76
2021 02 25 21 32 MAX   196
2021 02 26 03 47 MIN    11
2021 02 26 10 25 MAX   254
2021 02 26 16 38 MIN    58
2021 02 26 22 10 MAX   213
2021 02 27 04 27 MIN    -7
2021 02 27 10 56 MAX   265
2021 02 27 17 10 MIN    39
2021 02 27 22 49 MAX   229
2021 02 28 05 07 MIN   -18
2021 02 28 11 28 MAX   271
2021 02 28 17 43 MIN    22
2021 02 28 23 28 MAX   241
2021 03 01 05 47 MIN   -19
2021 03 01 12 02 MAX   270
2021 03 01 18 18 MIN    11
2021 03 02 00 11 MAX   246
2021 03 02 06 29 MIN    -9
2021 03 02 12 36 MAX   260
2021 03 02 18 55 MIN     7
2021 03 03 00 55 MAX   244
2021 03 03 07 12 MIN    14
2021 03 03 13 10 MAX   242
2021 03 03 19 34 MIN    10
2021 03 04 01 44 MAX   234
2021 03 04 07 59 MIN    45
2021 03 04 13 46 MAX   220
2021 03 04 20 17 MIN    21
2021 03 05 02 42 MAX   220
2021 03 05 08 54 MIN    79
2021 03 05 14 25 MAX   195
2021 03 05 21 08 MIN    37
2021 03 06 03 58 MAX   205
2021 03 06 10 08 MIN   109
2021 03 06 15 15 MAX   172
2021 03 06 22 14 MIN    53
2021 03 07 05 49 MAX   199
2021 03 07 12 02 MIN   123
2021 03 07 16 45 MAX   155
2021 03 07 23 45 MIN    61
2021 03 08 07 31 MAX   209
2021 03 08 13 52 MIN   114
2021 03 08 18 50 MAX   156
2021 03 09 01 15 MIN    56
2021 03 09 08 36 MAX   222
2021 03 09 14 51 MIN    97
2021 03 09 20 09 MAX   172
2021 03 10 02 22 MIN    42
2021 03 10 09 20 MAX   235
2021 03 10 15 31 MIN    78
2021 03 10 21 00 MAX   190
2021 03 11 03 13 MIN    27
2021 03 11 09 55 MAX   244
2021 03 11 16 05 MIN    60
2021 03 11 21 41 MAX   206
2021 03 12 03 55 MIN    15
2021 03 12 10 26 MAX   250
2021 03 12 16 37 MIN    46
2021 03 12 22 18 MAX   219
2021 03 13 04 33 MIN     8
2021 03 13 10 54 MAX   251
2021 03 13 17 07 MIN    35
2021 03 13 22 52 MAX   226
2021 03 14 05 07 MIN     8
2021 03 14 11 20 MAX   248
2021 03 14 17 35 MIN    29
2021 03 14 23 24 MAX   230
2021 03 15 05 39 MIN    14
2021 03 15 11 45 MAX   240
2021 03 15 18 01 MIN    27
2021 03 15 23 55 MAX   230
2021 03 16 06 10 MIN    27
2021 03 16 12 08 MAX   230
2021 03 16 18 26 MIN    29
2021 03 17 00 26 MAX   227
2021 03 17 06 41 MIN    44
2021 03 17 12 30 MAX   218
2021 03 17 18 51 MIN    33
2021 03 18 01 00 MAX   221
2021 03 18 07 11 MIN    64
2021 03 18 12 53 MAX   205
2021 03 18 19 16 MIN    41
2021 03 19 01 36 MAX   213
2021 03 19 07 46 MIN    86
2021 03 19 13 17 MAX   192
2021 03 19 19 48 MIN    51
2021 03 20 02 21 MAX   202
2021 03 20 08 27 MIN   108
2021 03 20 13 45 MAX   177
2021 03 20 20 27 MIN    65
2021 03 21 03 23 MAX   192
2021 03 21 09 29 MIN   128
2021 03 21 14 19 MAX   162
2021 03 21 21 24 MIN    79
2021 03 22 05 03 MAX   186
2021 03 22 11 31 MIN   138
2021 03 22 15 38 MAX   148
2021 03 22 22 55 MIN    88
2021 03 23 06 53 MAX   193
2021 03 23 13 52 MIN   128
2021 03 23 18 22 MAX   148
2021 03 24 00 37 MIN    82
2021 03 24 08 00 MAX   207
2021 03 24 14 36 MIN   111
2021 03 24 19 42 MAX   163
2021 03 25 01 49 MIN    65
2021 03 25 08 43 MAX   222
2021 03 25 15 07 MIN    92
2021 03 25 20 32 MAX   184
2021 03 26 02 42 MIN    43
2021 03 26 09 18 MAX   238
2021 03 26 15 36 MIN    69
2021 03 26 21 13 MAX   206
2021 03 27 03 26 MIN    21
2021 03 27 09 51 MAX   252
2021 03 27 16 06 MIN    44
2021 03 27 21 52 MAX   229
2021 03 28 04 08 MIN     3
2021 03 28 10 24 MAX   262
2021 03 28 16 38 MIN    20
2021 03 28 22 33 MAX   250
2021 03 29 04 50 MIN    -7
2021 03 29 10 57 MAX   267
2021 03 29 17 13 MIN     0
2021 03 29 23 15 MAX   265
2021 03 30 05 32 MIN    -5
2021 03 30 11 31 MAX   264
2021 03 30 17 49 MIN   -13
2021 03 31 00 00 MAX   271
2021 03 31 00 00 MAX   271
2021 03 31 06 15 MIN     9
2021 03 31 12 06 MAX   253
2021 03 31 18 26 MIN   -14
2021 04 01 00 46 MAX   268
2021 04 01 07 00 MIN    33
2021 04 01 12 42 MAX   234
2021 04 01 19 06 MIN    -5
2021 04 02 01 36 MAX   255
2021 04 02 07 49 MIN    64
2021 04 02 13 18 MAX   211
2021 04 02 19 50 MIN    14
2021 04 03 02 34 MAX   237
2021 04 03 08 47 MIN    95
2021 04 03 13 58 MAX   187
2021 04 03 20 40 MIN    39
2021 04 04 03 51 MAX   218
2021 04 04 10 08 MIN   119
2021 04 04 14 54 MAX   165
2021 04 04 21 50 MIN    62
2021 04 05 05 37 MAX   209
2021 04 05 12 07 MIN   124
2021 04 05 16 49 MAX   152
2021 04 05 23 29 MIN    75
2021 04 06 07 11 MAX   212
2021 04 06 13 39 MIN   111
2021 04 06 18 55 MAX   160
2021 04 07 01 03 MIN    73
2021 04 07 08 10 MAX   219
2021 04 07 14 29 MIN    94
2021 04 07 20 04 MAX   178
2021 04 08 02 08 MIN    62
2021 04 08 08 51 MAX   225
2021 04 08 15 05 MIN    76
2021 04 08 20 50 MAX   196
2021 04 09 02 57 MIN    50
2021 04 09 09 23 MAX   230
2021 04 09 15 36 MIN    59
2021 04 09 21 28 MAX   211
2021 04 10 03 37 MIN    42
2021 04 10 09 51 MAX   232
2021 04 10 16 06 MIN    45
2021 04 10 22 02 MAX   223
2021 04 11 04 13 MIN    37
2021 04 11 10 17 MAX   232
2021 04 11 16 33 MIN    34
2021 04 11 22 33 MAX   232
2021 04 12 04 46 MIN    37
2021 04 12 10 41 MAX   230
2021 04 12 16 58 MIN    27
2021 04 12 23 04 MAX   238
2021 04 13 05 18 MIN    42
2021 04 13 11 05 MAX   225
2021 04 13 17 23 MIN    23
2021 04 13 23 34 MAX   242
2021 04 14 05 48 MIN    51
2021 04 14 11 29 MAX   220
2021 04 14 17 47 MIN    23
2021 04 15 00 05 MAX   242
2021 04 15 06 19 MIN    63
2021 04 15 11 54 MAX   212
2021 04 15 18 13 MIN    27
2021 04 16 00 38 MAX   239
2021 04 16 06 52 MIN    79
2021 04 16 12 20 MAX   202
2021 04 16 18 41 MIN    35
2021 04 17 01 15 MAX   232
2021 04 17 07 29 MIN    96
2021 04 17 12 47 MAX   191
2021 04 17 19 14 MIN    48
2021 04 18 01 58 MAX   221
2021 04 18 08 13 MIN   114
2021 04 18 13 17 MAX   178
2021 04 18 19 54 MIN    64
2021 04 19 02 54 MAX   209
2021 04 19 09 15 MIN   129
2021 04 19 13 55 MAX   164
2021 04 19 20 48 MIN    80
2021 04 20 04 17 MAX   201
2021 04 20 10 58 MIN   136
2021 04 20 15 14 MAX   152
2021 04 20 22 12 MIN    91
2021 04 21 05 55 MAX   201
2021 04 21 12 48 MIN   127
2021 04 21 17 43 MAX   153
2021 04 21 23 53 MIN    89
2021 04 22 07 05 MAX   210
2021 04 22 13 43 MIN   109
2021 04 22 19 08 MAX   170
2021 04 23 01 12 MIN    75
2021 04 23 07 53 MAX   221
2021 04 23 14 20 MIN    86
2021 04 23 20 02 MAX   193
2021 04 24 02 11 MIN    56
2021 04 24 08 33 MAX   233
2021 04 24 14 54 MIN    60
2021 04 24 20 48 MAX   218
2021 04 25 03 01 MIN    38
2021 04 25 09 09 MAX   244
2021 04 25 15 29 MIN    32
2021 04 25 21 32 MAX   244
2021 04 26 03 47 MIN    24
2021 04 26 09 46 MAX   251
2021 04 26 16 05 MIN     6
2021 04 26 22 17 MAX   266
2021 04 27 04 32 MIN    19
2021 04 27 10 23 MAX   254
2021 04 27 16 43 MIN   -13
2021 04 27 23 03 MAX   281
2021 04 28 05 17 MIN    23
2021 04 28 11 01 MAX   250
2021 04 28 17 21 MIN   -23
2021 04 28 23 49 MAX   287
2021 04 29 06 03 MIN    37
2021 04 29 11 39 MAX   239
2021 04 29 18 02 MIN   -20
2021 04 30 00 37 MAX   282
2021 04 30 06 51 MIN    58
2021 04 30 12 18 MAX   223
2021 04 30 18 44 MIN    -6
2021 05 01 01 30 MAX   268
2021 05 01 07 44 MIN    83
2021 05 01 12 59 MAX   204
2021 05 01 19 30 MIN    17
2021 05 02 02 29 MAX   249
2021 05 02 08 46 MIN   106
2021 05 02 13 47 MAX   184
2021 05 02 20 24 MIN    44
2021 05 03 03 43 MAX   230
2021 05 03 10 07 MIN   119
2021 05 03 14 55 MAX   166
2021 05 03 21 35 MIN    70
2021 05 04 05 11 MAX   218
2021 05 04 11 43 MIN   119
2021 05 04 16 50 MAX   159
2021 05 04 23 07 MIN    85
2021 05 05 06 29 MAX   214
2021 05 05 13 00 MIN   108
2021 05 05 18 37 MAX   168
2021 05 06 00 35 MIN    88
2021 05 06 07 27 MAX   213
2021 05 06 13 50 MIN    93
2021 05 06 19 44 MAX   183
2021 05 07 01 42 MIN    84
2021 05 07 08 08 MAX   212
2021 05 07 14 27 MIN    77
2021 05 07 20 30 MAX   198
2021 05 08 02 33 MIN    78
2021 05 08 08 40 MAX   212
2021 05 08 14 59 MIN    63
2021 05 08 21 08 MAX   212
2021 05 09 03 14 MIN    73
2021 05 09 09 08 MAX   212
2021 05 09 15 28 MIN    51
2021 05 09 21 41 MAX   223
2021 05 10 03 50 MIN    70
2021 05 10 09 34 MAX   212
2021 05 10 15 55 MIN    40
2021 05 10 22 13 MAX   234
2021 05 11 04 24 MIN    70
2021 05 11 10 00 MAX   212
2021 05 11 16 21 MIN    32
2021 05 11 22 44 MAX   242
2021 05 12 04 57 MIN    72
2021 05 12 10 27 MAX   212
2021 05 12 16 47 MIN    27
2021 05 12 23 15 MAX   248
2021 05 13 05 29 MIN    77
2021 05 13 10 55 MAX   210
2021 05 13 17 14 MIN    26
2021 05 13 23 48 MAX   251
2021 05 14 06 03 MIN    84
2021 05 14 11 24 MAX   206
2021 05 14 17 44 MIN    29
2021 05 15 00 22 MAX   250
2021 05 15 06 38 MIN    94
2021 05 15 11 55 MAX   200
2021 05 15 18 17 MIN    37
2021 05 16 01 00 MAX   244
2021 05 16 07 18 MIN   106
2021 05 16 12 26 MAX   191
2021 05 16 18 53 MIN    49
2021 05 17 01 43 MAX   235
2021 05 17 08 05 MIN   118
2021 05 17 13 02 MAX   181
2021 05 17 19 36 MIN    63
2021 05 18 02 36 MAX   225
2021 05 18 09 05 MIN   127
2021 05 18 13 49 MAX   170
2021 05 18 20 30 MIN    77
2021 05 19 03 43 MAX   216
2021 05 19 10 22 MIN   128
2021 05 19 15 08 MAX   162
2021 05 19 21 44 MIN    88
2021 05 20 04 58 MAX   212
2021 05 20 11 40 MIN   119
2021 05 20 17 00 MAX   165
2021 05 20 23 11 MIN    91
2021 05 21 06 04 MAX   214
2021 05 21 12 40 MIN   102
2021 05 21 18 27 MAX   181
2021 05 22 00 31 MIN    85
2021 05 22 06 56 MAX   219
2021 05 22 13 27 MIN    79
2021 05 22 19 30 MAX   203
2021 05 23 01 38 MIN    74
2021 05 23 07 42 MAX   225
2021 05 23 14 10 MIN    52
2021 05 23 20 24 MAX   229
2021 05 24 02 35 MIN    64
2021 05 24 08 25 MAX   231
2021 05 24 14 52 MIN    26
2021 05 24 21 14 MAX   254
2021 05 25 03 27 MIN    56
2021 05 25 09 08 MAX   236
2021 05 25 15 34 MIN     3
2021 05 25 22 04 MAX   274
2021 05 26 04 17 MIN    53
2021 05 26 09 51 MAX   237
2021 05 26 16 15 MIN   -13
2021 05 26 22 52 MAX   288
2021 05 27 05 06 MIN    57
2021 05 27 10 34 MAX   235
2021 05 27 16 59 MIN   -19
2021 05 27 23 42 MAX   293
2021 05 28 05 55 MIN    66
2021 05 28 11 17 MAX   228
2021 05 28 17 43 MIN   -14
2021 05 29 00 32 MAX   288
2021 05 29 06 45 MIN    79
2021 05 29 12 01 MAX   217
2021 05 29 18 29 MIN     1
2021 05 30 01 24 MAX   275
2021 05 30 07 39 MIN    93
2021 05 30 12 48 MAX   203
2021 05 30 19 18 MIN    23
2021 05 31 02 20 MAX   258
2021 05 31 08 39 MIN   106
2021 05 31 13 41 MAX   188
2021 05 31 20 12 MIN    49
2021 06 01 03 22 MAX   240
2021 06 01 09 46 MIN   113
2021 06 01 14 50 MAX   175
2021 06 01 21 15 MIN    74
2021 06 02 04 28 MAX   224
2021 06 02 10 59 MIN   113
2021 06 02 16 22 MAX   168
2021 06 02 22 30 MIN    93
2021 06 03 05 32 MAX   212
2021 06 03 12 06 MIN   106
2021 06 03 17 57 MAX   173
2021 06 03 23 50 MIN   104
2021 06 04 06 26 MAX   204
2021 06 04 12 59 MIN    96
2021 06 04 19 10 MAX   184
2021 06 05 01 02 MIN   108
2021 06 05 07 09 MAX   199
2021 06 05 13 41 MIN    84
2021 06 05 20 03 MAX   196
2021 06 06 02 00 MIN   108
2021 06 06 07 45 MAX   196
2021 06 06 14 15 MIN    73
2021 06 06 20 44 MAX   209
2021 06 07 02 48 MIN   106
2021 06 07 08 17 MAX   196
2021 06 07 14 46 MIN    62
2021 06 07 21 20 MAX   222
2021 06 08 03 28 MIN   103
2021 06 08 08 49 MAX   198
2021 06 08 15 16 MIN    51
2021 06 08 21 54 MAX   233
2021 06 09 04 05 MIN   101
2021 06 09 09 22 MAX   201
2021 06 09 15 46 MIN    43
2021 06 09 22 27 MAX   244
2021 06 10 04 41 MIN    99
2021 06 10 09 55 MAX   203
2021 06 10 16 17 MIN    37
2021 06 10 23 00 MAX   251
2021 06 11 05 15 MIN   100
2021 06 11 10 29 MAX   205
2021 06 11 16 50 MIN    34
2021 06 11 23 35 MAX   256
2021 06 12 05 51 MIN   102
2021 06 12 11 03 MAX   205
2021 06 12 17 25 MIN    35
2021 06 13 00 11 MAX   257
2021 06 13 06 28 MIN   106
2021 06 13 11 37 MAX   202
2021 06 13 18 01 MIN    39
2021 06 14 00 49 MAX   254
2021 06 14 07 09 MIN   111
2021 06 14 12 13 MAX   197
2021 06 14 18 41 MIN    47
2021 06 15 01 31 MAX   248
2021 06 15 07 53 MIN   115
2021 06 15 12 54 MAX   191
2021 06 15 19 26 MIN    58
2021 06 16 02 17 MAX   239
2021 06 16 08 45 MIN   118
2021 06 16 13 45 MAX   184
2021 06 16 20 18 MIN    71
2021 06 17 03 09 MAX   231
2021 06 17 09 42 MIN   115
2021 06 17 14 55 MAX   179
2021 06 17 21 22 MIN    84
2021 06 18 04 05 MAX   223
2021 06 18 10 43 MIN   107
2021 06 18 16 24 MAX   182
2021 06 18 22 36 MIN    94
2021 06 19 05 04 MAX   218
2021 06 19 11 43 MIN    92
2021 06 19 17 51 MAX   194
2021 06 19 23 54 MIN    99
2021 06 20 06 00 MAX   215
2021 06 20 12 38 MIN    73
2021 06 20 19 04 MAX   214
2021 06 21 01 09 MIN    99
2021 06 21 06 54 MAX   215
2021 06 21 13 30 MIN    51
2021 06 21 20 07 MAX   236
2021 06 22 02 15 MIN    95
2021 06 22 07 46 MAX   217
2021 06 22 14 20 MIN    30
2021 06 22 21 03 MAX   257
2021 06 23 03 14 MIN    91
2021 06 23 08 37 MAX   221
2021 06 23 15 08 MIN    12
2021 06 23 21 56 MAX   276
2021 06 24 04 08 MIN    87
2021 06 24 09 26 MAX   224
2021 06 24 15 56 MIN    -1
2021 06 24 22 47 MAX   288
2021 06 25 04 59 MIN    84
2021 06 25 10 15 MAX   226
2021 06 25 16 43 MIN    -6
2021 06 25 23 36 MAX   293
2021 06 26 05 48 MIN    85
2021 06 26 11 03 MAX   225
2021 06 26 17 31 MIN    -2
2021 06 27 00 24 MAX   290
2021 06 27 06 37 MIN    89
2021 06 27 11 51 MAX   220
2021 06 27 18 18 MIN    10
2021 06 28 01 11 MAX   280
2021 06 28 07 26 MIN    94
2021 06 28 12 39 MAX   211
2021 06 28 19 05 MIN    29
2021 06 29 01 58 MAX   264
2021 06 29 08 16 MIN   101
2021 06 29 13 29 MAX   199
2021 06 29 19 53 MIN    53
2021 06 30 02 45 MAX   245
2021 06 30 09 08 MIN   106
2021 06 30 14 26 MAX   187
2021 06 30 20 44 MIN    78
2021 07 01 03 32 MAX   226
2021 07 01 10 03 MIN   109
2021 07 01 15 36 MAX   179
2021 07 01 21 41 MIN   102
2021 07 02 04 19 MAX   210
2021 07 02 10 59 MIN   108
2021 07 02 17 00 MAX   177
2021 07 02 22 49 MIN   121
2021 07 03 05 06 MAX   197
2021 07 03 11 53 MIN   103
2021 07 03 18 24 MAX   184
2021 07 04 00 08 MIN   132
2021 07 04 05 53 MAX   189
2021 07 04 12 41 MIN    96
2021 07 04 19 31 MAX   195
2021 07 05 01 24 MIN   136
2021 07 05 06 41 MAX   186
2021 07 05 13 24 MIN    86
2021 07 05 20 22 MAX   208
2021 07 06 02 25 MIN   134
2021 07 06 07 27 MAX   187
2021 07 06 14 04 MIN    76
2021 07 06 21 03 MAX   222
2021 07 07 03 12 MIN   130
2021 07 07 08 11 MAX   191
2021 07 07 14 42 MIN    66
2021 07 07 21 40 MAX   234
2021 07 08 03 52 MIN   125
2021 07 08 08 54 MAX   196
2021 07 08 15 20 MIN    57
2021 07 08 22 15 MAX   245
2021 07 09 04 29 MIN   119
2021 07 09 09 33 MAX   202
2021 07 09 15 57 MIN    49
2021 07 09 22 49 MAX   254
2021 07 10 05 04 MIN   115
2021 07 10 10 11 MAX   207
2021 07 10 16 34 MIN    42
2021 07 10 23 24 MAX   261
2021 07 11 05 38 MIN   111
2021 07 11 10 47 MAX   211
2021 07 11 17 12 MIN    38
2021 07 11 23 58 MAX   264
2021 07 12 06 14 MIN   108
2021 07 12 11 24 MAX   212
2021 07 12 17 51 MIN    38
2021 07 13 00 33 MAX   264
2021 07 13 06 51 MIN   106
2021 07 13 12 03 MAX   211
2021 07 13 18 31 MIN    42
2021 07 14 01 11 MAX   260
2021 07 14 07 31 MIN   104
2021 07 14 12 46 MAX   209
2021 07 14 19 15 MIN    52
2021 07 15 01 50 MAX   252
2021 07 15 08 14 MIN   102
2021 07 15 13 38 MAX   205
2021 07 15 20 04 MIN    68
2021 07 16 02 32 MAX   242
2021 07 16 09 02 MIN    98
2021 07 16 14 40 MAX   201
2021 07 16 21 00 MIN    86
2021 07 17 03 17 MAX   229
2021 07 17 09 55 MIN    93
2021 07 17 15 57 MAX   201
2021 07 17 22 07 MIN   105
2021 07 18 04 09 MAX   217
2021 07 18 10 54 MIN    85
2021 07 18 17 26 MAX   208
2021 07 18 23 27 MIN   120
2021 07 19 05 09 MAX   208
2021 07 19 11 57 MIN    74
2021 07 19 18 51 MAX   222
2021 07 20 00 53 MIN   127
2021 07 20 06 14 MAX   204
2021 07 20 12 59 MIN    60
2021 07 20 20 03 MAX   240
2021 07 21 02 10 MIN   124
2021 07 21 07 19 MAX   205
2021 07 21 13 59 MIN    44
2021 07 21 21 03 MAX   259
2021 07 22 03 13 MIN   117
2021 07 22 08 20 MAX   211
2021 07 22 14 55 MIN    29
2021 07 22 21 55 MAX   275
2021 07 23 04 06 MIN   107
2021 07 23 09 16 MAX   219
2021 07 23 15 46 MIN    17
2021 07 23 22 42 MAX   286
2021 07 24 04 53 MIN    98
2021 07 24 10 06 MAX   227
2021 07 24 16 35 MIN    11
2021 07 24 23 26 MAX   291
2021 07 25 05 37 MIN    91
2021 07 25 10 54 MAX   231
2021 07 25 17 21 MIN    11
2021 07 26 00 07 MAX   289
2021 07 26 06 19 MIN    88
2021 07 26 11 39 MAX   229
2021 07 26 18 04 MIN    21
2021 07 27 00 46 MAX   279
2021 07 27 07 00 MIN    88
2021 07 27 12 23 MAX   223
2021 07 27 18 46 MIN    38
2021 07 28 01 22 MAX   264
2021 07 28 07 40 MIN    93
2021 07 28 13 07 MAX   213
2021 07 28 19 27 MIN    61
2021 07 29 01 56 MAX   245
2021 07 29 08 19 MIN    98
2021 07 29 13 52 MAX   202
2021 07 29 20 07 MIN    87
2021 07 30 02 27 MAX   225
2021 07 30 08 58 MIN   104
2021 07 30 14 45 MAX   193
2021 07 30 20 50 MIN   113
2021 07 31 02 57 MAX   208
2021 07 31 09 40 MIN   108
2021 07 31 15 53 MAX   187
2021 07 31 21 42 MIN   135
2021 08 01 03 31 MAX   194
2021 08 01 10 29 MIN   109
2021 08 01 17 24 MAX   188
2021 08 01 23 01 MIN   152
2021 08 02 04 20 MAX   185
2021 08 02 11 28 MIN   107
2021 08 02 18 56 MAX   197
2021 08 03 00 51 MIN   158
2021 08 03 05 33 MAX   180
2021 08 03 12 31 MIN   102
2021 08 03 20 01 MAX   211
2021 08 04 02 16 MIN   153
2021 08 04 06 49 MAX   182
2021 08 04 13 28 MIN    93
2021 08 04 20 49 MAX   225
2021 08 05 03 07 MIN   146
2021 08 05 07 50 MAX   188
2021 08 05 14 18 MIN    82
2021 08 05 21 27 MAX   237
2021 08 06 03 44 MIN   137
2021 08 06 08 39 MAX   197
2021 08 06 15 03 MIN    70
2021 08 06 22 02 MAX   249
2021 08 07 04 17 MIN   127
2021 08 07 09 20 MAX   207
2021 08 07 15 43 MIN    57
2021 08 07 22 33 MAX   259
2021 08 08 04 47 MIN   117
2021 08 08 09 58 MAX   216
2021 08 08 16 21 MIN    46
2021 08 08 23 04 MAX   268
2021 08 09 05 18 MIN   107
2021 08 09 10 35 MAX   224
2021 08 09 16 59 MIN    37
2021 08 09 23 35 MAX   273
2021 08 10 05 50 MIN    97
2021 08 10 11 12 MAX   230
2021 08 10 17 38 MIN    34
2021 08 11 00 08 MAX   274
2021 08 11 06 24 MIN    89
2021 08 11 11 53 MAX   233
2021 08 11 18 18 MIN    38
2021 08 12 00 41 MAX   270
2021 08 12 07 00 MIN    82
2021 08 12 12 37 MAX   233
2021 08 12 19 01 MIN    51
2021 08 13 01 16 MAX   260
2021 08 13 07 40 MIN    79
2021 08 13 13 27 MAX   230
2021 08 13 19 48 MIN    72
2021 08 14 01 53 MAX   245
2021 08 14 08 23 MIN    78
2021 08 14 14 25 MAX   224
2021 08 14 20 41 MIN    98
2021 08 15 02 32 MAX   228
2021 08 15 09 13 MIN    81
2021 08 15 15 39 MAX   219
2021 08 15 21 47 MIN   124
2021 08 16 03 20 MAX   210
2021 08 16 10 14 MIN    83
2021 08 16 17 16 MAX   219
2021 08 16 23 16 MIN   143
2021 08 17 04 27 MAX   197
2021 08 17 11 27 MIN    82
2021 08 17 18 56 MAX   229
2021 08 18 01 00 MIN   147
2021 08 18 05 56 MAX   191
2021 08 18 12 44 MIN    75
2021 08 18 20 11 MAX   245
2021 08 19 02 21 MIN   138
2021 08 19 07 20 MAX   197
2021 08 19 13 52 MIN    62
2021 08 19 21 05 MAX   261
2021 08 20 03 16 MIN   124
2021 08 20 08 24 MAX   209
2021 08 20 14 50 MIN    47
2021 08 20 21 50 MAX   274
2021 08 21 03 59 MIN   108
2021 08 21 09 16 MAX   223
2021 08 21 15 41 MIN    34
2021 08 21 22 29 MAX   282
2021 08 22 04 38 MIN    94
2021 08 22 10 02 MAX   234
2021 08 22 16 26 MIN    26
2021 08 22 23 05 MAX   285
2021 08 23 05 15 MIN    84
2021 08 23 10 45 MAX   240
2021 08 23 17 07 MIN    26
2021 08 23 23 38 MAX   281
2021 08 24 05 51 MIN    78
2021 08 24 11 24 MAX   241
2021 08 24 17 45 MIN    35
2021 08 25 00 09 MAX   271
2021 08 25 06 24 MIN    77
2021 08 25 12 02 MAX   237
2021 08 25 18 21 MIN    51
2021 08 26 00 36 MAX   256
2021 08 26 06 56 MIN    80
2021 08 26 12 39 MAX   229
2021 08 26 18 56 MIN    73
2021 08 27 01 01 MAX   239
2021 08 27 07 25 MIN    86
2021 08 27 13 16 MAX   220
2021 08 27 19 30 MIN    98
2021 08 28 01 23 MAX   223
2021 08 28 07 53 MIN    93
2021 08 28 13 58 MAX   210
2021 08 28 20 05 MIN   122
2021 08 29 01 44 MAX   208
2021 08 29 08 24 MIN   101
2021 08 29 14 53 MAX   202
2021 08 29 20 49 MIN   145
2021 08 30 02 07 MAX   195
2021 08 30 09 06 MIN   108
2021 08 30 16 16 MAX   198
2021 08 30 22 01 MIN   163
2021 08 31 02 42 MAX   183
2021 08 31 10 10 MIN   114
2021 08 31 18 13 MAX   202
2021 09 01 00 41 MIN   168
2021 09 01 04 20 MAX   174
2021 09 01 11 38 MIN   115
2021 09 01 19 37 MAX   214
2021 09 02 02 23 MIN   159
2021 09 02 06 32 MAX   177
2021 09 02 12 59 MIN   107
2021 09 02 20 28 MAX   228
2021 09 03 02 59 MIN   148
2021 09 03 07 42 MAX   187
2021 09 03 13 59 MIN    94
2021 09 03 21 05 MAX   240
2021 09 04 03 27 MIN   135
2021 09 04 08 29 MAX   200
2021 09 04 14 46 MIN    78
2021 09 04 21 36 MAX   252
2021 09 05 03 53 MIN   121
2021 09 05 09 08 MAX   214
2021 09 05 15 26 MIN    61
2021 09 05 22 05 MAX   262
2021 09 06 04 19 MIN   106
2021 09 06 09 44 MAX   227
2021 09 06 16 05 MIN    46
2021 09 06 22 34 MAX   271
2021 09 07 04 48 MIN    89
2021 09 07 10 21 MAX   241
2021 09 07 16 43 MIN    36
2021 09 07 23 04 MAX   276
2021 09 08 05 19 MIN    73
2021 09 08 11 00 MAX   252
2021 09 08 17 23 MIN    33
2021 09 08 23 35 MAX   276
2021 09 09 05 52 MIN    60
2021 09 09 11 42 MAX   259
2021 09 09 18 03 MIN    40
2021 09 10 00 07 MAX   270
2021 09 10 06 28 MIN    52
2021 09 10 12 26 MAX   260
2021 09 10 18 47 MIN    57
2021 09 11 00 41 MAX   257
2021 09 11 07 06 MIN    52
2021 09 11 13 16 MAX   254
2021 09 11 19 34 MIN    83
2021 09 12 01 16 MAX   239
2021 09 12 07 48 MIN    58
2021 09 12 14 14 MAX   244
2021 09 12 20 28 MIN   113
2021 09 13 01 54 MAX   218
2021 09 13 08 37 MIN    71
2021 09 13 15 30 MAX   232
2021 09 13 21 41 MIN   140
2021 09 14 02 41 MAX   198
2021 09 14 09 42 MIN    84
2021 09 14 17 20 MAX   228
2021 09 14 23 30 MIN   154
2021 09 15 04 06 MAX   182
2021 09 15 11 10 MIN    92
2021 09 15 19 02 MAX   236
2021 09 16 01 22 MIN   147
2021 09 16 06 14 MAX   182
2021 09 16 12 41 MIN    87
2021 09 16 20 08 MAX   248
2021 09 17 02 24 MIN   131
2021 09 17 07 37 MAX   197
2021 09 17 13 52 MIN    74
2021 09 17 20 54 MAX   258
2021 09 18 03 05 MIN   113
2021 09 18 08 31 MAX   214
2021 09 18 14 46 MIN    60
2021 09 18 21 31 MAX   266
2021 09 19 03 41 MIN    96
2021 09 19 09 16 MAX   229
2021 09 19 15 32 MIN    49
2021 09 19 22 03 MAX   269
2021 09 20 04 14 MIN    80
2021 09 20 09 55 MAX   241
2021 09 20 16 12 MIN    43
2021 09 20 22 33 MAX   269
2021 09 21 04 46 MIN    69
2021 09 21 10 31 MAX   247
2021 09 21 16 49 MIN    44
2021 09 21 23 00 MAX   264
2021 09 22 05 16 MIN    62
2021 09 22 11 06 MAX   249
2021 09 22 17 24 MIN    52
2021 09 22 23 25 MAX   254
2021 09 23 05 44 MIN    61
2021 09 23 11 40 MAX   247
2021 09 23 17 57 MIN    67
2021 09 23 23 49 MAX   242
2021 09 24 06 09 MIN    63
2021 09 24 12 13 MAX   243
2021 09 24 18 28 MIN    85
2021 09 25 00 10 MAX   230
2021 09 25 06 34 MIN    69
2021 09 25 12 46 MAX   236
2021 09 25 19 00 MIN   106
2021 09 26 00 30 MAX   217
2021 09 26 06 58 MIN    76
2021 09 26 13 24 MAX   228
2021 09 26 19 35 MIN   127
2021 09 27 00 51 MAX   204
2021 09 27 07 27 MIN    87
2021 09 27 14 11 MAX   218
2021 09 27 20 18 MIN   147
2021 09 28 01 14 MAX   192
2021 09 28 08 06 MIN    99
2021 09 28 15 21 MAX   209
2021 09 28 21 29 MIN   163
2021 09 29 01 41 MAX   179
2021 09 29 09 05 MIN   112
2021 09 29 17 18 MAX   207
2021 09 30 00 39 MIN   166
2021 09 30 02 58 MAX   167
2021 09 30 10 43 MIN   119
2021 09 30 18 55 MAX   215
2021 10 01 02 03 MIN   153
2021 10 01 06 20 MAX   170
2021 10 01 12 26 MIN   114
2021 10 01 19 50 MAX   226
2021 10 02 02 29 MIN   139
2021 10 02 07 29 MAX   184
2021 10 02 13 33 MIN    99
2021 10 02 20 27 MAX   236
2021 10 03 02 52 MIN   123
2021 10 03 08 13 MAX   201
2021 10 03 14 22 MIN    81
2021 10 03 20 57 MAX   247
2021 10 04 03 16 MIN   104
2021 10 04 08 51 MAX   219
2021 10 04 15 04 MIN    63
2021 10 04 21 26 MAX   257
2021 10 05 03 43 MIN    82
2021 10 05 09 28 MAX   238
2021 10 05 15 44 MIN    48
2021 10 05 21 56 MAX   265
2021 10 06 04 13 MIN    59
2021 10 06 10 07 MAX   256
2021 10 06 16 25 MIN    38
2021 10 06 22 27 MAX   269
2021 10 07 04 45 MIN    39
2021 10 07 10 48 MAX   271
2021 10 07 17 06 MIN    38
2021 10 07 23 00 MAX   268
2021 10 08 05 20 MIN    25
2021 10 08 11 31 MAX   280
2021 10 08 17 49 MIN    48
2021 10 08 23 35 MAX   259
2021 10 09 05 57 MIN    19
2021 10 09 12 17 MAX   280
2021 10 09 18 35 MIN    67
2021 10 10 00 10 MAX   245
2021 10 10 06 37 MIN    24
2021 10 10 13 09 MAX   271
2021 10 10 19 25 MIN    93
2021 10 11 00 47 MAX   225
2021 10 11 07 20 MIN    39
2021 10 11 14 08 MAX   256
2021 10 11 20 24 MIN   121
2021 10 12 01 28 MAX   204
2021 10 12 08 12 MIN    60
2021 10 12 15 27 MAX   240
2021 10 12 21 45 MIN   141
2021 10 13 02 25 MAX   184
2021 10 13 09 21 MIN    81
2021 10 13 17 14 MAX   233
2021 10 13 23 42 MIN   144
2021 10 14 04 22 MAX   171
2021 10 14 10 59 MIN    94
2021 10 14 18 44 MAX   236
2021 10 15 01 12 MIN   131
2021 10 15 06 30 MAX   179
2021 10 15 12 34 MIN    91
2021 10 15 19 44 MAX   241
2021 10 16 02 02 MIN   113
2021 10 16 07 40 MAX   197
2021 10 16 13 42 MIN    81
2021 10 16 20 26 MAX   245
2021 10 17 02 40 MIN    95
2021 10 17 08 28 MAX   214
2021 10 17 14 33 MIN    71
2021 10 17 21 00 MAX   246
2021 10 18 03 13 MIN    78
2021 10 18 09 08 MAX   229
2021 10 18 15 16 MIN    64
2021 10 18 21 28 MAX   246
2021 10 19 03 43 MIN    63
2021 10 19 09 43 MAX   239
2021 10 19 15 54 MIN    61
2021 10 19 21 55 MAX   243
2021 10 20 04 12 MIN    52
2021 10 20 10 16 MAX   246
2021 10 20 16 29 MIN    63
2021 10 20 22 20 MAX   238
2021 10 21 04 39 MIN    46
2021 10 21 10 48 MAX   251
2021 10 21 17 03 MIN    69
2021 10 21 22 43 MAX   232
2021 10 22 05 04 MIN    43
2021 10 22 11 19 MAX   252
2021 10 22 17 35 MIN    79
2021 10 22 23 07 MAX   225
2021 10 23 05 29 MIN    44
2021 10 23 11 51 MAX   251
2021 10 23 18 07 MIN    92
2021 10 23 23 30 MAX   216
2021 10 24 05 54 MIN    48
2021 10 24 12 24 MAX   247
2021 10 24 18 40 MIN   108
2021 10 24 23 55 MAX   207
2021 10 25 06 21 MIN    57
2021 10 25 13 01 MAX   240
2021 10 25 19 17 MIN   123
2021 10 26 00 21 MAX   196
2021 10 26 06 52 MIN    69
2021 10 26 13 45 MAX   229
2021 10 26 20 03 MIN   139
2021 10 27 00 50 MAX   185
2021 10 27 07 32 MIN    84
2021 10 27 14 44 MAX   218
2021 10 27 21 11 MIN   150
2021 10 28 01 26 MAX   172
2021 10 28 08 26 MIN   100
2021 10 28 16 14 MAX   210
2021 10 28 23 11 MIN   152
2021 10 29 02 49 MAX   160
2021 10 29 09 53 MIN   111
2021 10 29 17 49 MAX   211
2021 10 30 00 51 MIN   141
2021 10 30 05 40 MAX   162
2021 10 30 11 36 MIN   109
2021 10 30 18 51 MAX   217
2021 10 31 01 32 MIN   124
2021 10 31 06 57 MAX   177
2021 10 31 12 53 MIN    98
2021 10 31 19 34 MAX   225
2021 11 01 02 02 MIN   103
2021 11 01 07 47 MAX   197
2021 11 01 13 50 MIN    82
2021 11 01 20 09 MAX   233
2021 11 02 02 32 MIN    79
2021 11 02 08 29 MAX   220
2021 11 02 14 38 MIN    66
2021 11 02 20 43 MAX   242
2021 11 03 03 04 MIN    53
2021 11 03 09 10 MAX   244
2021 11 03 15 23 MIN    54
2021 11 03 21 17 MAX   248
2021 11 04 03 38 MIN    28
2021 11 04 09 53 MAX   265
2021 11 04 16 07 MIN    47
2021 11 04 21 53 MAX   251
2021 11 05 04 15 MIN     7
2021 11 05 10 37 MAX   282
2021 11 05 16 52 MIN    48
2021 11 05 22 30 MAX   249
2021 11 06 04 53 MIN    -6
2021 11 06 11 23 MAX   291
2021 11 06 17 38 MIN    57
2021 11 06 23 08 MAX   241
2021 11 07 05 34 MIN    -8
2021 11 07 12 12 MAX   290
2021 11 07 18 27 MIN    73
2021 11 07 23 48 MAX   229
2021 11 08 06 17 MIN     1
2021 11 08 13 04 MAX   280
2021 11 08 19 20 MIN    93
2021 11 09 00 31 MAX   212
2021 11 09 07 03 MIN    20
2021 11 09 14 03 MAX   263
2021 11 09 20 22 MIN   112
2021 11 10 01 20 MAX   193
2021 11 10 07 58 MIN    45
2021 11 10 15 15 MAX   245
2021 11 10 21 39 MIN   124
2021 11 11 02 27 MAX   175
2021 11 11 09 07 MIN    70
2021 11 11 16 41 MAX   232
2021 11 11 23 11 MIN   123
2021 11 12 04 19 MAX   167
2021 11 12 10 36 MIN    87
2021 11 12 18 00 MAX   226
2021 11 13 00 29 MIN   111
2021 11 13 06 11 MAX   175
2021 11 13 12 06 MIN    92
2021 11 13 19 00 MAX   222
2021 11 14 01 24 MIN    95
2021 11 14 07 23 MAX   190
2021 11 14 13 17 MIN    89
2021 11 14 19 44 MAX   220
2021 11 15 02 05 MIN    78
2021 11 15 08 14 MAX   205
2021 11 15 14 12 MIN    85
2021 11 15 20 19 MAX   217
2021 11 16 02 38 MIN    63
2021 11 16 08 55 MAX   218
2021 11 16 14 57 MIN    81
2021 11 16 20 48 MAX   214
2021 11 17 03 09 MIN    51
2021 11 17 09 30 MAX   229
2021 11 17 15 36 MIN    79
2021 11 17 21 15 MAX   212
2021 11 18 03 37 MIN    41
2021 11 18 10 02 MAX   238
2021 11 18 16 12 MIN    80
2021 11 18 21 42 MAX   211
2021 11 19 04 05 MIN    33
2021 11 19 10 33 MAX   245
2021 11 19 16 46 MIN    82
2021 11 19 22 09 MAX   209
2021 11 20 04 31 MIN    29
2021 11 20 11 04 MAX   251
2021 11 20 17 19 MIN    86
2021 11 20 22 38 MAX   207
2021 11 21 04 59 MIN    28
2021 11 21 11 36 MAX   253
2021 11 21 17 53 MIN    92
2021 11 21 23 07 MAX   203
2021 11 22 05 28 MIN    31
2021 11 22 12 10 MAX   251
2021 11 22 18 28 MIN   101
2021 11 22 23 37 MAX   197
2021 11 23 06 00 MIN    38
2021 11 23 12 47 MAX   245
2021 11 23 19 07 MIN   111
2021 11 24 00 09 MAX   190
2021 11 24 06 35 MIN    49
2021 11 24 13 29 MAX   236
2021 11 24 19 51 MIN   120
2021 11 25 00 44 MAX   180
2021 11 25 07 16 MIN    62
2021 11 25 14 18 MAX   225
2021 11 25 20 47 MIN   127
2021 11 26 01 28 MAX   169
2021 11 26 08 06 MIN    77
2021 11 26 15 19 MAX   214
2021 11 26 21 59 MIN   128
2021 11 27 02 39 MAX   159
2021 11 27 09 14 MIN    89
2021 11 27 16 30 MAX   208
2021 11 27 23 16 MIN   120
2021 11 28 04 32 MAX   159
2021 11 28 10 39 MIN    96
2021 11 28 17 36 MAX   207
2021 11 29 00 17 MIN   104
2021 11 29 06 07 MAX   171
2021 11 29 12 03 MIN    93
2021 11 29 18 30 MAX   209
2021 11 30 01 04 MIN    82
2021 11 30 07 13 MAX   192
2021 11 30 13 13 MIN    85
2021 11 30 19 16 MAX   213
2021 12 01 01 46 MIN    57
2021 12 01 08 05 MAX   217
2021 12 01 14 12 MIN    75
2021 12 01 19 59 MAX   218
2021 12 02 02 27 MIN    30
2021 12 02 08 54 MAX   242
2021 12 02 15 05 MIN    66
2021 12 02 20 42 MAX   223
2021 12 03 03 08 MIN     6
2021 12 03 09 42 MAX   265
2021 12 03 15 55 MIN    60
2021 12 03 21 25 MAX   226
2021 12 04 03 50 MIN   -14
2021 12 04 10 30 MAX   283
2021 12 04 16 43 MIN    58
2021 12 04 22 08 MAX   227
2021 12 05 04 34 MIN   -25
2021 12 05 11 18 MAX   292
2021 12 05 17 32 MIN    62
2021 12 05 22 52 MAX   225
2021 12 06 05 18 MIN   -27
2021 12 06 12 07 MAX   292
2021 12 06 18 22 MIN    69
2021 12 06 23 38 MAX   218
2021 12 07 06 05 MIN   -18
2021 12 07 12 58 MAX   282
2021 12 07 19 13 MIN    79
2021 12 08 00 25 MAX   206
2021 12 08 06 54 MIN     1
2021 12 08 13 51 MAX   266
2021 12 08 20 09 MIN    89
2021 12 09 01 18 MAX   192
2021 12 09 07 47 MIN    25
2021 12 09 14 48 MAX   247
2021 12 09 21 10 MIN    96
2021 12 10 02 21 MAX   177
2021 12 10 08 46 MIN    52
2021 12 10 15 49 MAX   227
2021 12 10 22 18 MIN    98
2021 12 11 03 44 MAX   167
2021 12 11 09 55 MIN    76
2021 12 11 16 53 MAX   210
2021 12 11 23 27 MIN    93
2021 12 12 05 23 MAX   167
2021 12 12 11 16 MIN    93
2021 12 12 17 53 MAX   198
2021 12 13 00 29 MIN    83
2021 12 13 06 49 MAX   176
2021 12 13 12 36 MIN   101
2021 12 13 18 44 MAX   190
2021 12 14 01 18 MIN    71
2021 12 14 07 53 MAX   189
2021 12 14 13 44 MIN   102
2021 12 14 19 27 MAX   185
2021 12 15 01 58 MIN    59
2021 12 15 08 40 MAX   202
2021 12 15 14 38 MIN   100
2021 12 15 20 04 MAX   183
2021 12 16 02 33 MIN    48
2021 12 16 09 17 MAX   215
2021 12 16 15 22 MIN    96
2021 12 16 20 39 MAX   184
2021 12 17 03 05 MIN    38
2021 12 17 09 51 MAX   227
2021 12 17 16 01 MIN    92
2021 12 17 21 13 MAX   188
2021 12 18 03 37 MIN    29
2021 12 18 10 22 MAX   237
2021 12 18 16 36 MIN    89
2021 12 18 21 48 MAX   191
2021 12 19 04 09 MIN    22
2021 12 19 10 54 MAX   245
2021 12 19 17 10 MIN    86
2021 12 19 22 22 MAX   195
2021 12 20 04 42 MIN    18
2021 12 20 11 27 MAX   250
2021 12 20 17 44 MIN    86
2021 12 20 22 56 MAX   196
2021 12 21 05 15 MIN    17
2021 12 21 12 01 MAX   251
2021 12 21 18 18 MIN    88
2021 12 21 23 29 MAX   194
2021 12 22 05 50 MIN    20
2021 12 22 12 35 MAX   248
2021 12 22 18 54 MIN    90
2021 12 23 00 04 MAX   190
2021 12 23 06 27 MIN    26
2021 12 23 13 12 MAX   241
2021 12 23 19 33 MIN    94
2021 12 24 00 41 MAX   184
2021 12 24 07 07 MIN    37
2021 12 24 13 51 MAX   232
2021 12 24 20 16 MIN    96
2021 12 25 01 25 MAX   176
2021 12 25 07 52 MIN    50
2021 12 25 14 35 MAX   221
2021 12 25 21 06 MIN    95
2021 12 26 02 22 MAX   169
2021 12 26 08 46 MIN    66
2021 12 26 15 24 MAX   210
2021 12 26 22 02 MIN    90
2021 12 27 03 39 MAX   167
2021 12 27 09 53 MIN    81
2021 12 27 16 19 MAX   200
2021 12 27 23 03 MIN    80
2021 12 28 05 12 MAX   173
2021 12 28 11 13 MIN    91
2021 12 28 17 20 MAX   193
2021 12 29 00 04 MIN    64
2021 12 29 06 36 MAX   189
2021 12 29 12 38 MIN    94
2021 12 29 18 21 MAX   190
2021 12 30 01 01 MIN    44
2021 12 30 07 46 MAX   212
2021 12 30 13 52 MIN    90
2021 12 30 19 19 MAX   192
2021 12 31 01 54 MIN    21
2021 12 31 08 45 MAX   237
2021 12 31 14 55 MIN    82
2021 12 31 20 15 MAX   197
