 <API - 조위예측극치자료>

대상조위관측소 : 목포
위도(WGS84) : N 126.3756
경도(WGS84) : E 34.7797
관측기관 : 20201221 ~ 20220101

2020 12 21 06 33 MAX   321
2020 12 21 11 48 MIN    84
2020 12 21 19 16 MAX   370
2020 12 22 00 45 MIN   115
2020 12 22 07 28 MAX   311
2020 12 22 12 45 MIN   121
2020 12 22 20 03 MAX   344
2020 12 23 01 46 MIN   122
2020 12 23 08 34 MAX   307
2020 12 23 13 58 MIN   148
2020 12 23 20 56 MAX   324
2020 12 24 02 52 MIN   119
2020 12 24 09 46 MAX   314
2020 12 24 15 22 MIN   156
2020 12 24 21 53 MAX   313
2020 12 25 03 52 MIN   107
2020 12 25 10 54 MAX   332
2020 12 25 16 33 MIN   148
2020 12 25 22 50 MAX   310
2020 12 26 04 41 MIN    90
2020 12 26 11 51 MAX   355
2020 12 26 17 27 MIN   131
2020 12 26 23 40 MAX   314
2020 12 27 05 23 MIN    70
2020 12 27 12 38 MAX   379
2020 12 27 18 10 MIN   112
2020 12 28 00 24 MAX   322
2020 12 28 06 00 MIN    48
2020 12 28 13 20 MAX   401
2020 12 28 18 49 MIN    94
2020 12 29 01 06 MAX   330
2020 12 29 06 37 MIN    27
2020 12 29 14 00 MAX   419
2020 12 29 19 24 MIN    79
2020 12 30 01 46 MAX   339
2020 12 30 07 14 MIN     6
2020 12 30 14 39 MAX   431
2020 12 30 20 00 MIN    66
2020 12 31 02 27 MAX   346
2020 12 31 07 52 MIN   -10
2020 12 31 15 19 MAX   439
2020 12 31 20 36 MIN    56
2021 01 01 03 08 MAX   350
2021 01 01 08 30 MIN   -22
2021 01 01 15 58 MAX   442
2021 01 01 21 13 MIN    51
2021 01 02 03 50 MAX   352
2021 01 02 09 11 MIN   -25
2021 01 02 16 38 MAX   439
2021 01 02 21 52 MIN    48
2021 01 03 04 33 MAX   352
2021 01 03 09 52 MIN   -20
2021 01 03 17 18 MAX   431
2021 01 03 22 32 MIN    49
2021 01 04 05 19 MAX   350
2021 01 04 10 36 MIN    -4
2021 01 04 18 00 MAX   417
2021 01 04 23 16 MIN    52
2021 01 05 06 09 MAX   347
2021 01 05 11 24 MIN    23
2021 01 05 18 46 MAX   399
2021 01 06 00 04 MIN    58
2021 01 06 07 05 MAX   345
2021 01 06 12 18 MIN    56
2021 01 06 19 37 MAX   379
2021 01 07 01 00 MIN    64
2021 01 07 08 11 MAX   347
2021 01 07 13 24 MIN    90
2021 01 07 20 35 MAX   359
2021 01 08 02 06 MIN    64
2021 01 08 09 25 MAX   358
2021 01 08 14 47 MIN   110
2021 01 08 21 41 MAX   344
2021 01 09 03 18 MIN    53
2021 01 09 10 39 MAX   378
2021 01 09 16 13 MIN   108
2021 01 09 22 48 MAX   338
2021 01 10 04 26 MIN    33
2021 01 10 11 49 MAX   406
2021 01 10 17 24 MIN    91
2021 01 10 23 51 MAX   340
2021 01 11 05 26 MIN     8
2021 01 11 12 52 MAX   433
2021 01 11 18 21 MIN    70
2021 01 12 00 50 MAX   346
2021 01 12 06 20 MIN   -14
2021 01 12 13 48 MAX   454
2021 01 12 19 12 MIN    52
2021 01 13 01 42 MAX   355
2021 01 13 07 09 MIN   -32
2021 01 13 14 39 MAX   467
2021 01 13 19 57 MIN    39
2021 01 14 02 31 MAX   362
2021 01 14 07 55 MIN   -41
2021 01 14 15 25 MAX   468
2021 01 14 20 39 MIN    34
2021 01 15 03 16 MAX   366
2021 01 15 08 37 MIN   -40
2021 01 15 16 08 MAX   461
2021 01 15 21 19 MIN    34
2021 01 16 03 58 MAX   367
2021 01 16 09 18 MIN   -28
2021 01 16 16 47 MAX   445
2021 01 16 21 57 MIN    40
2021 01 17 04 39 MAX   363
2021 01 17 09 57 MIN    -6
2021 01 17 17 22 MAX   423
2021 01 17 22 34 MIN    51
2021 01 18 05 19 MAX   356
2021 01 18 10 35 MIN    24
2021 01 18 17 55 MAX   398
2021 01 18 23 11 MIN    65
2021 01 19 06 00 MAX   345
2021 01 19 11 13 MIN    61
2021 01 19 18 26 MAX   371
2021 01 19 23 49 MIN    81
2021 01 20 06 43 MAX   332
2021 01 20 11 54 MIN    99
2021 01 20 18 58 MAX   344
2021 01 21 00 30 MIN    97
2021 01 21 07 32 MAX   321
2021 01 21 12 42 MIN   137
2021 01 21 19 37 MAX   318
2021 01 22 01 21 MIN   110
2021 01 22 08 32 MAX   315
2021 01 22 13 55 MIN   166
2021 01 22 20 28 MAX   297
2021 01 23 02 28 MIN   116
2021 01 23 09 40 MAX   318
2021 01 23 15 43 MIN   172
2021 01 23 21 32 MAX   284
2021 01 24 03 40 MIN   108
2021 01 24 10 52 MAX   332
2021 01 24 17 00 MIN   156
2021 01 24 22 40 MAX   283
2021 01 25 04 40 MIN    90
2021 01 25 11 58 MAX   355
2021 01 25 17 53 MIN   132
2021 01 25 23 43 MAX   293
2021 01 26 05 31 MIN    64
2021 01 26 12 52 MAX   381
2021 01 26 18 34 MIN   107
2021 01 27 00 38 MAX   310
2021 01 27 06 16 MIN    35
2021 01 27 13 39 MAX   406
2021 01 27 19 11 MIN    82
2021 01 28 01 26 MAX   330
2021 01 28 06 59 MIN     4
2021 01 28 14 22 MAX   427
2021 01 28 19 46 MIN    59
2021 01 29 02 11 MAX   348
2021 01 29 07 40 MIN   -23
2021 01 29 15 02 MAX   442
2021 01 29 20 21 MIN    38
2021 01 30 02 55 MAX   365
2021 01 30 08 20 MIN   -43
2021 01 30 15 42 MAX   450
2021 01 30 20 57 MIN    20
2021 01 31 03 40 MAX   377
2021 01 31 09 00 MIN   -53
2021 01 31 16 21 MAX   451
2021 01 31 21 34 MIN     8
2021 02 01 04 24 MAX   385
2021 02 01 09 41 MIN   -49
2021 02 01 17 01 MAX   443
2021 02 01 22 12 MIN     2
2021 02 02 05 10 MAX   388
2021 02 02 10 23 MIN   -30
2021 02 02 17 40 MAX   426
2021 02 02 22 52 MIN     4
2021 02 03 05 57 MAX   386
2021 02 03 11 07 MIN     4
2021 02 03 18 22 MAX   401
2021 02 03 23 35 MIN    15
2021 02 04 06 50 MAX   379
2021 02 04 11 55 MIN    47
2021 02 04 19 08 MAX   371
2021 02 05 00 23 MIN    32
2021 02 05 07 50 MAX   370
2021 02 05 12 54 MIN    95
2021 02 05 20 01 MAX   339
2021 02 06 01 22 MIN    52
2021 02 06 08 59 MAX   364
2021 02 06 14 16 MIN   132
2021 02 06 21 06 MAX   314
2021 02 07 02 39 MIN    64
2021 02 07 10 17 MAX   368
2021 02 07 16 00 MIN   138
2021 02 07 22 22 MAX   302
2021 02 08 04 02 MIN    58
2021 02 08 11 38 MAX   386
2021 02 08 17 21 MIN   117
2021 02 08 23 38 MAX   308
2021 02 09 05 14 MIN    38
2021 02 09 12 46 MAX   411
2021 02 09 18 18 MIN    89
2021 02 10 00 42 MAX   326
2021 02 10 06 12 MIN    11
2021 02 10 13 42 MAX   434
2021 02 10 19 04 MIN    62
2021 02 11 01 35 MAX   348
2021 02 11 07 01 MIN   -13
2021 02 11 14 29 MAX   447
2021 02 11 19 45 MIN    40
2021 02 12 02 21 MAX   366
2021 02 12 07 44 MIN   -29
2021 02 12 15 10 MAX   451
2021 02 12 20 22 MIN    26
2021 02 13 03 03 MAX   379
2021 02 13 08 24 MIN   -34
2021 02 13 15 47 MAX   446
2021 02 13 20 57 MIN    19
2021 02 14 03 42 MAX   386
2021 02 14 09 00 MIN   -28
2021 02 14 16 20 MAX   433
2021 02 14 21 30 MIN    18
2021 02 15 04 19 MAX   386
2021 02 15 09 34 MIN   -11
2021 02 15 16 49 MAX   415
2021 02 15 22 01 MIN    24
2021 02 16 04 55 MAX   381
2021 02 16 10 07 MIN    15
2021 02 16 17 15 MAX   394
2021 02 16 22 31 MIN    34
2021 02 17 05 29 MAX   372
2021 02 17 10 40 MIN    47
2021 02 17 17 39 MAX   370
2021 02 17 23 00 MIN    49
2021 02 18 06 05 MAX   359
2021 02 18 11 13 MIN    83
2021 02 18 18 06 MAX   345
2021 02 18 23 31 MIN    66
2021 02 19 06 45 MAX   344
2021 02 19 11 50 MIN   120
2021 02 19 18 39 MAX   318
2021 02 20 00 07 MIN    86
2021 02 20 07 33 MAX   330
2021 02 20 12 39 MIN   156
2021 02 20 19 25 MAX   291
2021 02 21 00 55 MIN   106
2021 02 21 08 33 MAX   321
2021 02 21 14 18 MIN   183
2021 02 21 20 29 MAX   270
2021 02 22 02 14 MIN   119
2021 02 22 09 48 MAX   323
2021 02 22 16 37 MIN   171
2021 02 22 21 46 MAX   264
2021 02 23 03 55 MIN   110
2021 02 23 11 13 MAX   339
2021 02 23 17 34 MIN   143
2021 02 23 23 07 MAX   276
2021 02 24 05 05 MIN    81
2021 02 24 12 23 MAX   368
2021 02 24 18 15 MIN   111
2021 02 25 00 15 MAX   302
2021 02 25 05 58 MIN    43
2021 02 25 13 15 MAX   398
2021 02 25 18 50 MIN    77
2021 02 26 01 09 MAX   334
2021 02 26 06 44 MIN     3
2021 02 26 13 59 MAX   425
2021 02 26 19 25 MIN    43
2021 02 27 01 57 MAX   365
2021 02 27 07 26 MIN   -32
2021 02 27 14 40 MAX   445
2021 02 27 20 00 MIN    11
2021 02 28 02 43 MAX   393
2021 02 28 08 06 MIN   -57
2021 02 28 15 20 MAX   456
2021 02 28 20 35 MIN   -15
2021 03 01 03 28 MAX   415
2021 03 01 08 46 MIN   -67
2021 03 01 16 00 MAX   456
2021 03 01 21 11 MIN   -33
2021 03 02 04 13 MAX   428
2021 03 02 09 26 MIN   -59
2021 03 02 16 38 MAX   445
2021 03 02 21 48 MIN   -40
2021 03 03 04 58 MAX   432
2021 03 03 10 06 MIN   -34
2021 03 03 17 18 MAX   423
2021 03 03 22 26 MIN   -33
2021 03 04 05 45 MAX   426
2021 03 04 10 48 MIN     7
2021 03 04 17 58 MAX   391
2021 03 04 23 07 MIN   -13
2021 03 05 06 35 MAX   410
2021 03 05 11 35 MIN    58
2021 03 05 18 42 MAX   355
2021 03 05 23 52 MIN    19
2021 03 06 07 31 MAX   389
2021 03 06 12 32 MIN   111
2021 03 06 19 34 MAX   318
2021 03 07 00 48 MIN    56
2021 03 07 08 38 MAX   369
2021 03 07 13 59 MIN   153
2021 03 07 20 41 MAX   289
2021 03 08 02 09 MIN    85
2021 03 08 10 01 MAX   361
2021 03 08 16 02 MIN   152
2021 03 08 22 08 MAX   280
2021 03 09 03 50 MIN    87
2021 03 09 11 30 MAX   374
2021 03 09 17 17 MIN   125
2021 03 09 23 35 MAX   297
2021 03 10 05 07 MIN    64
2021 03 10 12 39 MAX   398
2021 03 10 18 07 MIN    92
2021 03 11 00 39 MAX   329
2021 03 11 06 03 MIN    34
2021 03 11 13 29 MAX   418
2021 03 11 18 48 MIN    62
2021 03 12 01 28 MAX   359
2021 03 12 06 49 MIN     8
2021 03 12 14 11 MAX   430
2021 03 12 19 24 MIN    37
2021 03 13 02 10 MAX   383
2021 03 13 07 29 MIN    -9
2021 03 13 14 48 MAX   433
2021 03 13 19 58 MIN    19
2021 03 14 02 48 MAX   400
2021 03 14 08 05 MIN   -16
2021 03 14 15 20 MAX   427
2021 03 14 20 29 MIN     9
2021 03 15 03 24 MAX   408
2021 03 15 08 38 MIN   -11
2021 03 15 15 48 MAX   416
2021 03 15 20 58 MIN     5
2021 03 16 03 58 MAX   410
2021 03 16 09 09 MIN     2
2021 03 16 16 13 MAX   402
2021 03 16 21 26 MIN     7
2021 03 17 04 30 MAX   406
2021 03 17 09 39 MIN    23
2021 03 17 16 36 MAX   385
2021 03 17 21 52 MIN    15
2021 03 18 05 02 MAX   398
2021 03 18 10 10 MIN    48
2021 03 18 17 00 MAX   365
2021 03 18 22 19 MIN    27
2021 03 19 05 34 MAX   385
2021 03 19 10 41 MIN    78
2021 03 19 17 27 MAX   342
2021 03 19 22 48 MIN    43
2021 03 20 06 09 MAX   370
2021 03 20 11 16 MIN   111
2021 03 20 18 01 MAX   316
2021 03 20 23 20 MIN    65
2021 03 21 06 52 MAX   353
2021 03 21 12 00 MIN   146
2021 03 21 18 45 MAX   289
2021 03 22 00 01 MIN    92
2021 03 22 07 46 MAX   338
2021 03 22 13 10 MIN   178
2021 03 22 19 45 MAX   268
2021 03 23 01 05 MIN   118
2021 03 23 08 57 MAX   330
2021 03 23 15 56 MIN   176
2021 03 23 21 03 MAX   261
2021 03 24 03 07 MIN   123
2021 03 24 10 25 MAX   338
2021 03 24 17 00 MIN   146
2021 03 24 22 35 MAX   275
2021 03 25 04 37 MIN    94
2021 03 25 11 46 MAX   364
2021 03 25 17 42 MIN   109
2021 03 25 23 53 MAX   310
2021 03 26 05 35 MIN    52
2021 03 26 12 43 MAX   395
2021 03 26 18 20 MIN    68
2021 03 27 00 51 MAX   353
2021 03 27 06 23 MIN     8
2021 03 27 13 29 MAX   423
2021 03 27 18 57 MIN    26
2021 03 28 01 40 MAX   394
2021 03 28 07 07 MIN   -28
2021 03 28 14 12 MAX   442
2021 03 28 19 33 MIN   -13
2021 03 29 02 27 MAX   430
2021 03 29 07 48 MIN   -51
2021 03 29 14 53 MAX   451
2021 03 29 20 09 MIN   -44
2021 03 30 03 13 MAX   456
2021 03 30 08 28 MIN   -57
2021 03 30 15 34 MAX   447
2021 03 30 20 46 MIN   -61
2021 03 31 03 59 MAX   470
2021 03 31 09 08 MIN   -44
2021 03 31 16 14 MAX   432
2021 03 31 21 23 MIN   -63
2021 04 01 04 45 MAX   471
2021 04 01 09 49 MIN   -14
2021 04 01 16 54 MAX   407
2021 04 01 22 02 MIN   -48
2021 04 02 05 32 MAX   459
2021 04 02 10 32 MIN    29
2021 04 02 17 36 MAX   374
2021 04 02 22 42 MIN   -17
2021 04 03 06 21 MAX   436
2021 04 03 11 20 MIN    80
2021 04 03 18 21 MAX   339
2021 04 03 23 27 MIN    25
2021 04 04 07 16 MAX   407
2021 04 04 12 21 MIN   129
2021 04 04 19 15 MAX   305
2021 04 05 00 24 MIN    72
2021 04 05 08 22 MAX   379
2021 04 05 13 58 MIN   159
2021 04 05 20 26 MAX   282
2021 04 06 01 53 MIN   107
2021 04 06 09 44 MAX   363
2021 04 06 15 49 MIN   151
2021 04 06 22 00 MAX   282
2021 04 07 03 38 MIN   109
2021 04 07 11 12 MAX   370
2021 04 07 16 55 MIN   124
2021 04 07 23 28 MAX   309
2021 04 08 04 52 MIN    88
2021 04 08 12 17 MAX   387
2021 04 08 17 42 MIN    93
2021 04 09 00 28 MAX   346
2021 04 09 05 46 MIN    62
2021 04 09 13 04 MAX   402
2021 04 09 18 21 MIN    65
2021 04 10 01 13 MAX   379
2021 04 10 06 30 MIN    40
2021 04 10 13 43 MAX   409
2021 04 10 18 56 MIN    41
2021 04 11 01 53 MAX   403
2021 04 11 07 07 MIN    26
2021 04 11 14 16 MAX   409
2021 04 11 19 28 MIN    23
2021 04 12 02 29 MAX   419
2021 04 12 07 42 MIN    20
2021 04 12 14 45 MAX   404
2021 04 12 19 57 MIN    12
2021 04 13 03 03 MAX   427
2021 04 13 08 14 MIN    23
2021 04 13 15 12 MAX   396
2021 04 13 20 25 MIN     7
2021 04 14 03 36 MAX   430
2021 04 14 08 44 MIN    31
2021 04 14 15 37 MAX   385
2021 04 14 20 51 MIN     6
2021 04 15 04 07 MAX   427
2021 04 15 09 14 MIN    45
2021 04 15 16 02 MAX   372
2021 04 15 21 18 MIN    11
2021 04 16 04 38 MAX   420
2021 04 16 09 45 MIN    63
2021 04 16 16 30 MAX   357
2021 04 16 21 45 MIN    21
2021 04 17 05 10 MAX   409
2021 04 17 10 18 MIN    86
2021 04 17 17 01 MAX   338
2021 04 17 22 16 MIN    36
2021 04 18 05 45 MAX   395
2021 04 18 10 55 MIN   112
2021 04 18 17 36 MAX   317
2021 04 18 22 50 MIN    58
2021 04 19 06 25 MAX   378
2021 04 19 11 39 MIN   141
2021 04 19 18 20 MAX   296
2021 04 19 23 33 MIN    86
2021 04 20 07 16 MAX   361
2021 04 20 12 45 MIN   167
2021 04 20 19 17 MAX   280
2021 04 21 00 36 MIN   114
2021 04 21 08 21 MAX   351
2021 04 21 14 43 MIN   170
2021 04 21 20 33 MAX   277
2021 04 22 02 23 MIN   127
2021 04 22 09 41 MAX   353
2021 04 22 16 06 MIN   144
2021 04 22 22 05 MAX   295
2021 04 23 04 01 MIN   105
2021 04 23 11 00 MAX   370
2021 04 23 16 58 MIN   105
2021 04 23 23 26 MAX   334
2021 04 24 05 06 MIN    67
2021 04 24 12 02 MAX   394
2021 04 24 17 42 MIN    60
2021 04 25 00 26 MAX   381
2021 04 25 05 58 MIN    28
2021 04 25 12 52 MAX   416
2021 04 25 18 24 MIN    15
2021 04 26 01 19 MAX   426
2021 04 26 06 44 MIN    -3
2021 04 26 13 38 MAX   430
2021 04 26 19 03 MIN   -25
2021 04 27 02 08 MAX   464
2021 04 27 07 28 MIN   -21
2021 04 27 14 23 MAX   434
2021 04 27 19 42 MIN   -53
2021 04 28 02 56 MAX   489
2021 04 28 08 10 MIN   -23
2021 04 28 15 06 MAX   428
2021 04 28 20 21 MIN   -66
2021 04 29 03 44 MAX   501
2021 04 29 08 52 MIN    -8
2021 04 29 15 49 MAX   413
2021 04 29 21 00 MIN   -61
2021 04 30 04 32 MAX   499
2021 04 30 09 36 MIN    21
2021 04 30 16 33 MAX   390
2021 04 30 21 40 MIN   -39
2021 05 01 05 20 MAX   483
2021 05 01 10 21 MIN    59
2021 05 01 17 18 MAX   364
2021 05 01 22 23 MIN    -3
2021 05 02 06 09 MAX   456
2021 05 02 11 12 MIN    99
2021 05 02 18 06 MAX   336
2021 05 02 23 11 MIN    42
2021 05 03 07 03 MAX   425
2021 05 03 12 17 MIN   134
2021 05 03 19 02 MAX   312
2021 05 04 00 12 MIN    88
2021 05 04 08 04 MAX   394
2021 05 04 13 43 MIN   152
2021 05 04 20 12 MAX   299
2021 05 05 01 37 MIN   122
2021 05 05 09 17 MAX   374
2021 05 05 15 10 MIN   145
2021 05 05 21 40 MAX   304
2021 05 06 03 11 MIN   129
2021 05 06 10 35 MAX   369
2021 05 06 16 14 MIN   126
2021 05 06 23 03 MAX   330
2021 05 07 04 24 MIN   118
2021 05 07 11 37 MAX   374
2021 05 07 17 05 MIN   101
2021 05 08 00 02 MAX   363
2021 05 08 05 19 MIN   101
2021 05 08 12 25 MAX   380
2021 05 08 17 46 MIN    77
2021 05 09 00 49 MAX   392
2021 05 09 06 04 MIN    85
2021 05 09 13 04 MAX   383
2021 05 09 18 22 MIN    56
2021 05 10 01 29 MAX   415
2021 05 10 06 43 MIN    73
2021 05 10 13 37 MAX   383
2021 05 10 18 54 MIN    40
2021 05 11 02 06 MAX   430
2021 05 11 07 18 MIN    67
2021 05 11 14 07 MAX   380
2021 05 11 19 24 MIN    29
2021 05 12 02 40 MAX   439
2021 05 12 07 51 MIN    66
2021 05 12 14 36 MAX   376
2021 05 12 19 52 MIN    22
2021 05 13 03 13 MAX   443
2021 05 13 08 23 MIN    68
2021 05 13 15 05 MAX   371
2021 05 13 20 20 MIN    20
2021 05 14 03 46 MAX   442
2021 05 14 08 54 MIN    75
2021 05 14 15 35 MAX   364
2021 05 14 20 49 MIN    21
2021 05 15 04 18 MAX   438
2021 05 15 09 27 MIN    85
2021 05 15 16 07 MAX   354
2021 05 15 21 21 MIN    28
2021 05 16 04 52 MAX   430
2021 05 16 10 03 MIN   100
2021 05 16 16 43 MAX   341
2021 05 16 21 55 MIN    40
2021 05 17 05 29 MAX   418
2021 05 17 10 43 MIN   117
2021 05 17 17 21 MAX   328
2021 05 17 22 34 MIN    59
2021 05 18 06 10 MAX   404
2021 05 18 11 29 MIN   135
2021 05 18 18 07 MAX   316
2021 05 18 23 22 MIN    82
2021 05 19 06 58 MAX   391
2021 05 19 12 29 MIN   149
2021 05 19 19 02 MAX   308
2021 05 20 00 24 MIN   107
2021 05 20 07 56 MAX   380
2021 05 20 13 45 MIN   150
2021 05 20 20 12 MAX   311
2021 05 21 01 48 MIN   122
2021 05 21 09 03 MAX   376
2021 05 21 15 04 MIN   132
2021 05 21 21 36 MAX   330
2021 05 22 03 19 MIN   115
2021 05 22 10 14 MAX   381
2021 05 22 16 08 MIN    98
2021 05 22 22 54 MAX   365
2021 05 23 04 32 MIN    92
2021 05 23 11 18 MAX   393
2021 05 23 17 02 MIN    57
2021 05 23 23 58 MAX   409
2021 05 24 05 31 MIN    64
2021 05 24 12 14 MAX   404
2021 05 24 17 49 MIN    17
2021 05 25 00 55 MAX   451
2021 05 25 06 22 MIN    40
2021 05 25 13 05 MAX   411
2021 05 25 18 34 MIN   -17
2021 05 26 01 48 MAX   484
2021 05 26 07 09 MIN    26
2021 05 26 13 54 MAX   412
2021 05 26 19 17 MIN   -40
2021 05 27 02 40 MAX   507
2021 05 27 07 55 MIN    25
2021 05 27 14 42 MAX   407
2021 05 27 19 59 MIN   -47
2021 05 28 03 31 MAX   516
2021 05 28 08 41 MIN    35
2021 05 28 15 29 MAX   397
2021 05 28 20 42 MIN   -40
2021 05 29 04 20 MAX   512
2021 05 29 09 26 MIN    55
2021 05 29 16 16 MAX   384
2021 05 29 21 26 MIN   -18
2021 05 30 05 09 MAX   497
2021 05 30 10 14 MIN    79
2021 05 30 17 04 MAX   369
2021 05 30 22 12 MIN    14
2021 05 31 05 58 MAX   473
2021 05 31 11 06 MIN   104
2021 05 31 17 53 MAX   353
2021 05 31 23 01 MIN    53
2021 06 01 06 47 MAX   444
2021 06 01 12 02 MIN   125
2021 06 01 18 48 MAX   339
2021 06 01 23 58 MIN    94
2021 06 02 07 39 MAX   414
2021 06 02 13 07 MIN   138
2021 06 02 19 50 MAX   331
2021 06 03 01 07 MIN   128
2021 06 03 08 37 MAX   388
2021 06 03 14 16 MIN   140
2021 06 03 21 03 MAX   333
2021 06 04 02 27 MIN   149
2021 06 04 09 39 MAX   370
2021 06 04 15 22 MIN   131
2021 06 04 22 19 MAX   348
2021 06 05 03 43 MIN   153
2021 06 05 10 39 MAX   361
2021 06 05 16 18 MIN   116
2021 06 05 23 23 MAX   370
2021 06 06 04 46 MIN   146
2021 06 06 11 31 MAX   357
2021 06 06 17 04 MIN    99
2021 06 07 00 15 MAX   394
2021 06 07 05 37 MIN   135
2021 06 07 12 15 MAX   357
2021 06 07 17 44 MIN    82
2021 06 08 00 59 MAX   414
2021 06 08 06 20 MIN   124
2021 06 08 12 53 MAX   359
2021 06 08 18 20 MIN    68
2021 06 09 01 39 MAX   430
2021 06 09 06 58 MIN   114
2021 06 09 13 29 MAX   361
2021 06 09 18 52 MIN    56
2021 06 10 02 17 MAX   442
2021 06 10 07 33 MIN   107
2021 06 10 14 03 MAX   363
2021 06 10 19 24 MIN    46
2021 06 11 02 53 MAX   449
2021 06 11 08 07 MIN   102
2021 06 11 14 38 MAX   364
2021 06 11 19 56 MIN    39
2021 06 12 03 29 MAX   453
2021 06 12 08 41 MIN   101
2021 06 12 15 14 MAX   363
2021 06 12 20 31 MIN    35
2021 06 13 04 05 MAX   453
2021 06 13 09 16 MIN   102
2021 06 13 15 52 MAX   360
2021 06 13 21 07 MIN    35
2021 06 14 04 41 MAX   449
2021 06 14 09 53 MIN   107
2021 06 14 16 31 MAX   356
2021 06 14 21 45 MIN    41
2021 06 15 05 19 MAX   443
2021 06 15 10 33 MIN   112
2021 06 15 17 13 MAX   352
2021 06 15 22 28 MIN    53
2021 06 16 06 00 MAX   433
2021 06 16 11 17 MIN   118
2021 06 16 18 00 MAX   348
2021 06 16 23 15 MIN    71
2021 06 17 06 44 MAX   421
2021 06 17 12 07 MIN   122
2021 06 17 18 53 MAX   348
2021 06 18 00 10 MIN    94
2021 06 18 07 33 MAX   409
2021 06 18 13 04 MIN   121
2021 06 18 19 56 MAX   353
2021 06 19 01 16 MIN   116
2021 06 19 08 30 MAX   397
2021 06 19 14 10 MIN   112
2021 06 19 21 08 MAX   368
2021 06 20 02 37 MIN   129
2021 06 20 09 32 MAX   389
2021 06 20 15 18 MIN    91
2021 06 20 22 22 MAX   394
2021 06 21 03 58 MIN   124
2021 06 21 10 37 MAX   385
2021 06 21 16 21 MIN    63
2021 06 21 23 31 MAX   427
2021 06 22 05 06 MIN   109
2021 06 22 11 39 MAX   386
2021 06 22 17 17 MIN    33
2021 06 23 00 35 MAX   460
2021 06 23 06 05 MIN    91
2021 06 23 12 37 MAX   388
2021 06 23 18 09 MIN     7
2021 06 24 01 33 MAX   488
2021 06 24 06 57 MIN    76
2021 06 24 13 32 MAX   391
2021 06 24 18 58 MIN   -11
2021 06 25 02 28 MAX   508
2021 06 25 07 46 MIN    68
2021 06 25 14 24 MAX   393
2021 06 25 19 45 MIN   -19
2021 06 26 03 21 MAX   517
2021 06 26 08 33 MIN    67
2021 06 26 15 15 MAX   393
2021 06 26 20 31 MIN   -16
2021 06 27 04 10 MAX   516
2021 06 27 09 19 MIN    72
2021 06 27 16 03 MAX   392
2021 06 27 21 16 MIN    -2
2021 06 28 04 57 MAX   505
2021 06 28 10 04 MIN    82
2021 06 28 16 51 MAX   389
2021 06 28 22 02 MIN    22
2021 06 29 05 41 MAX   485
2021 06 29 10 49 MIN    95
2021 06 29 17 38 MAX   383
2021 06 29 22 47 MIN    54
2021 06 30 06 24 MAX   458
2021 06 30 11 35 MIN   109
2021 06 30 18 27 MAX   375
2021 06 30 23 35 MIN    92
2021 07 01 07 06 MAX   428
2021 07 01 12 24 MIN   122
2021 07 01 19 20 MAX   366
2021 07 02 00 27 MIN   131
2021 07 02 07 49 MAX   398
2021 07 02 13 18 MIN   133
2021 07 02 20 18 MAX   361
2021 07 03 01 31 MIN   165
2021 07 03 08 36 MAX   371
2021 07 03 14 20 MIN   137
2021 07 03 21 22 MAX   361
2021 07 04 02 50 MIN   185
2021 07 04 09 27 MAX   351
2021 07 04 15 22 MIN   134
2021 07 04 22 28 MAX   370
2021 07 05 04 09 MIN   188
2021 07 05 10 22 MAX   338
2021 07 05 16 17 MIN   125
2021 07 05 23 31 MAX   385
2021 07 06 05 12 MIN   178
2021 07 06 11 17 MAX   335
2021 07 06 17 05 MIN   112
2021 07 07 00 26 MAX   404
2021 07 07 06 02 MIN   164
2021 07 07 12 07 MAX   338
2021 07 07 17 47 MIN    97
2021 07 08 01 13 MAX   422
2021 07 08 06 44 MIN   148
2021 07 08 12 53 MAX   346
2021 07 08 18 26 MIN    81
2021 07 09 01 55 MAX   439
2021 07 09 07 22 MIN   133
2021 07 09 13 37 MAX   355
2021 07 09 19 04 MIN    65
2021 07 10 02 36 MAX   452
2021 07 10 07 56 MIN   121
2021 07 10 14 18 MAX   364
2021 07 10 19 41 MIN    50
2021 07 11 03 14 MAX   462
2021 07 11 08 30 MIN   111
2021 07 11 15 00 MAX   372
2021 07 11 20 19 MIN    37
2021 07 12 03 52 MAX   468
2021 07 12 09 04 MIN   102
2021 07 12 15 41 MAX   379
2021 07 12 20 58 MIN    29
2021 07 13 04 29 MAX   470
2021 07 13 09 40 MIN    95
2021 07 13 16 23 MAX   383
2021 07 13 21 38 MIN    28
2021 07 14 05 07 MAX   466
2021 07 14 10 17 MIN    90
2021 07 14 17 07 MAX   386
2021 07 14 22 19 MIN    37
2021 07 15 05 45 MAX   458
2021 07 15 10 57 MIN    87
2021 07 15 17 53 MAX   389
2021 07 15 23 03 MIN    55
2021 07 16 06 25 MAX   444
2021 07 16 11 40 MIN    87
2021 07 16 18 43 MAX   390
2021 07 16 23 51 MIN    83
2021 07 17 07 09 MAX   424
2021 07 17 12 29 MIN    89
2021 07 17 19 40 MAX   392
2021 07 18 00 48 MIN   117
2021 07 18 07 59 MAX   403
2021 07 18 13 25 MIN    92
2021 07 18 20 45 MAX   398
2021 07 19 02 01 MIN   147
2021 07 19 08 57 MAX   382
2021 07 19 14 34 MIN    90
2021 07 19 21 57 MAX   410
2021 07 20 03 30 MIN   160
2021 07 20 10 03 MAX   367
2021 07 20 15 46 MIN    79
2021 07 20 23 11 MAX   430
2021 07 21 04 52 MIN   150
2021 07 21 11 13 MAX   362
2021 07 21 16 53 MIN    60
2021 07 22 00 22 MAX   456
2021 07 22 05 57 MIN   130
2021 07 22 12 19 MAX   367
2021 07 22 17 53 MIN    38
2021 07 23 01 25 MAX   482
2021 07 23 06 52 MIN   108
2021 07 23 13 20 MAX   379
2021 07 23 18 48 MIN    18
2021 07 24 02 21 MAX   502
2021 07 24 07 40 MIN    89
2021 07 24 14 14 MAX   392
2021 07 24 19 37 MIN     3
2021 07 25 03 11 MAX   513
2021 07 25 08 24 MIN    76
2021 07 25 15 04 MAX   404
2021 07 25 20 22 MIN    -2
2021 07 26 03 57 MAX   513
2021 07 26 09 05 MIN    70
2021 07 26 15 51 MAX   412
2021 07 26 21 05 MIN     4
2021 07 27 04 39 MAX   503
2021 07 27 09 44 MIN    70
2021 07 27 16 35 MAX   415
2021 07 27 21 45 MIN    22
2021 07 28 05 17 MAX   485
2021 07 28 10 22 MIN    77
2021 07 28 17 19 MAX   413
2021 07 28 22 25 MIN    52
2021 07 29 05 53 MAX   459
2021 07 29 10 59 MIN    88
2021 07 29 18 02 MAX   406
2021 07 29 23 05 MIN    89
2021 07 30 06 26 MAX   429
2021 07 30 11 38 MIN   103
2021 07 30 18 45 MAX   394
2021 07 30 23 46 MIN   130
2021 07 31 06 58 MAX   398
2021 07 31 12 19 MIN   120
2021 07 31 19 33 MAX   382
2021 08 01 00 33 MIN   171
2021 08 01 07 34 MAX   368
2021 08 01 13 06 MIN   137
2021 08 01 20 25 MAX   372
2021 08 02 01 42 MIN   205
2021 08 02 08 17 MAX   342
2021 08 02 14 08 MIN   149
2021 08 02 21 26 MAX   367
2021 08 03 03 32 MIN   216
2021 08 03 09 12 MAX   323
2021 08 03 15 23 MIN   150
2021 08 03 22 37 MAX   373
2021 08 04 04 56 MIN   204
2021 08 04 10 18 MAX   315
2021 08 04 16 28 MIN   140
2021 08 04 23 48 MAX   388
2021 08 05 05 52 MIN   183
2021 08 05 11 27 MAX   320
2021 08 05 17 22 MIN   121
2021 08 06 00 47 MAX   410
2021 08 06 06 34 MIN   161
2021 08 06 12 27 MAX   335
2021 08 06 18 08 MIN    98
2021 08 07 01 34 MAX   433
2021 08 07 07 09 MIN   139
2021 08 07 13 18 MAX   354
2021 08 07 18 50 MIN    71
2021 08 08 02 16 MAX   453
2021 08 08 07 40 MIN   118
2021 08 08 14 03 MAX   373
2021 08 08 19 29 MIN    45
2021 08 09 02 55 MAX   469
2021 08 09 08 12 MIN    98
2021 08 09 14 47 MAX   391
2021 08 09 20 08 MIN    24
2021 08 10 03 33 MAX   479
2021 08 10 08 45 MIN    79
2021 08 10 15 30 MAX   407
2021 08 10 20 46 MIN    11
2021 08 11 04 10 MAX   482
2021 08 11 09 19 MIN    63
2021 08 11 16 13 MAX   419
2021 08 11 21 24 MIN     9
2021 08 12 04 46 MAX   478
2021 08 12 09 54 MIN    51
2021 08 12 16 57 MAX   427
2021 08 12 22 04 MIN    20
2021 08 13 05 24 MAX   466
2021 08 13 10 31 MIN    46
2021 08 13 17 42 MAX   430
2021 08 13 22 45 MIN    45
2021 08 14 06 03 MAX   445
2021 08 14 11 11 MIN    50
2021 08 14 18 31 MAX   428
2021 08 14 23 30 MIN    82
2021 08 15 06 44 MAX   418
2021 08 15 11 56 MIN    62
2021 08 15 19 24 MAX   421
2021 08 16 00 23 MIN   127
2021 08 16 07 33 MAX   387
2021 08 16 12 48 MIN    81
2021 08 16 20 26 MAX   414
2021 08 17 01 34 MIN   168
2021 08 17 08 31 MAX   359
2021 08 17 13 56 MIN    98
2021 08 17 21 38 MAX   412
2021 08 18 03 18 MIN   186
2021 08 18 09 42 MAX   340
2021 08 18 15 22 MIN   102
2021 08 18 23 00 MAX   422
2021 08 19 04 53 MIN   170
2021 08 19 11 02 MAX   339
2021 08 19 16 43 MIN    87
2021 08 20 00 17 MAX   445
2021 08 20 05 57 MIN   141
2021 08 20 12 15 MAX   356
2021 08 20 17 48 MIN    61
2021 08 21 01 20 MAX   471
2021 08 21 06 45 MIN   110
2021 08 21 13 16 MAX   381
2021 08 21 18 41 MIN    34
2021 08 22 02 11 MAX   490
2021 08 22 07 28 MIN    84
2021 08 22 14 07 MAX   405
2021 08 22 19 27 MIN    13
2021 08 23 02 56 MAX   500
2021 08 23 08 06 MIN    65
2021 08 23 14 53 MAX   424
2021 08 23 20 09 MIN     4
2021 08 24 03 36 MAX   498
2021 08 24 08 42 MIN    54
2021 08 24 15 35 MAX   435
2021 08 24 20 47 MIN     8
2021 08 25 04 12 MAX   486
2021 08 25 09 16 MIN    50
2021 08 25 16 16 MAX   439
2021 08 25 21 23 MIN    26
2021 08 26 04 45 MAX   467
2021 08 26 09 49 MIN    54
2021 08 26 16 55 MAX   436
2021 08 26 21 58 MIN    54
2021 08 27 05 14 MAX   442
2021 08 27 10 21 MIN    65
2021 08 27 17 33 MAX   427
2021 08 27 22 32 MIN    88
2021 08 28 05 41 MAX   414
2021 08 28 10 52 MIN    81
2021 08 28 18 10 MAX   413
2021 08 28 23 07 MIN   127
2021 08 29 06 08 MAX   385
2021 08 29 11 22 MIN   101
2021 08 29 18 49 MAX   396
2021 08 29 23 45 MIN   166
2021 08 30 06 39 MAX   356
2021 08 30 11 57 MIN   123
2021 08 30 19 34 MAX   379
2021 08 31 00 34 MIN   203
2021 08 31 07 20 MAX   328
2021 08 31 12 41 MIN   147
2021 08 31 20 29 MAX   366
2021 09 01 02 56 MIN   225
2021 09 01 08 17 MAX   306
2021 09 01 14 00 MIN   165
2021 09 01 21 38 MAX   362
2021 09 02 04 43 MIN   209
2021 09 02 09 31 MAX   296
2021 09 02 15 52 MIN   159
2021 09 02 23 03 MAX   372
2021 09 03 05 35 MIN   183
2021 09 03 10 54 MAX   304
2021 09 03 16 59 MIN   135
2021 09 04 00 15 MAX   396
2021 09 04 06 12 MIN   156
2021 09 04 12 06 MAX   328
2021 09 04 17 50 MIN   102
2021 09 05 01 06 MAX   423
2021 09 05 06 43 MIN   127
2021 09 05 13 00 MAX   358
2021 09 05 18 32 MIN    66
2021 09 06 01 48 MAX   447
2021 09 06 07 14 MIN    97
2021 09 06 13 46 MAX   389
2021 09 06 19 12 MIN    33
2021 09 07 02 27 MAX   465
2021 09 07 07 45 MIN    67
2021 09 07 14 30 MAX   417
2021 09 07 19 50 MIN     7
2021 09 08 03 05 MAX   476
2021 09 08 08 18 MIN    39
2021 09 08 15 14 MAX   440
2021 09 08 20 28 MIN    -7
2021 09 09 03 43 MAX   478
2021 09 09 08 52 MIN    17
2021 09 09 15 58 MAX   457
2021 09 09 21 06 MIN    -5
2021 09 10 04 20 MAX   469
2021 09 10 09 27 MIN     4
2021 09 10 16 42 MAX   465
2021 09 10 21 46 MIN    13
2021 09 11 04 58 MAX   451
2021 09 11 10 04 MIN     4
2021 09 11 17 28 MAX   464
2021 09 11 22 27 MIN    45
2021 09 12 05 38 MAX   424
2021 09 12 10 43 MIN    17
2021 09 12 18 16 MAX   454
2021 09 12 23 12 MIN    89
2021 09 13 06 20 MAX   391
2021 09 13 11 26 MIN    44
2021 09 13 19 09 MAX   436
2021 09 14 00 05 MIN   138
2021 09 14 07 10 MAX   357
2021 09 14 12 17 MIN    78
2021 09 14 20 11 MAX   417
2021 09 15 01 21 MIN   181
2021 09 15 08 13 MAX   328
2021 09 15 13 30 MIN   111
2021 09 15 21 26 MAX   405
2021 09 16 03 28 MIN   188
2021 09 16 09 34 MAX   315
2021 09 16 15 13 MIN   121
2021 09 16 22 53 MAX   411
2021 09 17 04 53 MIN   161
2021 09 17 11 03 MAX   328
2021 09 17 16 39 MIN   101
2021 09 18 00 09 MAX   432
2021 09 18 05 46 MIN   127
2021 09 18 12 15 MAX   360
2021 09 18 17 41 MIN    71
2021 09 19 01 05 MAX   454
2021 09 19 06 28 MIN    95
2021 09 19 13 09 MAX   394
2021 09 19 18 29 MIN    43
2021 09 20 01 51 MAX   468
2021 09 20 07 06 MIN    67
2021 09 20 13 54 MAX   422
2021 09 20 19 11 MIN    23
2021 09 21 02 31 MAX   472
2021 09 21 07 40 MIN    46
2021 09 21 14 36 MAX   441
2021 09 21 19 49 MIN    16
2021 09 22 03 06 MAX   466
2021 09 22 08 14 MIN    33
2021 09 22 15 16 MAX   452
2021 09 22 20 25 MIN    21
2021 09 23 03 38 MAX   452
2021 09 23 08 44 MIN    29
2021 09 23 15 53 MAX   454
2021 09 23 20 58 MIN    36
2021 09 24 04 06 MAX   433
2021 09 24 09 14 MIN    33
2021 09 24 16 28 MAX   448
2021 09 24 21 30 MIN    60
2021 09 25 04 32 MAX   411
2021 09 25 09 42 MIN    42
2021 09 25 17 02 MAX   437
2021 09 25 22 02 MIN    88
2021 09 26 04 57 MAX   388
2021 09 26 10 08 MIN    57
2021 09 26 17 35 MAX   422
2021 09 26 22 34 MIN   120
2021 09 27 05 24 MAX   363
2021 09 27 10 36 MIN    77
2021 09 27 18 10 MAX   404
2021 09 27 23 09 MIN   153
2021 09 28 05 56 MAX   337
2021 09 28 11 07 MIN   101
2021 09 28 18 51 MAX   384
2021 09 28 23 52 MIN   186
2021 09 29 06 38 MAX   311
2021 09 29 11 45 MIN   129
2021 09 29 19 42 MAX   367
2021 09 30 01 14 MIN   213
2021 09 30 07 35 MAX   290
2021 09 30 12 44 MIN   157
2021 09 30 20 48 MAX   356
2021 10 01 04 07 MIN   201
2021 10 01 08 51 MAX   282
2021 10 01 15 00 MIN   165
2021 10 01 22 11 MAX   361
2021 10 02 04 56 MIN   174
2021 10 02 10 23 MAX   294
2021 10 02 16 27 MIN   138
2021 10 02 23 30 MAX   381
2021 10 03 05 32 MIN   143
2021 10 03 11 40 MAX   327
2021 10 03 17 22 MIN   100
2021 10 04 00 25 MAX   407
2021 10 04 06 06 MIN   106
2021 10 04 12 35 MAX   367
2021 10 04 18 07 MIN    60
2021 10 05 01 10 MAX   431
2021 10 05 06 39 MIN    67
2021 10 05 13 23 MAX   407
2021 10 05 18 48 MIN    24
2021 10 06 01 51 MAX   448
2021 10 06 07 13 MIN    28
2021 10 06 14 08 MAX   443
2021 10 06 19 28 MIN    -1
2021 10 07 02 31 MAX   456
2021 10 07 07 48 MIN    -5
2021 10 07 14 53 MAX   470
2021 10 07 20 08 MIN   -12
2021 10 08 03 10 MAX   454
2021 10 08 08 24 MIN   -28
2021 10 08 15 39 MAX   488
2021 10 08 20 47 MIN    -6
2021 10 09 03 51 MAX   442
2021 10 09 09 01 MIN   -36
2021 10 09 16 25 MAX   493
2021 10 09 21 28 MIN    16
2021 10 10 04 31 MAX   420
2021 10 10 09 38 MIN   -28
2021 10 10 17 12 MAX   485
2021 10 10 22 11 MIN    52
2021 10 11 05 14 MAX   392
2021 10 11 10 18 MIN    -3
2021 10 11 18 01 MAX   467
2021 10 11 22 57 MIN    96
2021 10 12 06 00 MAX   360
2021 10 12 11 02 MIN    34
2021 10 12 18 55 MAX   441
2021 10 12 23 55 MIN   141
2021 10 13 06 54 MAX   330
2021 10 13 11 56 MIN    79
2021 10 13 19 57 MAX   414
2021 10 14 01 20 MIN   172
2021 10 14 08 02 MAX   308
2021 10 14 13 16 MIN   118
2021 10 14 21 13 MAX   396
2021 10 15 03 17 MIN   168
2021 10 15 09 29 MAX   306
2021 10 15 15 03 MIN   127
2021 10 15 22 37 MAX   397
2021 10 16 04 29 MIN   141
2021 10 16 10 59 MAX   331
2021 10 16 16 25 MIN   108
2021 10 16 23 46 MAX   412
2021 10 17 05 19 MIN   109
2021 10 17 12 03 MAX   368
2021 10 17 17 24 MIN    82
2021 10 18 00 38 MAX   425
2021 10 18 06 00 MIN    78
2021 10 18 12 53 MAX   403
2021 10 18 18 10 MIN    58
2021 10 19 01 20 MAX   431
2021 10 19 06 37 MIN    52
2021 10 19 13 36 MAX   430
2021 10 19 18 51 MIN    43
2021 10 20 01 57 MAX   429
2021 10 20 07 10 MIN    32
2021 10 20 14 15 MAX   447
2021 10 20 19 27 MIN    38
2021 10 21 02 30 MAX   421
2021 10 21 07 41 MIN    20
2021 10 21 14 52 MAX   454
2021 10 21 20 01 MIN    41
2021 10 22 02 59 MAX   408
2021 10 22 08 11 MIN    16
2021 10 22 15 27 MAX   454
2021 10 22 20 33 MIN    52
2021 10 23 03 26 MAX   394
2021 10 23 08 38 MIN    18
2021 10 23 16 00 MAX   449
2021 10 23 21 05 MIN    68
2021 10 24 03 51 MAX   378
2021 10 24 09 05 MIN    25
2021 10 24 16 31 MAX   438
2021 10 24 21 36 MIN    87
2021 10 25 04 18 MAX   362
2021 10 25 09 32 MIN    38
2021 10 25 17 03 MAX   424
2021 10 25 22 09 MIN   109
2021 10 26 04 48 MAX   343
2021 10 26 10 02 MIN    56
2021 10 26 17 36 MAX   407
2021 10 26 22 44 MIN   134
2021 10 27 05 24 MAX   322
2021 10 27 10 34 MIN    78
2021 10 27 18 16 MAX   388
2021 10 27 23 28 MIN   160
2021 10 28 06 06 MAX   302
2021 10 28 11 14 MIN   105
2021 10 28 19 04 MAX   370
2021 10 29 00 32 MIN   182
2021 10 29 07 01 MAX   286
2021 10 29 12 11 MIN   134
2021 10 29 20 05 MAX   358
2021 10 30 02 34 MIN   184
2021 10 30 08 15 MAX   281
2021 10 30 13 54 MIN   150
2021 10 30 21 19 MAX   356
2021 10 31 03 50 MIN   160
2021 10 31 09 44 MAX   296
2021 10 31 15 39 MIN   133
2021 10 31 22 35 MAX   368
2021 11 01 04 39 MIN   125
2021 11 01 11 04 MAX   332
2021 11 01 16 45 MIN    99
2021 11 01 23 36 MAX   388
2021 11 02 05 21 MIN    83
2021 11 02 12 04 MAX   377
2021 11 02 17 37 MIN    62
2021 11 03 00 26 MAX   406
2021 11 03 06 01 MIN    38
2021 11 03 12 56 MAX   421
2021 11 03 18 23 MIN    29
2021 11 04 01 12 MAX   419
2021 11 04 06 40 MIN    -4
2021 11 04 13 44 MAX   459
2021 11 04 19 06 MIN     6
2021 11 05 01 56 MAX   424
2021 11 05 07 18 MIN   -37
2021 11 05 14 32 MAX   487
2021 11 05 19 49 MIN    -2
2021 11 06 02 39 MAX   420
2021 11 06 07 57 MIN   -56
2021 11 06 15 20 MAX   502
2021 11 06 20 31 MIN     5
2021 11 07 03 23 MAX   408
2021 11 07 08 36 MIN   -59
2021 11 07 16 08 MAX   503
2021 11 07 21 14 MIN    25
2021 11 08 04 07 MAX   389
2021 11 08 09 17 MIN   -44
2021 11 08 16 56 MAX   491
2021 11 08 21 59 MIN    56
2021 11 09 04 54 MAX   367
2021 11 09 10 00 MIN   -14
2021 11 09 17 47 MAX   469
2021 11 09 22 49 MIN    91
2021 11 10 05 43 MAX   342
2021 11 10 10 47 MIN    27
2021 11 10 18 40 MAX   440
2021 11 10 23 48 MIN   124
2021 11 11 06 39 MAX   321
2021 11 11 11 44 MIN    72
2021 11 11 19 40 MAX   411
2021 11 12 01 04 MIN   144
2021 11 12 07 48 MAX   308
2021 11 12 13 00 MIN   110
2021 11 12 20 49 MAX   388
2021 11 13 02 32 MIN   142
2021 11 13 09 11 MAX   311
2021 11 13 14 33 MIN   125
2021 11 13 22 03 MAX   379
2021 11 14 03 45 MIN   124
2021 11 14 10 33 MAX   334
2021 11 14 15 55 MIN   119
2021 11 14 23 08 MAX   380
2021 11 15 04 39 MIN    98
2021 11 15 11 38 MAX   367
2021 11 15 16 56 MIN   102
2021 11 15 23 59 MAX   383
2021 11 16 05 24 MIN    72
2021 11 16 12 28 MAX   398
2021 11 16 17 45 MIN    86
2021 11 17 00 42 MAX   383
2021 11 17 06 02 MIN    49
2021 11 17 13 11 MAX   421
2021 11 17 18 27 MIN    74
2021 11 18 01 18 MAX   380
2021 11 18 06 37 MIN    32
2021 11 18 13 50 MAX   435
2021 11 18 19 05 MIN    67
2021 11 19 01 50 MAX   375
2021 11 19 07 09 MIN    20
2021 11 19 14 26 MAX   442
2021 11 19 19 39 MIN    65
2021 11 20 02 20 MAX   369
2021 11 20 07 39 MIN    14
2021 11 20 15 01 MAX   443
2021 11 20 20 12 MIN    67
2021 11 21 02 48 MAX   362
2021 11 21 08 08 MIN    13
2021 11 21 15 34 MAX   440
2021 11 21 20 45 MIN    74
2021 11 22 03 18 MAX   354
2021 11 22 08 37 MIN    16
2021 11 22 16 05 MAX   432
2021 11 22 21 17 MIN    84
2021 11 23 03 49 MAX   345
2021 11 23 09 07 MIN    24
2021 11 23 16 38 MAX   422
2021 11 23 21 52 MIN    96
2021 11 24 04 23 MAX   333
2021 11 24 09 40 MIN    36
2021 11 24 17 12 MAX   409
2021 11 24 22 29 MIN   111
2021 11 25 05 01 MAX   320
2021 11 25 10 17 MIN    53
2021 11 25 17 51 MAX   394
2021 11 25 23 12 MIN   127
2021 11 26 05 44 MAX   307
2021 11 26 11 01 MIN    74
2021 11 26 18 35 MAX   379
2021 11 27 00 04 MIN   140
2021 11 27 06 36 MAX   297
2021 11 27 11 55 MIN    98
2021 11 27 19 28 MAX   366
2021 11 28 01 11 MIN   144
2021 11 28 07 42 MAX   296
2021 11 28 13 09 MIN   118
2021 11 28 20 31 MAX   358
2021 11 29 02 27 MIN   132
2021 11 29 09 02 MAX   309
2021 11 29 14 41 MIN   121
2021 11 29 21 40 MAX   358
2021 11 30 03 36 MIN   103
2021 11 30 10 22 MAX   340
2021 11 30 16 02 MIN   103
2021 11 30 22 45 MAX   366
2021 12 01 04 32 MIN    63
2021 12 01 11 28 MAX   382
2021 12 01 17 05 MIN    76
2021 12 01 23 42 MAX   376
2021 12 02 05 22 MIN    21
2021 12 02 12 26 MAX   424
2021 12 02 17 58 MIN    48
2021 12 03 00 34 MAX   384
2021 12 03 06 07 MIN   -18
2021 12 03 13 20 MAX   460
2021 12 03 18 47 MIN    28
2021 12 04 01 24 MAX   387
2021 12 04 06 52 MIN   -47
2021 12 04 14 12 MAX   485
2021 12 04 19 33 MIN    19
2021 12 05 02 12 MAX   386
2021 12 05 07 35 MIN   -63
2021 12 05 15 03 MAX   498
2021 12 05 20 19 MIN    20
2021 12 06 03 00 MAX   381
2021 12 06 08 19 MIN   -64
2021 12 06 15 53 MAX   499
2021 12 06 21 04 MIN    31
2021 12 07 03 48 MAX   371
2021 12 07 09 03 MIN   -51
2021 12 07 16 43 MAX   488
2021 12 07 21 51 MIN    49
2021 12 08 04 37 MAX   359
2021 12 08 09 49 MIN   -24
2021 12 08 17 32 MAX   467
2021 12 08 22 40 MIN    70
2021 12 09 05 28 MAX   346
2021 12 09 10 38 MIN    11
2021 12 09 18 22 MAX   439
2021 12 09 23 32 MIN    91
2021 12 10 06 22 MAX   333
2021 12 10 11 31 MIN    52
2021 12 10 19 14 MAX   409
2021 12 11 00 30 MIN   108
2021 12 11 07 23 MAX   323
2021 12 11 12 33 MIN    91
2021 12 11 20 10 MAX   380
2021 12 12 01 35 MIN   115
2021 12 12 08 34 MAX   322
2021 12 12 13 46 MIN   122
2021 12 12 21 11 MAX   357
2021 12 13 02 45 MIN   112
2021 12 13 09 49 MAX   332
2021 12 13 15 09 MIN   135
2021 12 13 22 12 MAX   343
2021 12 14 03 48 MIN    98
2021 12 14 10 57 MAX   352
2021 12 14 16 21 MIN   132
2021 12 14 23 07 MAX   335
2021 12 15 04 40 MIN    80
2021 12 15 11 55 MAX   375
2021 12 15 17 19 MIN   121
2021 12 15 23 55 MAX   333
2021 12 16 05 25 MIN    62
2021 12 16 12 43 MAX   395
2021 12 16 18 06 MIN   107
2021 12 17 00 35 MAX   333
2021 12 17 06 04 MIN    46
2021 12 17 13 25 MAX   410
2021 12 17 18 47 MIN    95
2021 12 18 01 12 MAX   336
2021 12 18 06 39 MIN    32
2021 12 18 14 02 MAX   420
2021 12 18 19 23 MIN    85
2021 12 19 01 46 MAX   338
2021 12 19 07 13 MIN    22
2021 12 19 14 38 MAX   426
2021 12 19 19 58 MIN    79
2021 12 20 02 19 MAX   341
2021 12 20 07 45 MIN    14
2021 12 20 15 13 MAX   427
2021 12 20 20 31 MIN    75
2021 12 21 02 54 MAX   342
2021 12 21 08 18 MIN    10
2021 12 21 15 46 MAX   426
2021 12 21 21 04 MIN    75
2021 12 22 03 30 MAX   341
2021 12 22 08 53 MIN     8
2021 12 22 16 20 MAX   422
2021 12 22 21 38 MIN    77
2021 12 23 04 07 MAX   337
2021 12 23 09 29 MIN    11
2021 12 23 16 55 MAX   415
2021 12 23 22 14 MIN    81
2021 12 24 04 47 MAX   332
2021 12 24 10 08 MIN    20
2021 12 24 17 32 MAX   405
2021 12 24 22 53 MIN    85
2021 12 25 05 30 MAX   327
2021 12 25 10 51 MIN    36
2021 12 25 18 12 MAX   392
2021 12 25 23 37 MIN    89
2021 12 26 06 18 MAX   323
2021 12 26 11 39 MIN    58
2021 12 26 18 57 MAX   377
2021 12 27 00 26 MIN    91
2021 12 27 07 16 MAX   323
2021 12 27 12 36 MIN    84
2021 12 27 19 50 MAX   362
2021 12 28 01 25 MIN    89
2021 12 28 08 25 MAX   331
2021 12 28 13 49 MIN   107
2021 12 28 20 51 MAX   349
2021 12 29 02 33 MIN    76
2021 12 29 09 41 MAX   350
2021 12 29 15 16 MIN   114
2021 12 29 21 57 MAX   341
2021 12 30 03 42 MIN    52
2021 12 30 10 54 MAX   379
2021 12 30 16 34 MIN   100
2021 12 30 23 01 MAX   341
2021 12 31 04 44 MIN    21
2021 12 31 12 01 MAX   413
2021 12 31 17 38 MIN    78
