 <API - 조위예측극치자료>

대상조위관측소 : 묵호
위도(WGS84) : N 129.1164
경도(WGS84) : E 37.5503
관측기관 : 20201221 ~ 20220101

2020 12 21 01 59 MIN    18
2020 12 21 07 02 MAX    24
2020 12 21 14 46 MIN     6
2020 12 21 22 15 MAX    20
2020 12 22 03 28 MIN    16
2020 12 22 08 08 MAX    20
2020 12 22 15 34 MIN     7
2020 12 22 22 47 MAX    19
2020 12 23 04 51 MIN    12
2020 12 23 09 31 MAX    16
2020 12 23 16 21 MIN     8
2020 12 23 23 12 MAX    18
2020 12 24 05 57 MIN     9
2020 12 24 11 25 MAX    14
2020 12 24 17 05 MIN    10
2020 12 24 23 33 MAX    18
2020 12 25 06 46 MIN     6
2020 12 25 13 16 MAX    14
2020 12 25 17 44 MIN    11
2020 12 25 23 55 MAX    19
2020 12 26 07 26 MIN     4
2020 12 26 14 26 MAX    15
2020 12 26 18 19 MIN    13
2020 12 27 00 20 MAX    21
2020 12 27 08 01 MIN     2
2020 12 27 15 15 MAX    16
2020 12 27 18 55 MIN    14
2020 12 28 00 49 MAX    23
2020 12 28 08 35 MIN     1
2020 12 28 15 55 MAX    17
2020 12 28 19 30 MIN    15
2020 12 29 01 24 MAX    25
2020 12 29 09 10 MIN     0
2020 12 29 16 32 MAX    19
2020 12 29 20 07 MIN    16
2020 12 30 02 01 MAX    26
2020 12 30 09 46 MIN     0
2020 12 30 17 09 MAX    19
2020 12 30 20 45 MIN    17
2020 12 31 02 39 MAX    28
2020 12 31 10 24 MIN    -1
2020 12 31 17 48 MAX    20
2020 12 31 21 24 MIN    17
2021 01 01 03 18 MAX    29
2021 01 01 11 04 MIN    -1
2021 01 01 18 28 MAX    19
2021 01 01 22 05 MIN    17
2021 01 02 03 59 MAX    29
2021 01 02 11 45 MIN    -1
2021 01 02 19 10 MAX    19
2021 01 02 22 49 MIN    16
2021 01 03 04 43 MAX    28
2021 01 03 12 29 MIN     0
2021 01 03 19 50 MAX    18
2021 01 03 23 41 MIN    15
2021 01 04 05 30 MAX    26
2021 01 04 13 13 MIN     1
2021 01 04 20 26 MAX    18
2021 01 05 00 46 MIN    14
2021 01 05 06 25 MAX    24
2021 01 05 14 01 MIN     3
2021 01 05 21 00 MAX    18
2021 01 06 02 09 MIN    12
2021 01 06 07 32 MAX    20
2021 01 06 14 52 MIN     5
2021 01 06 21 34 MAX    19
2021 01 07 03 41 MIN    10
2021 01 07 09 01 MAX    17
2021 01 07 15 47 MIN     8
2021 01 07 22 12 MAX    20
2021 01 08 05 04 MIN     6
2021 01 08 11 10 MAX    16
2021 01 08 16 46 MIN    10
2021 01 08 22 53 MAX    22
2021 01 09 06 14 MIN     3
2021 01 09 13 19 MAX    16
2021 01 09 17 45 MIN    13
2021 01 09 23 38 MAX    24
2021 01 10 07 13 MIN     0
2021 01 10 14 43 MAX    18
2021 01 10 18 40 MIN    15
2021 01 11 00 26 MAX    26
2021 01 11 08 07 MIN    -3
2021 01 11 15 42 MAX    19
2021 01 11 19 30 MIN    16
2021 01 12 01 15 MAX    28
2021 01 12 08 57 MIN    -4
2021 01 12 16 28 MAX    20
2021 01 12 20 17 MIN    16
2021 01 13 02 02 MAX    30
2021 01 13 09 44 MIN    -4
2021 01 13 17 07 MAX    20
2021 01 13 21 02 MIN    16
2021 01 14 02 49 MAX    30
2021 01 14 10 29 MIN    -4
2021 01 14 17 42 MAX    19
2021 01 14 21 47 MIN    15
2021 01 15 03 35 MAX    30
2021 01 15 11 13 MIN    -3
2021 01 15 18 17 MAX    18
2021 01 15 22 34 MIN    14
2021 01 16 04 20 MAX    28
2021 01 16 11 55 MIN    -2
2021 01 16 18 52 MAX    17
2021 01 16 23 23 MIN    13
2021 01 17 05 04 MAX    25
2021 01 17 12 34 MIN    -1
2021 01 17 19 26 MAX    16
2021 01 18 00 17 MIN    12
2021 01 18 05 48 MAX    22
2021 01 18 13 11 MIN     0
2021 01 18 19 57 MAX    15
2021 01 19 01 18 MIN    10
2021 01 19 06 34 MAX    18
2021 01 19 13 45 MIN     2
2021 01 19 20 25 MAX    14
2021 01 20 02 28 MIN     8
2021 01 20 07 27 MAX    14
2021 01 20 14 13 MIN     4
2021 01 20 20 49 MAX    14
2021 01 21 03 43 MIN     6
2021 01 21 08 41 MAX    10
2021 01 21 14 36 MIN     5
2021 01 21 21 14 MAX    14
2021 01 22 04 56 MIN     3
2021 01 22 11 05 MAX     8
2021 01 22 14 54 MIN     7
2021 01 22 21 45 MAX    14
2021 01 23 06 00 MIN     1
2021 01 23 22 26 MAX    15
2021 01 24 06 52 MIN    -2
2021 01 24 23 17 MAX    16
2021 01 25 07 36 MIN    -3
2021 01 26 00 10 MAX    18
2021 01 26 08 16 MIN    -5
2021 01 26 15 54 MAX    13
2021 01 26 19 05 MIN    11
2021 01 27 01 01 MAX    20
2021 01 27 08 54 MIN    -6
2021 01 27 16 20 MAX    14
2021 01 27 19 54 MIN    11
2021 01 28 01 48 MAX    22
2021 01 28 09 32 MIN    -6
2021 01 28 16 46 MAX    14
2021 01 28 20 37 MIN    11
2021 01 29 02 33 MAX    23
2021 01 29 10 10 MIN    -7
2021 01 29 17 13 MAX    15
2021 01 29 21 19 MIN    10
2021 01 30 03 15 MAX    24
2021 01 30 10 47 MIN    -7
2021 01 30 17 39 MAX    15
2021 01 30 22 02 MIN    10
2021 01 31 03 58 MAX    25
2021 01 31 11 26 MIN    -6
2021 01 31 18 04 MAX    15
2021 01 31 22 49 MIN     9
2021 02 01 04 43 MAX    24
2021 02 01 12 05 MIN    -4
2021 02 01 18 31 MAX    15
2021 02 02 00 00 MIN     7
2021 02 02 00 00 MIN     7
2021 02 02 05 32 MAX    22
2021 02 02 12 43 MIN    -2
2021 02 02 19 00 MAX    15
2021 02 03 00 42 MIN     6
2021 02 03 06 27 MAX    19
2021 02 03 13 22 MIN     1
2021 02 03 19 33 MAX    16
2021 02 04 01 55 MIN     4
2021 02 04 07 36 MAX    15
2021 02 04 14 02 MIN     4
2021 02 04 20 12 MAX    17
2021 02 05 03 18 MIN     2
2021 02 05 09 26 MAX    12
2021 02 05 14 46 MIN     8
2021 02 05 20 59 MAX    18
2021 02 06 04 43 MIN    -1
2021 02 06 12 22 MAX    11
2021 02 06 15 43 MIN    10
2021 02 06 21 55 MAX    19
2021 02 07 06 01 MIN    -3
2021 02 07 14 26 MAX    13
2021 02 07 17 06 MIN    12
2021 02 07 23 00 MAX    20
2021 02 08 07 08 MIN    -5
2021 02 08 15 21 MAX    14
2021 02 08 18 23 MIN    12
2021 02 09 00 07 MAX    22
2021 02 09 08 04 MIN    -7
2021 02 09 15 53 MAX    14
2021 02 09 19 23 MIN    12
2021 02 10 01 07 MAX    23
2021 02 10 08 51 MIN    -8
2021 02 10 16 16 MAX    14
2021 02 10 20 13 MIN    10
2021 02 11 02 00 MAX    23
2021 02 11 09 34 MIN    -8
2021 02 11 16 34 MAX    14
2021 02 11 20 59 MIN     9
2021 02 12 02 47 MAX    23
2021 02 12 10 13 MIN    -7
2021 02 12 16 54 MAX    14
2021 02 12 21 42 MIN     8
2021 02 13 03 30 MAX    23
2021 02 13 10 50 MIN    -7
2021 02 13 17 17 MAX    13
2021 02 13 22 25 MIN     6
2021 02 14 04 11 MAX    21
2021 02 14 11 24 MIN    -5
2021 02 14 17 40 MAX    13
2021 02 14 23 08 MIN     5
2021 02 15 04 51 MAX    19
2021 02 15 11 55 MIN    -4
2021 02 15 18 04 MAX    13
2021 02 15 23 53 MIN     4
2021 02 16 05 31 MAX    16
2021 02 16 12 22 MIN    -2
2021 02 16 18 25 MAX    12
2021 02 17 00 40 MIN     3
2021 02 17 06 14 MAX    13
2021 02 17 12 43 MIN     0
2021 02 17 18 44 MAX    12
2021 02 18 01 32 MIN     1
2021 02 18 07 05 MAX    10
2021 02 18 12 56 MIN     2
2021 02 18 19 04 MAX    12
2021 02 19 02 33 MIN     0
2021 02 19 08 22 MAX     7
2021 02 19 13 03 MIN     4
2021 02 19 19 30 MAX    13
2021 02 20 03 42 MIN    -2
2021 02 20 20 07 MAX    13
2021 02 21 04 55 MIN    -3
2021 02 21 21 03 MAX    13
2021 02 22 06 05 MIN    -5
2021 02 22 22 19 MAX    13
2021 02 23 07 02 MIN    -6
2021 02 23 15 10 MAX     9
2021 02 23 17 53 MIN     8
2021 02 23 23 38 MAX    14
2021 02 24 07 49 MIN    -8
2021 02 24 15 24 MAX    10
2021 02 24 19 00 MIN     8
2021 02 25 00 44 MAX    16
2021 02 25 08 30 MIN    -9
2021 02 25 15 43 MAX    11
2021 02 25 19 49 MIN     7
2021 02 26 01 38 MAX    18
2021 02 26 09 08 MIN    -9
2021 02 26 16 02 MAX    12
2021 02 26 20 31 MIN     6
2021 02 27 02 25 MAX    20
2021 02 27 09 45 MIN    -9
2021 02 27 16 20 MAX    13
2021 02 27 21 13 MIN     5
2021 02 28 03 10 MAX    21
2021 02 28 10 21 MIN    -8
2021 02 28 16 40 MAX    14
2021 02 28 21 58 MIN     3
2021 03 01 03 55 MAX    22
2021 03 01 10 58 MIN    -6
2021 03 01 17 03 MAX    15
2021 03 01 22 45 MIN     2
2021 03 02 04 43 MAX    21
2021 03 02 11 34 MIN    -3
2021 03 02 17 29 MAX    16
2021 03 02 23 37 MIN     0
2021 03 03 05 35 MAX    19
2021 03 03 12 09 MIN     0
2021 03 03 17 58 MAX    17
2021 03 04 00 35 MIN    -1
2021 03 04 06 37 MAX    16
2021 03 04 12 44 MIN     4
2021 03 04 18 32 MAX    19
2021 03 05 01 42 MIN    -2
2021 03 05 08 08 MAX    13
2021 03 05 13 18 MIN     8
2021 03 05 19 12 MAX    19
2021 03 06 02 59 MIN    -3
2021 03 06 10 40 MAX    12
2021 03 06 13 51 MIN    10
2021 03 06 20 03 MAX    19
2021 03 07 04 23 MIN    -4
2021 03 07 21 12 MAX    19
2021 03 08 05 46 MIN    -5
2021 03 08 14 40 MAX    13
2021 03 08 17 04 MIN    12
2021 03 08 22 38 MAX    18
2021 03 09 06 56 MIN    -6
2021 03 09 15 03 MAX    13
2021 03 09 18 30 MIN    11
2021 03 09 23 59 MAX    18
2021 03 10 07 51 MIN    -7
2021 03 10 15 19 MAX    12
2021 03 10 19 28 MIN     8
2021 03 11 01 05 MAX    19
2021 03 11 08 35 MIN    -7
2021 03 11 15 31 MAX    12
2021 03 11 20 15 MIN     6
2021 03 12 01 57 MAX    19
2021 03 12 09 12 MIN    -7
2021 03 12 15 45 MAX    12
2021 03 12 20 57 MIN     4
2021 03 13 02 42 MAX    19
2021 03 13 09 45 MIN    -6
2021 03 13 16 01 MAX    13
2021 03 13 21 36 MIN     3
2021 03 14 03 22 MAX    18
2021 03 14 10 16 MIN    -5
2021 03 14 16 20 MAX    13
2021 03 14 22 14 MIN     2
2021 03 15 04 01 MAX    17
2021 03 15 10 44 MIN    -3
2021 03 15 16 39 MAX    14
2021 03 15 22 51 MIN     1
2021 03 16 04 40 MAX    16
2021 03 16 11 08 MIN    -1
2021 03 16 16 57 MAX    14
2021 03 16 23 28 MIN     0
2021 03 17 05 21 MAX    14
2021 03 17 11 29 MIN     2
2021 03 17 17 14 MAX    15
2021 03 18 00 07 MIN    -1
2021 03 18 06 07 MAX    12
2021 03 18 11 44 MIN     4
2021 03 18 17 32 MAX    15
2021 03 19 00 50 MIN    -2
2021 03 19 07 06 MAX    10
2021 03 19 11 57 MIN     6
2021 03 19 17 55 MAX    16
2021 03 20 01 41 MIN    -2
2021 03 20 08 49 MAX     9
2021 03 20 12 06 MIN     7
2021 03 20 18 22 MAX    16
2021 03 21 02 42 MIN    -2
2021 03 21 19 01 MAX    15
2021 03 22 03 56 MIN    -3
2021 03 22 20 00 MAX    14
2021 03 23 05 13 MIN    -4
2021 03 23 21 32 MAX    14
2021 03 24 06 20 MIN    -5
2021 03 24 14 25 MAX    11
2021 03 24 17 54 MIN     9
2021 03 24 23 08 MAX    14
2021 03 25 07 13 MIN    -6
2021 03 25 14 38 MAX    12
2021 03 25 18 54 MIN     8
2021 03 26 00 24 MAX    16
2021 03 26 07 56 MIN    -7
2021 03 26 14 53 MAX    13
2021 03 26 19 40 MIN     6
2021 03 27 01 24 MAX    18
2021 03 27 08 35 MIN    -7
2021 03 27 15 08 MAX    14
2021 03 27 20 22 MIN     5
2021 03 28 02 15 MAX    20
2021 03 28 09 12 MIN    -5
2021 03 28 15 26 MAX    16
2021 03 28 21 04 MIN     3
2021 03 29 03 05 MAX    22
2021 03 29 09 49 MIN    -3
2021 03 29 15 47 MAX    18
2021 03 29 21 50 MIN     1
2021 03 30 03 54 MAX    23
2021 03 30 10 24 MIN     1
2021 03 30 16 12 MAX    21
2021 03 30 22 38 MIN    -1
2021 03 31 04 48 MAX    22
2021 03 31 11 00 MIN     5
2021 03 31 16 40 MAX    23
2021 03 31 23 30 MIN    -2
2021 04 01 05 49 MAX    21
2021 04 01 11 35 MIN     9
2021 04 01 17 12 MAX    25
2021 04 02 00 27 MIN    -3
2021 04 02 07 15 MAX    19
2021 04 02 12 09 MIN    12
2021 04 02 17 48 MAX    25
2021 04 03 01 31 MIN    -3
2021 04 03 09 14 MAX    17
2021 04 03 12 42 MIN    15
2021 04 03 18 31 MAX    25
2021 04 04 02 43 MIN    -2
2021 04 04 19 29 MAX    23
2021 04 05 04 03 MIN    -2
2021 04 05 20 51 MAX    21
2021 04 06 05 24 MIN    -1
2021 04 06 13 50 MAX    16
2021 04 06 17 19 MIN    14
2021 04 06 22 26 MAX    20
2021 04 07 06 33 MIN    -2
2021 04 07 14 11 MAX    16
2021 04 07 18 36 MIN    11
2021 04 07 23 52 MAX    19
2021 04 08 07 24 MIN    -2
2021 04 08 14 26 MAX    15
2021 04 08 19 29 MIN     8
2021 04 09 01 00 MAX    18
2021 04 09 08 05 MIN    -2
2021 04 09 14 40 MAX    16
2021 04 09 20 12 MIN     6
2021 04 10 01 52 MAX    18
2021 04 10 08 38 MIN    -1
2021 04 10 14 54 MAX    16
2021 04 10 20 50 MIN     4
2021 04 11 02 37 MAX    18
2021 04 11 09 08 MIN     1
2021 04 11 15 10 MAX    17
2021 04 11 21 26 MIN     3
2021 04 12 03 17 MAX    18
2021 04 12 09 35 MIN     3
2021 04 12 15 26 MAX    18
2021 04 12 21 59 MIN     2
2021 04 13 03 57 MAX    18
2021 04 13 09 58 MIN     5
2021 04 13 15 43 MAX    19
2021 04 13 22 32 MIN     1
2021 04 14 04 38 MAX    18
2021 04 14 10 18 MIN     8
2021 04 14 16 00 MAX    21
2021 04 14 23 05 MIN     1
2021 04 15 05 24 MAX    17
2021 04 15 10 35 MIN    10
2021 04 15 16 19 MAX    22
2021 04 15 23 41 MIN     1
2021 04 16 06 21 MAX    17
2021 04 16 10 53 MIN    12
2021 04 16 16 41 MAX    23
2021 04 17 00 22 MIN     1
2021 04 17 07 42 MAX    16
2021 04 17 11 12 MIN    14
2021 04 17 17 08 MAX    23
2021 04 18 01 09 MIN     1
2021 04 18 17 41 MAX    22
2021 04 19 02 05 MIN     1
2021 04 19 18 22 MAX    21
2021 04 20 03 13 MIN     1
2021 04 20 19 23 MAX    20
2021 04 21 04 27 MIN     1
2021 04 21 20 57 MAX    19
2021 04 22 05 35 MIN     0
2021 04 22 13 28 MAX    17
2021 04 22 17 43 MIN    14
2021 04 22 22 38 MAX    18
2021 04 23 06 30 MIN     0
2021 04 23 13 42 MAX    18
2021 04 23 18 39 MIN    12
2021 04 24 00 02 MAX    20
2021 04 24 07 16 MIN     0
2021 04 24 13 56 MAX    19
2021 04 24 19 25 MIN     9
2021 04 25 01 10 MAX    22
2021 04 25 07 57 MIN     2
2021 04 25 14 13 MAX    21
2021 04 25 20 09 MIN     7
2021 04 26 02 09 MAX    24
2021 04 26 08 36 MIN     5
2021 04 26 14 34 MAX    24
2021 04 26 20 54 MIN     4
2021 04 27 03 05 MAX    25
2021 04 27 09 13 MIN     8
2021 04 27 15 00 MAX    27
2021 04 27 21 40 MIN     2
2021 04 28 04 02 MAX    26
2021 04 28 09 50 MIN    13
2021 04 28 15 29 MAX    30
2021 04 28 22 30 MIN     1
2021 04 29 05 06 MAX    26
2021 04 29 10 26 MIN    17
2021 04 29 16 01 MAX    33
2021 04 29 23 23 MIN     0
2021 04 30 06 27 MAX    26
2021 04 30 11 02 MIN    20
2021 04 30 16 38 MAX    34
2021 05 01 00 20 MIN     1
2021 05 01 08 05 MAX    25
2021 05 01 11 39 MIN    22
2021 05 01 17 20 MAX    34
2021 05 02 01 22 MIN     2
2021 05 02 09 35 MAX    24
2021 05 02 12 23 MIN    23
2021 05 02 18 10 MAX    32
2021 05 03 02 28 MIN     3
2021 05 03 19 15 MAX    29
2021 05 04 03 40 MIN     5
2021 05 04 12 13 MAX    23
2021 05 04 15 33 MIN    21
2021 05 04 20 39 MAX    26
2021 05 05 04 53 MIN     5
2021 05 05 12 49 MAX    22
2021 05 05 17 17 MIN    18
2021 05 05 22 10 MAX    23
2021 05 06 05 56 MIN     6
2021 05 06 13 13 MAX    21
2021 05 06 18 29 MIN    15
2021 05 06 23 38 MAX    21
2021 05 07 06 45 MIN     7
2021 05 07 13 32 MAX    21
2021 05 07 19 21 MIN    12
2021 05 08 00 52 MAX    21
2021 05 08 07 24 MIN     7
2021 05 08 13 48 MAX    22
2021 05 08 20 02 MIN     9
2021 05 09 01 50 MAX    20
2021 05 09 07 56 MIN     9
2021 05 09 14 03 MAX    23
2021 05 09 20 39 MIN     8
2021 05 10 02 39 MAX    21
2021 05 10 08 23 MIN    11
2021 05 10 14 19 MAX    24
2021 05 10 21 11 MIN     7
2021 05 11 03 24 MAX    21
2021 05 11 08 46 MIN    13
2021 05 11 14 35 MAX    26
2021 05 11 21 42 MIN     6
2021 05 12 04 08 MAX    22
2021 05 12 09 07 MIN    16
2021 05 12 14 52 MAX    28
2021 05 12 22 13 MIN     6
2021 05 13 04 56 MAX    23
2021 05 13 09 27 MIN    18
2021 05 13 15 14 MAX    29
2021 05 13 22 47 MIN     6
2021 05 14 05 51 MAX    23
2021 05 14 09 48 MIN    20
2021 05 14 15 39 MAX    31
2021 05 14 23 23 MIN     6
2021 05 15 06 55 MAX    23
2021 05 15 10 13 MIN    21
2021 05 15 16 08 MAX    31
2021 05 16 00 04 MIN     6
2021 05 16 08 02 MAX    23
2021 05 16 10 41 MIN    22
2021 05 16 16 42 MAX    31
2021 05 17 00 50 MIN     7
2021 05 17 17 20 MAX    30
2021 05 18 01 42 MIN     7
2021 05 18 18 07 MAX    29
2021 05 19 02 41 MIN     7
2021 05 19 19 09 MAX    27
2021 05 20 03 45 MIN     7
2021 05 20 11 57 MAX    23
2021 05 20 15 50 MIN    21
2021 05 20 20 34 MAX    25
2021 05 21 04 48 MIN     8
2021 05 21 12 19 MAX    24
2021 05 21 17 17 MIN    19
2021 05 21 22 11 MAX    24
2021 05 22 05 44 MIN     9
2021 05 22 12 36 MAX    25
2021 05 22 18 18 MIN    16
2021 05 22 23 45 MAX    25
2021 05 23 06 33 MIN    11
2021 05 23 12 56 MAX    27
2021 05 23 19 08 MIN    13
2021 05 24 01 07 MAX    26
2021 05 24 07 17 MIN    14
2021 05 24 13 20 MAX    30
2021 05 24 19 56 MIN    10
2021 05 25 02 16 MAX    28
2021 05 25 07 59 MIN    17
2021 05 25 13 47 MAX    34
2021 05 25 20 44 MIN     8
2021 05 26 03 20 MAX    30
2021 05 26 08 38 MIN    21
2021 05 26 14 20 MAX    37
2021 05 26 21 33 MIN     6
2021 05 27 04 27 MAX    31
2021 05 27 09 16 MIN    24
2021 05 27 14 55 MAX    40
2021 05 27 22 24 MIN     5
2021 05 28 05 42 MAX    32
2021 05 28 09 55 MIN    27
2021 05 28 15 35 MAX    42
2021 05 28 23 17 MIN     6
2021 05 29 07 01 MAX    32
2021 05 29 10 35 MIN    29
2021 05 29 16 19 MAX    42
2021 05 30 00 13 MIN     7
2021 05 30 08 12 MAX    31
2021 05 30 11 21 MIN    29
2021 05 30 17 08 MAX    41
2021 05 31 01 10 MIN     8
2021 05 31 09 17 MAX    30
2021 05 31 12 20 MIN    29
2021 05 31 18 03 MAX    38
2021 06 01 02 09 MIN    10
2021 06 01 10 16 MAX    29
2021 06 01 13 42 MIN    27
2021 06 01 19 08 MAX    35
2021 06 02 03 09 MIN    11
2021 06 02 11 04 MAX    28
2021 06 02 15 21 MIN    25
2021 06 02 20 21 MAX    31
2021 06 03 04 10 MIN    13
2021 06 03 11 41 MAX    27
2021 06 03 16 55 MIN    22
2021 06 03 21 43 MAX    27
2021 06 04 05 05 MIN    14
2021 06 04 12 09 MAX    27
2021 06 04 18 07 MIN    19
2021 06 04 23 16 MAX    24
2021 06 05 05 52 MIN    15
2021 06 05 12 32 MAX    27
2021 06 05 19 01 MIN    16
2021 06 06 00 49 MAX    23
2021 06 06 06 31 MIN    17
2021 06 06 12 50 MAX    28
2021 06 06 19 44 MIN    13
2021 06 07 02 01 MAX    24
2021 06 07 07 03 MIN    19
2021 06 07 13 07 MAX    29
2021 06 07 20 21 MIN    12
2021 06 08 02 59 MAX    25
2021 06 08 07 30 MIN    21
2021 06 08 13 26 MAX    31
2021 06 08 20 53 MIN    11
2021 06 09 03 48 MAX    26
2021 06 09 07 53 MIN    23
2021 06 09 13 47 MAX    33
2021 06 09 21 25 MIN    11
2021 06 10 04 34 MAX    27
2021 06 10 08 17 MIN    25
2021 06 10 14 13 MAX    35
2021 06 10 21 58 MIN    11
2021 06 11 05 19 MAX    28
2021 06 11 08 44 MIN    26
2021 06 11 14 43 MAX    36
2021 06 11 22 33 MIN    11
2021 06 12 06 07 MAX    29
2021 06 12 09 15 MIN    27
2021 06 12 15 17 MAX    38
2021 06 12 23 11 MIN    11
2021 06 13 06 56 MAX    29
2021 06 13 09 50 MIN    28
2021 06 13 15 53 MAX    38
2021 06 13 23 52 MIN    11
2021 06 14 07 47 MAX    29
2021 06 14 10 28 MIN    28
2021 06 14 16 32 MAX    38
2021 06 15 00 36 MIN    11
2021 06 15 08 36 MAX    29
2021 06 15 11 13 MIN    28
2021 06 15 17 16 MAX    36
2021 06 16 01 22 MIN    12
2021 06 16 09 22 MAX    28
2021 06 16 12 12 MIN    27
2021 06 16 18 05 MAX    35
2021 06 17 02 11 MIN    12
2021 06 17 10 01 MAX    28
2021 06 17 13 39 MIN    26
2021 06 17 19 05 MAX    32
2021 06 18 03 03 MIN    14
2021 06 18 10 32 MAX    28
2021 06 18 15 20 MIN    25
2021 06 18 20 21 MAX    30
2021 06 19 03 59 MIN    15
2021 06 19 10 58 MAX    29
2021 06 19 16 47 MIN    22
2021 06 19 21 57 MAX    29
2021 06 20 04 55 MIN    18
2021 06 20 11 25 MAX    31
2021 06 20 17 55 MIN    19
2021 06 20 23 50 MAX    29
2021 06 21 05 48 MIN    21
2021 06 21 11 56 MAX    34
2021 06 21 18 52 MIN    15
2021 06 22 01 29 MAX    30
2021 06 22 06 38 MIN    24
2021 06 22 12 31 MAX    37
2021 06 22 19 45 MIN    13
2021 06 23 02 48 MAX    32
2021 06 23 07 23 MIN    27
2021 06 23 13 10 MAX    40
2021 06 23 20 37 MIN    11
2021 06 24 03 55 MAX    34
2021 06 24 08 07 MIN    29
2021 06 24 13 51 MAX    44
2021 06 24 21 28 MIN    10
2021 06 25 04 57 MAX    35
2021 06 25 08 49 MIN    31
2021 06 25 14 36 MAX    46
2021 06 25 22 19 MIN     9
2021 06 26 05 55 MAX    35
2021 06 26 09 33 MIN    32
2021 06 26 15 23 MAX    47
2021 06 26 23 11 MIN    10
2021 06 27 06 50 MAX    35
2021 06 27 10 20 MIN    32
2021 06 27 16 12 MAX    46
2021 06 28 00 02 MIN    11
2021 06 28 07 39 MAX    34
2021 06 28 11 13 MIN    31
2021 06 28 17 03 MAX    44
2021 06 29 00 51 MIN    13
2021 06 29 08 24 MAX    33
2021 06 29 12 14 MIN    30
2021 06 29 17 56 MAX    41
2021 06 30 01 41 MIN    14
2021 06 30 09 05 MAX    32
2021 06 30 13 28 MIN    28
2021 06 30 18 52 MAX    37
2021 07 01 02 28 MIN    16
2021 07 01 09 43 MAX    31
2021 07 01 14 50 MIN    26
2021 07 01 19 54 MAX    32
2021 07 02 03 14 MIN    18
2021 07 02 10 16 MAX    30
2021 07 02 16 14 MIN    23
2021 07 02 21 09 MAX    29
2021 07 03 03 57 MIN    20
2021 07 03 10 46 MAX    30
2021 07 03 17 29 MIN    21
2021 07 03 22 58 MAX    26
2021 07 04 04 39 MIN    21
2021 07 04 11 11 MAX    30
2021 07 04 18 29 MIN    18
2021 07 05 01 05 MAX    25
2021 07 05 05 17 MIN    23
2021 07 05 11 35 MAX    31
2021 07 05 19 16 MIN    16
2021 07 06 02 29 MAX    26
2021 07 06 05 53 MIN    25
2021 07 06 12 03 MAX    32
2021 07 06 19 56 MIN    14
2021 07 07 03 24 MAX    28
2021 07 07 06 29 MIN    26
2021 07 07 12 35 MAX    34
2021 07 07 20 32 MIN    13
2021 07 08 04 03 MAX    29
2021 07 08 07 06 MIN    28
2021 07 08 13 11 MAX    36
2021 07 08 21 08 MIN    13
2021 07 09 04 36 MAX    30
2021 07 09 07 44 MIN    28
2021 07 09 13 50 MAX    38
2021 07 09 21 44 MIN    13
2021 07 10 05 10 MAX    31
2021 07 10 08 23 MIN    29
2021 07 10 14 29 MAX    39
2021 07 10 22 20 MIN    13
2021 07 11 05 44 MAX    31
2021 07 11 09 03 MIN    29
2021 07 11 15 09 MAX    41
2021 07 11 22 58 MIN    13
2021 07 12 06 19 MAX    31
2021 07 12 09 43 MIN    29
2021 07 12 15 49 MAX    41
2021 07 12 23 36 MIN    13
2021 07 13 06 55 MAX    31
2021 07 13 10 28 MIN    29
2021 07 13 16 31 MAX    41
2021 07 14 00 15 MIN    13
2021 07 14 07 28 MAX    31
2021 07 14 11 18 MIN    28
2021 07 14 17 15 MAX    39
2021 07 15 00 55 MIN    14
2021 07 15 07 58 MAX    31
2021 07 15 12 17 MIN    27
2021 07 15 18 05 MAX    37
2021 07 16 01 36 MIN    16
2021 07 16 08 27 MAX    31
2021 07 16 13 29 MIN    26
2021 07 16 19 03 MAX    35
2021 07 17 02 20 MIN    18
2021 07 17 08 58 MAX    32
2021 07 17 14 55 MIN    24
2021 07 17 20 19 MAX    32
2021 07 18 03 08 MIN    21
2021 07 18 09 33 MAX    33
2021 07 18 16 20 MIN    21
2021 07 18 22 14 MAX    30
2021 07 19 04 03 MIN    24
2021 07 19 10 15 MAX    35
2021 07 19 17 36 MIN    18
2021 07 20 00 39 MAX    30
2021 07 20 05 04 MIN    27
2021 07 20 11 02 MAX    38
2021 07 20 18 41 MIN    15
2021 07 21 02 21 MAX    32
2021 07 21 06 04 MIN    30
2021 07 21 11 53 MAX    40
2021 07 21 19 40 MIN    13
2021 07 22 03 26 MAX    33
2021 07 22 06 59 MIN    31
2021 07 22 12 47 MAX    43
2021 07 22 20 33 MIN    12
2021 07 23 04 13 MAX    34
2021 07 23 07 49 MIN    32
2021 07 23 13 39 MAX    45
2021 07 23 21 23 MIN    11
2021 07 24 04 51 MAX    34
2021 07 24 08 36 MIN    31
2021 07 24 14 31 MAX    46
2021 07 24 22 11 MIN    11
2021 07 25 05 23 MAX    34
2021 07 25 09 23 MIN    30
2021 07 25 15 20 MAX    46
2021 07 25 22 56 MIN    12
2021 07 26 05 54 MAX    34
2021 07 26 10 12 MIN    29
2021 07 26 16 07 MAX    45
2021 07 26 23 40 MIN    13
2021 07 27 06 26 MAX    33
2021 07 27 11 03 MIN    28
2021 07 27 16 54 MAX    43
2021 07 28 00 22 MIN    15
2021 07 28 06 59 MAX    33
2021 07 28 11 59 MIN    27
2021 07 28 17 41 MAX    40
2021 07 29 01 00 MIN    16
2021 07 29 07 31 MAX    32
2021 07 29 13 00 MIN    25
2021 07 29 18 30 MAX    36
2021 07 30 01 37 MIN    19
2021 07 30 08 01 MAX    32
2021 07 30 14 08 MIN    24
2021 07 30 19 26 MAX    32
2021 07 31 02 09 MIN    21
2021 07 31 08 29 MAX    31
2021 07 31 15 20 MIN    22
2021 07 31 20 43 MAX    28
2021 08 01 02 35 MIN    23
2021 08 01 08 55 MAX    31
2021 08 01 16 32 MIN    20
2021 08 01 23 00 MAX    26
2021 08 02 02 55 MIN    25
2021 08 02 09 26 MAX    31
2021 08 02 17 40 MIN    18
2021 08 03 10 06 MAX    32
2021 08 03 18 38 MIN    16
2021 08 04 10 58 MAX    33
2021 08 04 19 26 MIN    14
2021 08 05 11 56 MAX    34
2021 08 05 20 08 MIN    13
2021 08 06 03 43 MAX    29
2021 08 06 06 48 MIN    28
2021 08 06 12 51 MAX    36
2021 08 06 20 47 MIN    12
2021 08 07 04 05 MAX    30
2021 08 07 07 35 MIN    27
2021 08 07 13 39 MAX    37
2021 08 07 21 23 MIN    12
2021 08 08 04 28 MAX    30
2021 08 08 08 17 MIN    27
2021 08 08 14 23 MAX    39
2021 08 08 21 59 MIN    12
2021 08 09 04 52 MAX    30
2021 08 09 08 58 MIN    26
2021 08 09 15 04 MAX    40
2021 08 09 22 35 MIN    12
2021 08 10 05 14 MAX    31
2021 08 10 09 41 MIN    26
2021 08 10 15 45 MAX    41
2021 08 10 23 10 MIN    13
2021 08 11 05 36 MAX    31
2021 08 11 10 26 MIN    25
2021 08 11 16 27 MAX    41
2021 08 11 23 45 MIN    14
2021 08 12 06 00 MAX    32
2021 08 12 11 15 MIN    24
2021 08 12 17 13 MAX    39
2021 08 13 00 21 MIN    16
2021 08 13 06 27 MAX    32
2021 08 13 12 12 MIN    23
2021 08 13 18 05 MAX    37
2021 08 14 00 58 MIN    19
2021 08 14 06 59 MAX    33
2021 08 14 13 17 MIN    21
2021 08 14 19 08 MAX    34
2021 08 15 01 36 MIN    22
2021 08 15 07 36 MAX    34
2021 08 15 14 34 MIN    20
2021 08 15 20 43 MAX    31
2021 08 16 02 18 MIN    26
2021 08 16 08 20 MAX    36
2021 08 16 15 59 MIN    18
2021 08 16 23 25 MAX    30
2021 08 17 03 12 MIN    28
2021 08 17 09 17 MAX    37
2021 08 17 17 21 MIN    16
2021 08 18 01 41 MAX    31
2021 08 18 04 31 MIN    30
2021 08 18 10 24 MAX    38
2021 08 18 18 33 MIN    14
2021 08 19 02 48 MAX    32
2021 08 19 05 52 MIN    31
2021 08 19 11 36 MAX    39
2021 08 19 19 35 MIN    12
2021 08 20 03 24 MAX    32
2021 08 20 06 54 MIN    30
2021 08 20 12 42 MAX    41
2021 08 20 20 27 MIN    11
2021 08 21 03 47 MAX    32
2021 08 21 07 46 MIN    28
2021 08 21 13 39 MAX    42
2021 08 21 21 12 MIN    11
2021 08 22 04 05 MAX    32
2021 08 22 08 32 MIN    27
2021 08 22 14 29 MAX    43
2021 08 22 21 54 MIN    11
2021 08 23 04 24 MAX    32
2021 08 23 09 18 MIN    25
2021 08 23 15 15 MAX    42
2021 08 23 22 31 MIN    12
2021 08 24 04 47 MAX    32
2021 08 24 10 03 MIN    24
2021 08 24 15 58 MAX    41
2021 08 24 23 08 MIN    14
2021 08 25 05 12 MAX    32
2021 08 25 10 49 MIN    22
2021 08 25 16 41 MAX    39
2021 08 25 23 41 MIN    16
2021 08 26 05 37 MAX    32
2021 08 26 11 37 MIN    21
2021 08 26 17 24 MAX    36
2021 08 27 00 11 MIN    18
2021 08 27 06 02 MAX    32
2021 08 27 12 26 MIN    20
2021 08 27 18 10 MAX    33
2021 08 28 00 37 MIN    20
2021 08 28 06 24 MAX    32
2021 08 28 13 20 MIN    19
2021 08 28 19 07 MAX    30
2021 08 29 00 56 MIN    23
2021 08 29 06 45 MAX    31
2021 08 29 14 19 MIN    18
2021 08 29 20 38 MAX    27
2021 08 30 01 05 MIN    24
2021 08 30 07 09 MAX    31
2021 08 30 15 26 MIN    17
2021 08 31 07 45 MAX    31
2021 08 31 16 39 MIN    16
2021 09 01 08 44 MAX    31
2021 09 01 17 51 MIN    15
2021 09 02 10 09 MAX    31
2021 09 02 18 50 MIN    13
2021 09 03 02 46 MAX    27
2021 09 03 05 45 MIN    26
2021 09 03 11 31 MAX    32
2021 09 03 19 38 MIN    12
2021 09 04 02 59 MAX    28
2021 09 04 06 45 MIN    25
2021 09 04 12 36 MAX    33
2021 09 04 20 18 MIN    11
2021 09 05 03 17 MAX    28
2021 09 05 07 30 MIN    24
2021 09 05 13 28 MAX    35
2021 09 05 20 54 MIN    10
2021 09 06 03 35 MAX    29
2021 09 06 08 10 MIN    23
2021 09 06 14 13 MAX    37
2021 09 06 21 28 MIN    10
2021 09 07 03 52 MAX    29
2021 09 07 08 51 MIN    22
2021 09 07 14 55 MAX    38
2021 09 07 22 02 MIN    11
2021 09 08 04 11 MAX    30
2021 09 08 09 32 MIN    20
2021 09 08 15 38 MAX    39
2021 09 08 22 36 MIN    13
2021 09 09 04 33 MAX    32
2021 09 09 10 18 MIN    19
2021 09 09 16 23 MAX    39
2021 09 09 23 10 MIN    16
2021 09 10 04 57 MAX    33
2021 09 10 11 07 MIN    18
2021 09 10 17 13 MAX    37
2021 09 10 23 44 MIN    19
2021 09 11 05 26 MAX    35
2021 09 11 12 02 MIN    17
2021 09 11 18 11 MAX    35
2021 09 12 00 19 MIN    23
2021 09 12 05 58 MAX    36
2021 09 12 13 05 MIN    16
2021 09 12 19 34 MAX    32
2021 09 13 00 55 MIN    26
2021 09 13 06 37 MAX    37
2021 09 13 14 19 MIN    15
2021 09 13 21 58 MAX    31
2021 09 14 01 32 MIN    29
2021 09 14 07 27 MAX    37
2021 09 14 15 42 MIN    15
2021 09 15 08 38 MAX    37
2021 09 15 17 09 MIN    14
2021 09 16 01 52 MAX    31
2021 09 16 04 33 MIN    30
2021 09 16 10 09 MAX    36
2021 09 16 18 24 MIN    12
2021 09 17 02 23 MAX    30
2021 09 17 05 58 MIN    28
2021 09 17 11 34 MAX    37
2021 09 17 19 24 MIN    11
2021 09 18 02 43 MAX    30
2021 09 18 06 58 MIN    26
2021 09 18 12 43 MAX    37
2021 09 18 20 11 MIN    11
2021 09 19 02 57 MAX    29
2021 09 19 07 46 MIN    23
2021 09 19 13 38 MAX    37
2021 09 19 20 51 MIN    11
2021 09 20 03 12 MAX    30
2021 09 20 08 29 MIN    21
2021 09 20 14 25 MAX    37
2021 09 20 21 25 MIN    12
2021 09 21 03 30 MAX    30
2021 09 21 09 11 MIN    19
2021 09 21 15 08 MAX    37
2021 09 21 21 58 MIN    13
2021 09 22 03 51 MAX    31
2021 09 22 09 51 MIN    18
2021 09 22 15 48 MAX    35
2021 09 22 22 27 MIN    15
2021 09 23 04 12 MAX    31
2021 09 23 10 31 MIN    17
2021 09 23 16 29 MAX    34
2021 09 23 22 55 MIN    17
2021 09 24 04 32 MAX    32
2021 09 24 11 11 MIN    16
2021 09 24 17 12 MAX    32
2021 09 24 23 18 MIN    20
2021 09 25 04 51 MAX    32
2021 09 25 11 51 MIN    16
2021 09 25 18 01 MAX    30
2021 09 25 23 36 MIN    22
2021 09 26 05 11 MAX    32
2021 09 26 12 35 MIN    15
2021 09 26 19 08 MAX    28
2021 09 26 23 48 MIN    24
2021 09 27 05 32 MAX    32
2021 09 27 13 25 MIN    15
2021 09 27 20 57 MAX    26
2021 09 27 23 55 MIN    25
2021 09 28 05 59 MAX    32
2021 09 28 14 27 MIN    15
2021 09 29 06 37 MAX    31
2021 09 29 15 42 MIN    14
2021 09 30 07 43 MAX    30
2021 09 30 17 02 MIN    13
2021 10 01 09 31 MAX    29
2021 10 01 18 09 MIN    12
2021 10 02 01 53 MAX    26
2021 10 02 05 43 MIN    24
2021 10 02 11 05 MAX    29
2021 10 02 19 00 MIN    10
2021 10 03 02 08 MAX    26
2021 10 03 06 36 MIN    22
2021 10 03 12 16 MAX    30
2021 10 03 19 41 MIN    10
2021 10 04 02 24 MAX    27
2021 10 04 07 18 MIN    20
2021 10 04 13 11 MAX    32
2021 10 04 20 17 MIN    10
2021 10 05 02 39 MAX    28
2021 10 05 07 59 MIN    18
2021 10 05 14 00 MAX    34
2021 10 05 20 51 MIN    11
2021 10 06 02 57 MAX    29
2021 10 06 08 39 MIN    16
2021 10 06 14 46 MAX    35
2021 10 06 21 25 MIN    13
2021 10 07 03 17 MAX    32
2021 10 07 09 22 MIN    14
2021 10 07 15 34 MAX    36
2021 10 07 22 00 MIN    16
2021 10 08 03 41 MAX    34
2021 10 08 10 08 MIN    13
2021 10 08 16 24 MAX    36
2021 10 08 22 34 MIN    20
2021 10 09 04 09 MAX    36
2021 10 09 10 57 MIN    12
2021 10 09 17 22 MAX    35
2021 10 09 23 09 MIN    24
2021 10 10 04 40 MAX    38
2021 10 10 11 52 MIN    11
2021 10 10 18 39 MAX    33
2021 10 10 23 43 MIN    27
2021 10 11 05 16 MAX    39
2021 10 11 12 55 MIN    11
2021 10 11 20 39 MAX    32
2021 10 12 00 19 MIN    29
2021 10 12 05 58 MAX    39
2021 10 12 14 07 MIN    12
2021 10 12 22 33 MAX    31
2021 10 13 01 03 MIN    30
2021 10 13 06 56 MAX    37
2021 10 13 15 28 MIN    12
2021 10 14 08 23 MAX    35
2021 10 14 16 52 MIN    12
2021 10 15 01 09 MAX    29
2021 10 15 04 44 MIN    27
2021 10 15 10 04 MAX    34
2021 10 15 18 06 MIN    12
2021 10 16 01 34 MAX    28
2021 10 16 06 02 MIN    24
2021 10 16 11 31 MAX    32
2021 10 16 19 01 MIN    11
2021 10 17 01 51 MAX    28
2021 10 17 06 57 MIN    20
2021 10 17 12 41 MAX    32
2021 10 17 19 44 MIN    12
2021 10 18 02 07 MAX    28
2021 10 18 07 43 MIN    17
2021 10 18 13 36 MAX    31
2021 10 18 20 19 MIN    12
2021 10 19 02 23 MAX    28
2021 10 19 08 24 MIN    15
2021 10 19 14 23 MAX    31
2021 10 19 20 50 MIN    13
2021 10 20 02 42 MAX    29
2021 10 20 09 02 MIN    13
2021 10 20 15 05 MAX    31
2021 10 20 21 17 MIN    15
2021 10 21 03 00 MAX    30
2021 10 21 09 37 MIN    13
2021 10 21 15 46 MAX    30
2021 10 21 21 43 MIN    18
2021 10 22 03 19 MAX    31
2021 10 22 10 12 MIN    12
2021 10 22 16 27 MAX    30
2021 10 22 22 05 MIN    20
2021 10 23 03 37 MAX    32
2021 10 23 10 46 MIN    12
2021 10 23 17 13 MAX    29
2021 10 23 22 23 MIN    22
2021 10 24 03 57 MAX    33
2021 10 24 11 22 MIN    12
2021 10 24 18 11 MAX    28
2021 10 24 22 39 MIN    24
2021 10 25 04 19 MAX    33
2021 10 25 12 02 MIN    12
2021 10 25 19 31 MAX    27
2021 10 25 22 56 MIN    25
2021 10 26 04 45 MAX    33
2021 10 26 12 49 MIN    12
2021 10 26 20 59 MAX    26
2021 10 26 23 12 MIN    25
2021 10 27 05 17 MAX    32
2021 10 27 13 46 MIN    12
2021 10 28 06 00 MAX    30
2021 10 28 14 55 MIN    12
2021 10 29 07 06 MAX    28
2021 10 29 16 11 MIN    11
2021 10 30 08 50 MAX    26
2021 10 30 17 19 MIN    10
2021 10 31 00 55 MAX    24
2021 10 31 05 25 MIN    21
2021 10 31 10 29 MAX    26
2021 10 31 18 12 MIN    10
2021 11 01 01 11 MAX    25
2021 11 01 06 19 MIN    18
2021 11 01 11 49 MAX    27
2021 11 01 18 56 MIN    10
2021 11 02 01 26 MAX    26
2021 11 02 07 03 MIN    16
2021 11 02 12 55 MAX    28
2021 11 02 19 36 MIN    11
2021 11 03 01 44 MAX    28
2021 11 03 07 44 MIN    13
2021 11 03 13 52 MAX    30
2021 11 03 20 12 MIN    13
2021 11 04 02 05 MAX    30
2021 11 04 08 27 MIN    11
2021 11 04 14 46 MAX    32
2021 11 04 20 48 MIN    16
2021 11 05 02 29 MAX    33
2021 11 05 09 11 MIN     9
2021 11 05 15 40 MAX    33
2021 11 05 21 24 MIN    20
2021 11 06 02 58 MAX    36
2021 11 06 09 59 MIN     7
2021 11 06 16 39 MAX    33
2021 11 06 22 00 MIN    24
2021 11 07 03 31 MAX    39
2021 11 07 10 50 MIN     7
2021 11 07 17 53 MAX    33
2021 11 07 22 36 MIN    26
2021 11 08 04 07 MAX    40
2021 11 08 11 46 MIN     7
2021 11 08 19 28 MAX    32
2021 11 08 23 13 MIN    28
2021 11 09 04 50 MAX    40
2021 11 09 12 47 MIN     8
2021 11 09 20 58 MAX    30
2021 11 09 23 56 MIN    29
2021 11 10 05 41 MAX    39
2021 11 10 13 55 MIN     9
2021 11 10 22 22 MAX    29
2021 11 11 01 02 MIN    28
2021 11 11 06 47 MAX    36
2021 11 11 15 08 MIN    10
2021 11 11 23 29 MAX    28
2021 11 12 02 53 MIN    26
2021 11 12 08 14 MAX    32
2021 11 12 16 24 MIN    11
2021 11 13 00 09 MAX    27
2021 11 13 04 38 MIN    23
2021 11 13 09 49 MAX    29
2021 11 13 17 31 MIN    11
2021 11 14 00 36 MAX    26
2021 11 14 05 55 MIN    19
2021 11 14 11 20 MAX    27
2021 11 14 18 24 MIN    12
2021 11 15 00 57 MAX    26
2021 11 15 06 51 MIN    15
2021 11 15 12 38 MAX    25
2021 11 15 19 04 MIN    12
2021 11 16 01 17 MAX    26
2021 11 16 07 37 MIN    12
2021 11 16 13 40 MAX    25
2021 11 16 19 38 MIN    14
2021 11 17 01 36 MAX    27
2021 11 17 08 17 MIN    10
2021 11 17 14 31 MAX    25
2021 11 17 20 08 MIN    15
2021 11 18 01 54 MAX    28
2021 11 18 08 52 MIN     9
2021 11 18 15 16 MAX    25
2021 11 18 20 33 MIN    17
2021 11 19 02 12 MAX    29
2021 11 19 09 25 MIN     8
2021 11 19 16 00 MAX    25
2021 11 19 20 55 MIN    19
2021 11 20 02 31 MAX    30
2021 11 20 09 56 MIN     8
2021 11 20 16 46 MAX    26
2021 11 20 21 15 MIN    21
2021 11 21 02 53 MAX    31
2021 11 21 10 29 MIN     8
2021 11 21 17 35 MAX    26
2021 11 21 21 34 MIN    23
2021 11 22 03 18 MAX    32
2021 11 22 11 05 MIN     8
2021 11 22 18 33 MAX    25
2021 11 22 21 56 MIN    23
2021 11 23 03 48 MAX    32
2021 11 23 11 44 MIN     8
2021 11 23 19 35 MAX    25
2021 11 23 22 23 MIN    23
2021 11 24 04 21 MAX    32
2021 11 24 12 28 MIN     8
2021 11 24 20 38 MAX    24
2021 11 24 22 54 MIN    23
2021 11 25 05 00 MAX    30
2021 11 25 13 19 MIN     8
2021 11 25 21 41 MAX    23
2021 11 26 00 01 MIN    22
2021 11 26 05 47 MAX    28
2021 11 26 14 15 MIN     8
2021 11 27 06 48 MAX    26
2021 11 27 15 17 MIN     8
2021 11 27 23 16 MAX    22
2021 11 28 03 23 MIN    20
2021 11 28 08 11 MAX    23
2021 11 28 16 18 MIN     8
2021 11 28 23 42 MAX    22
2021 11 29 04 53 MIN    17
2021 11 29 09 48 MAX    22
2021 11 29 17 15 MIN     9
2021 11 30 00 02 MAX    23
2021 11 30 05 55 MIN    14
2021 11 30 11 25 MAX    22
2021 11 30 18 06 MIN    11
2021 12 01 00 24 MAX    25
2021 12 01 06 45 MIN    11
2021 12 01 12 50 MAX    23
2021 12 01 18 51 MIN    13
2021 12 02 00 49 MAX    27
2021 12 02 07 31 MIN     8
2021 12 02 14 01 MAX    25
2021 12 02 19 32 MIN    16
2021 12 03 01 17 MAX    30
2021 12 03 08 17 MIN     5
2021 12 03 15 04 MAX    27
2021 12 03 20 12 MIN    19
2021 12 04 01 49 MAX    34
2021 12 04 09 05 MIN     3
2021 12 04 16 06 MAX    29
2021 12 04 20 51 MIN    22
2021 12 05 02 26 MAX    37
2021 12 05 09 55 MIN     2
2021 12 05 17 12 MAX    29
2021 12 05 21 30 MIN    24
2021 12 06 03 07 MAX    39
2021 12 06 10 47 MIN     2
2021 12 06 18 24 MAX    29
2021 12 06 22 10 MIN    25
2021 12 07 03 51 MAX    39
2021 12 07 11 42 MIN     2
2021 12 07 19 34 MAX    28
2021 12 07 22 54 MIN    25
2021 12 08 04 41 MAX    38
2021 12 08 12 39 MIN     4
2021 12 08 20 36 MAX    26
2021 12 08 23 49 MIN    24
2021 12 09 05 37 MAX    35
2021 12 09 13 37 MIN     5
2021 12 09 21 30 MAX    25
2021 12 10 01 04 MIN    23
2021 12 10 06 41 MAX    31
2021 12 10 14 37 MIN     7
2021 12 10 22 17 MAX    23
2021 12 11 02 39 MIN    20
2021 12 11 07 55 MAX    27
2021 12 11 15 38 MIN     8
2021 12 11 22 56 MAX    23
2021 12 12 04 16 MIN    17
2021 12 12 09 20 MAX    23
2021 12 12 16 35 MIN    10
2021 12 12 23 28 MAX    22
2021 12 13 05 36 MIN    13
2021 12 13 11 02 MAX    20
2021 12 13 17 26 MIN    11
2021 12 13 23 56 MAX    22
2021 12 14 06 38 MIN     9
2021 12 14 12 45 MAX    18
2021 12 14 18 10 MIN    12
2021 12 15 00 20 MAX    23
2021 12 15 07 26 MIN     6
2021 12 15 14 03 MAX    18
2021 12 15 18 48 MIN    14
2021 12 16 00 43 MAX    23
2021 12 16 08 05 MIN     5
2021 12 16 15 01 MAX    19
2021 12 16 19 18 MIN    15
2021 12 17 01 05 MAX    24
2021 12 17 08 40 MIN     3
2021 12 17 15 48 MAX    19
2021 12 17 19 44 MIN    17
2021 12 18 01 28 MAX    26
2021 12 18 09 13 MIN     3
2021 12 18 16 29 MAX    20
2021 12 18 20 08 MIN    18
2021 12 19 01 55 MAX    27
2021 12 19 09 45 MIN     2
2021 12 19 17 07 MAX    21
2021 12 19 20 33 MIN    19
2021 12 20 02 26 MAX    28
2021 12 20 10 20 MIN     2
2021 12 20 17 46 MAX    21
2021 12 20 21 01 MIN    19
2021 12 21 03 00 MAX    29
2021 12 21 10 56 MIN     2
2021 12 21 18 27 MAX    20
2021 12 21 21 34 MIN    19
2021 12 22 03 37 MAX    29
2021 12 22 11 33 MIN     2
2021 12 22 19 10 MAX    20
2021 12 22 22 12 MIN    18
2021 12 23 04 16 MAX    28
2021 12 23 12 13 MIN     2
2021 12 23 19 52 MAX    19
2021 12 23 22 56 MIN    18
2021 12 24 04 58 MAX    27
2021 12 24 12 53 MIN     3
2021 12 24 20 33 MAX    18
2021 12 24 23 51 MIN    17
2021 12 25 05 43 MAX    25
2021 12 25 13 36 MIN     3
2021 12 25 21 09 MAX    18
2021 12 26 01 06 MIN    16
2021 12 26 06 37 MAX    22
2021 12 26 14 21 MIN     4
2021 12 26 21 41 MAX    18
2021 12 27 02 43 MIN    14
2021 12 27 07 45 MAX    19
2021 12 27 15 12 MIN     6
2021 12 27 22 11 MAX    19
2021 12 28 04 14 MIN    11
2021 12 28 09 17 MAX    17
2021 12 28 16 09 MIN     8
2021 12 28 22 43 MAX    20
2021 12 29 05 26 MIN     8
2021 12 29 11 22 MAX    16
2021 12 29 17 08 MIN    11
2021 12 29 23 17 MAX    22
2021 12 30 06 26 MIN     4
2021 12 30 13 19 MAX    18
2021 12 30 18 04 MIN    13
2021 12 30 23 55 MAX    25
2021 12 31 07 20 MIN     1
2021 12 31 14 41 MAX    20
2021 12 31 18 55 MIN    16
