<TOPS - 조위예측극치자료>

대상조위관측소 : 묵호
위도(WGS84) : N  37도 33분 01초
경도(WGS84) : E 129도 06분 59초
관측기간 : 2022-01-01 00:00:00 ~ 2022-12-31 23:59:00

2021 12 01 00 24 MAX    25
2021 12 01 06 45 MIN    11
2021 12 01 12 50 MAX    23
2021 12 01 18 51 MIN    13
2021 12 02 00 49 MAX    27
2021 12 02 07 31 MIN     8
2021 12 02 14 01 MAX    25
2021 12 02 19 32 MIN    16
2021 12 03 01 17 MAX    30
2021 12 03 08 17 MIN     5
2021 12 03 15 04 MAX    27
2021 12 03 20 12 MIN    19
2021 12 04 01 49 MAX    34
2021 12 04 09 05 MIN     3
2021 12 04 16 06 MAX    29
2021 12 04 20 51 MIN    22
2021 12 05 02 26 MAX    37
2021 12 05 09 55 MIN     2
2021 12 05 17 12 MAX    29
2021 12 05 21 30 MIN    24
2021 12 06 03 07 MAX    39
2021 12 06 10 47 MIN     2
2021 12 06 18 24 MAX    29
2021 12 06 22 10 MIN    25
2021 12 07 03 51 MAX    39
2021 12 07 11 42 MIN     2
2021 12 07 19 34 MAX    28
2021 12 07 22 54 MIN    25
2021 12 08 04 41 MAX    38
2021 12 08 12 39 MIN     4
2021 12 08 20 36 MAX    26
2021 12 08 23 49 MIN    24
2021 12 09 05 37 MAX    35
2021 12 09 13 37 MIN     5
2021 12 09 21 30 MAX    25
2021 12 10 01 04 MIN    23
2021 12 10 06 41 MAX    31
2021 12 10 14 37 MIN     7
2021 12 10 22 17 MAX    23
2021 12 11 02 39 MIN    20
2021 12 11 07 55 MAX    27
2021 12 11 15 38 MIN     8
2021 12 11 22 56 MAX    23
2021 12 12 04 16 MIN    17
2021 12 12 09 20 MAX    23
2021 12 12 16 35 MIN    10
2021 12 12 23 28 MAX    22
2021 12 13 05 36 MIN    13
2021 12 13 11 02 MAX    20
2021 12 13 17 26 MIN    11
2021 12 13 23 56 MAX    22
2021 12 14 06 38 MIN     9
2021 12 14 12 45 MAX    18
2021 12 14 18 10 MIN    12
2021 12 15 00 20 MAX    23
2021 12 15 07 26 MIN     6
2021 12 15 14 03 MAX    18
2021 12 15 18 48 MIN    14
2021 12 16 00 43 MAX    23
2021 12 16 08 05 MIN     5
2021 12 16 15 01 MAX    19
2021 12 16 19 18 MIN    15
2021 12 17 01 05 MAX    24
2021 12 17 08 40 MIN     3
2021 12 17 15 48 MAX    19
2021 12 17 19 44 MIN    17
2021 12 18 01 28 MAX    26
2021 12 18 09 13 MIN     3
2021 12 18 16 29 MAX    20
2021 12 18 20 08 MIN    18
2021 12 19 01 55 MAX    27
2021 12 19 09 45 MIN     2
2021 12 19 17 07 MAX    21
2021 12 19 20 33 MIN    19
2021 12 20 02 26 MAX    28
2021 12 20 10 20 MIN     2
2021 12 20 17 46 MAX    21
2021 12 20 21 01 MIN    19
2021 12 21 03 00 MAX    29
2021 12 21 10 56 MIN     2
2021 12 21 18 27 MAX    20
2021 12 21 21 34 MIN    19
2021 12 22 03 37 MAX    29
2021 12 22 11 33 MIN     2
2021 12 22 19 10 MAX    20
2021 12 22 22 12 MIN    18
2021 12 23 04 16 MAX    28
2021 12 23 12 13 MIN     2
2021 12 23 19 52 MAX    19
2021 12 23 22 56 MIN    18
2021 12 24 04 58 MAX    27
2021 12 24 12 53 MIN     3
2021 12 24 20 33 MAX    18
2021 12 24 23 51 MIN    17
2021 12 25 05 43 MAX    25
2021 12 25 13 36 MIN     3
2021 12 25 21 09 MAX    18
2021 12 26 01 06 MIN    16
2021 12 26 06 37 MAX    22
2021 12 26 14 21 MIN     4
2021 12 26 21 41 MAX    18
2021 12 27 02 43 MIN    14
2021 12 27 07 45 MAX    19
2021 12 27 15 12 MIN     6
2021 12 27 22 11 MAX    19
2021 12 28 04 14 MIN    11
2021 12 28 09 17 MAX    17
2021 12 28 16 09 MIN     8
2021 12 28 22 43 MAX    20
2021 12 29 05 26 MIN     8
2021 12 29 11 22 MAX    16
2021 12 29 17 08 MIN    11
2021 12 29 23 17 MAX    22
2021 12 30 06 26 MIN     4
2021 12 30 13 19 MAX    18
2021 12 30 18 04 MIN    13
2021 12 30 23 55 MAX    25
2021 12 31 07 20 MIN     1
2021 12 31 14 41 MAX    20
2021 12 31 18 55 MIN    16
2022 01 01 00 36 MAX    28
2022 01 01 08 12 MIN    -2
2022 01 01 15 46 MAX    22
2022 01 01 19 40 MIN    18
2022 01 02 01 21 MAX    31
2022 01 02 09 03 MIN    -3
2022 01 02 16 40 MAX    23
2022 01 02 20 25 MIN    19
2022 01 03 02 08 MAX    33
2022 01 03 09 53 MIN    -4
2022 01 03 17 29 MAX    23
2022 01 03 21 05 MIN    20
2022 01 04 02 58 MAX    35
2022 01 04 10 43 MIN    -4
2022 01 04 18 16 MAX    22
2022 01 04 21 53 MIN    19
2022 01 05 03 48 MAX    34
2022 01 05 11 33 MIN    -3
2022 01 05 18 58 MAX    21
2022 01 05 22 43 MIN    18
2022 01 06 04 40 MAX    33
2022 01 06 12 22 MIN    -1
2022 01 06 19 36 MAX    20
2022 01 06 23 44 MIN    16
2022 01 07 05 32 MAX    29
2022 01 07 13 10 MIN     1
2022 01 07 20 13 MAX    19
2022 01 08 00 53 MIN    14
2022 01 08 06 28 MAX    25
2022 01 08 13 55 MIN     3
2022 01 08 20 50 MAX    18
2022 01 09 02 12 MIN    12
2022 01 09 07 30 MAX    20
2022 01 09 14 37 MIN     5
2022 01 09 21 23 MAX    18
2022 01 10 03 39 MIN     9
2022 01 10 08 48 MAX    15
2022 01 10 15 17 MIN     7
2022 01 10 21 57 MAX    17
2022 01 11 05 01 MIN     6
2022 01 11 10 50 MAX    12
2022 01 11 15 53 MIN     9
2022 01 11 22 28 MAX    17
2022 01 12 06 10 MIN     3
2022 01 12 13 48 MAX    11
2022 01 12 16 39 MIN    10
2022 01 12 23 01 MAX    18
2022 01 13 07 05 MIN     1
2022 01 13 23 33 MAX    18
2022 01 14 07 48 MIN    -1
2022 01 15 00 11 MAX    19
2022 01 15 08 25 MIN    -2
2022 01 15 16 35 MAX    14
2022 01 15 18 55 MIN    13
2022 01 16 00 51 MAX    20
2022 01 16 09 00 MIN    -3
2022 01 16 16 37 MAX    15
2022 01 16 19 36 MIN    13
2022 01 17 01 35 MAX    22
2022 01 17 09 35 MIN    -3
2022 01 17 17 02 MAX    15
2022 01 17 20 12 MIN    13
2022 01 18 02 16 MAX    23
2022 01 18 10 09 MIN    -4
2022 01 18 17 26 MAX    15
2022 01 18 20 45 MIN    13
2022 01 19 02 57 MAX    24
2022 01 19 10 43 MIN    -4
2022 01 19 17 50 MAX    15
2022 01 19 21 29 MIN    12
2022 01 20 03 36 MAX    24
2022 01 20 11 17 MIN    -4
2022 01 20 18 21 MAX    14
2022 01 20 22 12 MIN    11
2022 01 21 04 15 MAX    23
2022 01 21 11 51 MIN    -3
2022 01 21 18 45 MAX    14
2022 01 21 23 00 MIN    10
2022 01 22 04 56 MAX    22
2022 01 22 12 23 MIN    -3
2022 01 22 19 10 MAX    14
2022 01 22 23 54 MIN     9
2022 01 23 05 40 MAX    20
2022 01 23 12 58 MIN    -1
2022 01 23 19 38 MAX    14
2022 01 24 00 58 MIN     8
2022 01 24 06 32 MAX    17
2022 01 24 13 33 MIN     1
2022 01 24 20 06 MAX    15
2022 01 25 02 13 MIN     6
2022 01 25 07 40 MAX    14
2022 01 25 14 11 MIN     4
2022 01 25 20 40 MAX    16
2022 01 26 03 37 MIN     4
2022 01 26 09 23 MAX    12
2022 01 26 14 55 MIN     7
2022 01 26 21 21 MAX    18
2022 01 27 04 58 MIN     1
2022 01 27 12 23 MAX    12
2022 01 27 15 57 MIN    10
2022 01 27 22 12 MAX    20
2022 01 28 06 10 MIN    -2
2022 01 28 14 30 MAX    14
2022 01 28 16 55 MIN    13
2022 01 28 23 10 MAX    22
2022 01 29 07 13 MIN    -5
2022 01 29 15 40 MAX    15
2022 01 29 18 22 MIN    14
2022 01 30 00 10 MAX    24
2022 01 30 08 08 MIN    -7
2022 01 30 16 12 MAX    16
2022 01 30 19 23 MIN    14
2022 01 31 01 09 MAX    26
2022 01 31 08 59 MIN    -8
2022 01 31 16 34 MAX    17
2022 01 31 20 15 MIN    13
2022 02 01 02 06 MAX    28
2022 02 01 09 47 MIN    -8
2022 02 01 17 04 MAX    16
2022 02 01 21 02 MIN    12
2022 02 02 02 57 MAX    28
2022 02 02 10 31 MIN    -8
2022 02 02 17 25 MAX    16
2022 02 02 21 52 MIN    10
2022 02 03 03 47 MAX    28
2022 02 03 11 13 MIN    -7
2022 02 03 17 47 MAX    16
2022 02 03 22 43 MIN     8
2022 02 04 04 35 MAX    26
2022 02 04 11 53 MIN    -5
2022 02 04 18 20 MAX    15
2022 02 04 23 37 MIN     7
2022 02 05 05 23 MAX    22
2022 02 05 12 30 MIN    -3
2022 02 05 18 48 MAX    15
2022 02 06 00 37 MIN     5
2022 02 06 06 13 MAX    18
2022 02 06 13 04 MIN     0
2022 02 06 19 15 MAX    15
2022 02 07 01 41 MIN     4
2022 02 07 07 09 MAX    14
2022 02 07 13 32 MIN     3
2022 02 07 19 42 MAX    15
2022 02 08 02 50 MIN     2
2022 02 08 08 26 MAX    10
2022 02 08 13 50 MIN     5
2022 02 08 20 11 MAX    14
2022 02 09 04 04 MIN     0
2022 02 09 20 38 MAX    14
2022 02 10 05 20 MIN    -1
2022 02 10 21 17 MAX    14
2022 02 11 06 25 MIN    -3
2022 02 11 22 15 MAX    14
2022 02 12 07 18 MIN    -5
2022 02 12 23 22 MAX    14
2022 02 13 08 01 MIN    -6
2022 02 13 16 14 MAX    10
2022 02 13 18 37 MIN     9
2022 02 14 00 29 MAX    15
2022 02 14 08 39 MIN    -7
2022 02 14 16 12 MAX    10
2022 02 14 19 30 MIN     8
2022 02 15 01 26 MAX    17
2022 02 15 09 14 MIN    -8
2022 02 15 16 25 MAX    10
2022 02 15 20 11 MIN     7
2022 02 16 02 11 MAX    18
2022 02 16 09 47 MIN    -8
2022 02 16 16 36 MAX    11
2022 02 16 20 51 MIN     6
2022 02 17 02 52 MAX    19
2022 02 17 10 18 MIN    -8
2022 02 17 16 56 MAX    11
2022 02 17 21 31 MIN     5
2022 02 18 03 32 MAX    20
2022 02 18 10 48 MIN    -7
2022 02 18 17 11 MAX    12
2022 02 18 22 14 MIN     4
2022 02 19 04 12 MAX    20
2022 02 19 11 18 MIN    -6
2022 02 19 17 30 MAX    13
2022 02 19 23 00 MIN     3
2022 02 20 04 54 MAX    19
2022 02 20 11 48 MIN    -4
2022 02 20 17 53 MAX    14
2022 02 20 23 50 MIN     2
2022 02 21 05 41 MAX    17
2022 02 21 12 19 MIN    -1
2022 02 21 18 21 MAX    15
2022 02 22 00 46 MIN     0
2022 02 22 06 39 MAX    14
2022 02 22 12 50 MIN     3
2022 02 22 18 52 MAX    16
2022 02 23 01 53 MIN    -1
2022 02 23 08 06 MAX    11
2022 02 23 13 19 MIN     6
2022 02 23 19 28 MAX    17
2022 02 24 03 11 MIN    -2
2022 02 24 10 48 MAX    10
2022 02 24 13 36 MIN     9
2022 02 24 20 15 MAX    18
2022 02 25 04 35 MIN    -4
2022 02 25 21 21 MAX    19
2022 02 26 05 56 MIN    -6
2022 02 26 22 39 MAX    19
2022 02 27 07 05 MIN    -7
2022 02 27 15 33 MAX    13
2022 02 27 18 16 MIN    12
2022 02 28 00 03 MAX    21
2022 02 28 08 00 MIN    -9
2022 02 28 15 43 MAX    13
2022 02 28 19 23 MIN    10
2022 03 01 01 09 MAX    22
2022 03 01 08 48 MIN    -9
2022 03 01 15 54 MAX    13
2022 03 01 20 13 MIN     8
2022 03 02 02 05 MAX    23
2022 03 02 09 29 MIN    -9
2022 03 02 16 09 MAX    13
2022 03 02 21 03 MIN     5
2022 03 03 02 56 MAX    23
2022 03 03 10 07 MIN    -8
2022 03 03 16 25 MAX    14
2022 03 03 21 49 MIN     3
2022 03 04 03 43 MAX    22
2022 03 04 10 43 MIN    -6
2022 03 04 16 46 MAX    15
2022 03 04 22 37 MIN     2
2022 03 05 04 28 MAX    20
2022 03 05 11 15 MIN    -4
2022 03 05 17 12 MAX    15
2022 03 05 23 25 MIN     1
2022 03 06 05 15 MAX    17
2022 03 06 11 45 MIN    -1
2022 03 06 17 35 MAX    16
2022 03 07 00 15 MIN     0
2022 03 07 06 05 MAX    14
2022 03 07 12 10 MIN     2
2022 03 07 17 58 MAX    16
2022 03 08 01 06 MIN    -1
2022 03 08 07 08 MAX    11
2022 03 08 12 27 MIN     5
2022 03 08 18 18 MAX    16
2022 03 09 02 00 MIN    -2
2022 03 09 08 38 MAX     9
2022 03 09 12 25 MIN     7
2022 03 09 18 40 MAX    15
2022 03 10 03 01 MIN    -2
2022 03 10 19 05 MAX    14
2022 03 11 04 11 MIN    -3
2022 03 11 19 46 MAX    14
2022 03 12 05 28 MIN    -4
2022 03 12 21 05 MAX    13
2022 03 13 06 34 MIN    -5
2022 03 13 22 42 MAX    12
2022 03 14 07 25 MIN    -6
2022 03 14 15 17 MAX     9
2022 03 14 18 33 MIN     8
2022 03 15 00 09 MAX    13
2022 03 15 08 05 MIN    -7
2022 03 15 15 14 MAX    10
2022 03 15 19 26 MIN     6
2022 03 16 01 12 MAX    15
2022 03 16 08 39 MIN    -8
2022 03 16 15 29 MAX    10
2022 03 16 20 07 MIN     4
2022 03 17 02 00 MAX    16
2022 03 17 09 11 MIN    -7
2022 03 17 15 42 MAX    11
2022 03 17 20 45 MIN     3
2022 03 18 02 43 MAX    18
2022 03 18 09 42 MIN    -6
2022 03 18 15 55 MAX    13
2022 03 18 21 25 MIN     2
2022 03 19 03 25 MAX    19
2022 03 19 10 12 MIN    -4
2022 03 19 16 13 MAX    15
2022 03 19 22 07 MIN     0
2022 03 20 04 09 MAX    19
2022 03 20 10 42 MIN    -1
2022 03 20 16 34 MAX    17
2022 03 20 22 52 MIN    -1
2022 03 21 04 56 MAX    19
2022 03 21 11 13 MIN     2
2022 03 21 16 59 MAX    19
2022 03 21 23 41 MIN    -2
2022 03 22 05 54 MAX    17
2022 03 22 11 43 MIN     6
2022 03 22 17 27 MAX    21
2022 03 23 00 36 MIN    -3
2022 03 23 07 15 MAX    15
2022 03 23 12 12 MIN     9
2022 03 23 18 00 MAX    22
2022 03 24 01 40 MIN    -3
2022 03 24 09 19 MAX    14
2022 03 24 12 35 MIN    12
2022 03 24 18 40 MAX    22
2022 03 25 02 54 MIN    -3
2022 03 25 19 33 MAX    21
2022 03 26 04 19 MIN    -3
2022 03 26 20 57 MAX    21
2022 03 27 05 42 MIN    -4
2022 03 27 14 35 MAX    15
2022 03 27 17 02 MIN    14
2022 03 27 22 34 MAX    20
2022 03 28 06 49 MIN    -5
2022 03 28 14 43 MAX    14
2022 03 28 18 32 MIN    11
2022 03 29 00 00 MAX    20
2022 03 29 07 42 MIN    -5
2022 03 29 14 50 MAX    14
2022 03 29 19 28 MIN     8
2022 03 30 01 08 MAX    20
2022 03 30 08 24 MIN    -5
2022 03 30 14 58 MAX    15
2022 03 30 20 16 MIN     5
2022 03 31 02 05 MAX    21
2022 03 31 09 00 MIN    -4
2022 03 31 15 13 MAX    16
2022 03 31 21 00 MIN     3
2022 04 01 02 54 MAX    20
2022 04 01 09 33 MIN    -2
2022 04 01 15 34 MAX    17
2022 04 01 21 44 MIN     1
2022 04 02 03 39 MAX    20
2022 04 02 10 04 MIN     1
2022 04 02 15 54 MAX    19
2022 04 02 22 27 MIN     0
2022 04 03 04 24 MAX    19
2022 04 03 10 32 MIN     4
2022 04 03 16 16 MAX    20
2022 04 03 23 09 MIN     0
2022 04 04 05 16 MAX    17
2022 04 04 10 57 MIN     7
2022 04 04 16 37 MAX    21
2022 04 04 23 50 MIN    -1
2022 04 05 06 11 MAX    16
2022 04 05 11 16 MIN     9
2022 04 05 16 57 MAX    21
2022 04 06 00 33 MIN    -1
2022 04 06 07 29 MAX    14
2022 04 06 11 24 MIN    12
2022 04 06 17 16 MAX    21
2022 04 07 01 18 MIN     0
2022 04 07 17 39 MAX    20
2022 04 08 02 10 MIN     0
2022 04 08 18 07 MAX    19
2022 04 09 03 15 MIN     0
2022 04 09 18 54 MAX    18
2022 04 10 04 29 MIN    -1
2022 04 10 20 17 MAX    16
2022 04 11 05 40 MIN    -1
2022 04 11 14 16 MAX    13
2022 04 11 17 17 MIN    12
2022 04 11 22 11 MAX    15
2022 04 12 06 35 MIN    -2
2022 04 12 14 09 MAX    13
2022 04 12 18 29 MIN    10
2022 04 12 23 41 MAX    15
2022 04 13 07 18 MIN    -2
2022 04 13 14 16 MAX    14
2022 04 13 19 14 MIN     8
2022 04 14 00 50 MAX    16
2022 04 14 07 54 MIN    -2
2022 04 14 14 26 MAX    16
2022 04 14 19 54 MIN     6
2022 04 15 01 45 MAX    18
2022 04 15 08 28 MIN     0
2022 04 15 14 41 MAX    18
2022 04 15 20 33 MIN     4
2022 04 16 02 35 MAX    20
2022 04 16 09 00 MIN     2
2022 04 16 15 00 MAX    20
2022 04 16 21 14 MIN     2
2022 04 17 03 23 MAX    22
2022 04 17 09 32 MIN     5
2022 04 17 15 21 MAX    23
2022 04 17 21 57 MIN     1
2022 04 18 04 13 MAX    23
2022 04 18 10 05 MIN     9
2022 04 18 15 46 MAX    26
2022 04 18 22 43 MIN     0
2022 04 19 05 13 MAX    23
2022 04 19 10 38 MIN    13
2022 04 19 16 15 MAX    28
2022 04 19 23 33 MIN    -1
2022 04 20 06 36 MAX    22
2022 04 20 11 09 MIN    17
2022 04 20 16 49 MAX    30
2022 04 21 00 29 MIN    -1
2022 04 21 08 19 MAX    22
2022 04 21 11 40 MIN    19
2022 04 21 17 27 MAX    30
2022 04 22 01 33 MIN     0
2022 04 22 10 27 MAX    21
2022 04 22 12 10 MIN    20
2022 04 22 18 15 MAX    29
2022 04 23 02 44 MIN     1
2022 04 23 19 21 MAX    27
2022 04 24 04 03 MIN     2
2022 04 24 20 53 MAX    25
2022 04 25 05 20 MIN     2
2022 04 25 13 22 MAX    20
2022 04 25 17 20 MIN    17
2022 04 25 22 30 MAX    23
2022 04 26 06 22 MIN     2
2022 04 26 13 35 MAX    20
2022 04 26 18 33 MIN    13
2022 04 26 23 59 MAX    22
2022 04 27 07 10 MIN     3
2022 04 27 13 50 MAX    20
2022 04 27 19 27 MIN    10
2022 04 28 01 10 MAX    22
2022 04 28 07 49 MIN     4
2022 04 28 14 06 MAX    21
2022 04 28 20 14 MIN     7
2022 04 29 02 08 MAX    21
2022 04 29 08 23 MIN     6
2022 04 29 14 24 MAX    23
2022 04 29 20 56 MIN     5
2022 04 30 03 00 MAX    21
2022 04 30 08 52 MIN     9
2022 04 30 14 45 MAX    25
2022 04 30 21 36 MIN     4
2022 05 01 03 46 MAX    22
2022 05 01 09 21 MIN    11
2022 05 01 15 06 MAX    26
2022 05 01 22 14 MIN     4
2022 05 02 04 36 MAX    22
2022 05 02 09 46 MIN    14
2022 05 02 15 26 MAX    27
2022 05 02 22 51 MIN     4
2022 05 03 05 31 MAX    22
2022 05 03 10 05 MIN    17
2022 05 03 15 46 MAX    28
2022 05 03 23 28 MIN     4
2022 05 04 06 37 MAX    22
2022 05 04 10 20 MIN    19
2022 05 04 16 09 MAX    29
2022 05 05 00 07 MIN     4
2022 05 05 07 59 MAX    21
2022 05 05 10 30 MIN    20
2022 05 05 16 34 MAX    29
2022 05 06 00 49 MIN     5
2022 05 06 09 12 MAX    21
2022 05 06 10 35 MIN    20
2022 05 06 17 05 MAX    28
2022 05 07 01 38 MIN     5
2022 05 07 17 41 MAX    26
2022 05 08 02 35 MIN     5
2022 05 08 18 32 MAX    24
2022 05 09 03 38 MIN     5
2022 05 09 19 52 MAX    22
2022 05 10 04 41 MIN     5
2022 05 10 12 54 MAX    19
2022 05 10 16 57 MIN    17
2022 05 10 21 28 MAX    20
2022 05 11 05 36 MIN     6
2022 05 11 12 58 MAX    20
2022 05 11 18 05 MIN    15
2022 05 11 23 06 MAX    20
2022 05 12 06 23 MIN     6
2022 05 12 13 11 MAX    21
2022 05 12 18 53 MIN    12
2022 05 13 00 29 MAX    21
2022 05 13 07 03 MIN     8
2022 05 13 13 25 MAX    24
2022 05 13 19 35 MIN    10
2022 05 14 01 37 MAX    23
2022 05 14 07 41 MIN    11
2022 05 14 13 44 MAX    27
2022 05 14 20 17 MIN     8
2022 05 15 02 38 MAX    25
2022 05 15 08 18 MIN    14
2022 05 15 14 09 MAX    30
2022 05 15 21 00 MIN     6
2022 05 16 03 38 MAX    27
2022 05 16 08 54 MIN    18
2022 05 16 14 36 MAX    33
2022 05 16 21 45 MIN     4
2022 05 17 04 38 MAX    29
2022 05 17 09 30 MIN    22
2022 05 17 15 08 MAX    36
2022 05 17 22 35 MIN     4
2022 05 18 05 59 MAX    29
2022 05 18 10 05 MIN    25
2022 05 18 15 45 MAX    39
2022 05 18 23 28 MIN     4
2022 05 19 07 23 MAX    29
2022 05 19 10 40 MIN    27
2022 05 19 16 27 MAX    40
2022 05 20 00 25 MIN     5
2022 05 20 08 44 MAX    29
2022 05 20 11 11 MIN    28
2022 05 20 17 15 MAX    39
2022 05 21 01 27 MIN     6
2022 05 21 10 10 MAX    28
2022 05 21 12 12 MIN    27
2022 05 21 18 14 MAX    37
2022 05 22 02 32 MIN     7
2022 05 22 11 12 MAX    27
2022 05 22 13 40 MIN    26
2022 05 22 19 28 MAX    34
2022 05 23 03 41 MIN     9
2022 05 23 11 45 MAX    26
2022 05 23 15 34 MIN    24
2022 05 23 20 52 MAX    30
2022 05 24 04 45 MIN    10
2022 05 24 12 09 MAX    26
2022 05 24 17 13 MIN    20
2022 05 24 22 24 MAX    27
2022 05 25 05 42 MIN    11
2022 05 25 12 32 MAX    26
2022 05 25 18 25 MIN    16
2022 05 25 23 59 MAX    25
2022 05 26 06 27 MIN    13
2022 05 26 12 53 MAX    27
2022 05 26 19 21 MIN    13
2022 05 27 01 20 MAX    24
2022 05 27 07 05 MIN    15
2022 05 27 13 15 MAX    29
2022 05 27 20 07 MIN    11
2022 05 28 02 28 MAX    24
2022 05 28 07 38 MIN    17
2022 05 28 13 37 MAX    30
2022 05 28 20 48 MIN     9
2022 05 29 03 24 MAX    25
2022 05 29 08 06 MIN    20
2022 05 29 13 59 MAX    32
2022 05 29 21 26 MIN     9
2022 05 30 04 16 MAX    26
2022 05 30 08 33 MIN    22
2022 05 30 14 21 MAX    33
2022 05 30 22 00 MIN     9
2022 05 31 05 08 MAX    27
2022 05 31 08 55 MIN    24
2022 05 31 14 44 MAX    34
2022 05 31 22 35 MIN     9
2022 06 01 06 10 MAX    27
2022 06 01 09 09 MIN    26
2022 06 01 15 10 MAX    35
2022 06 01 23 11 MIN    10
2022 06 02 06 55 MAX    28
2022 06 02 09 09 MIN    27
2022 06 02 15 41 MAX    36
2022 06 02 23 50 MIN    10
2022 06 03 16 13 MAX    35
2022 06 04 00 31 MIN    10
2022 06 04 08 43 MAX    27
2022 06 04 10 12 MIN    26
2022 06 04 16 52 MAX    34
2022 06 05 01 16 MIN    11
2022 06 05 17 35 MAX    32
2022 06 06 02 01 MIN    11
2022 06 06 18 27 MAX    30
2022 06 07 02 49 MIN    11
2022 06 07 11 00 MAX    25
2022 06 07 14 20 MIN    24
2022 06 07 19 35 MAX    28
2022 06 08 03 40 MIN    12
2022 06 08 11 13 MAX    26
2022 06 08 16 16 MIN    22
2022 06 08 20 58 MAX    26
2022 06 09 04 32 MIN    13
2022 06 09 11 35 MAX    27
2022 06 09 17 30 MIN    19
2022 06 09 22 37 MAX    25
2022 06 10 05 22 MIN    15
2022 06 10 11 57 MAX    29
2022 06 10 18 25 MIN    16
2022 06 11 00 20 MAX    26
2022 06 11 06 11 MIN    18
2022 06 11 12 22 MAX    31
2022 06 11 19 14 MIN    14
2022 06 12 01 49 MAX    28
2022 06 12 06 57 MIN    21
2022 06 12 12 52 MAX    35
2022 06 12 20 01 MIN    11
2022 06 13 03 05 MAX    30
2022 06 13 07 39 MIN    25
2022 06 13 13 25 MAX    38
2022 06 13 20 49 MIN     9
2022 06 14 04 07 MAX    33
2022 06 14 08 20 MIN    28
2022 06 14 14 03 MAX    42
2022 06 14 21 38 MIN     8
2022 06 15 05 17 MAX    34
2022 06 15 09 02 MIN    30
2022 06 15 14 44 MAX    44
2022 06 15 22 31 MIN     8
2022 06 16 06 24 MAX    34
2022 06 16 09 38 MIN    32
2022 06 16 15 31 MAX    46
2022 06 16 23 24 MIN     8
2022 06 17 07 24 MAX    34
2022 06 17 10 23 MIN    32
2022 06 17 16 22 MAX    46
2022 06 18 00 19 MIN     9
2022 06 18 08 19 MAX    33
2022 06 18 11 17 MIN    31
2022 06 18 17 16 MAX    44
2022 06 19 01 15 MIN    11
2022 06 19 09 05 MAX    32
2022 06 19 12 21 MIN    30
2022 06 19 18 18 MAX    41
2022 06 20 02 10 MIN    13
2022 06 20 09 44 MAX    31
2022 06 20 13 48 MIN    28
2022 06 20 19 25 MAX    37
2022 06 21 03 05 MIN    15
2022 06 21 10 18 MAX    31
2022 06 21 15 24 MIN    25
2022 06 21 20 42 MAX    33
2022 06 22 03 57 MIN    17
2022 06 22 10 50 MAX    31
2022 06 22 16 53 MIN    22
2022 06 22 22 17 MAX    29
2022 06 23 04 47 MIN    19
2022 06 23 11 21 MAX    31
2022 06 23 18 07 MIN    18
2022 06 24 00 12 MAX    27
2022 06 24 05 33 MIN    21
2022 06 24 11 51 MAX    32
2022 06 24 19 07 MIN    16
2022 06 25 01 52 MAX    27
2022 06 25 06 14 MIN    23
2022 06 25 12 20 MAX    33
2022 06 25 19 55 MIN    14
2022 06 26 03 16 MAX    27
2022 06 26 06 51 MIN    25
2022 06 26 12 47 MAX    34
2022 06 26 20 35 MIN    13
2022 06 27 04 00 MAX    29
2022 06 27 07 17 MIN    27
2022 06 27 13 18 MAX    36
2022 06 27 21 12 MIN    13
2022 06 28 04 44 MAX    30
2022 06 28 07 49 MIN    28
2022 06 28 13 47 MAX    37
2022 06 28 21 47 MIN    13
2022 06 29 05 36 MAX    30
2022 06 29 08 11 MIN    29
2022 06 29 14 19 MAX    38
2022 06 29 22 22 MIN    13
2022 06 30 06 24 MAX    30
2022 06 30 08 44 MIN    29
2022 06 30 14 55 MAX    39
2022 06 30 22 59 MIN    13
2022 07 01 06 47 MAX    30
2022 07 01 09 13 MIN    29
2022 07 01 15 32 MAX    39
2022 07 01 23 35 MIN    13
2022 07 02 07 11 MAX    30
2022 07 02 09 38 MIN    29
2022 07 02 16 11 MAX    39
2022 07 03 00 11 MIN    13
2022 07 03 07 50 MAX    29
2022 07 03 10 31 MIN    28
2022 07 03 16 52 MAX    38
2022 07 04 00 48 MIN    14
2022 07 04 08 16 MAX    29
2022 07 04 11 30 MIN    27
2022 07 04 17 34 MAX    36
2022 07 05 01 22 MIN    14
2022 07 05 08 43 MAX    29
2022 07 05 12 39 MIN    26
2022 07 05 18 21 MAX    33
2022 07 06 02 00 MIN    16
2022 07 06 09 10 MAX    29
2022 07 06 14 04 MIN    25
2022 07 06 19 20 MAX    31
2022 07 07 02 39 MIN    17
2022 07 07 09 36 MAX    30
2022 07 07 15 33 MIN    23
2022 07 07 20 39 MAX    29
2022 07 08 03 24 MIN    20
2022 07 08 10 07 MAX    31
2022 07 08 16 51 MIN    20
2022 07 08 22 33 MAX    28
2022 07 09 04 16 MIN    23
2022 07 09 10 41 MAX    34
2022 07 09 17 57 MIN    18
2022 07 10 00 55 MAX    29
2022 07 10 05 16 MIN    26
2022 07 10 11 21 MAX    36
2022 07 10 18 55 MIN    15
2022 07 11 02 36 MAX    31
2022 07 11 06 12 MIN    29
2022 07 11 12 06 MAX    39
2022 07 11 19 49 MIN    12
2022 07 12 03 43 MAX    33
2022 07 12 07 07 MIN    31
2022 07 12 12 54 MAX    42
2022 07 12 20 42 MIN    11
2022 07 13 04 31 MAX    35
2022 07 13 07 57 MIN    32
2022 07 13 13 44 MAX    45
2022 07 13 21 33 MIN    10
2022 07 14 05 20 MAX    35
2022 07 14 08 38 MIN    33
2022 07 14 14 38 MAX    48
2022 07 14 22 24 MIN    10
2022 07 15 05 59 MAX    35
2022 07 15 09 28 MIN    32
2022 07 15 15 29 MAX    48
2022 07 15 23 13 MIN    10
2022 07 16 06 37 MAX    34
2022 07 16 10 18 MIN    31
2022 07 16 16 22 MAX    48
2022 07 17 00 03 MIN    12
2022 07 17 07 06 MAX    34
2022 07 17 11 17 MIN    29
2022 07 17 17 16 MAX    45
2022 07 18 00 49 MIN    14
2022 07 18 07 41 MAX    33
2022 07 18 12 23 MIN    27
2022 07 18 18 12 MAX    41
2022 07 19 01 34 MIN    17
2022 07 19 08 13 MAX    33
2022 07 19 13 38 MIN    25
2022 07 19 19 13 MAX    37
2022 07 20 02 16 MIN    19
2022 07 20 08 47 MAX    33
2022 07 20 14 59 MIN    23
2022 07 20 20 30 MAX    32
2022 07 21 02 56 MIN    22
2022 07 21 09 23 MAX    33
2022 07 21 16 22 MIN    21
2022 07 21 22 20 MAX    29
2022 07 22 03 36 MIN    24
2022 07 22 09 59 MAX    33
2022 07 22 17 38 MIN    18
2022 07 23 01 11 MAX    27
2022 07 23 04 15 MIN    26
2022 07 23 10 37 MAX    34
2022 07 23 18 42 MIN    16
2022 07 24 11 17 MAX    34
2022 07 24 19 34 MIN    15
2022 07 25 12 02 MAX    35
2022 07 25 20 17 MIN    14
2022 07 26 04 21 MAX    30
2022 07 26 06 38 MIN    29
2022 07 26 12 47 MAX    36
2022 07 26 20 55 MIN    14
2022 07 27 04 44 MAX    30
2022 07 27 07 20 MIN    29
2022 07 27 13 30 MAX    37
2022 07 27 21 31 MIN    13
2022 07 28 04 57 MAX    30
2022 07 28 07 49 MIN    29
2022 07 28 14 12 MAX    38
2022 07 28 22 05 MIN    13
2022 07 29 05 14 MAX    30
2022 07 29 08 33 MIN    28
2022 07 29 14 52 MAX    39
2022 07 29 22 39 MIN    13
2022 07 30 05 33 MAX    30
2022 07 30 09 13 MIN    27
2022 07 30 15 29 MAX    39
2022 07 30 23 10 MIN    13
2022 07 31 06 03 MAX    29
2022 07 31 09 56 MIN    26
2022 07 31 16 08 MAX    39
2022 07 31 23 41 MIN    14
2022 08 01 06 14 MAX    30
2022 08 01 10 42 MIN    25
2022 08 01 16 47 MAX    38
2022 08 02 00 10 MIN    15
2022 08 02 06 39 MAX    30
2022 08 02 11 33 MIN    24
2022 08 02 17 28 MAX    36
2022 08 03 00 39 MIN    16
2022 08 03 07 00 MAX    31
2022 08 03 12 31 MIN    23
2022 08 03 18 16 MAX    34
2022 08 04 01 11 MIN    19
2022 08 04 07 28 MAX    32
2022 08 04 13 39 MIN    22
2022 08 04 19 18 MAX    31
2022 08 05 01 44 MIN    21
2022 08 05 08 02 MAX    33
2022 08 05 14 58 MIN    21
2022 08 05 20 51 MAX    29
2022 08 06 02 23 MIN    24
2022 08 06 08 43 MAX    34
2022 08 06 16 18 MIN    18
2022 08 06 23 37 MAX    29
2022 08 07 03 16 MIN    27
2022 08 07 09 33 MAX    36
2022 08 07 17 34 MIN    16
2022 08 08 10 34 MAX    38
2022 08 08 18 43 MIN    14
2022 08 09 03 18 MAX    32
2022 08 09 05 52 MIN    31
2022 08 09 11 39 MAX    40
2022 08 09 19 42 MIN    12
2022 08 10 03 48 MAX    33
2022 08 10 06 56 MIN    31
2022 08 10 12 45 MAX    43
2022 08 10 20 35 MIN    10
2022 08 11 04 16 MAX    33
2022 08 11 07 42 MIN    31
2022 08 11 13 43 MAX    45
2022 08 11 21 24 MIN    10
2022 08 12 04 37 MAX    33
2022 08 12 08 35 MIN    29
2022 08 12 14 37 MAX    46
2022 08 12 22 09 MIN    10
2022 08 13 04 56 MAX    33
2022 08 13 09 24 MIN    27
2022 08 13 15 28 MAX    46
2022 08 13 22 52 MIN    11
2022 08 14 05 18 MAX    33
2022 08 14 10 16 MIN    25
2022 08 14 16 18 MAX    45
2022 08 14 23 33 MIN    13
2022 08 15 05 46 MAX    33
2022 08 15 11 10 MIN    24
2022 08 15 17 08 MAX    42
2022 08 16 00 12 MIN    16
2022 08 16 06 12 MAX    34
2022 08 16 12 10 MIN    22
2022 08 16 18 01 MAX    38
2022 08 17 00 48 MIN    19
2022 08 17 06 44 MAX    34
2022 08 17 13 14 MIN    21
2022 08 17 19 02 MAX    34
2022 08 18 01 21 MIN    22
2022 08 18 07 16 MAX    34
2022 08 18 14 24 MIN    20
2022 08 18 20 27 MAX    30
2022 08 19 01 46 MIN    25
2022 08 19 07 47 MAX    34
2022 08 19 15 38 MIN    18
2022 08 19 22 45 MAX    28
2022 08 20 01 38 MIN    27
2022 08 20 08 23 MAX    33
2022 08 20 16 54 MIN    17
2022 08 21 09 08 MAX    33
2022 08 21 18 07 MIN    16
2022 08 22 10 09 MAX    32
2022 08 22 19 05 MIN    14
2022 08 23 03 36 MAX    29
2022 08 23 05 24 MIN    28
2022 08 23 11 20 MAX    32
2022 08 23 19 52 MIN    13
2022 08 24 03 53 MAX    28
2022 08 24 06 39 MIN    27
2022 08 24 12 28 MAX    33
2022 08 24 20 31 MIN    12
2022 08 25 03 46 MAX    28
2022 08 25 07 18 MIN    26
2022 08 25 13 23 MAX    35
2022 08 25 21 05 MIN    11
2022 08 26 03 56 MAX    28
2022 08 26 07 59 MIN    24
2022 08 26 14 06 MAX    36
2022 08 26 21 37 MIN    11
2022 08 27 04 11 MAX    28
2022 08 27 08 33 MIN    23
2022 08 27 14 45 MAX    37
2022 08 27 22 07 MIN    12
2022 08 28 04 29 MAX    28
2022 08 28 09 11 MIN    22
2022 08 28 15 22 MAX    37
2022 08 28 22 34 MIN    13
2022 08 29 04 44 MAX    29
2022 08 29 09 52 MIN    21
2022 08 29 16 00 MAX    37
2022 08 29 23 01 MIN    14
2022 08 30 05 03 MAX    30
2022 08 30 10 36 MIN    20
2022 08 30 16 40 MAX    36
2022 08 30 23 28 MIN    16
2022 08 31 05 21 MAX    32
2022 08 31 11 24 MIN    19
2022 08 31 17 24 MAX    35
2022 08 31 23 57 MIN    19
2022 09 01 05 48 MAX    33
2022 09 01 12 17 MIN    18
2022 09 01 18 17 MAX    33
2022 09 02 00 27 MIN    22
2022 09 02 06 18 MAX    34
2022 09 02 13 19 MIN    18
2022 09 02 19 28 MAX    31
2022 09 03 00 57 MIN    25
2022 09 03 06 53 MAX    35
2022 09 03 14 32 MIN    17
2022 09 03 22 02 MAX    29
2022 09 04 01 15 MIN    28
2022 09 04 07 39 MAX    36
2022 09 04 15 55 MIN    15
2022 09 05 08 44 MAX    36
2022 09 05 17 20 MIN    14
2022 09 06 10 09 MAX    37
2022 09 06 18 33 MIN    12
2022 09 07 02 57 MAX    31
2022 09 07 05 45 MIN    30
2022 09 07 11 32 MAX    38
2022 09 07 19 32 MIN    10
2022 09 08 03 08 MAX    31
2022 09 08 06 52 MIN    28
2022 09 08 12 44 MAX    40
2022 09 08 20 21 MIN     9
2022 09 09 03 19 MAX    31
2022 09 09 07 45 MIN    25
2022 09 09 13 42 MAX    41
2022 09 09 21 05 MIN    10
2022 09 10 03 33 MAX    31
2022 09 10 08 32 MIN    23
2022 09 10 14 35 MAX    42
2022 09 10 21 44 MIN    11
2022 09 11 03 50 MAX    32
2022 09 11 09 20 MIN    20
2022 09 11 15 24 MAX    41
2022 09 11 22 21 MIN    13
2022 09 12 04 14 MAX    33
2022 09 12 10 09 MIN    19
2022 09 12 16 11 MAX    39
2022 09 12 22 54 MIN    15
2022 09 13 04 39 MAX    34
2022 09 13 10 59 MIN    17
2022 09 13 17 00 MAX    37
2022 09 13 23 27 MIN    18
2022 09 14 05 08 MAX    34
2022 09 14 11 51 MIN    17
2022 09 14 17 53 MAX    34
2022 09 14 23 56 MIN    21
2022 09 15 05 32 MAX    35
2022 09 15 12 45 MIN    16
2022 09 15 19 01 MAX    31
2022 09 16 00 21 MIN    24
2022 09 16 05 59 MAX    34
2022 09 16 13 43 MIN    16
2022 09 16 20 46 MAX    28
2022 09 17 00 35 MIN    26
2022 09 17 06 22 MAX    34
2022 09 17 14 46 MIN    16
2022 09 18 06 52 MAX    32
2022 09 18 15 59 MIN    15
2022 09 19 07 39 MAX    31
2022 09 19 17 19 MIN    15
2022 09 20 09 17 MAX    30
2022 09 20 18 26 MIN    13
2022 09 21 02 38 MAX    27
2022 09 21 05 23 MIN    26
2022 09 21 10 53 MAX    29
2022 09 21 19 17 MIN    12
2022 09 22 02 39 MAX    26
2022 09 22 06 29 MIN    24
2022 09 22 12 12 MAX    30
2022 09 22 19 56 MIN    11
2022 09 23 02 44 MAX    26
2022 09 23 07 13 MIN    21
2022 09 23 13 07 MAX    31
2022 09 23 20 28 MIN    10
2022 09 24 02 57 MAX    26
2022 09 24 07 49 MIN    19
2022 09 24 13 52 MAX    32
2022 09 24 20 58 MIN    11
2022 09 25 03 10 MAX    27
2022 09 25 08 24 MIN    18
2022 09 25 14 33 MAX    33
2022 09 25 21 24 MIN    12
2022 09 26 03 26 MAX    28
2022 09 26 09 02 MIN    17
2022 09 26 15 12 MAX    34
2022 09 26 21 52 MIN    14
2022 09 27 03 43 MAX    30
2022 09 27 09 42 MIN    15
2022 09 27 15 54 MAX    34
2022 09 27 22 19 MIN    16
2022 09 28 04 04 MAX    32
2022 09 28 10 25 MIN    15
2022 09 28 16 38 MAX    34
2022 09 28 22 48 MIN    19
2022 09 29 04 28 MAX    34
2022 09 29 11 11 MIN    14
2022 09 29 17 32 MAX    33
2022 09 29 23 19 MIN    23
2022 09 30 04 55 MAX    36
2022 09 30 12 03 MIN    13
2022 09 30 18 37 MAX    32
2022 09 30 23 48 MIN    26
2022 10 01 05 27 MAX    37
2022 10 01 13 03 MIN    13
2022 10 01 20 42 MAX    30
2022 10 02 00 16 MIN    28
2022 10 02 06 06 MAX    37
2022 10 02 14 16 MIN    13
2022 10 03 06 59 MAX    36
2022 10 03 15 41 MIN    13
2022 10 04 08 21 MAX    35
2022 10 04 17 07 MIN    12
2022 10 05 01 51 MAX    30
2022 10 05 04 22 MIN    29
2022 10 05 10 06 MAX    35
2022 10 05 18 20 MIN    11
2022 10 06 02 03 MAX    29
2022 10 06 05 57 MIN    26
2022 10 06 11 34 MAX    35
2022 10 06 19 14 MIN    10
2022 10 07 02 11 MAX    29
2022 10 07 06 56 MIN    22
2022 10 07 12 44 MAX    35
2022 10 07 19 58 MIN    10
2022 10 08 02 24 MAX    29
2022 10 08 07 44 MIN    19
2022 10 08 13 43 MAX    36
2022 10 08 20 35 MIN    11
2022 10 09 02 40 MAX    30
2022 10 09 08 30 MIN    16
2022 10 09 14 33 MAX    36
2022 10 09 21 10 MIN    13
2022 10 10 03 00 MAX    32
2022 10 10 09 15 MIN    14
2022 10 10 15 21 MAX    35
2022 10 10 21 42 MIN    16
2022 10 11 03 24 MAX    33
2022 10 11 10 00 MIN    13
2022 10 11 16 09 MAX    34
2022 10 11 22 12 MIN    19
2022 10 12 03 48 MAX    34
2022 10 12 10 44 MIN    12
2022 10 12 17 02 MAX    32
2022 10 12 22 40 MIN    22
2022 10 13 04 12 MAX    35
2022 10 13 11 28 MIN    12
2022 10 13 17 57 MAX    31
2022 10 13 23 05 MIN    24
2022 10 14 04 35 MAX    35
2022 10 14 12 14 MIN    13
2022 10 14 19 19 MAX    29
2022 10 14 23 22 MIN    26
2022 10 15 04 58 MAX    35
2022 10 15 13 03 MIN    13
2022 10 15 20 59 MAX    28
2022 10 15 23 16 MIN    27
2022 10 16 05 21 MAX    33
2022 10 16 13 58 MIN    14
2022 10 17 05 53 MAX    32
2022 10 17 15 06 MIN    13
2022 10 18 06 38 MAX    29
2022 10 18 16 23 MIN    13
2022 10 19 08 20 MAX    27
2022 10 19 17 35 MIN    12
2022 10 20 01 43 MAX    24
2022 10 20 05 20 MIN    23
2022 10 20 10 18 MAX    26
2022 10 20 18 27 MIN    11
2022 10 21 01 36 MAX    24
2022 10 21 06 16 MIN    20
2022 10 21 11 42 MAX    26
2022 10 21 19 07 MIN    10
2022 10 22 01 46 MAX    24
2022 10 22 06 57 MIN    17
2022 10 22 12 46 MAX    27
2022 10 22 19 40 MIN    11
2022 10 23 01 58 MAX    25
2022 10 23 07 34 MIN    15
2022 10 23 13 37 MAX    28
2022 10 23 20 10 MIN    12
2022 10 24 02 12 MAX    27
2022 10 24 08 11 MIN    13
2022 10 24 14 23 MAX    30
2022 10 24 20 39 MIN    14
2022 10 25 02 29 MAX    30
2022 10 25 08 49 MIN    11
2022 10 25 15 09 MAX    31
2022 10 25 21 09 MIN    17
2022 10 26 02 52 MAX    32
2022 10 26 09 30 MIN    10
2022 10 26 15 57 MAX    32
2022 10 26 21 40 MIN    20
2022 10 27 03 17 MAX    35
2022 10 27 10 13 MIN     9
2022 10 27 16 54 MAX    32
2022 10 27 22 13 MIN    23
2022 10 28 03 45 MAX    37
2022 10 28 11 02 MIN     9
2022 10 28 18 00 MAX    32
2022 10 28 22 45 MIN    26
2022 10 29 04 17 MAX    38
2022 10 29 11 55 MIN     9
2022 10 29 19 40 MAX    31
2022 10 29 23 16 MIN    28
2022 10 30 04 56 MAX    39
2022 10 30 12 57 MIN    10
2022 10 30 21 32 MAX    30
2022 10 30 23 45 MIN    29
2022 10 31 05 44 MAX    38
2022 10 31 14 07 MIN    10
2022 11 01 06 50 MAX    36
2022 11 01 15 27 MIN    11
2022 11 02 08 20 MAX    33
2022 11 02 16 47 MIN    11
2022 11 03 00 48 MAX    27
2022 11 03 04 38 MIN    25
2022 11 03 10 01 MAX    31
2022 11 03 17 53 MIN    11
2022 11 04 00 59 MAX    27
2022 11 04 05 58 MIN    20
2022 11 04 11 32 MAX    30
2022 11 04 18 44 MIN    11
2022 11 05 01 14 MAX    27
2022 11 05 06 54 MIN    16
2022 11 05 12 47 MAX    30
2022 11 05 19 24 MIN    12
2022 11 06 01 31 MAX    28
2022 11 06 07 43 MIN    13
2022 11 06 13 49 MAX    29
2022 11 06 19 59 MIN    14
2022 11 07 01 52 MAX    30
2022 11 07 08 28 MIN    11
2022 11 07 14 43 MAX    29
2022 11 07 20 31 MIN    16
2022 11 08 02 15 MAX    32
2022 11 08 09 10 MIN     9
2022 11 08 15 33 MAX    29
2022 11 08 21 00 MIN    19
2022 11 09 02 39 MAX    33
2022 11 09 09 51 MIN     9
2022 11 09 16 22 MAX    29
2022 11 09 21 29 MIN    21
2022 11 10 03 02 MAX    34
2022 11 10 10 30 MIN     9
2022 11 10 17 22 MAX    28
2022 11 10 21 51 MIN    24
2022 11 11 03 26 MAX    34
2022 11 11 11 09 MIN     9
2022 11 11 18 21 MAX    28
2022 11 11 22 13 MIN    25
2022 11 12 03 51 MAX    34
2022 11 12 11 49 MIN    10
2022 11 12 19 36 MAX    27
2022 11 12 22 19 MIN    26
2022 11 13 04 18 MAX    34
2022 11 13 12 34 MIN    10
2022 11 14 04 48 MAX    32
2022 11 14 13 24 MIN    10
2022 11 15 05 27 MAX    30
2022 11 15 14 21 MIN    10
2022 11 16 06 20 MAX    27
2022 11 16 15 24 MIN    10
2022 11 17 07 39 MAX    24
2022 11 17 16 26 MIN    10
2022 11 18 00 11 MAX    22
2022 11 18 04 45 MIN    19
2022 11 18 09 24 MAX    22
2022 11 18 17 20 MIN    10
2022 11 19 00 23 MAX    22
2022 11 19 05 49 MIN    16
2022 11 19 11 01 MAX    21
2022 11 19 18 04 MIN    10
2022 11 20 00 37 MAX    23
2022 11 20 06 35 MIN    13
2022 11 20 12 24 MAX    22
2022 11 20 18 42 MIN    12
2022 11 21 00 54 MAX    25
2022 11 21 07 15 MIN    10
2022 11 21 13 30 MAX    24
2022 11 21 19 18 MIN    14
2022 11 22 01 15 MAX    27
2022 11 22 07 55 MIN     8
2022 11 22 14 27 MAX    26
2022 11 22 19 55 MIN    16
2022 11 23 01 39 MAX    30
2022 11 23 08 36 MIN     6
2022 11 23 15 21 MAX    28
2022 11 23 20 30 MIN    19
2022 11 24 02 08 MAX    33
2022 11 24 09 20 MIN     5
2022 11 24 16 21 MAX    29
2022 11 24 21 06 MIN    22
2022 11 25 02 40 MAX    36
2022 11 25 10 06 MIN     4
2022 11 25 17 24 MAX    30
2022 11 25 21 41 MIN    25
2022 11 26 03 17 MAX    38
2022 11 26 10 57 MIN     4
2022 11 26 18 46 MAX    29
2022 11 26 22 13 MIN    27
2022 11 27 03 58 MAX    39
2022 11 27 11 52 MIN     4
2022 11 27 20 08 MAX    28
2022 11 27 22 51 MIN    27
2022 11 28 04 46 MAX    38
2022 11 28 12 51 MIN     5
2022 11 28 21 24 MAX    27
2022 11 28 23 41 MIN    26
2022 11 29 05 43 MAX    36
2022 11 29 13 56 MIN     7
2022 11 29 22 17 MAX    26
2022 11 30 00 48 MIN    25
2022 11 30 06 53 MAX    33
2022 11 30 15 03 MIN     8
2022 11 30 22 56 MAX    25
2022 12 01 02 50 MIN    22
2022 12 01 08 17 MAX    29
2022 12 01 16 09 MIN     9
2022 12 01 23 26 MAX    24
2022 12 02 04 32 MIN    18
2022 12 02 09 52 MAX    26
2022 12 02 17 08 MIN    10
2022 12 02 23 50 MAX    24
2022 12 03 05 50 MIN    14
2022 12 03 11 33 MAX    23
2022 12 03 17 58 MIN    12
2022 12 04 00 14 MAX    25
2022 12 04 06 50 MIN    10
2022 12 04 13 04 MAX    22
2022 12 04 18 39 MIN    14
2022 12 05 00 40 MAX    26
2022 12 05 07 41 MIN     7
2022 12 05 14 17 MAX    22
2022 12 05 19 15 MIN    16
2022 12 06 01 07 MAX    28
2022 12 06 08 25 MIN     5
2022 12 06 15 14 MAX    23
2022 12 06 19 47 MIN    18
2022 12 07 01 33 MAX    29
2022 12 07 09 05 MIN     4
2022 12 07 16 10 MAX    23
2022 12 07 20 21 MIN    19
2022 12 08 02 00 MAX    30
2022 12 08 09 42 MIN     4
2022 12 08 16 54 MAX    24
2022 12 08 20 44 MIN    21
2022 12 09 02 27 MAX    31
2022 12 09 10 19 MIN     5
2022 12 09 17 43 MAX    24
2022 12 09 21 06 MIN    22
2022 12 10 02 55 MAX    31
2022 12 10 10 56 MIN     5
2022 12 10 18 44 MAX    23
2022 12 10 21 29 MIN    22
2022 12 11 03 27 MAX    31
2022 12 11 11 34 MIN     5
2022 12 11 19 18 MAX    23
2022 12 11 21 27 MIN    22
2022 12 12 04 01 MAX    30
2022 12 12 12 14 MIN     5
2022 12 13 04 40 MAX    29
2022 12 13 12 56 MIN     5
2022 12 13 21 07 MAX    20
2022 12 13 23 05 MIN    19
2022 12 14 05 22 MAX    26
2022 12 14 13 38 MIN     5
2022 12 14 21 36 MAX    19
2022 12 15 00 09 MIN    18
2022 12 15 06 10 MAX    23
2022 12 15 14 21 MIN     6
2022 12 15 22 09 MAX    18
2022 12 16 02 07 MIN    16
2022 12 16 07 11 MAX    20
2022 12 16 15 06 MIN     7
2022 12 16 22 30 MAX    18
2022 12 17 03 52 MIN    14
2022 12 17 08 35 MAX    18
2022 12 17 15 53 MIN     8
2022 12 17 22 52 MAX    19
2022 12 18 05 09 MIN    11
2022 12 18 10 20 MAX    16
2022 12 18 16 42 MIN    10
2022 12 18 23 18 MAX    21
2022 12 19 06 07 MIN     8
2022 12 19 12 16 MAX    17
2022 12 19 17 35 MIN    12
2022 12 19 23 47 MAX    23
2022 12 20 06 55 MIN     5
2022 12 20 13 51 MAX    19
2022 12 20 18 28 MIN    14
2022 12 21 00 20 MAX    26
2022 12 21 07 40 MIN     2
2022 12 21 15 02 MAX    21
2022 12 21 19 13 MIN    17
2022 12 22 00 57 MAX    29
2022 12 22 08 26 MIN     0
2022 12 22 16 01 MAX    23
2022 12 22 19 58 MIN    19
2022 12 23 01 36 MAX    32
2022 12 23 09 14 MIN    -1
2022 12 23 16 53 MAX    25
2022 12 23 20 37 MIN    21
2022 12 24 02 19 MAX    34
2022 12 24 10 03 MIN    -2
2022 12 24 17 50 MAX    25
2022 12 24 21 17 MIN    22
2022 12 25 03 05 MAX    36
2022 12 25 10 55 MIN    -2
2022 12 25 18 45 MAX    24
2022 12 25 21 57 MIN    22
2022 12 26 03 55 MAX    36
2022 12 26 11 47 MIN    -1
2022 12 26 19 32 MAX    23
2022 12 26 22 45 MIN    21
2022 12 27 04 49 MAX    35
2022 12 27 12 40 MIN     0
2022 12 27 20 14 MAX    22
2022 12 27 23 48 MIN    19
2022 12 28 05 47 MAX    32
2022 12 28 13 33 MIN     2
2022 12 28 20 50 MAX    21
2022 12 29 01 05 MIN    17
2022 12 29 06 51 MAX    28
2022 12 29 14 24 MIN     4
2022 12 29 21 23 MAX    20
2022 12 30 02 38 MIN    14
2022 12 30 08 05 MAX    23
2022 12 30 15 15 MIN     7
2022 12 30 21 57 MAX    20
2022 12 31 04 12 MIN    10
2022 12 31 09 43 MAX    18
2022 12 31 16 04 MIN     9
2022 12 31 22 32 MAX    21
