<TOPS - 조위예측극치자료>

대상조위관측소 : 백령도
위도(WGS84) : N  37도 57분 20초
경도(WGS84) : E 124도 44분 10초
관측기간 : 2022-01-01 00:00:00 ~ 2022-12-31 23:59:00

2021 12 01 03 12 MAX   302
2021 12 01 09 52 MIN    66
2021 12 01 15 55 MAX   315
2021 12 01 22 25 MIN    85
2021 12 02 04 01 MAX   305
2021 12 02 10 34 MIN    38
2021 12 02 16 44 MAX   352
2021 12 02 23 19 MIN    66
2021 12 03 04 45 MAX   307
2021 12 03 11 16 MIN    14
2021 12 03 17 31 MAX   384
2021 12 04 00 09 MIN    55
2021 12 04 05 27 MAX   306
2021 12 04 11 56 MIN    -4
2021 12 04 18 17 MAX   406
2021 12 05 00 58 MIN    50
2021 12 05 06 10 MAX   301
2021 12 05 12 38 MIN   -13
2021 12 05 19 05 MAX   418
2021 12 06 01 45 MIN    53
2021 12 06 06 54 MAX   293
2021 12 06 13 21 MIN   -13
2021 12 06 19 54 MAX   419
2021 12 07 02 34 MIN    60
2021 12 07 07 41 MAX   283
2021 12 07 14 06 MIN    -3
2021 12 07 20 43 MAX   409
2021 12 08 03 23 MIN    72
2021 12 08 08 31 MAX   271
2021 12 08 14 52 MIN    15
2021 12 08 21 34 MAX   390
2021 12 09 04 14 MIN    85
2021 12 09 09 23 MAX   258
2021 12 09 15 42 MIN    41
2021 12 09 22 26 MAX   363
2021 12 10 05 10 MIN    97
2021 12 10 10 21 MAX   246
2021 12 10 16 37 MIN    70
2021 12 10 23 22 MAX   334
2021 12 11 06 11 MIN   105
2021 12 11 11 29 MAX   236
2021 12 11 17 45 MIN   100
2021 12 12 00 23 MAX   305
2021 12 12 07 16 MIN   105
2021 12 12 12 52 MAX   236
2021 12 12 19 10 MIN   120
2021 12 13 01 30 MAX   282
2021 12 13 08 17 MIN    97
2021 12 13 14 19 MAX   248
2021 12 13 20 37 MIN   127
2021 12 14 02 34 MAX   268
2021 12 14 09 10 MIN    84
2021 12 14 15 30 MAX   271
2021 12 14 21 50 MIN   122
2021 12 15 03 28 MAX   262
2021 12 15 09 54 MIN    69
2021 12 15 16 24 MAX   296
2021 12 15 22 47 MIN   113
2021 12 16 04 13 MAX   261
2021 12 16 10 33 MIN    55
2021 12 16 17 06 MAX   319
2021 12 16 23 32 MIN   104
2021 12 17 04 51 MAX   263
2021 12 17 11 09 MIN    43
2021 12 17 17 43 MAX   338
2021 12 18 00 11 MIN    97
2021 12 18 05 26 MAX   266
2021 12 18 11 42 MIN    35
2021 12 18 18 16 MAX   352
2021 12 19 00 47 MIN    93
2021 12 19 06 00 MAX   269
2021 12 19 12 14 MIN    32
2021 12 19 18 49 MAX   360
2021 12 20 01 21 MIN    91
2021 12 20 06 34 MAX   270
2021 12 20 12 46 MIN    31
2021 12 20 19 21 MAX   364
2021 12 21 01 54 MIN    91
2021 12 21 07 07 MAX   269
2021 12 21 13 18 MIN    33
2021 12 21 19 52 MAX   365
2021 12 22 02 27 MIN    92
2021 12 22 07 40 MAX   266
2021 12 22 13 51 MIN    37
2021 12 22 20 25 MAX   362
2021 12 23 03 02 MIN    95
2021 12 23 08 15 MAX   262
2021 12 23 14 26 MIN    43
2021 12 23 20 59 MAX   357
2021 12 24 03 39 MIN    98
2021 12 24 08 53 MAX   258
2021 12 24 15 04 MIN    52
2021 12 24 21 36 MAX   347
2021 12 25 04 20 MIN   101
2021 12 25 09 37 MAX   253
2021 12 25 15 47 MIN    65
2021 12 25 22 18 MAX   333
2021 12 26 05 07 MIN   102
2021 12 26 10 30 MAX   249
2021 12 26 16 38 MIN    83
2021 12 26 23 06 MAX   315
2021 12 27 06 02 MIN   100
2021 12 27 11 35 MAX   248
2021 12 27 17 45 MIN   103
2021 12 28 00 03 MAX   296
2021 12 28 07 02 MIN    92
2021 12 28 12 53 MAX   257
2021 12 28 19 13 MIN   117
2021 12 29 01 09 MAX   279
2021 12 29 08 03 MIN    78
2021 12 29 14 15 MAX   280
2021 12 29 20 43 MIN   118
2021 12 30 02 17 MAX   270
2021 12 30 09 00 MIN    58
2021 12 30 15 26 MAX   312
2021 12 30 22 00 MIN   107
2021 12 31 03 20 MAX   267
2021 12 31 09 54 MIN    37
2021 12 31 16 26 MAX   346
2021 12 31 23 05 MIN    92
2022 01 01 04 16 MAX   269
2022 01 01 10 44 MIN    16
2022 01 01 17 20 MAX   377
2022 01 02 00 02 MIN    77
2022 01 02 05 08 MAX   273
2022 01 02 11 35 MIN     0
2022 01 02 18 11 MAX   399
2022 01 03 00 52 MIN    65
2022 01 03 05 57 MAX   278
2022 01 03 12 23 MIN   -11
2022 01 03 19 00 MAX   411
2022 01 04 01 40 MIN    58
2022 01 04 06 46 MAX   282
2022 01 04 13 12 MIN   -14
2022 01 04 19 47 MAX   412
2022 01 05 02 25 MIN    55
2022 01 05 07 34 MAX   284
2022 01 05 13 59 MIN   -10
2022 01 05 20 32 MAX   403
2022 01 06 03 10 MIN    57
2022 01 06 08 22 MAX   282
2022 01 06 14 45 MIN     4
2022 01 06 21 16 MAX   384
2022 01 07 03 53 MIN    63
2022 01 07 09 10 MAX   276
2022 01 07 15 31 MIN    27
2022 01 07 21 58 MAX   358
2022 01 08 04 37 MIN    71
2022 01 08 09 59 MAX   268
2022 01 08 16 18 MIN    56
2022 01 08 22 40 MAX   327
2022 01 09 05 23 MIN    79
2022 01 09 10 53 MAX   258
2022 01 09 17 09 MIN    89
2022 01 09 23 23 MAX   295
2022 01 10 06 11 MIN    85
2022 01 10 11 57 MAX   250
2022 01 10 18 13 MIN   121
2022 01 11 00 13 MAX   266
2022 01 11 07 04 MIN    88
2022 01 11 13 15 MAX   250
2022 01 11 19 35 MIN   144
2022 01 12 01 14 MAX   243
2022 01 12 08 01 MIN    87
2022 01 12 14 40 MAX   262
2022 01 12 21 06 MIN   151
2022 01 13 02 24 MAX   230
2022 01 13 08 56 MIN    81
2022 01 13 15 53 MAX   283
2022 01 13 22 25 MIN   143
2022 01 14 03 30 MAX   229
2022 01 14 09 48 MIN    73
2022 01 14 16 47 MAX   306
2022 01 14 23 22 MIN   130
2022 01 15 04 23 MAX   235
2022 01 15 10 35 MIN    63
2022 01 15 17 29 MAX   326
2022 01 16 00 04 MIN   117
2022 01 16 05 08 MAX   245
2022 01 16 11 18 MIN    54
2022 01 16 18 05 MAX   342
2022 01 17 00 39 MIN   106
2022 01 17 05 47 MAX   255
2022 01 17 11 57 MIN    46
2022 01 17 18 37 MAX   354
2022 01 18 01 12 MIN    96
2022 01 18 06 22 MAX   264
2022 01 18 12 33 MIN    38
2022 01 18 19 08 MAX   362
2022 01 19 01 43 MIN    89
2022 01 19 06 55 MAX   271
2022 01 19 13 09 MIN    31
2022 01 19 19 38 MAX   366
2022 01 20 02 14 MIN    82
2022 01 20 07 28 MAX   277
2022 01 20 13 45 MIN    26
2022 01 20 20 09 MAX   368
2022 01 21 02 46 MIN    77
2022 01 21 08 03 MAX   282
2022 01 21 14 21 MIN    25
2022 01 21 20 40 MAX   365
2022 01 22 03 19 MIN    73
2022 01 22 08 40 MAX   285
2022 01 22 14 59 MIN    31
2022 01 22 21 13 MAX   356
2022 01 23 03 54 MIN    70
2022 01 23 09 21 MAX   286
2022 01 23 15 40 MIN    45
2022 01 23 21 49 MAX   341
2022 01 24 04 32 MIN    69
2022 01 24 10 07 MAX   285
2022 01 24 16 26 MIN    67
2022 01 24 22 28 MAX   320
2022 01 25 05 15 MIN    70
2022 01 25 11 03 MAX   282
2022 01 25 17 22 MIN    96
2022 01 25 23 13 MAX   293
2022 01 26 06 05 MIN    71
2022 01 26 12 12 MAX   282
2022 01 26 18 36 MIN   124
2022 01 27 00 09 MAX   266
2022 01 27 07 04 MIN    71
2022 01 27 13 37 MAX   291
2022 01 27 20 10 MIN   140
2022 01 28 01 25 MAX   245
2022 01 28 08 11 MIN    66
2022 01 28 15 03 MAX   313
2022 01 28 21 47 MIN   135
2022 01 29 02 48 MAX   238
2022 01 29 09 20 MIN    54
2022 01 29 16 16 MAX   342
2022 01 29 23 03 MIN   115
2022 01 30 04 00 MAX   245
2022 01 30 10 26 MIN    37
2022 01 30 17 16 MAX   371
2022 01 31 00 00 MIN    93
2022 01 31 05 01 MAX   260
2022 01 31 11 26 MIN    18
2022 01 31 18 07 MAX   392
2022 02 01 00 47 MIN    73
2022 02 01 05 53 MAX   277
2022 02 01 12 20 MIN     2
2022 02 01 18 52 MAX   403
2022 02 02 01 30 MIN    58
2022 02 02 06 40 MAX   293
2022 02 02 13 08 MIN    -7
2022 02 02 19 34 MAX   402
2022 02 03 02 09 MIN    49
2022 02 03 07 24 MAX   303
2022 02 03 13 53 MIN    -7
2022 02 03 20 13 MAX   392
2022 02 04 02 47 MIN    45
2022 02 04 08 07 MAX   308
2022 02 04 14 35 MIN     4
2022 02 04 20 49 MAX   374
2022 02 05 03 22 MIN    47
2022 02 05 08 49 MAX   307
2022 02 05 15 14 MIN    26
2022 02 05 21 23 MAX   350
2022 02 06 03 57 MIN    51
2022 02 06 09 32 MAX   300
2022 02 06 15 53 MIN    55
2022 02 06 21 54 MAX   322
2022 02 07 04 31 MIN    59
2022 02 07 10 17 MAX   291
2022 02 07 16 34 MIN    89
2022 02 07 22 25 MAX   294
2022 02 08 05 07 MIN    70
2022 02 08 11 08 MAX   279
2022 02 08 17 20 MIN   125
2022 02 08 22 59 MAX   265
2022 02 09 05 47 MIN    82
2022 02 09 12 12 MAX   269
2022 02 09 18 25 MIN   157
2022 02 09 23 44 MAX   237
2022 02 10 06 39 MIN    95
2022 02 10 13 37 MAX   267
2022 02 10 20 08 MIN   176
2022 02 11 01 05 MAX   215
2022 02 11 07 45 MIN   104
2022 02 11 15 10 MAX   278
2022 02 11 22 14 MIN   169
2022 02 12 02 47 MAX   210
2022 02 12 08 58 MIN   105
2022 02 12 16 22 MAX   299
2022 02 12 23 19 MIN   149
2022 02 13 04 04 MAX   221
2022 02 13 10 05 MIN    96
2022 02 13 17 10 MAX   320
2022 02 13 23 57 MIN   130
2022 02 14 04 56 MAX   238
2022 02 14 11 00 MIN    82
2022 02 14 17 46 MAX   339
2022 02 15 00 26 MIN   112
2022 02 15 05 35 MAX   257
2022 02 15 11 44 MIN    64
2022 02 15 18 18 MAX   353
2022 02 16 00 55 MIN    97
2022 02 16 06 08 MAX   274
2022 02 16 12 23 MIN    46
2022 02 16 18 48 MAX   364
2022 02 17 01 22 MIN    83
2022 02 17 06 40 MAX   291
2022 02 17 13 00 MIN    30
2022 02 17 19 16 MAX   371
2022 02 18 01 51 MIN    69
2022 02 18 07 12 MAX   305
2022 02 18 13 36 MIN    19
2022 02 18 19 45 MAX   373
2022 02 19 02 20 MIN    57
2022 02 19 07 47 MAX   317
2022 02 19 14 13 MIN    17
2022 02 19 20 15 MAX   370
2022 02 20 02 52 MIN    49
2022 02 20 08 24 MAX   325
2022 02 20 14 50 MIN    24
2022 02 20 20 46 MAX   359
2022 02 21 03 24 MIN    44
2022 02 21 09 03 MAX   328
2022 02 21 15 30 MIN    43
2022 02 21 21 18 MAX   340
2022 02 22 03 57 MIN    45
2022 02 22 09 48 MAX   327
2022 02 22 16 14 MIN    72
2022 02 22 21 53 MAX   316
2022 02 23 04 34 MIN    51
2022 02 23 10 40 MAX   321
2022 02 23 17 06 MIN   107
2022 02 23 22 32 MAX   286
2022 02 24 05 18 MIN    63
2022 02 24 11 45 MAX   312
2022 02 24 18 15 MIN   141
2022 02 24 23 24 MAX   254
2022 02 25 06 15 MIN    76
2022 02 25 13 12 MAX   309
2022 02 25 19 56 MIN   161
2022 02 26 00 48 MAX   228
2022 02 26 07 31 MIN    86
2022 02 26 14 50 MAX   320
2022 02 26 21 51 MIN   151
2022 02 27 02 36 MAX   223
2022 02 27 09 01 MIN    82
2022 02 27 16 11 MAX   344
2022 02 27 23 05 MIN   124
2022 02 28 04 00 MAX   241
2022 02 28 10 22 MIN    63
2022 02 28 17 10 MAX   367
2022 02 28 23 53 MIN    97
2022 03 01 05 01 MAX   268
2022 03 01 11 26 MIN    39
2022 03 01 17 57 MAX   383
2022 03 02 00 33 MIN    74
2022 03 02 05 48 MAX   294
2022 03 02 12 17 MIN    19
2022 03 02 18 37 MAX   389
2022 03 03 01 10 MIN    56
2022 03 03 06 31 MAX   316
2022 03 03 13 02 MIN     8
2022 03 03 19 12 MAX   385
2022 03 04 01 44 MIN    45
2022 03 04 07 10 MAX   330
2022 03 04 13 41 MIN     9
2022 03 04 19 45 MAX   374
2022 03 05 02 16 MIN    38
2022 03 05 07 49 MAX   338
2022 03 05 14 19 MIN    20
2022 03 05 20 14 MAX   358
2022 03 06 02 46 MIN    37
2022 03 06 08 27 MAX   339
2022 03 06 14 54 MIN    41
2022 03 06 20 42 MAX   338
2022 03 07 03 14 MIN    40
2022 03 07 09 05 MAX   335
2022 03 07 15 28 MIN    68
2022 03 07 21 09 MAX   317
2022 03 08 03 42 MIN    48
2022 03 08 09 45 MAX   326
2022 03 08 16 03 MIN   100
2022 03 08 21 36 MAX   293
2022 03 09 04 10 MIN    61
2022 03 09 10 29 MAX   313
2022 03 09 16 43 MIN   133
2022 03 09 22 05 MAX   268
2022 03 10 04 42 MIN    80
2022 03 10 11 21 MAX   298
2022 03 10 17 34 MIN   164
2022 03 10 22 39 MAX   241
2022 03 11 05 22 MIN   103
2022 03 11 12 33 MAX   285
2022 03 11 19 05 MIN   188
2022 03 11 23 39 MAX   214
2022 03 12 06 23 MIN   125
2022 03 12 14 09 MAX   283
2022 03 12 22 01 MIN   182
2022 03 13 02 05 MAX   204
2022 03 13 07 58 MIN   137
2022 03 13 15 38 MAX   297
2022 03 13 23 01 MIN   159
2022 03 14 03 43 MAX   219
2022 03 14 09 35 MIN   129
2022 03 14 16 35 MAX   317
2022 03 14 23 31 MIN   136
2022 03 15 04 37 MAX   243
2022 03 15 10 40 MIN   106
2022 03 15 17 14 MAX   336
2022 03 15 23 57 MIN   114
2022 03 16 05 15 MAX   269
2022 03 16 11 27 MIN    80
2022 03 16 17 47 MAX   352
2022 03 17 00 23 MIN    93
2022 03 17 05 47 MAX   295
2022 03 17 12 07 MIN    54
2022 03 17 18 16 MAX   364
2022 03 18 00 50 MIN    73
2022 03 18 06 20 MAX   319
2022 03 18 12 45 MIN    34
2022 03 18 18 46 MAX   370
2022 03 19 01 19 MIN    55
2022 03 19 06 53 MAX   340
2022 03 19 13 22 MIN    23
2022 03 19 19 15 MAX   370
2022 03 20 01 49 MIN    40
2022 03 20 07 29 MAX   357
2022 03 20 14 00 MIN    23
2022 03 20 19 45 MAX   363
2022 03 21 02 20 MIN    30
2022 03 21 08 07 MAX   367
2022 03 21 14 40 MIN    35
2022 03 21 20 16 MAX   348
2022 03 22 02 51 MIN    27
2022 03 22 08 49 MAX   371
2022 03 22 15 21 MIN    58
2022 03 22 20 49 MAX   328
2022 03 23 03 25 MIN    32
2022 03 23 09 34 MAX   366
2022 03 23 16 06 MIN    89
2022 03 23 21 25 MAX   302
2022 03 24 04 01 MIN    45
2022 03 24 10 27 MAX   355
2022 03 24 17 00 MIN   124
2022 03 24 22 06 MAX   272
2022 03 25 04 45 MIN    66
2022 03 25 11 33 MAX   339
2022 03 25 18 12 MIN   154
2022 03 25 23 05 MAX   242
2022 03 26 05 44 MIN    90
2022 03 26 13 00 MAX   327
2022 03 26 20 01 MIN   166
2022 03 27 00 44 MAX   221
2022 03 27 07 12 MIN   108
2022 03 27 14 39 MAX   330
2022 03 27 21 49 MIN   149
2022 03 28 02 41 MAX   228
2022 03 28 09 00 MIN   106
2022 03 28 15 58 MAX   345
2022 03 28 22 48 MIN   121
2022 03 29 04 02 MAX   256
2022 03 29 10 23 MIN    84
2022 03 29 16 53 MAX   358
2022 03 29 23 31 MIN    94
2022 03 30 04 56 MAX   288
2022 03 30 11 21 MIN    59
2022 03 30 17 36 MAX   366
2022 03 31 00 07 MIN    72
2022 03 31 05 38 MAX   316
2022 03 31 12 07 MIN    42
2022 03 31 18 11 MAX   365
2022 04 01 00 40 MIN    55
2022 04 01 06 17 MAX   339
2022 04 01 12 48 MIN    34
2022 04 01 18 42 MAX   359
2022 04 02 01 10 MIN    44
2022 04 02 06 53 MAX   354
2022 04 02 13 25 MIN    37
2022 04 02 19 11 MAX   349
2022 04 03 01 39 MIN    37
2022 04 03 07 29 MAX   363
2022 04 03 14 00 MIN    48
2022 04 03 19 38 MAX   336
2022 04 04 02 06 MIN    34
2022 04 04 08 04 MAX   366
2022 04 04 14 33 MIN    66
2022 04 04 20 05 MAX   322
2022 04 05 02 32 MIN    38
2022 04 05 08 41 MAX   363
2022 04 05 15 06 MIN    88
2022 04 05 20 33 MAX   306
2022 04 06 02 59 MIN    48
2022 04 06 09 18 MAX   355
2022 04 06 15 41 MIN   113
2022 04 06 21 02 MAX   287
2022 04 07 03 25 MIN    64
2022 04 07 09 57 MAX   342
2022 04 07 16 18 MIN   140
2022 04 07 21 32 MAX   266
2022 04 08 03 55 MIN    86
2022 04 08 10 42 MAX   325
2022 04 08 17 06 MIN   165
2022 04 08 22 08 MAX   242
2022 04 09 04 29 MIN   111
2022 04 09 11 40 MAX   308
2022 04 09 18 21 MIN   184
2022 04 09 23 08 MAX   220
2022 04 10 05 20 MIN   137
2022 04 10 13 03 MAX   297
2022 04 10 20 46 MIN   184
2022 04 11 01 17 MAX   210
2022 04 11 06 54 MIN   154
2022 04 11 14 35 MAX   301
2022 04 11 22 04 MIN   163
2022 04 12 03 04 MAX   226
2022 04 12 08 54 MIN   148
2022 04 12 15 42 MAX   315
2022 04 12 22 41 MIN   138
2022 04 13 04 02 MAX   255
2022 04 13 10 09 MIN   123
2022 04 13 16 28 MAX   331
2022 04 13 23 11 MIN   113
2022 04 14 04 43 MAX   287
2022 04 14 11 00 MIN    93
2022 04 14 17 04 MAX   345
2022 04 14 23 40 MIN    87
2022 04 15 05 18 MAX   319
2022 04 15 11 43 MIN    67
2022 04 15 17 37 MAX   354
2022 04 16 00 11 MIN    63
2022 04 16 05 54 MAX   349
2022 04 16 12 25 MIN    48
2022 04 16 18 09 MAX   357
2022 04 17 00 42 MIN    43
2022 04 17 06 31 MAX   374
2022 04 17 13 06 MIN    40
2022 04 17 18 41 MAX   353
2022 04 18 01 14 MIN    27
2022 04 18 07 11 MAX   393
2022 04 18 13 47 MIN    43
2022 04 18 19 15 MAX   343
2022 04 19 01 47 MIN    19
2022 04 19 07 53 MAX   403
2022 04 19 14 29 MIN    57
2022 04 19 19 50 MAX   328
2022 04 20 02 22 MIN    20
2022 04 20 08 38 MAX   404
2022 04 20 15 14 MIN    78
2022 04 20 20 28 MAX   308
2022 04 21 02 59 MIN    30
2022 04 21 09 27 MAX   395
2022 04 21 16 04 MIN   105
2022 04 21 21 11 MAX   285
2022 04 22 03 40 MIN    50
2022 04 22 10 23 MAX   379
2022 04 22 17 02 MIN   132
2022 04 22 22 03 MAX   260
2022 04 23 04 29 MIN    76
2022 04 23 11 30 MAX   359
2022 04 23 18 18 MIN   151
2022 04 23 23 15 MAX   239
2022 04 24 05 35 MIN   104
2022 04 24 12 51 MAX   342
2022 04 24 19 55 MIN   153
2022 04 25 00 56 MAX   232
2022 04 25 07 10 MIN   123
2022 04 25 14 18 MAX   335
2022 04 25 21 17 MIN   136
2022 04 26 02 38 MAX   248
2022 04 26 08 55 MIN   119
2022 04 26 15 30 MAX   337
2022 04 26 22 13 MIN   113
2022 04 27 03 50 MAX   277
2022 04 27 10 10 MIN   101
2022 04 27 16 23 MAX   339
2022 04 27 22 56 MIN    91
2022 04 28 04 41 MAX   307
2022 04 28 11 06 MIN    83
2022 04 28 17 04 MAX   338
2022 04 28 23 31 MIN    72
2022 04 29 05 22 MAX   334
2022 04 29 11 51 MIN    72
2022 04 29 17 38 MAX   334
2022 04 30 00 04 MIN    58
2022 04 30 05 59 MAX   355
2022 04 30 12 31 MIN    69
2022 04 30 18 07 MAX   328
2022 05 01 00 33 MIN    47
2022 05 01 06 34 MAX   369
2022 05 01 13 07 MIN    72
2022 05 01 18 35 MAX   321
2022 05 02 01 01 MIN    41
2022 05 02 07 09 MAX   378
2022 05 02 13 42 MIN    81
2022 05 02 19 04 MAX   314
2022 05 03 01 28 MIN    40
2022 05 03 07 45 MAX   381
2022 05 03 14 15 MIN    93
2022 05 03 19 35 MAX   305
2022 05 04 01 56 MIN    46
2022 05 04 08 20 MAX   379
2022 05 04 14 49 MIN   108
2022 05 04 20 06 MAX   293
2022 05 05 02 24 MIN    57
2022 05 05 08 56 MAX   372
2022 05 05 15 24 MIN   124
2022 05 05 20 40 MAX   279
2022 05 06 02 53 MIN    74
2022 05 06 09 33 MAX   360
2022 05 06 16 03 MIN   141
2022 05 06 21 16 MAX   263
2022 05 07 03 24 MIN    94
2022 05 07 10 15 MAX   346
2022 05 07 16 50 MIN   158
2022 05 07 22 00 MAX   247
2022 05 08 04 01 MIN   116
2022 05 08 11 04 MAX   330
2022 05 08 17 53 MIN   169
2022 05 08 23 01 MAX   233
2022 05 09 04 52 MIN   137
2022 05 09 12 09 MAX   317
2022 05 09 19 23 MIN   170
2022 05 10 00 31 MAX   228
2022 05 10 06 12 MIN   153
2022 05 10 13 26 MAX   311
2022 05 10 20 42 MIN   156
2022 05 11 02 06 MAX   242
2022 05 11 08 03 MIN   152
2022 05 11 14 37 MAX   314
2022 05 11 21 34 MIN   133
2022 05 12 03 13 MAX   271
2022 05 12 09 27 MIN   133
2022 05 12 15 31 MAX   322
2022 05 12 22 14 MIN   107
2022 05 13 04 03 MAX   305
2022 05 13 10 27 MIN   108
2022 05 13 16 15 MAX   330
2022 05 13 22 51 MIN    81
2022 05 14 04 46 MAX   341
2022 05 14 11 17 MIN    87
2022 05 14 16 54 MAX   334
2022 05 14 23 27 MIN    57
2022 05 15 05 28 MAX   374
2022 05 15 12 04 MIN    73
2022 05 15 17 32 MAX   333
2022 05 16 00 03 MIN    37
2022 05 16 06 11 MAX   400
2022 05 16 12 50 MIN    67
2022 05 16 18 09 MAX   328
2022 05 17 00 40 MIN    24
2022 05 17 06 55 MAX   418
2022 05 17 13 36 MIN    69
2022 05 17 18 49 MAX   319
2022 05 18 01 18 MIN    18
2022 05 18 07 42 MAX   426
2022 05 18 14 22 MIN    78
2022 05 18 19 32 MAX   308
2022 05 19 01 59 MIN    22
2022 05 19 08 32 MAX   425
2022 05 19 15 11 MIN    92
2022 05 19 20 19 MAX   293
2022 05 20 02 43 MIN    35
2022 05 20 09 25 MAX   414
2022 05 20 16 04 MIN   108
2022 05 20 21 11 MAX   278
2022 05 21 03 31 MIN    56
2022 05 21 10 21 MAX   396
2022 05 21 17 03 MIN   123
2022 05 21 22 12 MAX   264
2022 05 22 04 26 MIN    82
2022 05 22 11 22 MAX   374
2022 05 22 18 10 MIN   132
2022 05 22 23 23 MAX   255
2022 05 23 05 35 MIN   109
2022 05 23 12 30 MAX   351
2022 05 23 19 24 MIN   131
2022 05 24 00 47 MAX   255
2022 05 24 07 02 MIN   127
2022 05 24 13 41 MAX   333
2022 05 24 20 30 MIN   122
2022 05 25 02 14 MAX   269
2022 05 25 08 32 MIN   131
2022 05 25 14 47 MAX   320
2022 05 25 21 25 MIN   107
2022 05 26 03 25 MAX   293
2022 05 26 09 46 MIN   124
2022 05 26 15 40 MAX   312
2022 05 26 22 10 MIN    91
2022 05 27 04 19 MAX   319
2022 05 27 10 44 MIN   116
2022 05 27 16 24 MAX   306
2022 05 27 22 48 MIN    77
2022 05 28 05 04 MAX   343
2022 05 28 11 32 MIN   109
2022 05 28 16 59 MAX   302
2022 05 28 23 23 MIN    65
2022 05 29 05 42 MAX   362
2022 05 29 12 14 MIN   107
2022 05 29 17 33 MAX   299
2022 05 29 23 55 MIN    57
2022 05 30 06 19 MAX   376
2022 05 30 12 52 MIN   108
2022 05 30 18 05 MAX   297
2022 05 31 00 26 MIN    53
2022 05 31 06 54 MAX   384
2022 05 31 13 27 MIN   111
2022 05 31 18 39 MAX   295
2022 06 01 00 57 MIN    55
2022 06 01 07 29 MAX   387
2022 06 01 14 02 MIN   116
2022 06 01 19 14 MAX   291
2022 06 02 01 28 MIN    61
2022 06 02 08 04 MAX   386
2022 06 02 14 37 MIN   123
2022 06 02 19 50 MAX   285
2022 06 03 01 59 MIN    71
2022 06 03 08 38 MAX   381
2022 06 03 15 13 MIN   130
2022 06 03 20 27 MAX   278
2022 06 04 02 32 MIN    83
2022 06 04 09 14 MAX   373
2022 06 04 15 52 MIN   137
2022 06 04 21 06 MAX   269
2022 06 05 03 07 MIN    97
2022 06 05 09 52 MAX   363
2022 06 05 16 35 MIN   144
2022 06 05 21 51 MAX   261
2022 06 06 03 47 MIN   112
2022 06 06 10 35 MAX   350
2022 06 06 17 25 MIN   148
2022 06 06 22 45 MAX   255
2022 06 07 04 38 MIN   128
2022 06 07 11 25 MAX   337
2022 06 07 18 25 MIN   147
2022 06 07 23 51 MAX   255
2022 06 08 05 45 MIN   143
2022 06 08 12 25 MAX   324
2022 06 08 19 28 MIN   138
2022 06 09 01 09 MAX   266
2022 06 09 07 14 MIN   150
2022 06 09 13 30 MAX   315
2022 06 09 20 25 MIN   121
2022 06 10 02 22 MAX   290
2022 06 10 08 42 MIN   145
2022 06 10 14 31 MAX   311
2022 06 10 21 14 MIN   100
2022 06 11 03 24 MAX   323
2022 06 11 09 52 MIN   132
2022 06 11 15 24 MAX   310
2022 06 11 22 00 MIN    78
2022 06 12 04 17 MAX   358
2022 06 12 10 53 MIN   117
2022 06 12 16 12 MAX   309
2022 06 12 22 43 MIN    57
2022 06 13 05 07 MAX   390
2022 06 13 11 48 MIN   105
2022 06 13 16 58 MAX   308
2022 06 13 23 27 MIN    40
2022 06 14 05 56 MAX   416
2022 06 14 12 39 MIN    96
2022 06 14 17 44 MAX   306
2022 06 15 00 13 MIN    29
2022 06 15 06 45 MAX   433
2022 06 15 13 29 MIN    92
2022 06 15 18 32 MAX   304
2022 06 16 00 59 MIN    24
2022 06 16 07 36 MAX   440
2022 06 16 14 18 MIN    91
2022 06 16 19 23 MAX   301
2022 06 17 01 47 MIN    27
2022 06 17 08 27 MAX   438
2022 06 17 15 08 MIN    94
2022 06 17 20 16 MAX   296
2022 06 18 02 36 MIN    38
2022 06 18 09 18 MAX   426
2022 06 18 15 58 MIN    99
2022 06 18 21 11 MAX   291
2022 06 19 03 28 MIN    56
2022 06 19 10 09 MAX   407
2022 06 19 16 49 MIN   105
2022 06 19 22 08 MAX   286
2022 06 20 04 22 MIN    81
2022 06 20 11 00 MAX   381
2022 06 20 17 43 MIN   110
2022 06 20 23 10 MAX   281
2022 06 21 05 23 MIN   108
2022 06 21 11 53 MAX   352
2022 06 21 18 40 MIN   112
2022 06 22 00 20 MAX   280
2022 06 22 06 35 MIN   133
2022 06 22 12 51 MAX   324
2022 06 22 19 36 MIN   111
2022 06 23 01 37 MAX   287
2022 06 23 07 55 MIN   150
2022 06 23 13 50 MAX   301
2022 06 23 20 29 MIN   105
2022 06 24 02 51 MAX   303
2022 06 24 09 13 MIN   156
2022 06 24 14 47 MAX   286
2022 06 24 21 18 MIN    97
2022 06 25 03 54 MAX   325
2022 06 25 10 21 MIN   154
2022 06 25 15 39 MAX   278
2022 06 25 22 02 MIN    88
2022 06 26 04 46 MAX   346
2022 06 26 11 17 MIN   148
2022 06 26 16 24 MAX   277
2022 06 26 22 43 MIN    80
2022 06 27 05 28 MAX   365
2022 06 27 12 03 MIN   141
2022 06 27 17 06 MAX   279
2022 06 27 23 22 MIN    75
2022 06 28 06 07 MAX   378
2022 06 28 12 43 MIN   136
2022 06 28 17 46 MAX   283
2022 06 28 23 59 MIN    73
2022 06 29 06 42 MAX   386
2022 06 29 13 19 MIN   133
2022 06 29 18 24 MAX   286
2022 06 30 00 35 MIN    73
2022 06 30 07 17 MAX   390
2022 06 30 13 54 MIN   130
2022 06 30 19 01 MAX   289
2022 07 01 01 11 MIN    76
2022 07 01 07 49 MAX   391
2022 07 01 14 27 MIN   129
2022 07 01 19 37 MAX   289
2022 07 02 01 45 MIN    79
2022 07 02 08 22 MAX   389
2022 07 02 15 01 MIN   128
2022 07 02 20 14 MAX   289
2022 07 03 02 21 MIN    84
2022 07 03 08 55 MAX   385
2022 07 03 15 35 MIN   127
2022 07 03 20 52 MAX   287
2022 07 04 02 58 MIN    91
2022 07 04 09 28 MAX   378
2022 07 04 16 12 MIN   126
2022 07 04 21 33 MAX   286
2022 07 05 03 38 MIN   101
2022 07 05 10 05 MAX   367
2022 07 05 16 52 MIN   124
2022 07 05 22 20 MAX   286
2022 07 06 04 25 MIN   115
2022 07 06 10 45 MAX   352
2022 07 06 17 37 MIN   122
2022 07 06 23 15 MAX   288
2022 07 07 05 21 MIN   134
2022 07 07 11 32 MAX   334
2022 07 07 18 27 MIN   118
2022 07 08 00 22 MAX   295
2022 07 08 06 33 MIN   153
2022 07 08 12 26 MAX   314
2022 07 08 19 21 MIN   110
2022 07 09 01 37 MAX   312
2022 07 09 08 00 MIN   163
2022 07 09 13 31 MAX   297
2022 07 09 20 17 MIN    98
2022 07 10 02 50 MAX   338
2022 07 10 09 24 MIN   161
2022 07 10 14 37 MAX   288
2022 07 10 21 13 MIN    83
2022 07 11 03 55 MAX   369
2022 07 11 10 37 MIN   149
2022 07 11 15 40 MAX   286
2022 07 11 22 08 MIN    68
2022 07 12 04 53 MAX   399
2022 07 12 11 40 MIN   133
2022 07 12 16 37 MAX   290
2022 07 12 23 03 MIN    52
2022 07 13 05 48 MAX   424
2022 07 13 12 34 MIN   116
2022 07 13 17 32 MAX   297
2022 07 13 23 58 MIN    39
2022 07 14 06 39 MAX   441
2022 07 14 13 23 MIN   102
2022 07 14 18 25 MAX   306
2022 07 15 00 51 MIN    31
2022 07 15 07 28 MAX   447
2022 07 15 14 10 MIN    92
2022 07 15 19 17 MAX   313
2022 07 16 01 42 MIN    30
2022 07 16 08 16 MAX   443
2022 07 16 14 54 MIN    86
2022 07 16 20 08 MAX   317
2022 07 17 02 31 MIN    37
2022 07 17 09 01 MAX   429
2022 07 17 15 38 MIN    85
2022 07 17 20 59 MAX   318
2022 07 18 03 19 MIN    54
2022 07 18 09 44 MAX   406
2022 07 18 16 21 MIN    87
2022 07 18 21 50 MAX   315
2022 07 19 04 07 MIN    79
2022 07 19 10 25 MAX   378
2022 07 19 17 04 MIN    92
2022 07 19 22 43 MAX   310
2022 07 20 04 58 MIN   111
2022 07 20 11 06 MAX   345
2022 07 20 17 49 MIN    99
2022 07 20 23 43 MAX   305
2022 07 21 05 56 MIN   145
2022 07 21 11 49 MAX   313
2022 07 21 18 36 MIN   105
2022 07 22 00 52 MAX   303
2022 07 22 07 08 MIN   173
2022 07 22 12 41 MAX   285
2022 07 22 19 27 MIN   109
2022 07 23 02 11 MAX   310
2022 07 23 08 35 MIN   189
2022 07 23 13 46 MAX   265
2022 07 23 20 22 MIN   111
2022 07 24 03 27 MAX   326
2022 07 24 10 05 MIN   188
2022 07 24 14 56 MAX   257
2022 07 24 21 17 MIN   109
2022 07 25 04 29 MAX   345
2022 07 25 11 14 MIN   176
2022 07 25 15 59 MAX   260
2022 07 25 22 11 MIN   105
2022 07 26 05 17 MAX   364
2022 07 26 12 01 MIN   162
2022 07 26 16 51 MAX   269
2022 07 26 23 00 MIN    99
2022 07 27 05 56 MAX   378
2022 07 27 12 37 MIN   150
2022 07 27 17 35 MAX   280
2022 07 27 23 44 MIN    93
2022 07 28 06 30 MAX   387
2022 07 28 13 09 MIN   140
2022 07 28 18 13 MAX   291
2022 07 29 00 24 MIN    86
2022 07 29 07 01 MAX   393
2022 07 29 13 39 MIN   131
2022 07 29 18 48 MAX   299
2022 07 30 01 01 MIN    80
2022 07 30 07 31 MAX   396
2022 07 30 14 08 MIN   123
2022 07 30 19 22 MAX   306
2022 07 31 01 36 MIN    76
2022 07 31 08 00 MAX   397
2022 07 31 14 38 MIN   116
2022 07 31 19 56 MAX   312
2022 08 01 02 11 MIN    74
2022 08 01 08 29 MAX   394
2022 08 01 15 09 MIN   109
2022 08 01 20 32 MAX   316
2022 08 02 02 48 MIN    78
2022 08 02 09 00 MAX   388
2022 08 02 15 41 MIN   104
2022 08 02 21 10 MAX   320
2022 08 03 03 26 MIN    89
2022 08 03 09 31 MAX   375
2022 08 03 16 15 MIN   101
2022 08 03 21 53 MAX   322
2022 08 04 04 09 MIN   108
2022 08 04 10 05 MAX   356
2022 08 04 16 52 MIN   101
2022 08 04 22 43 MAX   323
2022 08 05 04 58 MIN   134
2022 08 05 10 44 MAX   332
2022 08 05 17 34 MIN   102
2022 08 05 23 44 MAX   324
2022 08 06 06 03 MIN   162
2022 08 06 11 31 MAX   305
2022 08 06 18 25 MIN   104
2022 08 07 01 01 MAX   331
2022 08 07 07 29 MIN   183
2022 08 07 12 37 MAX   280
2022 08 07 19 27 MIN   104
2022 08 08 02 26 MAX   348
2022 08 08 09 09 MIN   185
2022 08 08 14 03 MAX   266
2022 08 08 20 37 MIN    99
2022 08 09 03 44 MAX   374
2022 08 09 10 37 MIN   168
2022 08 09 15 25 MAX   269
2022 08 09 21 48 MIN    86
2022 08 10 04 48 MAX   402
2022 08 10 11 39 MIN   142
2022 08 10 16 32 MAX   285
2022 08 10 22 56 MIN    67
2022 08 11 05 42 MAX   425
2022 08 11 12 27 MIN   118
2022 08 11 17 29 MAX   304
2022 08 11 23 55 MIN    48
2022 08 12 06 29 MAX   438
2022 08 12 13 11 MIN    97
2022 08 12 18 19 MAX   323
2022 08 13 00 48 MIN    34
2022 08 13 07 14 MAX   441
2022 08 13 13 51 MIN    83
2022 08 13 19 07 MAX   338
2022 08 14 01 35 MIN    29
2022 08 14 07 54 MAX   433
2022 08 14 14 29 MIN    74
2022 08 14 19 52 MAX   346
2022 08 15 02 20 MIN    37
2022 08 15 08 32 MAX   416
2022 08 15 15 06 MIN    70
2022 08 15 20 37 MAX   349
2022 08 16 03 02 MIN    55
2022 08 16 09 07 MAX   392
2022 08 16 15 42 MIN    72
2022 08 16 21 23 MAX   345
2022 08 17 03 44 MIN    84
2022 08 17 09 40 MAX   364
2022 08 17 16 17 MIN    78
2022 08 17 22 09 MAX   338
2022 08 18 04 27 MIN   119
2022 08 18 10 12 MAX   333
2022 08 18 16 53 MIN    89
2022 08 18 23 02 MAX   328
2022 08 19 05 15 MIN   156
2022 08 19 10 46 MAX   302
2022 08 19 17 32 MIN   103
2022 08 20 00 04 MAX   318
2022 08 20 06 18 MIN   190
2022 08 20 11 28 MAX   273
2022 08 20 18 20 MIN   118
2022 08 21 01 24 MAX   315
2022 08 21 07 54 MIN   210
2022 08 21 12 41 MAX   249
2022 08 21 19 21 MIN   131
2022 08 22 02 53 MAX   322
2022 08 22 10 06 MIN   205
2022 08 22 14 24 MAX   240
2022 08 22 20 35 MIN   137
2022 08 23 04 08 MAX   339
2022 08 23 11 13 MIN   185
2022 08 23 15 47 MAX   249
2022 08 23 21 49 MIN   133
2022 08 24 04 59 MAX   356
2022 08 24 11 50 MIN   165
2022 08 24 16 43 MAX   267
2022 08 24 22 48 MIN   120
2022 08 25 05 36 MAX   372
2022 08 25 12 19 MIN   148
2022 08 25 17 25 MAX   286
2022 08 25 23 34 MIN   104
2022 08 26 06 08 MAX   383
2022 08 26 12 46 MIN   133
2022 08 26 17 59 MAX   304
2022 08 27 00 13 MIN    88
2022 08 27 06 36 MAX   391
2022 08 27 13 12 MIN   119
2022 08 27 18 30 MAX   319
2022 08 28 00 48 MIN    74
2022 08 28 07 03 MAX   395
2022 08 28 13 38 MIN   106
2022 08 28 19 01 MAX   332
2022 08 29 01 23 MIN    65
2022 08 29 07 31 MAX   396
2022 08 29 14 06 MIN    94
2022 08 29 19 34 MAX   343
2022 08 30 01 58 MIN    62
2022 08 30 07 58 MAX   392
2022 08 30 14 34 MIN    84
2022 08 30 20 08 MAX   351
2022 08 31 02 34 MIN    68
2022 08 31 08 26 MAX   382
2022 08 31 15 04 MIN    79
2022 08 31 20 46 MAX   356
2022 09 01 03 12 MIN    83
2022 09 01 08 56 MAX   365
2022 09 01 15 35 MIN    78
2022 09 01 21 28 MAX   357
2022 09 02 03 54 MIN   108
2022 09 02 09 27 MAX   343
2022 09 02 16 09 MIN    82
2022 09 02 22 16 MAX   354
2022 09 03 04 42 MIN   140
2022 09 03 10 03 MAX   316
2022 09 03 16 49 MIN    91
2022 09 03 23 16 MAX   347
2022 09 04 05 45 MIN   172
2022 09 04 10 49 MAX   286
2022 09 04 17 39 MIN   105
2022 09 05 00 37 MAX   343
2022 09 05 07 16 MIN   193
2022 09 05 12 03 MAX   259
2022 09 05 18 50 MIN   116
2022 09 06 02 14 MAX   350
2022 09 06 09 15 MIN   188
2022 09 06 13 56 MAX   249
2022 09 06 20 20 MIN   117
2022 09 07 03 39 MAX   371
2022 09 07 10 37 MIN   161
2022 09 07 15 29 MAX   265
2022 09 07 21 49 MIN   100
2022 09 08 04 41 MAX   395
2022 09 08 11 28 MIN   131
2022 09 08 16 35 MAX   293
2022 09 08 22 58 MIN    74
2022 09 09 05 30 MAX   412
2022 09 09 12 09 MIN   103
2022 09 09 17 25 MAX   321
2022 09 09 23 53 MIN    50
2022 09 10 06 12 MAX   420
2022 09 10 12 47 MIN    81
2022 09 10 18 09 MAX   346
2022 09 11 00 40 MIN    35
2022 09 11 06 49 MAX   417
2022 09 11 13 22 MIN    66
2022 09 11 18 51 MAX   363
2022 09 12 01 23 MIN    32
2022 09 12 07 24 MAX   405
2022 09 12 13 56 MIN    57
2022 09 12 19 32 MAX   372
2022 09 13 02 03 MIN    42
2022 09 13 07 56 MAX   387
2022 09 13 14 28 MIN    54
2022 09 13 20 12 MAX   374
2022 09 14 02 41 MIN    63
2022 09 14 08 25 MAX   365
2022 09 14 14 58 MIN    56
2022 09 14 20 53 MAX   370
2022 09 15 03 18 MIN    91
2022 09 15 08 55 MAX   340
2022 09 15 15 28 MIN    65
2022 09 15 21 35 MAX   361
2022 09 16 03 57 MIN   124
2022 09 16 09 23 MAX   315
2022 09 16 15 58 MIN    80
2022 09 16 22 21 MAX   347
2022 09 17 04 39 MIN   158
2022 09 17 09 54 MAX   288
2022 09 17 16 30 MIN   100
2022 09 17 23 16 MAX   330
2022 09 18 05 34 MIN   189
2022 09 18 10 31 MAX   260
2022 09 18 17 11 MIN   124
2022 09 19 00 28 MAX   316
2022 09 19 07 10 MIN   210
2022 09 19 11 39 MAX   235
2022 09 19 18 11 MIN   148
2022 09 20 02 03 MAX   312
2022 09 20 09 54 MIN   201
2022 09 20 13 58 MAX   226
2022 09 20 19 50 MIN   161
2022 09 21 03 29 MAX   323
2022 09 21 10 49 MIN   178
2022 09 21 15 35 MAX   243
2022 09 21 21 30 MIN   152
2022 09 22 04 25 MAX   339
2022 09 22 11 19 MIN   155
2022 09 22 16 29 MAX   267
2022 09 22 22 33 MIN   131
2022 09 23 05 03 MAX   355
2022 09 23 11 44 MIN   135
2022 09 23 17 05 MAX   293
2022 09 23 23 17 MIN   106
2022 09 24 05 34 MAX   367
2022 09 24 12 09 MIN   115
2022 09 24 17 36 MAX   317
2022 09 24 23 54 MIN    83
2022 09 25 06 02 MAX   376
2022 09 25 12 34 MIN    96
2022 09 25 18 06 MAX   338
2022 09 26 00 30 MIN    64
2022 09 26 06 29 MAX   380
2022 09 26 13 00 MIN    78
2022 09 26 18 38 MAX   357
2022 09 27 01 06 MIN    54
2022 09 27 06 56 MAX   378
2022 09 27 13 28 MIN    64
2022 09 27 19 10 MAX   373
2022 09 28 01 42 MIN    53
2022 09 28 07 23 MAX   371
2022 09 28 13 57 MIN    54
2022 09 28 19 46 MAX   383
2022 09 29 02 20 MIN    63
2022 09 29 07 52 MAX   358
2022 09 29 14 27 MIN    51
2022 09 29 20 25 MAX   387
2022 09 30 02 59 MIN    82
2022 09 30 08 23 MAX   339
2022 09 30 14 58 MIN    54
2022 09 30 21 08 MAX   385
2022 10 01 03 43 MIN   109
2022 10 01 08 57 MAX   316
2022 10 01 15 33 MIN    64
2022 10 01 21 58 MAX   375
2022 10 02 04 34 MIN   140
2022 10 02 09 37 MAX   288
2022 10 02 16 14 MIN    82
2022 10 02 23 01 MAX   359
2022 10 03 05 41 MIN   168
2022 10 03 10 31 MAX   260
2022 10 03 17 09 MIN   105
2022 10 04 00 24 MAX   346
2022 10 04 07 20 MIN   181
2022 10 04 12 06 MAX   238
2022 10 04 18 33 MIN   124
2022 10 05 02 03 MAX   345
2022 10 05 09 12 MIN   166
2022 10 05 14 07 MAX   242
2022 10 05 20 23 MIN   124
2022 10 06 03 26 MAX   358
2022 10 06 10 17 MIN   136
2022 10 06 15 34 MAX   269
2022 10 06 21 52 MIN   101
2022 10 07 04 24 MAX   372
2022 10 07 11 02 MIN   106
2022 10 07 16 31 MAX   303
2022 10 07 22 54 MIN    74
2022 10 08 05 09 MAX   380
2022 10 08 11 41 MIN    81
2022 10 08 17 15 MAX   335
2022 10 08 23 44 MIN    52
2022 10 09 05 46 MAX   381
2022 10 09 12 15 MIN    60
2022 10 09 17 55 MAX   359
2022 10 10 00 27 MIN    42
2022 10 10 06 19 MAX   374
2022 10 10 12 47 MIN    46
2022 10 10 18 33 MAX   376
2022 10 11 01 06 MIN    43
2022 10 11 06 49 MAX   362
2022 10 11 13 18 MIN    38
2022 10 11 19 10 MAX   385
2022 10 12 01 43 MIN    54
2022 10 12 07 18 MAX   347
2022 10 12 13 46 MIN    36
2022 10 12 19 47 MAX   387
2022 10 13 02 19 MIN    73
2022 10 13 07 46 MAX   330
2022 10 13 14 14 MIN    40
2022 10 13 20 26 MAX   383
2022 10 14 02 55 MIN    97
2022 10 14 08 16 MAX   311
2022 10 14 14 41 MIN    51
2022 10 14 21 04 MAX   372
2022 10 15 03 31 MIN   122
2022 10 15 08 46 MAX   291
2022 10 15 15 09 MIN    69
2022 10 15 21 46 MAX   356
2022 10 16 04 11 MIN   149
2022 10 16 09 20 MAX   269
2022 10 16 15 40 MIN    92
2022 10 16 22 32 MAX   336
2022 10 17 05 01 MIN   173
2022 10 17 09 59 MAX   246
2022 10 17 16 15 MIN   120
2022 10 17 23 32 MAX   316
2022 10 18 06 22 MIN   190
2022 10 18 11 07 MAX   224
2022 10 18 17 07 MIN   147
2022 10 19 00 54 MAX   302
2022 10 19 08 42 MIN   185
2022 10 19 13 16 MAX   216
2022 10 19 18 47 MIN   166
2022 10 20 02 25 MAX   303
2022 10 20 09 50 MIN   164
2022 10 20 15 01 MAX   234
2022 10 20 20 52 MIN   158
2022 10 21 03 31 MAX   314
2022 10 21 10 26 MIN   140
2022 10 21 15 56 MAX   262
2022 10 21 22 01 MIN   133
2022 10 22 04 16 MAX   328
2022 10 22 10 55 MIN   115
2022 10 22 16 34 MAX   292
2022 10 22 22 49 MIN   104
2022 10 23 04 51 MAX   339
2022 10 23 11 22 MIN    91
2022 10 23 17 08 MAX   322
2022 10 23 23 29 MIN    79
2022 10 24 05 22 MAX   346
2022 10 24 11 50 MIN    68
2022 10 24 17 40 MAX   351
2022 10 25 00 08 MIN    61
2022 10 25 05 51 MAX   348
2022 10 25 12 19 MIN    49
2022 10 25 18 13 MAX   375
2022 10 26 00 47 MIN    51
2022 10 26 06 20 MAX   345
2022 10 26 12 49 MIN    34
2022 10 26 18 49 MAX   393
2022 10 27 01 26 MIN    52
2022 10 27 06 51 MAX   336
2022 10 27 13 21 MIN    25
2022 10 27 19 28 MAX   404
2022 10 28 02 07 MIN    63
2022 10 28 07 24 MAX   323
2022 10 28 13 54 MIN    24
2022 10 28 20 10 MAX   406
2022 10 29 02 50 MIN    80
2022 10 29 08 00 MAX   306
2022 10 29 14 30 MIN    31
2022 10 29 20 57 MAX   399
2022 10 30 03 37 MIN   103
2022 10 30 08 41 MAX   285
2022 10 30 15 10 MIN    47
2022 10 30 21 51 MAX   383
2022 10 31 04 33 MIN   126
2022 10 31 09 32 MAX   262
2022 10 31 15 57 MIN    70
2022 10 31 22 54 MAX   363
2022 11 01 05 43 MIN   145
2022 11 01 10 40 MAX   241
2022 11 01 16 59 MIN    97
2022 11 02 00 11 MAX   343
2022 11 02 07 13 MIN   148
2022 11 02 12 15 MAX   231
2022 11 02 18 30 MIN   118
2022 11 03 01 40 MAX   333
2022 11 03 08 40 MIN   132
2022 11 03 14 03 MAX   243
2022 11 03 20 18 MIN   117
2022 11 04 02 57 MAX   332
2022 11 04 09 40 MIN   107
2022 11 04 15 22 MAX   272
2022 11 04 21 40 MIN    99
2022 11 05 03 54 MAX   334
2022 11 05 10 26 MIN    82
2022 11 05 16 17 MAX   305
2022 11 05 22 40 MIN    79
2022 11 06 04 38 MAX   333
2022 11 06 11 04 MIN    60
2022 11 06 17 01 MAX   335
2022 11 06 23 29 MIN    65
2022 11 07 05 14 MAX   329
2022 11 07 11 39 MIN    42
2022 11 07 17 40 MAX   358
2022 11 08 00 11 MIN    59
2022 11 08 05 46 MAX   322
2022 11 08 12 10 MIN    30
2022 11 08 18 16 MAX   374
2022 11 09 00 50 MIN    61
2022 11 09 06 15 MAX   314
2022 11 09 12 40 MIN    23
2022 11 09 18 52 MAX   383
2022 11 10 01 26 MIN    70
2022 11 10 06 45 MAX   306
2022 11 10 13 09 MIN    23
2022 11 10 19 28 MAX   385
2022 11 11 02 02 MIN    83
2022 11 11 07 16 MAX   296
2022 11 11 13 37 MIN    29
2022 11 11 20 04 MAX   381
2022 11 12 02 36 MIN    98
2022 11 12 07 49 MAX   284
2022 11 12 14 06 MIN    41
2022 11 12 20 41 MAX   371
2022 11 13 03 12 MIN   114
2022 11 13 08 23 MAX   271
2022 11 13 14 36 MIN    59
2022 11 13 21 18 MAX   356
2022 11 14 03 51 MIN   130
2022 11 14 09 01 MAX   255
2022 11 14 15 07 MIN    80
2022 11 14 21 59 MAX   338
2022 11 15 04 36 MIN   146
2022 11 15 09 44 MAX   238
2022 11 15 15 43 MIN   103
2022 11 15 22 46 MAX   318
2022 11 16 05 36 MIN   157
2022 11 16 10 43 MAX   222
2022 11 16 16 30 MIN   127
2022 11 16 23 47 MAX   301
2022 11 17 07 03 MIN   158
2022 11 17 12 10 MAX   215
2022 11 17 17 47 MIN   146
2022 11 18 01 04 MAX   290
2022 11 18 08 23 MIN   144
2022 11 18 13 51 MAX   225
2022 11 18 19 45 MIN   149
2022 11 19 02 18 MAX   290
2022 11 19 09 16 MIN   122
2022 11 19 15 04 MAX   251
2022 11 19 21 12 MIN   131
2022 11 20 03 15 MAX   296
2022 11 20 09 56 MIN    97
2022 11 20 15 53 MAX   285
2022 11 20 22 11 MIN   107
2022 11 21 03 59 MAX   303
2022 11 21 10 31 MIN    71
2022 11 21 16 35 MAX   320
2022 11 21 23 00 MIN    85
2022 11 22 04 37 MAX   307
2022 11 22 11 05 MIN    47
2022 11 22 17 13 MAX   353
2022 11 22 23 46 MIN    69
2022 11 23 05 12 MAX   309
2022 11 23 11 40 MIN    26
2022 11 23 17 52 MAX   381
2022 11 24 00 29 MIN    60
2022 11 24 05 48 MAX   306
2022 11 24 12 15 MIN    11
2022 11 24 18 33 MAX   401
2022 11 25 01 13 MIN    59
2022 11 25 06 25 MAX   301
2022 11 25 12 52 MIN     3
2022 11 25 19 17 MAX   412
2022 11 26 01 58 MIN    64
2022 11 26 07 06 MAX   292
2022 11 26 13 32 MIN     2
2022 11 26 20 03 MAX   413
2022 11 27 02 45 MIN    74
2022 11 27 07 49 MAX   282
2022 11 27 14 15 MIN    11
2022 11 27 20 53 MAX   404
2022 11 28 03 35 MIN    86
2022 11 28 08 39 MAX   269
2022 11 28 15 01 MIN    28
2022 11 28 21 46 MAX   386
2022 11 29 04 29 MIN    99
2022 11 29 09 36 MAX   255
2022 11 29 15 54 MIN    51
2022 11 29 22 44 MAX   363
2022 11 30 05 32 MIN   108
2022 11 30 10 42 MAX   243
2022 11 30 16 57 MIN    78
2022 11 30 23 49 MAX   337
2022 12 01 06 42 MIN   110
2022 12 01 12 02 MAX   238
2022 12 01 18 19 MIN   101
2022 12 02 01 00 MAX   314
2022 12 02 07 52 MIN   101
2022 12 02 13 33 MAX   246
2022 12 02 19 52 MIN   111
2022 12 03 02 11 MAX   298
2022 12 03 08 51 MIN    86
2022 12 03 14 54 MAX   268
2022 12 03 21 14 MIN   107
2022 12 04 03 11 MAX   288
2022 12 04 09 41 MIN    68
2022 12 04 15 56 MAX   296
2022 12 04 22 19 MIN    98
2022 12 05 03 59 MAX   282
2022 12 05 10 24 MIN    51
2022 12 05 16 45 MAX   323
2022 12 05 23 12 MIN    90
2022 12 06 04 39 MAX   278
2022 12 06 11 01 MIN    37
2022 12 06 17 27 MAX   345
2022 12 06 23 57 MIN    85
2022 12 07 05 15 MAX   276
2022 12 07 11 36 MIN    27
2022 12 07 18 05 MAX   361
2022 12 08 00 37 MIN    84
2022 12 08 05 49 MAX   275
2022 12 08 12 09 MIN    21
2022 12 08 18 40 MAX   370
2022 12 09 01 14 MIN    86
2022 12 09 06 23 MAX   274
2022 12 09 12 41 MIN    22
2022 12 09 19 15 MAX   373
2022 12 10 01 49 MIN    90
2022 12 10 06 57 MAX   273
2022 12 10 13 13 MIN    27
2022 12 10 19 49 MAX   370
2022 12 11 02 24 MIN    96
2022 12 11 07 33 MAX   269
2022 12 11 13 45 MIN    36
2022 12 11 20 23 MAX   363
2022 12 12 02 58 MIN   102
2022 12 12 08 09 MAX   262
2022 12 12 14 17 MIN    48
2022 12 12 20 57 MAX   353
2022 12 13 03 33 MIN   109
2022 12 13 08 47 MAX   254
2022 12 13 14 51 MIN    62
2022 12 13 21 32 MAX   340
2022 12 14 04 12 MIN   115
2022 12 14 09 28 MAX   244
2022 12 14 15 28 MIN    78
2022 12 14 22 11 MAX   325
2022 12 15 04 57 MIN   120
2022 12 15 10 16 MAX   235
2022 12 15 16 12 MIN    96
2022 12 15 22 56 MAX   308
2022 12 16 05 51 MIN   121
2022 12 16 11 15 MAX   229
2022 12 16 17 10 MIN   115
2022 12 16 23 49 MAX   291
2022 12 17 06 54 MIN   117
2022 12 17 12 32 MAX   232
2022 12 17 18 33 MIN   130
2022 12 18 00 54 MAX   277
2022 12 18 07 55 MIN   104
2022 12 18 13 55 MAX   250
2022 12 18 20 10 MIN   132
2022 12 19 02 02 MAX   269
2022 12 19 08 48 MIN    85
2022 12 19 15 04 MAX   279
2022 12 19 21 29 MIN   121
2022 12 20 03 01 MAX   267
2022 12 20 09 36 MIN    63
2022 12 20 16 01 MAX   315
2022 12 20 22 33 MIN   105
2022 12 21 03 52 MAX   268
2022 12 21 10 20 MIN    41
2022 12 21 16 50 MAX   350
2022 12 21 23 27 MIN    89
2022 12 22 04 39 MAX   271
2022 12 22 11 04 MIN    20
2022 12 22 17 37 MAX   379
2022 12 23 00 18 MIN    76
2022 12 23 05 24 MAX   275
2022 12 23 11 49 MIN     4
2022 12 23 18 24 MAX   401
2022 12 24 01 06 MIN    67
2022 12 24 06 10 MAX   279
2022 12 24 12 35 MIN    -7
2022 12 24 19 11 MAX   413
2022 12 25 01 53 MIN    62
2022 12 25 06 57 MAX   281
2022 12 25 13 22 MIN   -11
2022 12 25 19 59 MAX   414
2022 12 26 02 39 MIN    61
2022 12 26 07 46 MAX   281
2022 12 26 14 11 MIN    -6
2022 12 26 20 47 MAX   405
2022 12 27 03 26 MIN    63
2022 12 27 08 38 MAX   277
2022 12 27 15 00 MIN     7
2022 12 27 21 35 MAX   387
2022 12 28 04 15 MIN    67
2022 12 28 09 31 MAX   271
2022 12 28 15 51 MIN    30
2022 12 28 22 23 MAX   361
2022 12 29 05 05 MIN    73
2022 12 29 10 28 MAX   264
2022 12 29 16 46 MIN    59
2022 12 29 23 13 MAX   329
2022 12 30 05 59 MIN    77
2022 12 30 11 32 MAX   256
2022 12 30 17 51 MIN    90
2022 12 31 00 07 MAX   297
2022 12 31 06 55 MIN    79
2022 12 31 12 49 MAX   255
2022 12 31 19 09 MIN   116
