 <API - 조위예측극치자료>

대상조위관측소 : 백령도
위도(WGS84) : N 124.7361
경도(WGS84) : E 37.9556
관측기관 : 20201221 ~ 20220101

2020 12 21 05 22 MIN   103
2020 12 21 10 37 MAX   241
2020 12 21 16 45 MIN    93
2020 12 21 23 23 MAX   303
2020 12 22 06 15 MIN   108
2020 12 22 11 41 MAX   233
2020 12 22 17 48 MIN   121
2020 12 23 00 17 MAX   279
2020 12 23 07 14 MIN   108
2020 12 23 13 01 MAX   232
2020 12 23 19 14 MIN   140
2020 12 24 01 21 MAX   260
2020 12 24 08 13 MIN   101
2020 12 24 14 26 MAX   245
2020 12 24 20 43 MIN   144
2020 12 25 02 28 MAX   252
2020 12 25 09 05 MIN    88
2020 12 25 15 35 MAX   268
2020 12 25 21 55 MIN   136
2020 12 26 03 25 MAX   251
2020 12 26 09 50 MIN    74
2020 12 26 16 26 MAX   293
2020 12 26 22 50 MIN   123
2020 12 27 04 13 MAX   254
2020 12 27 10 30 MIN    61
2020 12 27 17 08 MAX   318
2020 12 27 23 35 MIN   109
2020 12 28 04 54 MAX   259
2020 12 28 11 07 MIN    49
2020 12 28 17 44 MAX   339
2020 12 29 00 14 MIN    98
2020 12 29 05 31 MAX   263
2020 12 29 11 43 MIN    39
2020 12 29 18 17 MAX   355
2020 12 30 00 51 MIN    90
2020 12 30 06 05 MAX   267
2020 12 30 12 18 MIN    30
2020 12 30 18 51 MAX   368
2020 12 31 01 27 MIN    84
2020 12 31 06 39 MAX   270
2020 12 31 12 54 MIN    24
2020 12 31 19 25 MAX   375
2021 01 01 02 03 MIN    81
2021 01 01 07 14 MAX   273
2021 01 01 13 32 MIN    20
2021 01 01 20 00 MAX   379
2021 01 02 02 40 MIN    79
2021 01 02 07 51 MAX   275
2021 01 02 14 11 MIN    20
2021 01 02 20 38 MAX   377
2021 01 03 03 19 MIN    78
2021 01 03 08 33 MAX   275
2021 01 03 14 53 MIN    25
2021 01 03 21 18 MAX   368
2021 01 04 04 01 MIN    78
2021 01 04 09 19 MAX   273
2021 01 04 15 38 MIN    38
2021 01 04 22 00 MAX   353
2021 01 05 04 47 MIN    79
2021 01 05 10 12 MAX   269
2021 01 05 16 29 MIN    59
2021 01 05 22 47 MAX   332
2021 01 06 05 38 MIN    79
2021 01 06 11 13 MAX   266
2021 01 06 17 31 MIN    84
2021 01 06 23 40 MAX   307
2021 01 07 06 35 MIN    76
2021 01 07 12 27 MAX   268
2021 01 07 18 49 MIN   107
2021 01 08 00 43 MAX   283
2021 01 08 07 37 MIN    69
2021 01 08 13 52 MAX   281
2021 01 08 20 19 MIN   118
2021 01 09 01 54 MAX   266
2021 01 09 08 39 MIN    57
2021 01 09 15 11 MAX   305
2021 01 09 21 43 MIN   114
2021 01 10 03 03 MAX   258
2021 01 10 09 38 MIN    42
2021 01 10 16 18 MAX   335
2021 01 10 22 55 MIN   101
2021 01 11 04 04 MAX   258
2021 01 11 10 33 MIN    26
2021 01 11 17 15 MAX   362
2021 01 11 23 52 MIN    86
2021 01 12 04 58 MAX   264
2021 01 12 11 25 MIN    12
2021 01 12 18 04 MAX   382
2021 01 13 00 42 MIN    74
2021 01 13 05 46 MAX   271
2021 01 13 12 13 MIN     2
2021 01 13 18 49 MAX   393
2021 01 14 01 26 MIN    66
2021 01 14 06 32 MAX   278
2021 01 14 12 58 MIN    -1
2021 01 14 19 31 MAX   394
2021 01 15 02 07 MIN    63
2021 01 15 07 14 MAX   283
2021 01 15 13 41 MIN     2
2021 01 15 20 10 MAX   386
2021 01 16 02 45 MIN    64
2021 01 16 07 56 MAX   285
2021 01 16 14 21 MIN    13
2021 01 16 20 47 MAX   372
2021 01 17 03 22 MIN    67
2021 01 17 08 38 MAX   282
2021 01 17 14 59 MIN    30
2021 01 17 21 21 MAX   353
2021 01 18 03 57 MIN    73
2021 01 18 09 19 MAX   276
2021 01 18 15 36 MIN    53
2021 01 18 21 55 MAX   330
2021 01 19 04 33 MIN    79
2021 01 19 10 03 MAX   268
2021 01 19 16 14 MIN    80
2021 01 19 22 28 MAX   306
2021 01 20 05 12 MIN    85
2021 01 20 10 52 MAX   258
2021 01 20 16 57 MIN   109
2021 01 20 23 05 MAX   281
2021 01 21 05 55 MIN    91
2021 01 21 11 52 MAX   250
2021 01 21 17 55 MIN   138
2021 01 21 23 52 MAX   257
2021 01 22 06 48 MIN    97
2021 01 22 13 10 MAX   249
2021 01 22 19 22 MIN   158
2021 01 23 00 59 MAX   236
2021 01 23 07 47 MIN    98
2021 01 23 14 37 MAX   261
2021 01 23 21 03 MIN   161
2021 01 24 02 22 MAX   226
2021 01 24 08 48 MIN    94
2021 01 24 15 49 MAX   283
2021 01 24 22 26 MIN   149
2021 01 25 03 33 MAX   228
2021 01 25 09 44 MIN    84
2021 01 25 16 42 MAX   309
2021 01 25 23 22 MIN   131
2021 01 26 04 28 MAX   237
2021 01 26 10 34 MIN    70
2021 01 26 17 25 MAX   333
2021 01 27 00 03 MIN   114
2021 01 27 05 11 MAX   249
2021 01 27 11 20 MIN    54
2021 01 27 18 01 MAX   354
2021 01 28 00 39 MIN    98
2021 01 28 05 49 MAX   263
2021 01 28 12 03 MIN    37
2021 01 28 18 36 MAX   371
2021 01 29 01 14 MIN    83
2021 01 29 06 25 MAX   277
2021 01 29 12 44 MIN    21
2021 01 29 19 11 MAX   382
2021 01 30 01 49 MIN    71
2021 01 30 07 03 MAX   290
2021 01 30 13 26 MIN     9
2021 01 30 19 46 MAX   387
2021 01 31 02 24 MIN    60
2021 01 31 07 42 MAX   301
2021 01 31 14 07 MIN     4
2021 01 31 20 22 MAX   385
2021 02 01 03 00 MIN    52
2021 02 01 08 23 MAX   308
2021 02 01 14 49 MIN     8
2021 02 01 20 59 MAX   375
2021 02 02 03 38 MIN    48
2021 02 02 09 08 MAX   310
2021 02 02 15 33 MIN    24
2021 02 02 21 37 MAX   356
2021 02 03 04 18 MIN    48
2021 02 03 09 56 MAX   307
2021 02 03 16 20 MIN    51
2021 02 03 22 16 MAX   330
2021 02 04 05 01 MIN    53
2021 02 04 10 52 MAX   300
2021 02 04 17 15 MIN    85
2021 02 04 23 00 MAX   299
2021 02 05 05 49 MIN    60
2021 02 05 11 59 MAX   294
2021 02 05 18 24 MIN   119
2021 02 05 23 55 MAX   267
2021 02 06 06 47 MIN    68
2021 02 06 13 23 MAX   294
2021 02 06 19 55 MIN   141
2021 02 07 01 09 MAX   240
2021 02 07 07 55 MIN    71
2021 02 07 14 55 MAX   308
2021 02 07 21 38 MIN   141
2021 02 08 02 37 MAX   230
2021 02 08 09 08 MIN    67
2021 02 08 16 13 MAX   332
2021 02 08 22 58 MIN   123
2021 02 09 03 55 MAX   237
2021 02 09 10 19 MIN    54
2021 02 09 17 13 MAX   355
2021 02 09 23 53 MIN   102
2021 02 10 04 55 MAX   253
2021 02 10 11 19 MIN    38
2021 02 10 18 00 MAX   372
2021 02 11 00 36 MIN    84
2021 02 11 05 43 MAX   272
2021 02 11 12 10 MIN    23
2021 02 11 18 40 MAX   380
2021 02 12 01 14 MIN    72
2021 02 12 06 25 MAX   288
2021 02 12 12 54 MIN    15
2021 02 12 19 16 MAX   380
2021 02 13 01 48 MIN    63
2021 02 13 07 03 MAX   301
2021 02 13 13 33 MIN    14
2021 02 13 19 48 MAX   373
2021 02 14 02 20 MIN    59
2021 02 14 07 40 MAX   308
2021 02 14 14 08 MIN    20
2021 02 14 20 18 MAX   362
2021 02 15 02 50 MIN    56
2021 02 15 08 17 MAX   311
2021 02 15 14 41 MIN    34
2021 02 15 20 46 MAX   348
2021 02 16 03 18 MIN    57
2021 02 16 08 53 MAX   308
2021 02 16 15 13 MIN    53
2021 02 16 21 13 MAX   331
2021 02 17 03 47 MIN    60
2021 02 17 09 31 MAX   302
2021 02 17 15 46 MIN    78
2021 02 17 21 41 MAX   311
2021 02 18 04 16 MIN    67
2021 02 18 10 12 MAX   293
2021 02 18 16 22 MIN   106
2021 02 18 22 10 MAX   289
2021 02 19 04 49 MIN    78
2021 02 19 10 59 MAX   282
2021 02 19 17 05 MIN   136
2021 02 19 22 42 MAX   263
2021 02 20 05 28 MIN    93
2021 02 20 12 00 MAX   273
2021 02 20 18 10 MIN   164
2021 02 20 23 26 MAX   236
2021 02 21 06 21 MIN   108
2021 02 21 13 25 MAX   271
2021 02 21 20 00 MIN   180
2021 02 22 00 59 MAX   214
2021 02 22 07 33 MIN   117
2021 02 22 14 58 MAX   284
2021 02 22 22 07 MIN   169
2021 02 23 02 52 MAX   213
2021 02 23 08 53 MIN   114
2021 02 23 16 08 MAX   308
2021 02 23 23 08 MIN   146
2021 02 24 04 04 MAX   228
2021 02 24 10 04 MIN    97
2021 02 24 16 57 MAX   334
2021 02 24 23 46 MIN   122
2021 02 25 04 52 MAX   251
2021 02 25 11 01 MIN    72
2021 02 25 17 37 MAX   357
2021 02 26 00 19 MIN    99
2021 02 26 05 32 MAX   276
2021 02 26 11 50 MIN    45
2021 02 26 18 13 MAX   376
2021 02 27 00 52 MIN    77
2021 02 27 06 10 MAX   300
2021 02 27 12 34 MIN    21
2021 02 27 18 48 MAX   387
2021 02 28 01 25 MIN    57
2021 02 28 06 48 MAX   322
2021 02 28 13 16 MIN     5
2021 02 28 19 23 MAX   391
2021 03 01 01 59 MIN    40
2021 03 01 07 28 MAX   339
2021 03 01 13 58 MIN     0
2021 03 01 19 58 MAX   386
2021 03 02 02 34 MIN    29
2021 03 02 08 10 MAX   350
2021 03 02 14 40 MIN     8
2021 03 02 20 33 MAX   372
2021 03 03 03 09 MIN    25
2021 03 03 08 55 MAX   352
2021 03 03 15 24 MIN    29
2021 03 03 21 09 MAX   349
2021 03 04 03 46 MIN    28
2021 03 04 09 42 MAX   348
2021 03 04 16 10 MIN    62
2021 03 04 21 46 MAX   320
2021 03 05 04 25 MIN    39
2021 03 05 10 35 MAX   337
2021 03 05 17 02 MIN   100
2021 03 05 22 27 MAX   286
2021 03 06 05 09 MIN    57
2021 03 06 11 40 MAX   323
2021 03 06 18 10 MIN   137
2021 03 06 23 19 MAX   252
2021 03 07 06 04 MIN    78
2021 03 07 13 03 MAX   313
2021 03 07 19 47 MIN   160
2021 03 08 00 40 MAX   224
2021 03 08 07 19 MIN    95
2021 03 08 14 42 MAX   317
2021 03 08 21 45 MIN   154
2021 03 09 02 30 MAX   219
2021 03 09 08 52 MIN    97
2021 03 09 16 06 MAX   333
2021 03 09 22 57 MIN   130
2021 03 10 03 57 MAX   236
2021 03 10 10 16 MIN    83
2021 03 10 17 04 MAX   350
2021 03 10 23 42 MIN   107
2021 03 11 04 55 MAX   262
2021 03 11 11 17 MIN    63
2021 03 11 17 47 MAX   361
2021 03 12 00 19 MIN    88
2021 03 12 05 38 MAX   287
2021 03 12 12 04 MIN    46
2021 03 12 18 21 MAX   365
2021 03 13 00 51 MIN    73
2021 03 13 06 15 MAX   308
2021 03 13 12 44 MIN    36
2021 03 13 18 51 MAX   363
2021 03 14 01 20 MIN    62
2021 03 14 06 48 MAX   324
2021 03 14 13 19 MIN    34
2021 03 14 19 18 MAX   357
2021 03 15 01 47 MIN    54
2021 03 15 07 22 MAX   334
2021 03 15 13 51 MIN    39
2021 03 15 19 44 MAX   349
2021 03 16 02 13 MIN    49
2021 03 16 07 55 MAX   340
2021 03 16 14 21 MIN    50
2021 03 16 20 09 MAX   339
2021 03 17 02 38 MIN    47
2021 03 17 08 29 MAX   340
2021 03 17 14 52 MIN    66
2021 03 17 20 35 MAX   326
2021 03 18 03 04 MIN    50
2021 03 18 09 03 MAX   336
2021 03 18 15 23 MIN    87
2021 03 18 21 01 MAX   310
2021 03 19 03 30 MIN    59
2021 03 19 09 39 MAX   329
2021 03 19 15 57 MIN   111
2021 03 19 21 28 MAX   289
2021 03 20 03 58 MIN    74
2021 03 20 10 20 MAX   318
2021 03 20 16 37 MIN   139
2021 03 20 21 57 MAX   265
2021 03 21 04 30 MIN    93
2021 03 21 11 09 MAX   306
2021 03 21 17 32 MIN   166
2021 03 21 22 33 MAX   240
2021 03 22 05 12 MIN   114
2021 03 22 12 20 MAX   295
2021 03 22 19 05 MIN   185
2021 03 22 23 47 MAX   216
2021 03 23 06 20 MIN   132
2021 03 23 13 56 MAX   297
2021 03 23 21 29 MIN   177
2021 03 24 02 08 MAX   212
2021 03 24 08 00 MIN   136
2021 03 24 15 21 MAX   313
2021 03 24 22 34 MIN   151
2021 03 25 03 34 MAX   234
2021 03 25 09 36 MIN   117
2021 03 25 16 19 MAX   336
2021 03 25 23 12 MIN   123
2021 03 26 04 27 MAX   265
2021 03 26 10 42 MIN    86
2021 03 26 17 03 MAX   358
2021 03 26 23 46 MIN    94
2021 03 27 05 10 MAX   299
2021 03 27 11 33 MIN    54
2021 03 27 17 41 MAX   374
2021 03 28 00 20 MIN    66
2021 03 28 05 50 MAX   332
2021 03 28 12 19 MIN    28
2021 03 28 18 17 MAX   382
2021 03 29 00 54 MIN    42
2021 03 29 06 30 MAX   359
2021 03 29 13 03 MIN    13
2021 03 29 18 53 MAX   382
2021 03 30 01 28 MIN    24
2021 03 30 07 12 MAX   378
2021 03 30 13 46 MIN    12
2021 03 30 19 29 MAX   372
2021 03 31 02 03 MIN    13
2021 03 31 07 55 MAX   389
2021 03 31 14 29 MIN    24
2021 03 31 20 05 MAX   355
2021 04 01 02 39 MIN    12
2021 04 01 08 41 MAX   391
2021 04 01 15 14 MIN    48
2021 04 01 20 42 MAX   331
2021 04 02 03 16 MIN    20
2021 04 02 09 30 MAX   383
2021 04 02 16 01 MIN    81
2021 04 02 21 21 MAX   302
2021 04 03 03 54 MIN    38
2021 04 03 10 24 MAX   368
2021 04 03 16 56 MIN   116
2021 04 03 22 06 MAX   271
2021 04 04 04 38 MIN    64
2021 04 04 11 27 MAX   348
2021 04 04 18 06 MIN   147
2021 04 04 23 04 MAX   242
2021 04 05 05 34 MIN    93
2021 04 05 12 48 MAX   331
2021 04 05 19 45 MIN   162
2021 04 06 00 35 MAX   222
2021 04 06 06 57 MIN   117
2021 04 06 14 22 MAX   325
2021 04 06 21 30 MIN   151
2021 04 07 02 29 MAX   226
2021 04 07 08 44 MIN   121
2021 04 07 15 43 MAX   330
2021 04 07 22 32 MIN   129
2021 04 08 03 53 MAX   250
2021 04 08 10 09 MIN   106
2021 04 08 16 39 MAX   338
2021 04 08 23 13 MIN   108
2021 04 09 04 45 MAX   279
2021 04 09 11 06 MIN    86
2021 04 09 17 19 MAX   342
2021 04 09 23 48 MIN    89
2021 04 10 05 24 MAX   306
2021 04 10 11 50 MIN    71
2021 04 10 17 51 MAX   343
2021 04 11 00 17 MIN    74
2021 04 11 05 58 MAX   328
2021 04 11 12 27 MIN    62
2021 04 11 18 18 MAX   340
2021 04 12 00 44 MIN    62
2021 04 12 06 30 MAX   344
2021 04 12 13 00 MIN    60
2021 04 12 18 44 MAX   337
2021 04 13 01 10 MIN    52
2021 04 13 07 02 MAX   356
2021 04 13 13 31 MIN    64
2021 04 13 19 09 MAX   332
2021 04 14 01 35 MIN    47
2021 04 14 07 34 MAX   362
2021 04 14 14 02 MIN    72
2021 04 14 19 36 MAX   324
2021 04 15 02 00 MIN    46
2021 04 15 08 06 MAX   364
2021 04 15 14 33 MIN    85
2021 04 15 20 03 MAX   314
2021 04 16 02 26 MIN    51
2021 04 16 08 39 MAX   362
2021 04 16 15 05 MIN   101
2021 04 16 20 30 MAX   299
2021 04 17 02 52 MIN    62
2021 04 17 09 14 MAX   357
2021 04 17 15 41 MIN   120
2021 04 17 20 59 MAX   282
2021 04 18 03 20 MIN    77
2021 04 18 09 52 MAX   347
2021 04 18 16 22 MIN   142
2021 04 18 21 32 MAX   262
2021 04 19 03 53 MIN    96
2021 04 19 10 37 MAX   335
2021 04 19 17 15 MIN   162
2021 04 19 22 16 MAX   242
2021 04 20 04 34 MIN   116
2021 04 20 11 39 MAX   322
2021 04 20 18 35 MIN   176
2021 04 20 23 33 MAX   226
2021 04 21 05 39 MIN   135
2021 04 21 13 03 MAX   315
2021 04 21 20 26 MIN   169
2021 04 22 01 27 MAX   227
2021 04 22 07 22 MIN   142
2021 04 22 14 27 MAX   321
2021 04 22 21 38 MIN   145
2021 04 23 02 56 MAX   251
2021 04 23 09 06 MIN   125
2021 04 23 15 32 MAX   336
2021 04 23 22 25 MIN   116
2021 04 24 03 56 MAX   287
2021 04 24 10 17 MIN    96
2021 04 24 16 21 MAX   351
2021 04 24 23 04 MIN    85
2021 04 25 04 43 MAX   325
2021 04 25 11 12 MIN    67
2021 04 25 17 04 MAX   361
2021 04 25 23 41 MIN    56
2021 04 26 05 27 MAX   360
2021 04 26 12 01 MIN    46
2021 04 26 17 43 MAX   363
2021 04 27 00 18 MIN    32
2021 04 27 06 11 MAX   389
2021 04 27 12 47 MIN    36
2021 04 27 18 21 MAX   359
2021 04 28 00 55 MIN    15
2021 04 28 06 55 MAX   408
2021 04 28 13 32 MIN    38
2021 04 28 19 00 MAX   347
2021 04 29 01 32 MIN     8
2021 04 29 07 42 MAX   418
2021 04 29 14 18 MIN    50
2021 04 29 19 39 MAX   330
2021 04 30 02 10 MIN    11
2021 04 30 08 30 MAX   417
2021 04 30 15 05 MIN    71
2021 04 30 20 22 MAX   309
2021 05 01 02 49 MIN    23
2021 05 01 09 21 MAX   407
2021 05 01 15 56 MIN    96
2021 05 01 21 07 MAX   286
2021 05 02 03 32 MIN    46
2021 05 02 10 15 MAX   389
2021 05 02 16 52 MIN   122
2021 05 02 21 59 MAX   263
2021 05 03 04 19 MIN    74
2021 05 03 11 16 MAX   366
2021 05 03 18 01 MIN   142
2021 05 03 23 04 MAX   244
2021 05 04 05 18 MIN   105
2021 05 04 12 27 MAX   343
2021 05 04 19 26 MIN   150
2021 05 05 00 31 MAX   234
2021 05 05 06 43 MIN   130
2021 05 05 13 47 MAX   327
2021 05 05 20 47 MIN   142
2021 05 06 02 10 MAX   243
2021 05 06 08 26 MIN   137
2021 05 06 15 01 MAX   320
2021 05 06 21 46 MIN   126
2021 05 07 03 29 MAX   266
2021 05 07 09 46 MIN   127
2021 05 07 15 57 MAX   319
2021 05 07 22 30 MIN   108
2021 05 08 04 22 MAX   293
2021 05 08 10 43 MIN   112
2021 05 08 16 38 MAX   318
2021 05 08 23 05 MIN    91
2021 05 09 05 03 MAX   319
2021 05 09 11 28 MIN   101
2021 05 09 17 12 MAX   317
2021 05 09 23 36 MIN    76
2021 05 10 05 37 MAX   340
2021 05 10 12 05 MIN    94
2021 05 10 17 41 MAX   316
2021 05 11 00 04 MIN    64
2021 05 11 06 10 MAX   357
2021 05 11 12 40 MIN    91
2021 05 11 18 09 MAX   315
2021 05 12 00 32 MIN    56
2021 05 12 06 43 MAX   369
2021 05 12 13 12 MIN    92
2021 05 12 18 38 MAX   312
2021 05 13 00 59 MIN    53
2021 05 13 07 15 MAX   376
2021 05 13 13 45 MIN    97
2021 05 13 19 07 MAX   306
2021 05 14 01 26 MIN    54
2021 05 14 07 47 MAX   379
2021 05 14 14 18 MIN   104
2021 05 14 19 38 MAX   298
2021 05 15 01 54 MIN    60
2021 05 15 08 21 MAX   379
2021 05 15 14 53 MIN   115
2021 05 15 20 09 MAX   287
2021 05 16 02 24 MIN    70
2021 05 16 08 55 MAX   375
2021 05 16 15 31 MIN   127
2021 05 16 20 44 MAX   276
2021 05 17 02 56 MIN    82
2021 05 17 09 34 MAX   367
2021 05 17 16 14 MIN   140
2021 05 17 21 24 MAX   263
2021 05 18 03 33 MIN    97
2021 05 18 10 19 MAX   357
2021 05 18 17 06 MIN   151
2021 05 18 22 16 MAX   252
2021 05 19 04 20 MIN   113
2021 05 19 11 15 MAX   344
2021 05 19 18 12 MIN   156
2021 05 19 23 26 MAX   246
2021 05 20 05 25 MIN   129
2021 05 20 12 23 MAX   333
2021 05 20 19 30 MIN   149
2021 05 21 00 53 MAX   252
2021 05 21 06 57 MIN   138
2021 05 21 13 36 MAX   329
2021 05 21 20 38 MIN   130
2021 05 22 02 16 MAX   275
2021 05 22 08 33 MIN   129
2021 05 22 14 43 MAX   331
2021 05 22 21 32 MIN   104
2021 05 23 03 22 MAX   309
2021 05 23 09 48 MIN   110
2021 05 23 15 37 MAX   335
2021 05 23 22 18 MIN    76
2021 05 24 04 16 MAX   346
2021 05 24 10 49 MIN    90
2021 05 24 16 25 MAX   337
2021 05 24 23 00 MIN    51
2021 05 25 05 05 MAX   380
2021 05 25 11 43 MIN    75
2021 05 25 17 09 MAX   335
2021 05 25 23 42 MIN    31
2021 05 26 05 53 MAX   407
2021 05 26 12 33 MIN    68
2021 05 26 17 52 MAX   330
2021 05 27 00 23 MIN    18
2021 05 27 06 42 MAX   425
2021 05 27 13 22 MIN    68
2021 05 27 18 35 MAX   321
2021 05 28 01 05 MIN    14
2021 05 28 07 31 MAX   433
2021 05 28 14 11 MIN    75
2021 05 28 19 21 MAX   309
2021 05 29 01 48 MIN    19
2021 05 29 08 21 MAX   431
2021 05 29 14 59 MIN    87
2021 05 29 20 09 MAX   296
2021 05 30 02 32 MIN    33
2021 05 30 09 12 MAX   419
2021 05 30 15 50 MIN   102
2021 05 30 20 59 MAX   283
2021 05 31 03 18 MIN    54
2021 05 31 10 03 MAX   400
2021 05 31 16 44 MIN   116
2021 05 31 21 54 MAX   271
2021 06 01 04 07 MIN    81
2021 06 01 10 57 MAX   375
2021 06 01 17 42 MIN   128
2021 06 01 22 56 MAX   260
2021 06 02 05 06 MIN   110
2021 06 02 11 55 MAX   349
2021 06 02 18 46 MIN   134
2021 06 03 00 08 MAX   256
2021 06 03 06 19 MIN   136
2021 06 03 12 57 MAX   325
2021 06 03 19 50 MIN   132
2021 06 04 01 30 MAX   261
2021 06 04 07 46 MIN   150
2021 06 04 14 01 MAX   308
2021 06 04 20 47 MIN   123
2021 06 05 02 47 MAX   278
2021 06 05 09 06 MIN   151
2021 06 05 14 59 MAX   298
2021 06 05 21 34 MIN   110
2021 06 06 03 48 MAX   301
2021 06 06 10 10 MIN   144
2021 06 06 15 47 MAX   294
2021 06 06 22 15 MIN    96
2021 06 07 04 36 MAX   324
2021 06 07 11 01 MIN   135
2021 06 07 16 28 MAX   293
2021 06 07 22 50 MIN    83
2021 06 08 05 15 MAX   346
2021 06 08 11 43 MIN   127
2021 06 08 17 04 MAX   294
2021 06 08 23 24 MIN    74
2021 06 09 05 51 MAX   363
2021 06 09 12 22 MIN   122
2021 06 09 17 39 MAX   295
2021 06 09 23 56 MIN    68
2021 06 10 06 25 MAX   376
2021 06 10 12 58 MIN   119
2021 06 10 18 13 MAX   294
2021 06 11 00 28 MIN    66
2021 06 11 06 59 MAX   384
2021 06 11 13 33 MIN   118
2021 06 11 18 47 MAX   292
2021 06 12 01 00 MIN    67
2021 06 12 07 33 MAX   389
2021 06 12 14 09 MIN   119
2021 06 12 19 21 MAX   289
2021 06 13 01 33 MIN    70
2021 06 13 08 07 MAX   391
2021 06 13 14 45 MIN   122
2021 06 13 19 56 MAX   285
2021 06 14 02 07 MIN    74
2021 06 14 08 42 MAX   389
2021 06 14 15 23 MIN   126
2021 06 14 20 35 MAX   281
2021 06 15 02 45 MIN    81
2021 06 15 09 21 MAX   384
2021 06 15 16 05 MIN   129
2021 06 15 21 19 MAX   277
2021 06 16 03 27 MIN    90
2021 06 16 10 03 MAX   375
2021 06 16 16 52 MIN   131
2021 06 16 22 10 MAX   275
2021 06 17 04 16 MIN   104
2021 06 17 10 52 MAX   362
2021 06 17 17 45 MIN   130
2021 06 17 23 11 MAX   275
2021 06 18 05 17 MIN   120
2021 06 18 11 46 MAX   347
2021 06 18 18 44 MIN   124
2021 06 19 00 23 MAX   282
2021 06 19 06 34 MIN   134
2021 06 19 12 48 MAX   331
2021 06 19 19 44 MIN   111
2021 06 20 01 40 MAX   300
2021 06 20 08 01 MIN   139
2021 06 20 13 53 MAX   320
2021 06 20 20 40 MIN    94
2021 06 21 02 52 MAX   328
2021 06 21 09 21 MIN   134
2021 06 21 14 54 MAX   313
2021 06 21 21 33 MIN    74
2021 06 22 03 54 MAX   360
2021 06 22 10 30 MIN   123
2021 06 22 15 49 MAX   309
2021 06 22 22 22 MIN    55
2021 06 23 04 50 MAX   390
2021 06 23 11 31 MIN   111
2021 06 23 16 41 MAX   307
2021 06 23 23 11 MIN    40
2021 06 24 05 43 MAX   415
2021 06 24 12 25 MIN   101
2021 06 24 17 30 MAX   306
2021 06 24 23 59 MIN    31
2021 06 25 06 34 MAX   431
2021 06 25 13 16 MIN    95
2021 06 25 18 20 MAX   304
2021 06 26 00 47 MIN    27
2021 06 26 07 24 MAX   438
2021 06 26 14 05 MIN    93
2021 06 26 19 10 MAX   303
2021 06 27 01 34 MIN    31
2021 06 27 08 12 MAX   435
2021 06 27 14 51 MIN    95
2021 06 27 19 59 MAX   300
2021 06 28 02 21 MIN    42
2021 06 28 08 59 MAX   423
2021 06 28 15 37 MIN   100
2021 06 28 20 49 MAX   297
2021 06 29 03 07 MIN    60
2021 06 29 09 43 MAX   403
2021 06 29 16 22 MIN   106
2021 06 29 21 40 MAX   291
2021 06 30 03 54 MIN    83
2021 06 30 10 27 MAX   378
2021 06 30 17 09 MIN   113
2021 06 30 22 33 MAX   285
2021 07 01 04 44 MIN   111
2021 07 01 11 11 MAX   351
2021 07 01 17 57 MIN   119
2021 07 01 23 31 MAX   280
2021 07 02 05 41 MIN   139
2021 07 02 11 58 MAX   323
2021 07 02 18 47 MIN   121
2021 07 03 00 40 MAX   279
2021 07 03 06 51 MIN   163
2021 07 03 12 50 MAX   300
2021 07 03 19 39 MIN   120
2021 07 04 01 56 MAX   287
2021 07 04 08 11 MIN   176
2021 07 04 13 50 MAX   283
2021 07 04 20 31 MIN   115
2021 07 05 03 07 MAX   304
2021 07 05 09 29 MIN   177
2021 07 05 14 51 MAX   274
2021 07 05 21 19 MIN   107
2021 07 06 04 06 MAX   326
2021 07 06 10 35 MIN   169
2021 07 06 15 46 MAX   273
2021 07 06 22 04 MIN   100
2021 07 07 04 54 MAX   347
2021 07 07 11 27 MIN   158
2021 07 07 16 34 MAX   276
2021 07 07 22 46 MIN    92
2021 07 08 05 35 MAX   366
2021 07 08 12 10 MIN   147
2021 07 08 17 16 MAX   280
2021 07 08 23 26 MIN    86
2021 07 09 06 11 MAX   381
2021 07 09 12 48 MIN   138
2021 07 09 17 55 MAX   285
2021 07 10 00 04 MIN    80
2021 07 10 06 45 MAX   392
2021 07 10 13 23 MIN   131
2021 07 10 18 31 MAX   290
2021 07 11 00 42 MIN    75
2021 07 11 07 18 MAX   399
2021 07 11 13 58 MIN   125
2021 07 11 19 08 MAX   294
2021 07 12 01 20 MIN    71
2021 07 12 07 52 MAX   404
2021 07 12 14 33 MIN   119
2021 07 12 19 45 MAX   299
2021 07 13 01 59 MIN    69
2021 07 13 08 27 MAX   404
2021 07 13 15 10 MIN   114
2021 07 13 20 24 MAX   302
2021 07 14 02 40 MIN    70
2021 07 14 09 04 MAX   400
2021 07 14 15 47 MIN   110
2021 07 14 21 07 MAX   305
2021 07 15 03 23 MIN    78
2021 07 15 09 42 MAX   389
2021 07 15 16 28 MIN   107
2021 07 15 21 55 MAX   307
2021 07 16 04 10 MIN    93
2021 07 16 10 23 MAX   373
2021 07 16 17 12 MIN   105
2021 07 16 22 50 MAX   309
2021 07 17 05 05 MIN   115
2021 07 17 11 08 MAX   350
2021 07 17 18 00 MIN   102
2021 07 17 23 54 MAX   312
2021 07 18 06 11 MIN   139
2021 07 18 12 01 MAX   326
2021 07 18 18 55 MIN    99
2021 07 19 01 10 MAX   322
2021 07 19 07 32 MIN   158
2021 07 19 13 05 MAX   303
2021 07 19 19 53 MIN    93
2021 07 20 02 29 MAX   341
2021 07 20 09 01 MIN   163
2021 07 20 14 15 MAX   288
2021 07 20 20 54 MIN    84
2021 07 21 03 41 MAX   367
2021 07 21 10 22 MIN   154
2021 07 21 15 24 MAX   283
2021 07 21 21 54 MIN    72
2021 07 22 04 45 MAX   394
2021 07 22 11 29 MIN   138
2021 07 22 16 26 MAX   287
2021 07 22 22 53 MIN    59
2021 07 23 05 39 MAX   416
2021 07 23 12 24 MIN   121
2021 07 23 17 22 MAX   295
2021 07 23 23 48 MIN    48
2021 07 24 06 29 MAX   430
2021 07 24 13 11 MIN   107
2021 07 24 18 13 MAX   305
2021 07 25 00 40 MIN    41
2021 07 25 07 15 MAX   435
2021 07 25 13 54 MIN    98
2021 07 25 19 01 MAX   313
2021 07 26 01 27 MIN    40
2021 07 26 07 57 MAX   430
2021 07 26 14 34 MIN    94
2021 07 26 19 46 MAX   319
2021 07 27 02 12 MIN    47
2021 07 27 08 36 MAX   417
2021 07 27 15 12 MIN    93
2021 07 27 20 31 MAX   321
2021 07 28 02 53 MIN    62
2021 07 28 09 13 MAX   398
2021 07 28 15 49 MIN    95
2021 07 28 21 15 MAX   318
2021 07 29 03 33 MIN    84
2021 07 29 09 46 MAX   375
2021 07 29 16 26 MIN    99
2021 07 29 22 00 MAX   313
2021 07 30 04 13 MIN   112
2021 07 30 10 20 MAX   349
2021 07 30 17 02 MIN   105
2021 07 30 22 49 MAX   306
2021 07 31 04 57 MIN   142
2021 07 31 10 55 MAX   323
2021 07 31 17 42 MIN   112
2021 07 31 23 47 MAX   300
2021 08 01 05 51 MIN   172
2021 08 01 11 36 MAX   297
2021 08 01 18 28 MIN   119
2021 08 02 00 58 MAX   299
2021 08 02 07 07 MIN   195
2021 08 02 12 33 MAX   273
2021 08 02 19 21 MIN   125
2021 08 03 02 19 MAX   307
2021 08 03 08 45 MIN   203
2021 08 03 13 52 MAX   258
2021 08 03 20 20 MIN   127
2021 08 04 03 33 MAX   324
2021 08 04 10 19 MIN   194
2021 08 04 15 10 MAX   255
2021 08 04 21 20 MIN   125
2021 08 05 04 31 MAX   346
2021 08 05 11 19 MIN   177
2021 08 05 16 12 MAX   262
2021 08 05 22 15 MIN   116
2021 08 06 05 15 MAX   367
2021 08 06 12 01 MIN   160
2021 08 06 17 00 MAX   274
2021 08 06 23 04 MIN   104
2021 08 07 05 53 MAX   384
2021 08 07 12 35 MIN   144
2021 08 07 17 40 MAX   288
2021 08 07 23 49 MIN    90
2021 08 08 06 26 MAX   398
2021 08 08 13 07 MIN   129
2021 08 08 18 16 MAX   301
2021 08 09 00 30 MIN    75
2021 08 09 06 59 MAX   408
2021 08 09 13 39 MIN   116
2021 08 09 18 52 MAX   315
2021 08 10 01 11 MIN    62
2021 08 10 07 32 MAX   413
2021 08 10 14 11 MIN   103
2021 08 10 19 29 MAX   327
2021 08 11 01 51 MIN    55
2021 08 11 08 05 MAX   413
2021 08 11 14 45 MIN    93
2021 08 11 20 08 MAX   336
2021 08 12 02 32 MIN    56
2021 08 12 08 39 MAX   405
2021 08 12 15 20 MIN    85
2021 08 12 20 50 MAX   342
2021 08 13 03 14 MIN    67
2021 08 13 09 14 MAX   390
2021 08 13 15 56 MIN    81
2021 08 13 21 36 MAX   344
2021 08 14 03 59 MIN    89
2021 08 14 09 51 MAX   368
2021 08 14 16 36 MIN    82
2021 08 14 22 28 MAX   342
2021 08 15 04 50 MIN   119
2021 08 15 10 31 MAX   340
2021 08 15 17 19 MIN    87
2021 08 15 23 30 MAX   339
2021 08 16 05 52 MIN   151
2021 08 16 11 19 MAX   309
2021 08 16 18 11 MIN    95
2021 08 17 00 47 MAX   338
2021 08 17 07 14 MIN   177
2021 08 17 12 24 MAX   280
2021 08 17 19 13 MIN   102
2021 08 18 02 15 MAX   348
2021 08 18 08 56 MIN   184
2021 08 18 13 52 MAX   263
2021 08 18 20 26 MIN   103
2021 08 19 03 38 MAX   368
2021 08 19 10 29 MIN   168
2021 08 19 15 19 MAX   264
2021 08 19 21 42 MIN    94
2021 08 20 04 44 MAX   391
2021 08 20 11 31 MIN   144
2021 08 20 16 28 MAX   280
2021 08 20 22 50 MIN    78
2021 08 21 05 36 MAX   410
2021 08 21 12 16 MIN   122
2021 08 21 17 22 MAX   300
2021 08 21 23 47 MIN    62
2021 08 22 06 19 MAX   420
2021 08 22 12 56 MIN   105
2021 08 22 18 07 MAX   319
2021 08 23 00 35 MIN    50
2021 08 23 06 58 MAX   420
2021 08 23 13 32 MIN    93
2021 08 23 18 49 MAX   334
2021 08 24 01 18 MIN    46
2021 08 24 07 33 MAX   413
2021 08 24 14 06 MIN    85
2021 08 24 19 28 MAX   343
2021 08 25 01 57 MIN    52
2021 08 25 08 05 MAX   399
2021 08 25 14 38 MIN    81
2021 08 25 20 07 MAX   347
2021 08 26 02 33 MIN    66
2021 08 26 08 34 MAX   382
2021 08 26 15 08 MIN    81
2021 08 26 20 46 MAX   346
2021 08 27 03 08 MIN    86
2021 08 27 09 02 MAX   363
2021 08 27 15 37 MIN    84
2021 08 27 21 25 MAX   341
2021 08 28 03 42 MIN   112
2021 08 28 09 30 MAX   341
2021 08 28 16 06 MIN    91
2021 08 28 22 08 MAX   332
2021 08 29 04 19 MIN   142
2021 08 29 09 59 MAX   318
2021 08 29 16 38 MIN   102
2021 08 29 22 57 MAX   322
2021 08 30 05 04 MIN   172
2021 08 30 10 31 MAX   292
2021 08 30 17 16 MIN   118
2021 08 30 23 58 MAX   312
2021 08 31 06 07 MIN   200
2021 08 31 11 14 MAX   265
2021 08 31 18 05 MIN   135
2021 09 01 01 19 MAX   309
2021 09 01 07 55 MIN   214
2021 09 01 12 45 MAX   242
2021 09 01 19 13 MIN   148
2021 09 02 02 49 MAX   319
2021 09 02 10 10 MIN   202
2021 09 02 14 41 MAX   239
2021 09 02 20 35 MIN   150
2021 09 03 03 59 MAX   338
2021 09 03 11 05 MIN   179
2021 09 03 15 56 MAX   254
2021 09 03 21 50 MIN   137
2021 09 04 04 48 MAX   360
2021 09 04 11 39 MIN   156
2021 09 04 16 44 MAX   275
2021 09 04 22 48 MIN   114
2021 09 05 05 26 MAX   380
2021 09 05 12 09 MIN   134
2021 09 05 17 22 MAX   299
2021 09 05 23 36 MIN    88
2021 09 06 05 59 MAX   396
2021 09 06 12 38 MIN   113
2021 09 06 17 57 MAX   322
2021 09 07 00 18 MIN    65
2021 09 07 06 31 MAX   406
2021 09 07 13 08 MIN    94
2021 09 07 18 32 MAX   344
2021 09 08 00 59 MIN    48
2021 09 08 07 03 MAX   409
2021 09 08 13 40 MIN    76
2021 09 08 19 09 MAX   361
2021 09 09 01 39 MIN    40
2021 09 09 07 36 MAX   405
2021 09 09 14 12 MIN    63
2021 09 09 19 49 MAX   374
2021 09 10 02 20 MIN    45
2021 09 10 08 09 MAX   393
2021 09 10 14 46 MIN    56
2021 09 10 20 31 MAX   379
2021 09 11 03 02 MIN    62
2021 09 11 08 43 MAX   373
2021 09 11 15 21 MIN    55
2021 09 11 21 17 MAX   378
2021 09 12 03 46 MIN    90
2021 09 12 09 19 MAX   347
2021 09 12 15 58 MIN    63
2021 09 12 22 09 MAX   370
2021 09 13 04 37 MIN   124
2021 09 13 09 58 MAX   315
2021 09 13 16 40 MIN    78
2021 09 13 23 11 MAX   358
2021 09 14 05 41 MIN   159
2021 09 14 10 47 MAX   282
2021 09 14 17 32 MIN    97
2021 09 15 00 30 MAX   347
2021 09 15 07 09 MIN   183
2021 09 15 12 03 MAX   254
2021 09 15 18 43 MIN   116
2021 09 16 02 06 MAX   348
2021 09 16 09 06 MIN   180
2021 09 16 13 53 MAX   244
2021 09 16 20 15 MIN   122
2021 09 17 03 33 MAX   361
2021 09 17 10 28 MIN   156
2021 09 17 15 29 MAX   259
2021 09 17 21 45 MIN   109
2021 09 18 04 36 MAX   378
2021 09 18 11 17 MIN   130
2021 09 18 16 32 MAX   286
2021 09 18 22 52 MIN    87
2021 09 19 05 22 MAX   389
2021 09 19 11 56 MIN   108
2021 09 19 17 18 MAX   313
2021 09 19 23 43 MIN    67
2021 09 20 06 00 MAX   393
2021 09 20 12 30 MIN    91
2021 09 20 17 57 MAX   335
2021 09 21 00 26 MIN    55
2021 09 21 06 32 MAX   390
2021 09 21 13 01 MIN    78
2021 09 21 18 32 MAX   352
2021 09 22 01 04 MIN    52
2021 09 22 07 01 MAX   381
2021 09 22 13 30 MIN    69
2021 09 22 19 07 MAX   363
2021 09 23 01 38 MIN    57
2021 09 23 07 27 MAX   370
2021 09 23 13 58 MIN    63
2021 09 23 19 41 MAX   367
2021 09 24 02 11 MIN    70
2021 09 24 07 53 MAX   357
2021 09 24 14 23 MIN    62
2021 09 24 20 16 MAX   367
2021 09 25 02 42 MIN    88
2021 09 25 08 20 MAX   341
2021 09 25 14 49 MIN    66
2021 09 25 20 53 MAX   362
2021 09 26 03 15 MIN   111
2021 09 26 08 47 MAX   323
2021 09 26 15 15 MIN    76
2021 09 26 21 30 MAX   352
2021 09 27 03 49 MIN   136
2021 09 27 09 15 MAX   302
2021 09 27 15 43 MIN    91
2021 09 27 22 12 MAX   339
2021 09 28 04 30 MIN   162
2021 09 28 09 44 MAX   278
2021 09 28 16 15 MIN   112
2021 09 28 23 02 MAX   324
2021 09 29 05 26 MIN   188
2021 09 29 10 21 MAX   252
2021 09 29 16 55 MIN   135
2021 09 30 00 13 MAX   312
2021 09 30 07 03 MIN   204
2021 09 30 11 42 MAX   228
2021 09 30 18 01 MIN   155
2021 10 01 01 49 MAX   311
2021 10 01 09 31 MIN   193
2021 10 01 14 07 MAX   226
2021 10 01 19 48 MIN   161
2021 10 02 03 12 MAX   325
2021 10 02 10 25 MIN   167
2021 10 02 15 30 MAX   248
2021 10 02 21 25 MIN   143
2021 10 03 04 08 MAX   345
2021 10 03 10 59 MIN   140
2021 10 03 16 18 MAX   278
2021 10 03 22 28 MIN   112
2021 10 04 04 49 MAX   364
2021 10 04 11 29 MIN   113
2021 10 04 16 57 MAX   310
2021 10 04 23 17 MIN    81
2021 10 05 05 24 MAX   378
2021 10 05 12 00 MIN    86
2021 10 05 17 33 MAX   342
2021 10 06 00 00 MIN    54
2021 10 06 00 00 MIN    54
2021 10 06 05 57 MAX   386
2021 10 06 12 31 MIN    62
2021 10 06 18 10 MAX   370
2021 10 07 00 42 MIN    38
2021 10 07 06 30 MAX   386
2021 10 07 13 04 MIN    43
2021 10 07 18 49 MAX   391
2021 10 08 01 24 MIN    33
2021 10 08 07 03 MAX   378
2021 10 08 13 37 MIN    30
2021 10 08 19 30 MAX   403
2021 10 09 02 06 MIN    42
2021 10 09 07 38 MAX   362
2021 10 09 14 12 MIN    26
2021 10 09 20 14 MAX   407
2021 10 10 02 50 MIN    62
2021 10 10 08 14 MAX   340
2021 10 10 14 48 MIN    31
2021 10 10 21 01 MAX   401
2021 10 11 03 37 MIN    90
2021 10 11 08 52 MAX   314
2021 10 11 15 26 MIN    46
2021 10 11 21 54 MAX   387
2021 10 12 04 30 MIN   122
2021 10 12 09 37 MAX   284
2021 10 12 16 09 MIN    69
2021 10 12 22 57 MAX   367
2021 10 13 05 36 MIN   151
2021 10 13 10 34 MAX   255
2021 10 13 17 04 MIN    97
2021 10 14 00 15 MAX   348
2021 10 14 07 09 MIN   167
2021 10 14 12 03 MAX   233
2021 10 14 18 24 MIN   122
2021 10 15 01 49 MAX   339
2021 10 15 08 55 MIN   157
2021 10 15 14 00 MAX   235
2021 10 15 20 13 MIN   128
2021 10 16 03 13 MAX   342
2021 10 16 10 02 MIN   133
2021 10 16 15 29 MAX   260
2021 10 16 21 42 MIN   112
2021 10 17 04 13 MAX   349
2021 10 17 10 47 MIN   109
2021 10 17 16 25 MAX   290
2021 10 17 22 44 MIN    91
2021 10 18 04 57 MAX   353
2021 10 18 11 24 MIN    89
2021 10 18 17 06 MAX   319
2021 10 18 23 31 MIN    73
2021 10 19 05 31 MAX   351
2021 10 19 11 55 MIN    72
2021 10 19 17 41 MAX   342
2021 10 20 00 10 MIN    63
2021 10 20 06 00 MAX   347
2021 10 20 12 25 MIN    58
2021 10 20 18 14 MAX   359
2021 10 21 00 45 MIN    61
2021 10 21 06 26 MAX   341
2021 10 21 12 51 MIN    49
2021 10 21 18 47 MAX   370
2021 10 22 01 18 MIN    66
2021 10 22 06 52 MAX   333
2021 10 22 13 17 MIN    44
2021 10 22 19 19 MAX   375
2021 10 23 01 49 MIN    75
2021 10 23 07 18 MAX   324
2021 10 23 13 42 MIN    44
2021 10 23 19 52 MAX   375
2021 10 24 02 21 MIN    89
2021 10 24 07 45 MAX   313
2021 10 24 14 08 MIN    49
2021 10 24 20 26 MAX   371
2021 10 25 02 53 MIN   106
2021 10 25 08 14 MAX   298
2021 10 25 14 34 MIN    61
2021 10 25 21 00 MAX   362
2021 10 26 03 28 MIN   125
2021 10 26 08 44 MAX   280
2021 10 26 15 02 MIN    78
2021 10 26 21 38 MAX   349
2021 10 27 04 08 MIN   145
2021 10 27 09 17 MAX   259
2021 10 27 15 33 MIN    98
2021 10 27 22 22 MAX   333
2021 10 28 04 59 MIN   164
2021 10 28 10 00 MAX   239
2021 10 28 16 12 MIN   120
2021 10 28 23 20 MAX   317
2021 10 29 06 18 MIN   176
2021 10 29 11 14 MAX   221
2021 10 29 17 12 MIN   141
2021 10 30 00 42 MAX   307
2021 10 30 08 12 MIN   170
2021 10 30 13 12 MAX   220
2021 10 30 18 57 MIN   151
2021 10 31 02 09 MAX   310
2021 10 31 09 22 MIN   146
2021 10 31 14 45 MAX   243
2021 10 31 20 48 MIN   136
2021 11 01 03 15 MAX   322
2021 11 01 10 06 MIN   117
2021 11 01 15 43 MAX   278
2021 11 01 21 59 MIN   106
2021 11 02 04 03 MAX   336
2021 11 02 10 42 MIN    87
2021 11 02 16 27 MAX   316
2021 11 02 22 52 MIN    76
2021 11 03 04 43 MAX   346
2021 11 03 11 18 MIN    57
2021 11 03 17 08 MAX   353
2021 11 03 23 40 MIN    53
2021 11 04 05 20 MAX   350
2021 11 04 11 52 MIN    32
2021 11 04 17 49 MAX   383
2021 11 05 00 24 MIN    39
2021 11 05 05 56 MAX   347
2021 11 05 12 28 MIN    13
2021 11 05 18 30 MAX   406
2021 11 06 01 09 MIN    37
2021 11 06 06 33 MAX   338
2021 11 06 13 04 MIN     2
2021 11 06 19 15 MAX   418
2021 11 07 01 54 MIN    46
2021 11 07 07 11 MAX   324
2021 11 07 13 42 MIN     1
2021 11 07 20 01 MAX   419
2021 11 08 02 40 MIN    62
2021 11 08 07 52 MAX   305
2021 11 08 14 21 MIN    11
2021 11 08 20 51 MAX   410
2021 11 09 03 30 MIN    84
2021 11 09 08 38 MAX   284
2021 11 09 15 03 MIN    30
2021 11 09 21 45 MAX   392
2021 11 10 04 25 MIN   108
2021 11 10 09 29 MAX   261
2021 11 10 15 50 MIN    57
2021 11 10 22 44 MAX   367
2021 11 11 05 30 MIN   127
2021 11 11 10 33 MAX   240
2021 11 11 16 49 MIN    88
2021 11 11 23 54 MAX   342
2021 11 12 06 51 MIN   136
2021 11 12 11 57 MAX   228
2021 11 12 18 10 MIN   115
2021 11 13 01 15 MAX   322
2021 11 13 08 13 MIN   129
2021 11 13 13 39 MAX   233
2021 11 13 19 54 MIN   124
2021 11 14 02 32 MAX   312
2021 11 14 09 18 MIN   112
2021 11 14 15 06 MAX   256
2021 11 14 21 20 MIN   115
2021 11 15 03 34 MAX   308
2021 11 15 10 05 MIN    92
2021 11 15 16 05 MAX   284
2021 11 15 22 22 MIN   100
2021 11 16 04 19 MAX   306
2021 11 16 10 43 MIN    73
2021 11 16 16 48 MAX   311
2021 11 16 23 10 MIN    87
2021 11 17 04 54 MAX   304
2021 11 17 11 16 MIN    57
2021 11 17 17 24 MAX   334
2021 11 17 23 50 MIN    79
2021 11 18 05 24 MAX   302
2021 11 18 11 46 MIN    43
2021 11 18 17 57 MAX   352
2021 11 19 00 26 MIN    76
2021 11 19 05 53 MAX   300
2021 11 19 12 14 MIN    34
2021 11 19 18 29 MAX   364
2021 11 20 01 00 MIN    78
2021 11 20 06 22 MAX   297
2021 11 20 12 41 MIN    31
2021 11 20 19 01 MAX   371
2021 11 21 01 32 MIN    82
2021 11 21 06 52 MAX   292
2021 11 21 13 09 MIN    32
2021 11 21 19 34 MAX   372
2021 11 22 02 05 MIN    90
2021 11 22 07 22 MAX   285
2021 11 22 13 37 MIN    39
2021 11 22 20 06 MAX   369
2021 11 23 02 38 MIN    99
2021 11 23 07 53 MAX   275
2021 11 23 14 06 MIN    49
2021 11 23 20 39 MAX   362
2021 11 24 03 14 MIN   110
2021 11 24 08 27 MAX   263
2021 11 24 14 37 MIN    62
2021 11 24 21 15 MAX   352
2021 11 25 03 53 MIN   122
2021 11 25 09 04 MAX   249
2021 11 25 15 12 MIN    77
2021 11 25 21 56 MAX   339
2021 11 26 04 41 MIN   133
2021 11 26 09 50 MAX   237
2021 11 26 15 54 MIN    95
2021 11 26 22 46 MAX   324
2021 11 27 05 41 MIN   140
2021 11 27 10 53 MAX   227
2021 11 27 16 51 MIN   113
2021 11 27 23 48 MAX   309
2021 11 28 06 58 MIN   136
2021 11 28 12 17 MAX   227
2021 11 28 18 17 MIN   126
2021 11 29 01 03 MAX   300
2021 11 29 08 10 MIN   119
2021 11 29 13 48 MAX   244
2021 11 29 20 01 MIN   123
2021 11 30 02 14 MAX   298
2021 11 30 09 05 MIN    94
2021 11 30 14 59 MAX   276
2021 11 30 21 22 MIN   106
2021 12 01 03 12 MAX   302
2021 12 01 09 52 MIN    66
2021 12 01 15 55 MAX   315
2021 12 01 22 25 MIN    85
2021 12 02 04 01 MAX   305
2021 12 02 10 34 MIN    38
2021 12 02 16 44 MAX   352
2021 12 02 23 19 MIN    66
2021 12 03 04 45 MAX   307
2021 12 03 11 16 MIN    14
2021 12 03 17 31 MAX   384
2021 12 04 00 09 MIN    55
2021 12 04 05 27 MAX   306
2021 12 04 11 56 MIN    -4
2021 12 04 18 17 MAX   406
2021 12 05 00 58 MIN    50
2021 12 05 06 10 MAX   301
2021 12 05 12 38 MIN   -13
2021 12 05 19 05 MAX   418
2021 12 06 01 45 MIN    53
2021 12 06 06 54 MAX   293
2021 12 06 13 21 MIN   -13
2021 12 06 19 54 MAX   419
2021 12 07 02 34 MIN    60
2021 12 07 07 41 MAX   283
2021 12 07 14 06 MIN    -3
2021 12 07 20 43 MAX   409
2021 12 08 03 23 MIN    72
2021 12 08 08 31 MAX   271
2021 12 08 14 52 MIN    15
2021 12 08 21 34 MAX   390
2021 12 09 04 14 MIN    85
2021 12 09 09 23 MAX   258
2021 12 09 15 42 MIN    41
2021 12 09 22 26 MAX   363
2021 12 10 05 10 MIN    97
2021 12 10 10 21 MAX   246
2021 12 10 16 37 MIN    70
2021 12 10 23 22 MAX   334
2021 12 11 06 11 MIN   105
2021 12 11 11 29 MAX   236
2021 12 11 17 45 MIN   100
2021 12 12 00 23 MAX   305
2021 12 12 07 16 MIN   105
2021 12 12 12 52 MAX   236
2021 12 12 19 10 MIN   120
2021 12 13 01 30 MAX   282
2021 12 13 08 17 MIN    97
2021 12 13 14 19 MAX   248
2021 12 13 20 37 MIN   127
2021 12 14 02 34 MAX   268
2021 12 14 09 10 MIN    84
2021 12 14 15 30 MAX   271
2021 12 14 21 50 MIN   122
2021 12 15 03 28 MAX   262
2021 12 15 09 54 MIN    69
2021 12 15 16 24 MAX   296
2021 12 15 22 47 MIN   113
2021 12 16 04 13 MAX   261
2021 12 16 10 33 MIN    55
2021 12 16 17 06 MAX   319
2021 12 16 23 32 MIN   104
2021 12 17 04 51 MAX   263
2021 12 17 11 09 MIN    43
2021 12 17 17 43 MAX   338
2021 12 18 00 11 MIN    97
2021 12 18 05 26 MAX   266
2021 12 18 11 42 MIN    35
2021 12 18 18 16 MAX   352
2021 12 19 00 47 MIN    93
2021 12 19 06 00 MAX   269
2021 12 19 12 14 MIN    32
2021 12 19 18 49 MAX   360
2021 12 20 01 21 MIN    91
2021 12 20 06 34 MAX   270
2021 12 20 12 46 MIN    31
2021 12 20 19 21 MAX   364
2021 12 21 01 54 MIN    91
2021 12 21 07 07 MAX   269
2021 12 21 13 18 MIN    33
2021 12 21 19 52 MAX   365
2021 12 22 02 27 MIN    92
2021 12 22 07 40 MAX   266
2021 12 22 13 51 MIN    37
2021 12 22 20 25 MAX   362
2021 12 23 03 02 MIN    95
2021 12 23 08 15 MAX   262
2021 12 23 14 26 MIN    43
2021 12 23 20 59 MAX   357
2021 12 24 03 39 MIN    98
2021 12 24 08 53 MAX   258
2021 12 24 15 04 MIN    52
2021 12 24 21 36 MAX   347
2021 12 25 04 20 MIN   101
2021 12 25 09 37 MAX   253
2021 12 25 15 47 MIN    65
2021 12 25 22 18 MAX   333
2021 12 26 05 07 MIN   102
2021 12 26 10 30 MAX   249
2021 12 26 16 38 MIN    83
2021 12 26 23 06 MAX   315
2021 12 27 06 02 MIN   100
2021 12 27 11 35 MAX   248
2021 12 27 17 45 MIN   103
2021 12 28 00 03 MAX   296
2021 12 28 07 02 MIN    92
2021 12 28 12 53 MAX   257
2021 12 28 19 13 MIN   117
2021 12 29 01 09 MAX   279
2021 12 29 08 03 MIN    78
2021 12 29 14 15 MAX   280
2021 12 29 20 43 MIN   118
2021 12 30 02 17 MAX   270
2021 12 30 09 00 MIN    58
2021 12 30 15 26 MAX   312
2021 12 30 22 00 MIN   107
2021 12 31 03 20 MAX   267
2021 12 31 09 54 MIN    37
2021 12 31 16 26 MAX   346
2021 12 31 23 05 MIN    92
