 <API - 조위예측극치자료>

대상조위관측소 : 보령
위도(WGS84) : N 126.4861
경도(WGS84) : E 36.4064
관측기관 : 20201221 ~ 20220101

2020 12 21 02 28 MIN   199
2020 12 21 07 48 MAX   535
2020 12 21 14 14 MIN   181
2020 12 21 20 23 MAX   593
2020 12 22 03 16 MIN   221
2020 12 22 08 47 MAX   510
2020 12 22 15 08 MIN   224
2020 12 22 21 19 MAX   553
2020 12 23 04 13 MIN   234
2020 12 23 09 57 MAX   497
2020 12 23 16 22 MIN   257
2020 12 23 22 26 MAX   524
2020 12 24 05 20 MIN   230
2020 12 24 11 16 MAX   506
2020 12 24 17 49 MIN   265
2020 12 24 23 38 MAX   513
2020 12 25 06 23 MIN   209
2020 12 25 12 29 MAX   536
2020 12 25 19 05 MIN   249
2020 12 26 00 40 MAX   521
2020 12 26 07 17 MIN   178
2020 12 26 13 25 MAX   576
2020 12 26 20 00 MIN   223
2020 12 27 01 30 MAX   539
2020 12 27 08 01 MIN   145
2020 12 27 14 09 MAX   613
2020 12 27 20 45 MIN   197
2020 12 28 02 10 MAX   558
2020 12 28 08 41 MIN   116
2020 12 28 14 46 MAX   644
2020 12 28 21 25 MIN   174
2020 12 29 02 47 MAX   576
2020 12 29 09 20 MIN    93
2020 12 29 15 21 MAX   667
2020 12 29 22 04 MIN   156
2020 12 30 03 22 MAX   590
2020 12 30 09 58 MIN    76
2020 12 30 15 54 MAX   684
2020 12 30 22 42 MIN   143
2020 12 31 03 56 MAX   600
2020 12 31 10 36 MIN    65
2020 12 31 16 27 MAX   695
2020 12 31 23 20 MIN   134
2021 01 01 04 30 MAX   607
2021 01 01 11 14 MIN    60
2021 01 01 17 01 MAX   702
2021 01 01 23 59 MIN   131
2021 01 02 05 06 MAX   609
2021 01 02 11 52 MIN    61
2021 01 02 17 37 MAX   703
2021 01 03 00 38 MIN   132
2021 01 03 05 44 MAX   609
2021 01 03 12 31 MIN    70
2021 01 03 18 16 MAX   695
2021 01 04 01 17 MIN   138
2021 01 04 06 26 MAX   604
2021 01 04 13 11 MIN    89
2021 01 04 18 58 MAX   678
2021 01 05 01 59 MIN   147
2021 01 05 07 15 MAX   593
2021 01 05 13 57 MIN   119
2021 01 05 19 47 MAX   650
2021 01 06 02 44 MIN   156
2021 01 06 08 12 MAX   580
2021 01 06 14 50 MIN   156
2021 01 06 20 42 MAX   617
2021 01 07 03 37 MIN   164
2021 01 07 09 20 MAX   570
2021 01 07 15 57 MIN   195
2021 01 07 21 46 MAX   584
2021 01 08 04 40 MIN   164
2021 01 08 10 36 MAX   574
2021 01 08 17 19 MIN   219
2021 01 08 22 57 MAX   563
2021 01 09 05 52 MIN   150
2021 01 09 11 56 MAX   597
2021 01 09 18 48 MIN   217
2021 01 10 00 10 MAX   561
2021 01 10 07 04 MIN   124
2021 01 10 13 08 MAX   634
2021 01 10 20 03 MIN   192
2021 01 11 01 16 MAX   574
2021 01 11 08 09 MIN    91
2021 01 11 14 09 MAX   673
2021 01 11 21 05 MIN   161
2021 01 12 02 14 MAX   593
2021 01 12 09 05 MIN    63
2021 01 12 15 01 MAX   704
2021 01 12 21 59 MIN   134
2021 01 13 03 05 MAX   610
2021 01 13 09 57 MIN    43
2021 01 13 15 48 MAX   722
2021 01 13 22 47 MIN   115
2021 01 14 03 52 MAX   622
2021 01 14 10 44 MIN    35
2021 01 14 16 32 MAX   727
2021 01 14 23 31 MIN   106
2021 01 15 04 36 MAX   626
2021 01 15 11 26 MIN    39
2021 01 15 17 11 MAX   721
2021 01 16 00 11 MIN   107
2021 01 16 05 17 MAX   623
2021 01 16 12 04 MIN    53
2021 01 16 17 49 MAX   706
2021 01 17 00 46 MIN   117
2021 01 17 05 56 MAX   613
2021 01 17 12 39 MIN    77
2021 01 17 18 25 MAX   683
2021 01 18 01 19 MIN   133
2021 01 18 06 35 MAX   598
2021 01 18 13 11 MIN   108
2021 01 18 19 01 MAX   651
2021 01 19 01 50 MIN   154
2021 01 19 07 15 MAX   577
2021 01 19 13 43 MIN   147
2021 01 19 19 37 MAX   611
2021 01 20 02 21 MIN   177
2021 01 20 08 00 MAX   552
2021 01 20 14 20 MIN   192
2021 01 20 20 19 MAX   566
2021 01 21 02 58 MIN   199
2021 01 21 08 52 MAX   526
2021 01 21 15 08 MIN   240
2021 01 21 21 08 MAX   522
2021 01 22 03 47 MIN   219
2021 01 22 10 00 MAX   507
2021 01 22 16 16 MIN   280
2021 01 22 22 13 MAX   487
2021 01 23 04 52 MIN   228
2021 01 23 11 21 MAX   508
2021 01 23 17 52 MIN   295
2021 01 23 23 32 MAX   473
2021 01 24 06 07 MIN   218
2021 01 24 12 40 MAX   533
2021 01 24 19 19 MIN   278
2021 01 25 00 45 MAX   485
2021 01 25 07 15 MIN   190
2021 01 25 13 39 MAX   571
2021 01 25 20 18 MIN   245
2021 01 26 01 41 MAX   512
2021 01 26 08 09 MIN   155
2021 01 26 14 24 MAX   609
2021 01 26 21 06 MIN   209
2021 01 27 02 25 MAX   544
2021 01 27 08 57 MIN   119
2021 01 27 15 03 MAX   645
2021 01 27 21 48 MIN   174
2021 01 28 03 04 MAX   576
2021 01 28 09 42 MIN    86
2021 01 28 15 38 MAX   676
2021 01 28 22 29 MIN   142
2021 01 29 03 41 MAX   604
2021 01 29 10 25 MIN    57
2021 01 29 16 13 MAX   701
2021 01 29 23 09 MIN   114
2021 01 30 04 18 MAX   629
2021 01 30 11 07 MIN    36
2021 01 30 16 48 MAX   719
2021 01 30 23 48 MIN    93
2021 01 31 04 55 MAX   647
2021 01 31 11 48 MIN    26
2021 01 31 17 24 MAX   726
2021 02 01 00 26 MIN    81
2021 02 01 05 33 MAX   658
2021 02 01 12 28 MIN    31
2021 02 01 18 00 MAX   721
2021 02 02 01 02 MIN    79
2021 02 02 06 14 MAX   660
2021 02 02 13 07 MIN    52
2021 02 02 18 39 MAX   701
2021 02 03 01 39 MIN    87
2021 02 03 06 59 MAX   650
2021 02 03 13 48 MIN    91
2021 02 03 19 20 MAX   666
2021 02 04 02 17 MIN   105
2021 02 04 07 50 MAX   629
2021 02 04 14 33 MIN   145
2021 02 04 20 08 MAX   620
2021 02 05 03 01 MIN   130
2021 02 05 08 49 MAX   601
2021 02 05 15 29 MIN   204
2021 02 05 21 04 MAX   569
2021 02 06 03 56 MIN   158
2021 02 06 10 03 MAX   576
2021 02 06 16 47 MIN   253
2021 02 06 22 17 MAX   525
2021 02 07 05 11 MIN   176
2021 02 07 11 31 MAX   571
2021 02 07 18 30 MIN   265
2021 02 07 23 44 MAX   507
2021 02 08 06 40 MIN   168
2021 02 08 12 59 MAX   596
2021 02 08 20 00 MIN   234
2021 02 09 01 08 MAX   524
2021 02 09 07 59 MIN   136
2021 02 09 14 08 MAX   636
2021 02 09 21 04 MIN   187
2021 02 10 02 13 MAX   559
2021 02 10 09 02 MIN    98
2021 02 10 15 01 MAX   673
2021 02 10 21 55 MIN   144
2021 02 11 03 05 MAX   595
2021 02 11 09 53 MIN    66
2021 02 11 15 44 MAX   698
2021 02 11 22 38 MIN   112
2021 02 12 03 49 MAX   623
2021 02 12 10 38 MIN    47
2021 02 12 16 21 MAX   711
2021 02 12 23 17 MIN    93
2021 02 13 04 27 MAX   640
2021 02 13 11 16 MIN    41
2021 02 13 16 55 MAX   712
2021 02 13 23 51 MIN    86
2021 02 14 05 02 MAX   647
2021 02 14 11 50 MIN    48
2021 02 14 17 26 MAX   703
2021 02 15 00 21 MIN    90
2021 02 15 05 35 MAX   646
2021 02 15 12 20 MIN    66
2021 02 15 17 56 MAX   686
2021 02 16 00 47 MIN   100
2021 02 16 06 08 MAX   638
2021 02 16 12 48 MIN    92
2021 02 16 18 25 MAX   659
2021 02 17 01 11 MIN   116
2021 02 17 06 42 MAX   622
2021 02 17 13 15 MIN   127
2021 02 17 18 55 MAX   625
2021 02 18 01 35 MIN   136
2021 02 18 07 18 MAX   599
2021 02 18 13 45 MIN   171
2021 02 18 19 27 MAX   582
2021 02 19 02 03 MIN   162
2021 02 19 07 59 MAX   568
2021 02 19 14 21 MIN   223
2021 02 19 20 03 MAX   535
2021 02 20 02 39 MIN   193
2021 02 20 08 52 MAX   534
2021 02 20 15 10 MIN   275
2021 02 20 20 53 MAX   487
2021 02 21 03 30 MIN   225
2021 02 21 10 06 MAX   509
2021 02 21 16 28 MIN   316
2021 02 21 22 11 MAX   452
2021 02 22 04 47 MIN   244
2021 02 22 11 41 MAX   510
2021 02 22 18 26 MIN   318
2021 02 22 23 51 MAX   450
2021 02 23 06 20 MIN   232
2021 02 23 13 02 MAX   543
2021 02 23 19 53 MIN   279
2021 02 24 01 08 MAX   483
2021 02 24 07 38 MIN   192
2021 02 24 13 58 MAX   590
2021 02 24 20 46 MIN   228
2021 02 25 02 02 MAX   531
2021 02 25 08 36 MIN   141
2021 02 25 14 40 MAX   638
2021 02 25 21 30 MIN   175
2021 02 26 02 44 MAX   582
2021 02 26 09 27 MIN    90
2021 02 26 15 16 MAX   682
2021 02 26 22 11 MIN   125
2021 02 27 03 23 MAX   630
2021 02 27 10 12 MIN    46
2021 02 27 15 52 MAX   717
2021 02 27 22 50 MIN    82
2021 02 28 04 02 MAX   670
2021 02 28 10 56 MIN    15
2021 02 28 16 28 MAX   739
2021 02 28 23 28 MIN    49
2021 03 01 04 40 MAX   700
2021 03 01 11 38 MIN     1
2021 03 01 17 03 MAX   746
2021 03 02 00 05 MIN    30
2021 03 02 05 19 MAX   716
2021 03 02 12 17 MIN     9
2021 03 02 17 39 MAX   735
2021 03 03 00 41 MIN    28
2021 03 03 05 59 MAX   716
2021 03 03 12 56 MIN    39
2021 03 03 18 16 MAX   708
2021 03 04 01 15 MIN    43
2021 03 04 06 42 MAX   700
2021 03 04 13 35 MIN    90
2021 03 04 18 55 MAX   665
2021 03 05 01 50 MIN    73
2021 03 05 07 30 MAX   667
2021 03 05 14 17 MIN   155
2021 03 05 19 38 MAX   611
2021 03 06 02 30 MIN   116
2021 03 06 08 26 MAX   622
2021 03 06 15 09 MIN   225
2021 03 06 20 32 MAX   549
2021 03 07 03 20 MIN   166
2021 03 07 09 39 MAX   577
2021 03 07 16 26 MIN   283
2021 03 07 21 48 MAX   494
2021 03 08 04 39 MIN   207
2021 03 08 11 15 MAX   556
2021 03 08 18 26 MIN   291
2021 03 08 23 32 MAX   475
2021 03 09 06 29 MIN   208
2021 03 09 12 56 MAX   577
2021 03 09 19 58 MIN   244
2021 03 10 01 09 MAX   506
2021 03 10 07 57 MIN   168
2021 03 10 14 05 MAX   620
2021 03 10 20 55 MIN   186
2021 03 11 02 13 MAX   558
2021 03 11 08 57 MIN   120
2021 03 11 14 52 MAX   658
2021 03 11 21 40 MIN   136
2021 03 12 03 00 MAX   605
2021 03 12 09 44 MIN    82
2021 03 12 15 29 MAX   684
2021 03 12 22 19 MIN   101
2021 03 13 03 38 MAX   640
2021 03 13 10 24 MIN    60
2021 03 13 16 01 MAX   697
2021 03 13 22 52 MIN    80
2021 03 14 04 11 MAX   663
2021 03 14 10 59 MIN    52
2021 03 14 16 31 MAX   700
2021 03 14 23 22 MIN    71
2021 03 15 04 42 MAX   675
2021 03 15 11 29 MIN    57
2021 03 15 16 58 MAX   693
2021 03 15 23 49 MIN    72
2021 03 16 05 12 MAX   678
2021 03 16 11 57 MIN    72
2021 03 16 17 25 MAX   679
2021 03 17 00 12 MIN    79
2021 03 17 05 42 MAX   673
2021 03 17 12 23 MIN    95
2021 03 17 17 52 MAX   657
2021 03 18 00 34 MIN    91
2021 03 18 06 12 MAX   660
2021 03 18 12 50 MIN   127
2021 03 18 18 18 MAX   627
2021 03 19 00 57 MIN   110
2021 03 19 06 43 MAX   639
2021 03 19 13 18 MIN   168
2021 03 19 18 46 MAX   589
2021 03 20 01 23 MIN   137
2021 03 20 07 19 MAX   608
2021 03 20 13 50 MIN   216
2021 03 20 19 16 MAX   546
2021 03 21 01 53 MIN   172
2021 03 21 08 03 MAX   571
2021 03 21 14 30 MIN   268
2021 03 21 19 57 MAX   500
2021 03 22 02 35 MIN   212
2021 03 22 09 07 MAX   535
2021 03 22 15 34 MIN   313
2021 03 22 21 06 MAX   458
2021 03 23 03 42 MIN   246
2021 03 23 10 37 MAX   518
2021 03 23 17 23 MIN   328
2021 03 23 22 56 MAX   445
2021 03 24 05 22 MIN   251
2021 03 24 12 12 MAX   540
2021 03 24 19 15 MIN   290
2021 03 25 00 29 MAX   480
2021 03 25 07 01 MIN   213
2021 03 25 13 19 MAX   589
2021 03 25 20 15 MIN   228
2021 03 26 01 31 MAX   540
2021 03 26 08 10 MIN   154
2021 03 26 14 06 MAX   643
2021 03 26 21 01 MIN   163
2021 03 27 02 19 MAX   607
2021 03 27 09 05 MIN    94
2021 03 27 14 47 MAX   692
2021 03 27 21 43 MIN   102
2021 03 28 03 00 MAX   668
2021 03 28 09 53 MIN    45
2021 03 28 15 24 MAX   728
2021 03 28 22 23 MIN    51
2021 03 29 03 41 MAX   718
2021 03 29 10 38 MIN    13
2021 03 29 16 01 MAX   747
2021 03 29 23 02 MIN    15
2021 03 30 04 21 MAX   750
2021 03 30 11 21 MIN     3
2021 03 30 16 38 MAX   747
2021 03 30 23 39 MIN    -3
2021 03 31 05 01 MAX   764
2021 03 31 12 01 MIN    18
2021 03 31 17 15 MAX   729
2021 04 01 00 15 MIN     1
2021 04 01 05 43 MAX   757
2021 04 01 12 41 MIN    55
2021 04 01 17 52 MAX   695
2021 04 02 00 50 MIN    24
2021 04 02 06 27 MAX   732
2021 04 02 13 21 MIN   110
2021 04 02 18 33 MAX   649
2021 04 03 01 26 MIN    65
2021 04 03 07 15 MAX   690
2021 04 03 14 05 MIN   176
2021 04 03 19 18 MAX   592
2021 04 04 02 05 MIN   120
2021 04 04 08 11 MAX   636
2021 04 04 14 58 MIN   242
2021 04 04 20 15 MAX   532
2021 04 05 02 57 MIN   180
2021 04 05 09 23 MAX   585
2021 04 05 16 19 MIN   290
2021 04 05 21 36 MAX   483
2021 04 06 04 20 MIN   229
2021 04 06 10 59 MAX   559
2021 04 06 18 16 MIN   285
2021 04 06 23 25 MAX   475
2021 04 07 06 18 MIN   230
2021 04 07 12 39 MAX   575
2021 04 07 19 38 MIN   235
2021 04 08 01 00 MAX   516
2021 04 08 07 42 MIN   188
2021 04 08 13 44 MAX   610
2021 04 08 20 30 MIN   179
2021 04 09 02 00 MAX   571
2021 04 09 08 38 MIN   142
2021 04 09 14 28 MAX   643
2021 04 09 21 12 MIN   133
2021 04 10 02 42 MAX   621
2021 04 10 09 23 MIN   108
2021 04 10 15 02 MAX   665
2021 04 10 21 48 MIN   100
2021 04 11 03 17 MAX   657
2021 04 11 10 00 MIN    88
2021 04 11 15 33 MAX   676
2021 04 11 22 20 MIN    80
2021 04 12 03 49 MAX   681
2021 04 12 10 34 MIN    81
2021 04 12 16 00 MAX   678
2021 04 12 22 48 MIN    71
2021 04 13 04 18 MAX   694
2021 04 13 11 04 MIN    84
2021 04 13 16 27 MAX   673
2021 04 13 23 14 MIN    69
2021 04 14 04 47 MAX   699
2021 04 14 11 32 MIN    95
2021 04 14 16 54 MAX   661
2021 04 14 23 38 MIN    73
2021 04 15 05 16 MAX   696
2021 04 15 12 00 MIN   114
2021 04 15 17 21 MAX   643
2021 04 16 00 02 MIN    84
2021 04 16 05 46 MAX   685
2021 04 16 12 28 MIN   141
2021 04 16 17 49 MAX   618
2021 04 17 00 27 MIN   103
2021 04 17 06 17 MAX   666
2021 04 17 12 58 MIN   175
2021 04 17 18 17 MAX   587
2021 04 18 00 53 MIN   129
2021 04 18 06 51 MAX   639
2021 04 18 13 30 MIN   216
2021 04 18 18 49 MAX   553
2021 04 19 01 24 MIN   162
2021 04 19 07 33 MAX   607
2021 04 19 14 10 MIN   258
2021 04 19 19 31 MAX   515
2021 04 20 02 03 MIN   199
2021 04 20 08 31 MAX   573
2021 04 20 15 07 MIN   295
2021 04 20 20 38 MAX   481
2021 04 21 03 05 MIN   233
2021 04 21 09 50 MAX   552
2021 04 21 16 37 MIN   307
2021 04 21 22 14 MAX   471
2021 04 22 04 37 MIN   246
2021 04 22 11 18 MAX   562
2021 04 22 18 19 MIN   275
2021 04 22 23 45 MAX   504
2021 04 23 06 18 MIN   218
2021 04 23 12 30 MAX   600
2021 04 23 19 29 MIN   214
2021 04 24 00 54 MAX   567
2021 04 24 07 37 MIN   165
2021 04 24 13 25 MAX   648
2021 04 24 20 21 MIN   147
2021 04 25 01 47 MAX   639
2021 04 25 08 37 MIN   110
2021 04 25 14 10 MAX   691
2021 04 25 21 07 MIN    86
2021 04 26 02 34 MAX   704
2021 04 26 09 29 MIN    66
2021 04 26 14 52 MAX   720
2021 04 26 21 50 MIN    36
2021 04 27 03 17 MAX   754
2021 04 27 10 17 MIN    40
2021 04 27 15 32 MAX   732
2021 04 27 22 32 MIN     4
2021 04 28 04 01 MAX   782
2021 04 28 11 02 MIN    36
2021 04 28 16 11 MAX   726
2021 04 28 23 12 MIN    -7
2021 04 29 04 44 MAX   789
2021 04 29 11 45 MIN    53
2021 04 29 16 52 MAX   704
2021 04 29 23 50 MIN     2
2021 04 30 05 28 MAX   776
2021 04 30 12 27 MIN    88
2021 04 30 17 34 MAX   670
2021 05 01 00 28 MIN    30
2021 05 01 06 14 MAX   746
2021 05 01 13 10 MIN   135
2021 05 01 18 18 MAX   628
2021 05 02 01 07 MIN    75
2021 05 02 07 04 MAX   703
2021 05 02 13 57 MIN   189
2021 05 02 19 09 MAX   580
2021 05 03 01 50 MIN   130
2021 05 03 08 00 MAX   652
2021 05 03 14 52 MIN   239
2021 05 03 20 09 MAX   533
2021 05 04 02 44 MIN   189
2021 05 04 09 08 MAX   604
2021 05 04 16 07 MIN   270
2021 05 04 21 27 MAX   499
2021 05 05 04 04 MIN   234
2021 05 05 10 31 MAX   575
2021 05 05 17 41 MIN   265
2021 05 05 23 02 MAX   497
2021 05 06 05 48 MIN   242
2021 05 06 11 57 MAX   575
2021 05 06 18 56 MIN   229
2021 05 07 00 28 MAX   531
2021 05 07 07 10 MIN   214
2021 05 07 13 02 MAX   594
2021 05 07 19 50 MIN   185
2021 05 08 01 29 MAX   580
2021 05 08 08 07 MIN   180
2021 05 08 13 49 MAX   616
2021 05 08 20 33 MIN   147
2021 05 09 02 13 MAX   626
2021 05 09 08 52 MIN   151
2021 05 09 14 27 MAX   633
2021 05 09 21 09 MIN   117
2021 05 10 02 50 MAX   662
2021 05 10 09 31 MIN   133
2021 05 10 14 59 MAX   643
2021 05 10 21 41 MIN    97
2021 05 11 03 22 MAX   687
2021 05 11 10 06 MIN   125
2021 05 11 15 29 MAX   648
2021 05 11 22 10 MIN    86
2021 05 12 03 54 MAX   702
2021 05 12 10 38 MIN   124
2021 05 12 15 59 MAX   646
2021 05 12 22 39 MIN    80
2021 05 13 04 24 MAX   707
2021 05 13 11 09 MIN   130
2021 05 13 16 28 MAX   638
2021 05 13 23 07 MIN    83
2021 05 14 04 54 MAX   705
2021 05 14 11 40 MIN   142
2021 05 14 16 57 MAX   624
2021 05 14 23 35 MIN    92
2021 05 15 05 25 MAX   696
2021 05 15 12 11 MIN   160
2021 05 15 17 27 MAX   607
2021 05 16 00 04 MIN   108
2021 05 16 05 57 MAX   683
2021 05 16 12 44 MIN   184
2021 05 16 17 59 MAX   586
2021 05 17 00 34 MIN   129
2021 05 17 06 33 MAX   665
2021 05 17 13 19 MIN   212
2021 05 17 18 36 MAX   563
2021 05 18 01 08 MIN   154
2021 05 18 07 15 MAX   642
2021 05 18 14 00 MIN   239
2021 05 18 19 22 MAX   540
2021 05 19 01 49 MIN   183
2021 05 19 08 09 MAX   617
2021 05 19 14 54 MIN   260
2021 05 19 20 24 MAX   520
2021 05 20 02 47 MIN   211
2021 05 20 09 15 MAX   598
2021 05 20 16 04 MIN   264
2021 05 20 21 43 MAX   518
2021 05 21 04 06 MIN   226
2021 05 21 10 30 MAX   596
2021 05 21 17 23 MIN   241
2021 05 21 23 04 MAX   547
2021 05 22 05 36 MIN   216
2021 05 22 11 40 MAX   615
2021 05 22 18 35 MIN   194
2021 05 23 00 15 MAX   601
2021 05 23 06 59 MIN   183
2021 05 23 12 41 MAX   644
2021 05 23 19 35 MIN   138
2021 05 24 01 15 MAX   665
2021 05 24 08 06 MIN   144
2021 05 24 13 33 MAX   672
2021 05 24 20 27 MIN    86
2021 05 25 02 07 MAX   724
2021 05 25 09 04 MIN   111
2021 05 25 14 20 MAX   692
2021 05 25 21 16 MIN    45
2021 05 26 02 56 MAX   766
2021 05 26 09 56 MIN    92
2021 05 26 15 05 MAX   698
2021 05 26 22 03 MIN    21
2021 05 27 03 43 MAX   789
2021 05 27 10 44 MIN    88
2021 05 27 15 50 MAX   691
2021 05 27 22 47 MIN    14
2021 05 28 04 30 MAX   791
2021 05 28 11 31 MIN    98
2021 05 28 16 35 MAX   674
2021 05 28 23 31 MIN    24
2021 05 29 05 17 MAX   778
2021 05 29 12 17 MIN   119
2021 05 29 17 22 MAX   650
2021 05 30 00 13 MIN    50
2021 05 30 06 04 MAX   751
2021 05 30 13 02 MIN   148
2021 05 30 18 10 MAX   621
2021 05 31 00 55 MIN    88
2021 05 31 06 54 MAX   715
2021 05 31 13 49 MIN   182
2021 05 31 19 02 MAX   589
2021 06 01 01 40 MIN   134
2021 06 01 07 46 MAX   674
2021 06 01 14 41 MIN   213
2021 06 01 19 59 MAX   558
2021 06 02 02 32 MIN   184
2021 06 02 08 43 MAX   631
2021 06 02 15 40 MIN   237
2021 06 02 21 05 MAX   534
2021 06 03 03 36 MIN   227
2021 06 03 09 47 MAX   595
2021 06 03 16 48 MIN   243
2021 06 03 22 21 MAX   527
2021 06 04 04 57 MIN   252
2021 06 04 10 58 MAX   574
2021 06 04 17 57 MIN   231
2021 06 04 23 39 MAX   543
2021 06 05 06 19 MIN   250
2021 06 05 12 05 MAX   571
2021 06 05 18 55 MIN   205
2021 06 06 00 46 MAX   578
2021 06 06 07 25 MIN   231
2021 06 06 13 01 MAX   580
2021 06 06 19 43 MIN   176
2021 06 07 01 38 MAX   618
2021 06 07 08 17 MIN   209
2021 06 07 13 46 MAX   593
2021 06 07 20 24 MIN   149
2021 06 08 02 20 MAX   653
2021 06 08 08 59 MIN   190
2021 06 08 14 25 MAX   605
2021 06 08 21 00 MIN   127
2021 06 09 02 57 MAX   679
2021 06 09 09 38 MIN   177
2021 06 09 15 00 MAX   614
2021 06 09 21 35 MIN   112
2021 06 10 03 31 MAX   696
2021 06 10 10 14 MIN   169
2021 06 10 15 34 MAX   619
2021 06 10 22 09 MIN   103
2021 06 11 04 04 MAX   704
2021 06 11 10 49 MIN   165
2021 06 11 16 07 MAX   619
2021 06 11 22 42 MIN   101
2021 06 12 04 37 MAX   707
2021 06 12 11 24 MIN   166
2021 06 12 16 40 MAX   615
2021 06 12 23 16 MIN   104
2021 06 13 05 09 MAX   705
2021 06 13 11 59 MIN   172
2021 06 13 17 13 MAX   608
2021 06 13 23 50 MIN   111
2021 06 14 05 43 MAX   701
2021 06 14 12 35 MIN   181
2021 06 14 17 47 MAX   601
2021 06 15 00 24 MIN   123
2021 06 15 06 19 MAX   694
2021 06 15 13 12 MIN   193
2021 06 15 18 26 MAX   592
2021 06 16 01 01 MIN   139
2021 06 16 07 00 MAX   681
2021 06 16 13 53 MIN   205
2021 06 16 19 12 MAX   582
2021 06 17 01 44 MIN   160
2021 06 17 07 47 MAX   663
2021 06 17 14 39 MIN   214
2021 06 17 20 07 MAX   575
2021 06 18 02 36 MIN   186
2021 06 18 08 43 MAX   643
2021 06 18 15 34 MIN   215
2021 06 18 21 13 MAX   575
2021 06 19 03 41 MIN   209
2021 06 19 09 46 MAX   626
2021 06 19 16 37 MIN   204
2021 06 19 22 26 MAX   591
2021 06 20 04 59 MIN   222
2021 06 20 10 53 MAX   619
2021 06 20 17 43 MIN   179
2021 06 20 23 39 MAX   626
2021 06 21 06 22 MIN   217
2021 06 21 11 59 MAX   624
2021 06 21 18 49 MIN   144
2021 06 22 00 46 MAX   672
2021 06 22 07 39 MIN   197
2021 06 22 12 59 MAX   636
2021 06 22 19 51 MIN   107
2021 06 23 01 46 MAX   718
2021 06 23 08 44 MIN   172
2021 06 23 13 55 MAX   648
2021 06 23 20 48 MIN    76
2021 06 24 02 41 MAX   754
2021 06 24 09 41 MIN   150
2021 06 24 14 47 MAX   657
2021 06 24 21 41 MIN    54
2021 06 25 03 32 MAX   774
2021 06 25 10 33 MIN   136
2021 06 25 15 37 MAX   660
2021 06 25 22 31 MIN    45
2021 06 26 04 20 MAX   780
2021 06 26 11 22 MIN   129
2021 06 26 16 26 MAX   657
2021 06 26 23 19 MIN    49
2021 06 27 05 08 MAX   774
2021 06 27 12 09 MIN   131
2021 06 27 17 14 MAX   649
2021 06 28 00 03 MIN    65
2021 06 28 05 54 MAX   756
2021 06 28 12 53 MIN   141
2021 06 28 18 01 MAX   636
2021 06 29 00 46 MIN    92
2021 06 29 06 38 MAX   730
2021 06 29 13 35 MIN   159
2021 06 29 18 49 MAX   618
2021 06 30 01 27 MIN   128
2021 06 30 07 22 MAX   696
2021 06 30 14 17 MIN   180
2021 06 30 19 38 MAX   597
2021 07 01 02 10 MIN   171
2021 07 01 08 07 MAX   656
2021 07 01 15 00 MIN   203
2021 07 01 20 30 MAX   575
2021 07 02 02 57 MIN   217
2021 07 02 08 57 MAX   614
2021 07 02 15 47 MIN   223
2021 07 02 21 31 MAX   558
2021 07 03 03 56 MIN   259
2021 07 03 09 53 MAX   575
2021 07 03 16 42 MIN   233
2021 07 03 22 41 MAX   554
2021 07 04 05 10 MIN   285
2021 07 04 10 59 MAX   549
2021 07 04 17 44 MIN   230
2021 07 04 23 55 MAX   569
2021 07 05 06 32 MIN   288
2021 07 05 12 06 MAX   542
2021 07 05 18 45 MIN   214
2021 07 06 01 00 MAX   599
2021 07 06 07 39 MIN   271
2021 07 06 13 05 MAX   550
2021 07 06 19 37 MIN   190
2021 07 07 01 52 MAX   632
2021 07 07 08 31 MIN   248
2021 07 07 13 54 MAX   567
2021 07 07 20 23 MIN   165
2021 07 08 02 35 MAX   661
2021 07 08 09 14 MIN   226
2021 07 08 14 36 MAX   585
2021 07 08 21 05 MIN   143
2021 07 09 03 13 MAX   684
2021 07 09 09 54 MIN   206
2021 07 09 15 14 MAX   601
2021 07 09 21 45 MIN   125
2021 07 10 03 48 MAX   700
2021 07 10 10 33 MIN   188
2021 07 10 15 50 MAX   614
2021 07 10 22 24 MIN   112
2021 07 11 04 21 MAX   713
2021 07 11 11 11 MIN   174
2021 07 11 16 24 MAX   624
2021 07 11 23 03 MIN   103
2021 07 12 04 54 MAX   722
2021 07 12 11 48 MIN   164
2021 07 12 16 59 MAX   631
2021 07 12 23 41 MIN    99
2021 07 13 05 27 MAX   728
2021 07 13 12 25 MIN   157
2021 07 13 17 34 MAX   637
2021 07 14 00 19 MIN   102
2021 07 14 06 02 MAX   728
2021 07 14 13 02 MIN   155
2021 07 14 18 13 MAX   639
2021 07 15 00 57 MIN   113
2021 07 15 06 41 MAX   719
2021 07 15 13 40 MIN   158
2021 07 15 18 56 MAX   638
2021 07 16 01 38 MIN   135
2021 07 16 07 22 MAX   700
2021 07 16 14 19 MIN   164
2021 07 16 19 46 MAX   632
2021 07 17 02 23 MIN   167
2021 07 17 08 10 MAX   671
2021 07 17 15 03 MIN   172
2021 07 17 20 44 MAX   625
2021 07 18 03 18 MIN   208
2021 07 18 09 05 MAX   637
2021 07 18 15 55 MIN   179
2021 07 18 21 52 MAX   621
2021 07 19 04 27 MIN   245
2021 07 19 10 09 MAX   605
2021 07 19 16 59 MIN   180
2021 07 19 23 08 MAX   630
2021 07 20 05 53 MIN   264
2021 07 20 11 22 MAX   587
2021 07 20 18 12 MIN   169
2021 07 21 00 26 MAX   656
2021 07 21 07 21 MIN   253
2021 07 21 12 35 MAX   589
2021 07 21 19 26 MIN   145
2021 07 22 01 35 MAX   694
2021 07 22 08 35 MIN   223
2021 07 22 13 42 MAX   606
2021 07 22 20 32 MIN   114
2021 07 23 02 35 MAX   729
2021 07 23 09 35 MIN   187
2021 07 23 14 40 MAX   629
2021 07 23 21 31 MIN    87
2021 07 24 03 26 MAX   756
2021 07 24 10 28 MIN   155
2021 07 24 15 32 MAX   650
2021 07 24 22 24 MIN    68
2021 07 25 04 14 MAX   770
2021 07 25 11 14 MIN   132
2021 07 25 16 19 MAX   663
2021 07 25 23 11 MIN    61
2021 07 26 04 57 MAX   771
2021 07 26 11 57 MIN   120
2021 07 26 17 04 MAX   669
2021 07 26 23 54 MIN    68
2021 07 27 05 36 MAX   761
2021 07 27 12 35 MIN   121
2021 07 27 17 46 MAX   666
2021 07 28 00 32 MIN    88
2021 07 28 06 13 MAX   740
2021 07 28 13 10 MIN   132
2021 07 28 18 26 MAX   655
2021 07 29 01 07 MIN   119
2021 07 29 06 49 MAX   710
2021 07 29 13 42 MIN   151
2021 07 29 19 07 MAX   637
2021 07 30 01 41 MIN   160
2021 07 30 07 26 MAX   671
2021 07 30 14 13 MIN   175
2021 07 30 19 50 MAX   614
2021 07 31 02 17 MIN   208
2021 07 31 08 04 MAX   625
2021 07 31 14 47 MIN   201
2021 07 31 20 40 MAX   589
2021 08 01 02 59 MIN   259
2021 08 01 08 50 MAX   577
2021 08 01 15 28 MIN   227
2021 08 01 21 41 MAX   566
2021 08 02 03 58 MIN   306
2021 08 02 09 48 MAX   533
2021 08 02 16 24 MIN   246
2021 08 02 22 58 MAX   557
2021 08 03 05 24 MIN   333
2021 08 03 11 05 MAX   508
2021 08 03 17 38 MIN   251
2021 08 04 00 20 MAX   572
2021 08 04 07 00 MIN   324
2021 08 04 12 25 MAX   510
2021 08 04 18 51 MIN   233
2021 08 05 01 26 MAX   604
2021 08 05 08 08 MIN   294
2021 08 05 13 28 MAX   534
2021 08 05 19 52 MIN   203
2021 08 06 02 15 MAX   640
2021 08 06 08 56 MIN   258
2021 08 06 14 16 MAX   566
2021 08 06 20 42 MIN   169
2021 08 07 02 55 MAX   673
2021 08 07 09 38 MIN   222
2021 08 07 14 56 MAX   598
2021 08 07 21 27 MIN   137
2021 08 08 03 30 MAX   702
2021 08 08 10 17 MIN   188
2021 08 08 15 33 MAX   628
2021 08 08 22 11 MIN   108
2021 08 09 04 02 MAX   727
2021 08 09 10 55 MIN   157
2021 08 09 16 07 MAX   654
2021 08 09 22 51 MIN    86
2021 08 10 04 35 MAX   745
2021 08 10 11 32 MIN   132
2021 08 10 16 41 MAX   675
2021 08 10 23 31 MIN    72
2021 08 11 05 07 MAX   756
2021 08 11 12 08 MIN   114
2021 08 11 17 17 MAX   690
2021 08 12 00 10 MIN    71
2021 08 12 05 40 MAX   756
2021 08 12 12 43 MIN   106
2021 08 12 17 55 MAX   697
2021 08 13 00 48 MIN    86
2021 08 13 06 16 MAX   743
2021 08 13 13 17 MIN   109
2021 08 13 18 36 MAX   695
2021 08 14 01 26 MIN   117
2021 08 14 06 54 MAX   716
2021 08 14 13 53 MIN   122
2021 08 14 19 22 MAX   682
2021 08 15 02 08 MIN   164
2021 08 15 07 37 MAX   675
2021 08 15 14 31 MIN   144
2021 08 15 20 16 MAX   658
2021 08 16 02 57 MIN   222
2021 08 16 08 28 MAX   624
2021 08 16 15 19 MIN   172
2021 08 16 21 24 MAX   630
2021 08 17 04 02 MIN   277
2021 08 17 09 33 MAX   574
2021 08 17 16 23 MIN   198
2021 08 17 22 46 MAX   616
2021 08 18 05 37 MIN   306
2021 08 18 10 58 MAX   543
2021 08 18 17 49 MIN   205
2021 08 19 00 18 MAX   629
2021 08 19 07 20 MIN   288
2021 08 19 12 28 MAX   548
2021 08 19 19 19 MIN   182
2021 08 20 01 36 MAX   668
2021 08 20 08 35 MIN   238
2021 08 20 13 43 MAX   583
2021 08 20 20 31 MIN   141
2021 08 21 02 35 MAX   710
2021 08 21 09 30 MIN   185
2021 08 21 14 41 MAX   626
2021 08 21 21 29 MIN   101
2021 08 22 03 22 MAX   743
2021 08 22 10 17 MIN   142
2021 08 22 15 28 MAX   662
2021 08 22 22 18 MIN    73
2021 08 23 04 02 MAX   761
2021 08 23 10 58 MIN   112
2021 08 23 16 10 MAX   687
2021 08 23 23 00 MIN    61
2021 08 24 04 38 MAX   764
2021 08 24 11 35 MIN    98
2021 08 24 16 47 MAX   698
2021 08 24 23 37 MIN    66
2021 08 25 05 11 MAX   755
2021 08 25 12 07 MIN    97
2021 08 25 17 23 MAX   698
2021 08 26 00 11 MIN    85
2021 08 26 05 41 MAX   736
2021 08 26 12 36 MIN   108
2021 08 26 17 57 MAX   690
2021 08 27 00 40 MIN   115
2021 08 27 06 12 MAX   707
2021 08 27 13 02 MIN   126
2021 08 27 18 32 MAX   674
2021 08 28 01 09 MIN   154
2021 08 28 06 42 MAX   670
2021 08 28 13 26 MIN   150
2021 08 28 19 09 MAX   649
2021 08 29 01 39 MIN   201
2021 08 29 07 15 MAX   624
2021 08 29 13 53 MIN   178
2021 08 29 19 51 MAX   617
2021 08 30 02 14 MIN   254
2021 08 30 07 52 MAX   573
2021 08 30 14 27 MIN   213
2021 08 30 20 43 MAX   580
2021 08 31 03 01 MIN   308
2021 08 31 08 41 MAX   522
2021 08 31 15 14 MIN   249
2021 08 31 21 57 MAX   551
2021 09 01 04 15 MIN   352
2021 09 01 10 00 MAX   482
2021 09 01 16 28 MIN   275
2021 09 01 23 32 MAX   548
2021 09 02 06 17 MIN   355
2021 09 02 11 42 MAX   477
2021 09 02 18 04 MIN   270
2021 09 03 00 56 MAX   577
2021 09 03 07 47 MIN   315
2021 09 03 13 02 MAX   509
2021 09 03 19 24 MIN   233
2021 09 04 01 50 MAX   620
2021 09 04 08 35 MIN   264
2021 09 04 13 54 MAX   557
2021 09 04 20 21 MIN   184
2021 09 05 02 30 MAX   664
2021 09 05 09 15 MIN   213
2021 09 05 14 34 MAX   608
2021 09 05 21 09 MIN   135
2021 09 06 03 04 MAX   705
2021 09 06 09 53 MIN   163
2021 09 06 15 10 MAX   655
2021 09 06 21 53 MIN    93
2021 09 07 03 36 MAX   739
2021 09 07 10 30 MIN   120
2021 09 07 15 45 MAX   696
2021 09 07 22 35 MIN    61
2021 09 08 04 08 MAX   762
2021 09 08 11 07 MIN    85
2021 09 08 16 20 MAX   727
2021 09 08 23 15 MIN    45
2021 09 09 04 40 MAX   771
2021 09 09 11 42 MIN    64
2021 09 09 16 56 MAX   746
2021 09 09 23 55 MIN    48
2021 09 10 05 14 MAX   764
2021 09 10 12 17 MIN    57
2021 09 10 17 34 MAX   751
2021 09 11 00 33 MIN    71
2021 09 11 05 49 MAX   742
2021 09 11 12 51 MIN    67
2021 09 11 18 15 MAX   740
2021 09 12 01 12 MIN   115
2021 09 12 06 26 MAX   704
2021 09 12 13 24 MIN    92
2021 09 12 19 00 MAX   712
2021 09 13 01 52 MIN   174
2021 09 13 07 07 MAX   652
2021 09 13 14 02 MIN   130
2021 09 13 19 54 MAX   671
2021 09 14 02 41 MIN   241
2021 09 14 07 58 MAX   592
2021 09 14 14 48 MIN   178
2021 09 14 21 02 MAX   625
2021 09 15 03 49 MIN   300
2021 09 15 09 09 MAX   534
2021 09 15 15 58 MIN   223
2021 09 15 22 34 MAX   595
2021 09 16 05 39 MIN   321
2021 09 16 10 51 MAX   505
2021 09 16 17 44 MIN   236
2021 09 17 00 19 MAX   608
2021 09 17 07 23 MIN   279
2021 09 17 12 35 MAX   530
2021 09 17 19 22 MIN   200
2021 09 18 01 35 MAX   651
2021 09 18 08 26 MIN   216
2021 09 18 13 47 MAX   586
2021 09 18 20 29 MIN   147
2021 09 19 02 27 MAX   694
2021 09 19 09 14 MIN   158
2021 09 19 14 37 MAX   640
2021 09 19 21 20 MIN   103
2021 09 20 03 06 MAX   724
2021 09 20 09 55 MIN   114
2021 09 20 15 18 MAX   682
2021 09 20 22 03 MIN    75
2021 09 21 03 41 MAX   740
2021 09 21 10 32 MIN    87
2021 09 21 15 53 MAX   709
2021 09 21 22 41 MIN    66
2021 09 22 04 11 MAX   741
2021 09 22 11 04 MIN    76
2021 09 22 16 26 MAX   721
2021 09 22 23 14 MIN    73
2021 09 23 04 40 MAX   731
2021 09 23 11 32 MIN    78
2021 09 23 16 57 MAX   722
2021 09 23 23 45 MIN    91
2021 09 24 05 08 MAX   713
2021 09 24 11 58 MIN    88
2021 09 24 17 27 MAX   715
2021 09 25 00 12 MIN   118
2021 09 25 05 35 MAX   686
2021 09 25 12 21 MIN   105
2021 09 25 17 59 MAX   699
2021 09 26 00 39 MIN   153
2021 09 26 06 04 MAX   652
2021 09 26 12 44 MIN   127
2021 09 26 18 32 MAX   673
2021 09 27 01 08 MIN   195
2021 09 27 06 33 MAX   610
2021 09 27 13 08 MIN   157
2021 09 27 19 09 MAX   638
2021 09 28 01 40 MIN   244
2021 09 28 07 05 MAX   563
2021 09 28 13 39 MIN   195
2021 09 28 19 54 MAX   596
2021 09 29 02 21 MIN   297
2021 09 29 07 46 MAX   513
2021 09 29 14 20 MIN   238
2021 09 29 20 58 MAX   556
2021 09 30 03 24 MIN   341
2021 09 30 08 59 MAX   469
2021 09 30 15 26 MIN   276
2021 09 30 22 31 MAX   536
2021 10 01 05 18 MIN   354
2021 10 01 10 52 MAX   458
2021 10 01 17 10 MIN   285
2021 10 02 00 07 MAX   556
2021 10 02 07 07 MIN   312
2021 10 02 12 25 MAX   494
2021 10 02 18 49 MIN   247
2021 10 03 01 10 MAX   601
2021 10 03 08 00 MIN   251
2021 10 03 13 23 MAX   555
2021 10 03 19 54 MIN   189
2021 10 04 01 53 MAX   652
2021 10 04 08 40 MIN   188
2021 10 04 14 06 MAX   621
2021 10 04 20 44 MIN   131
2021 10 05 02 29 MAX   699
2021 10 05 09 20 MIN   128
2021 10 05 14 43 MAX   683
2021 10 05 21 30 MIN    82
2021 10 06 03 03 MAX   735
2021 10 06 09 58 MIN    78
2021 10 06 15 20 MAX   734
2021 10 06 22 14 MIN    49
2021 10 07 03 37 MAX   756
2021 10 07 10 35 MIN    41
2021 10 07 15 57 MAX   770
2021 10 07 22 55 MIN    36
2021 10 08 04 11 MAX   759
2021 10 08 11 12 MIN    21
2021 10 08 16 35 MAX   787
2021 10 08 23 37 MIN    45
2021 10 09 04 47 MAX   745
2021 10 09 11 48 MIN    21
2021 10 09 17 15 MAX   784
2021 10 10 00 17 MIN    75
2021 10 10 05 23 MAX   714
2021 10 10 12 23 MIN    39
2021 10 10 17 57 MAX   762
2021 10 11 00 57 MIN   124
2021 10 11 06 03 MAX   670
2021 10 11 12 59 MIN    75
2021 10 11 18 44 MAX   723
2021 10 12 01 40 MIN   184
2021 10 12 06 47 MAX   616
2021 10 12 13 38 MIN   125
2021 10 12 19 39 MAX   670
2021 10 13 02 32 MIN   246
2021 10 13 07 43 MAX   556
2021 10 13 14 28 MIN   184
2021 10 13 20 49 MAX   616
2021 10 14 03 47 MIN   295
2021 10 14 09 02 MAX   504
2021 10 14 15 46 MIN   235
2021 10 14 22 24 MAX   583
2021 10 15 05 37 MIN   296
2021 10 15 10 51 MAX   491
2021 10 15 17 41 MIN   244
2021 10 16 00 06 MAX   593
2021 10 16 07 05 MIN   247
2021 10 16 12 33 MAX   531
2021 10 16 19 12 MIN   204
2021 10 17 01 17 MAX   628
2021 10 17 08 02 MIN   186
2021 10 17 13 37 MAX   591
2021 10 17 20 13 MIN   153
2021 10 18 02 04 MAX   663
2021 10 18 08 46 MIN   133
2021 10 18 14 21 MAX   646
2021 10 18 21 00 MIN   114
2021 10 19 02 41 MAX   687
2021 10 19 09 24 MIN    95
2021 10 19 14 58 MAX   687
2021 10 19 21 40 MIN    92
2021 10 20 03 12 MAX   698
2021 10 20 09 58 MIN    74
2021 10 20 15 31 MAX   713
2021 10 20 22 16 MIN    85
2021 10 21 03 41 MAX   698
2021 10 21 10 28 MIN    66
2021 10 21 16 01 MAX   726
2021 10 21 22 48 MIN    91
2021 10 22 04 09 MAX   690
2021 10 22 10 55 MIN    67
2021 10 22 16 31 MAX   728
2021 10 22 23 18 MIN   106
2021 10 23 04 37 MAX   674
2021 10 23 11 20 MIN    76
2021 10 23 17 01 MAX   721
2021 10 23 23 46 MIN   127
2021 10 24 05 05 MAX   652
2021 10 24 11 44 MIN    90
2021 10 24 17 31 MAX   706
2021 10 25 00 14 MIN   155
2021 10 25 05 34 MAX   623
2021 10 25 12 09 MIN   111
2021 10 25 18 03 MAX   682
2021 10 26 00 44 MIN   190
2021 10 26 06 03 MAX   589
2021 10 26 12 35 MIN   139
2021 10 26 18 37 MAX   650
2021 10 27 01 16 MIN   230
2021 10 27 06 35 MAX   550
2021 10 27 13 06 MIN   174
2021 10 27 19 18 MAX   612
2021 10 28 01 56 MIN   271
2021 10 28 07 16 MAX   510
2021 10 28 13 44 MIN   214
2021 10 28 20 14 MAX   573
2021 10 29 02 52 MIN   307
2021 10 29 08 21 MAX   474
2021 10 29 14 43 MIN   252
2021 10 29 21 31 MAX   547
2021 10 30 04 20 MIN   319
2021 10 30 09 58 MAX   462
2021 10 30 16 15 MIN   269
2021 10 30 23 00 MAX   551
2021 10 31 06 01 MIN   287
2021 10 31 11 32 MAX   493
2021 10 31 17 58 MIN   245
2021 11 01 00 13 MAX   585
2021 11 01 07 07 MIN   228
2021 11 01 12 40 MAX   556
2021 11 01 19 15 MIN   192
2021 11 02 01 05 MAX   631
2021 11 02 07 56 MIN   162
2021 11 02 13 30 MAX   629
2021 11 02 20 13 MIN   136
2021 11 03 01 49 MAX   675
2021 11 03 08 40 MIN   100
2021 11 03 14 13 MAX   697
2021 11 03 21 03 MIN    91
2021 11 04 02 28 MAX   707
2021 11 04 09 21 MIN    49
2021 11 04 14 54 MAX   752
2021 11 04 21 50 MIN    61
2021 11 05 03 06 MAX   723
2021 11 05 10 02 MIN    15
2021 11 05 15 35 MAX   786
2021 11 05 22 35 MIN    52
2021 11 06 03 44 MAX   722
2021 11 06 10 43 MIN    -1
2021 11 06 16 17 MAX   799
2021 11 06 23 19 MIN    63
2021 11 07 04 24 MAX   705
2021 11 07 11 22 MIN     3
2021 11 07 17 00 MAX   790
2021 11 08 00 02 MIN    91
2021 11 08 05 05 MAX   674
2021 11 08 12 01 MIN    26
2021 11 08 17 45 MAX   762
2021 11 09 00 46 MIN   132
2021 11 09 05 49 MAX   634
2021 11 09 12 41 MIN    66
2021 11 09 18 34 MAX   719
2021 11 10 01 33 MIN   179
2021 11 10 06 39 MAX   587
2021 11 10 13 25 MIN   117
2021 11 10 19 30 MAX   668
2021 11 11 02 28 MIN   226
2021 11 11 07 38 MAX   539
2021 11 11 14 19 MIN   175
2021 11 11 20 36 MAX   617
2021 11 12 03 39 MIN   257
2021 11 12 08 56 MAX   502
2021 11 12 15 35 MIN   223
2021 11 12 21 58 MAX   581
2021 11 13 05 08 MIN   255
2021 11 13 10 31 MAX   496
2021 11 13 17 16 MIN   238
2021 11 13 23 26 MAX   574
2021 11 14 06 26 MIN   220
2021 11 14 12 04 MAX   528
2021 11 14 18 42 MIN   214
2021 11 15 00 37 MAX   590
2021 11 15 07 23 MIN   174
2021 11 15 13 09 MAX   579
2021 11 15 19 44 MIN   178
2021 11 16 01 27 MAX   611
2021 11 16 08 09 MIN   132
2021 11 16 13 56 MAX   629
2021 11 16 20 33 MIN   148
2021 11 17 02 07 MAX   629
2021 11 17 08 48 MIN   100
2021 11 17 14 34 MAX   668
2021 11 17 21 14 MIN   128
2021 11 18 02 41 MAX   640
2021 11 18 09 22 MIN    80
2021 11 18 15 07 MAX   694
2021 11 18 21 50 MIN   120
2021 11 19 03 12 MAX   643
2021 11 19 09 52 MIN    70
2021 11 19 15 39 MAX   708
2021 11 19 22 23 MIN   121
2021 11 20 03 43 MAX   640
2021 11 20 10 21 MIN    68
2021 11 20 16 10 MAX   712
2021 11 20 22 54 MIN   128
2021 11 21 04 13 MAX   631
2021 11 21 10 49 MIN    73
2021 11 21 16 40 MAX   708
2021 11 21 23 25 MIN   140
2021 11 22 04 43 MAX   616
2021 11 22 11 17 MIN    83
2021 11 22 17 11 MAX   696
2021 11 22 23 56 MIN   158
2021 11 23 05 13 MAX   597
2021 11 23 11 45 MIN   100
2021 11 23 17 43 MAX   678
2021 11 24 00 28 MIN   180
2021 11 24 05 44 MAX   574
2021 11 24 12 15 MIN   121
2021 11 24 18 17 MAX   656
2021 11 25 01 02 MIN   206
2021 11 25 06 19 MAX   549
2021 11 25 12 47 MIN   148
2021 11 25 18 55 MAX   630
2021 11 26 01 40 MIN   233
2021 11 26 07 00 MAX   524
2021 11 26 13 25 MIN   177
2021 11 26 19 43 MAX   602
2021 11 27 02 30 MIN   254
2021 11 27 07 56 MAX   501
2021 11 27 14 18 MIN   208
2021 11 27 20 44 MAX   577
2021 11 28 03 35 MIN   262
2021 11 28 09 11 MAX   492
2021 11 28 15 32 MIN   231
2021 11 28 21 57 MAX   566
2021 11 29 04 52 MIN   244
2021 11 29 10 34 MAX   511
2021 11 29 17 02 MIN   229
2021 11 29 23 09 MAX   576
2021 11 30 06 04 MIN   202
2021 11 30 11 49 MAX   561
2021 11 30 18 28 MIN   201
2021 12 01 00 13 MAX   602
2021 12 01 07 04 MIN   147
2021 12 01 12 51 MAX   625
2021 12 01 19 37 MIN   161
2021 12 02 01 06 MAX   632
2021 12 02 07 57 MIN    92
2021 12 02 13 43 MAX   689
2021 12 02 20 36 MIN   125
2021 12 03 01 54 MAX   657
2021 12 03 08 46 MIN    47
2021 12 03 14 31 MAX   740
2021 12 03 21 29 MIN    99
2021 12 04 02 39 MAX   671
2021 12 04 09 33 MIN    16
2021 12 04 15 17 MAX   771
2021 12 04 22 18 MIN    88
2021 12 05 03 23 MAX   672
2021 12 05 10 19 MIN     1
2021 12 05 16 03 MAX   781
2021 12 05 23 06 MIN    90
2021 12 06 04 08 MAX   661
2021 12 06 11 04 MIN     4
2021 12 06 16 50 MAX   773
2021 12 06 23 53 MIN   103
2021 12 07 04 54 MAX   642
2021 12 07 11 48 MIN    22
2021 12 07 17 38 MAX   750
2021 12 08 00 40 MIN   126
2021 12 08 05 43 MAX   616
2021 12 08 12 33 MIN    55
2021 12 08 18 27 MAX   715
2021 12 09 01 27 MIN   153
2021 12 09 06 34 MAX   586
2021 12 09 13 19 MIN    98
2021 12 09 19 18 MAX   673
2021 12 10 02 18 MIN   181
2021 12 10 07 30 MAX   554
2021 12 10 14 10 MIN   148
2021 12 10 20 14 MAX   628
2021 12 11 03 14 MIN   204
2021 12 11 08 35 MAX   526
2021 12 11 15 11 MIN   196
2021 12 11 21 16 MAX   586
2021 12 12 04 18 MIN   216
2021 12 12 09 49 MAX   511
2021 12 12 16 27 MIN   230
2021 12 12 22 26 MAX   556
2021 12 13 05 27 MIN   209
2021 12 13 11 11 MAX   519
2021 12 13 17 51 MIN   238
2021 12 13 23 37 MAX   544
2021 12 14 06 31 MIN   187
2021 12 14 12 26 MAX   550
2021 12 14 19 04 MIN   223
2021 12 15 00 40 MAX   549
2021 12 15 07 23 MIN   158
2021 12 15 13 23 MAX   591
2021 12 15 20 00 MIN   200
2021 12 16 01 29 MAX   562
2021 12 16 08 07 MIN   131
2021 12 16 14 08 MAX   628
2021 12 16 20 47 MIN   180
2021 12 17 02 11 MAX   576
2021 12 17 08 45 MIN   108
2021 12 17 14 46 MAX   656
2021 12 17 21 26 MIN   165
2021 12 18 02 48 MAX   587
2021 12 18 09 20 MIN    92
2021 12 18 15 21 MAX   674
2021 12 18 22 02 MIN   155
2021 12 19 03 22 MAX   594
2021 12 19 09 54 MIN    83
2021 12 19 15 54 MAX   683
2021 12 19 22 36 MIN   151
2021 12 20 03 56 MAX   596
2021 12 20 10 27 MIN    79
2021 12 20 16 26 MAX   685
2021 12 20 23 10 MIN   151
2021 12 21 04 28 MAX   594
2021 12 21 11 00 MIN    81
2021 12 21 16 57 MAX   682
2021 12 21 23 43 MIN   155
2021 12 22 04 59 MAX   588
2021 12 22 11 32 MIN    87
2021 12 22 17 29 MAX   676
2021 12 23 00 17 MIN   162
2021 12 23 05 31 MAX   580
2021 12 23 12 05 MIN    97
2021 12 23 18 01 MAX   668
2021 12 24 00 52 MIN   171
2021 12 24 06 05 MAX   571
2021 12 24 12 39 MIN   113
2021 12 24 18 36 MAX   655
2021 12 25 01 29 MIN   182
2021 12 25 06 45 MAX   561
2021 12 25 13 17 MIN   133
2021 12 25 19 17 MAX   636
2021 12 26 02 10 MIN   192
2021 12 26 07 33 MAX   550
2021 12 26 14 03 MIN   160
2021 12 26 20 06 MAX   613
2021 12 27 02 58 MIN   197
2021 12 27 08 32 MAX   542
2021 12 27 15 00 MIN   189
2021 12 27 21 04 MAX   589
2021 12 28 03 55 MIN   195
2021 12 28 09 43 MAX   546
2021 12 28 16 13 MIN   213
2021 12 28 22 11 MAX   572
2021 12 29 05 01 MIN   179
2021 12 29 11 00 MAX   568
2021 12 29 17 38 MIN   220
2021 12 29 23 20 MAX   568
2021 12 30 06 10 MIN   150
2021 12 30 12 13 MAX   610
2021 12 30 19 03 MIN   205
2021 12 31 00 27 MAX   578
2021 12 31 07 17 MIN   111
2021 12 31 13 18 MAX   659
2021 12 31 20 14 MIN   176
