 <API - 조위예측극치자료>

대상조위관측소 : 부산항신항
위도(WGS84) : N 128.7869
경도(WGS84) : E 35.0775
관측기관 : 20201221 ~ 20220101

2020 12 21 00 52 MAX   114
2020 12 21 06 32 MIN    39
2020 12 21 13 18 MAX   126
2020 12 21 19 42 MIN    45
2020 12 22 01 57 MAX   108
2020 12 22 07 29 MIN    50
2020 12 22 14 16 MAX   116
2020 12 22 20 52 MIN    48
2020 12 23 03 12 MAX   107
2020 12 23 08 43 MIN    57
2020 12 23 15 34 MAX   110
2020 12 23 22 05 MIN    47
2020 12 24 04 27 MAX   111
2020 12 24 10 08 MIN    58
2020 12 24 16 51 MAX   110
2020 12 24 23 06 MIN    42
2020 12 25 05 30 MAX   119
2020 12 25 11 22 MIN    53
2020 12 25 17 49 MAX   114
2020 12 25 23 54 MIN    35
2020 12 26 06 21 MAX   129
2020 12 26 12 17 MIN    44
2020 12 26 18 33 MAX   120
2020 12 27 00 33 MIN    28
2020 12 27 07 05 MAX   139
2020 12 27 13 01 MIN    36
2020 12 27 19 10 MAX   126
2020 12 28 01 09 MIN    21
2020 12 28 07 44 MAX   149
2020 12 28 13 39 MIN    27
2020 12 28 19 45 MAX   132
2020 12 29 01 43 MIN    13
2020 12 29 08 21 MAX   157
2020 12 29 14 15 MIN    19
2020 12 29 20 20 MAX   137
2020 12 30 02 18 MIN     6
2020 12 30 08 58 MAX   164
2020 12 30 14 51 MIN    13
2020 12 30 20 56 MAX   140
2020 12 31 02 55 MIN     1
2020 12 31 09 36 MAX   168
2020 12 31 15 27 MIN     8
2020 12 31 21 35 MAX   141
2021 01 01 03 32 MIN    -3
2021 01 01 10 13 MAX   169
2021 01 01 16 04 MIN     7
2021 01 01 22 15 MAX   139
2021 01 02 04 10 MIN    -2
2021 01 02 10 51 MAX   167
2021 01 02 16 42 MIN     8
2021 01 02 22 57 MAX   135
2021 01 03 04 51 MIN     2
2021 01 03 11 29 MAX   160
2021 01 03 17 22 MIN    11
2021 01 03 23 43 MAX   129
2021 01 04 05 35 MIN     9
2021 01 04 12 10 MAX   152
2021 01 04 18 06 MIN    17
2021 01 05 00 34 MAX   122
2021 01 05 06 24 MIN    19
2021 01 05 12 55 MAX   141
2021 01 05 18 57 MIN    23
2021 01 06 01 36 MAX   117
2021 01 06 07 22 MIN    29
2021 01 06 13 48 MAX   131
2021 01 06 19 57 MIN    28
2021 01 07 02 49 MAX   115
2021 01 07 08 34 MIN    37
2021 01 07 14 56 MAX   123
2021 01 07 21 08 MIN    30
2021 01 08 04 12 MAX   119
2021 01 08 09 57 MIN    40
2021 01 08 16 16 MAX   120
2021 01 08 22 21 MIN    27
2021 01 09 05 31 MAX   129
2021 01 09 11 18 MIN    36
2021 01 09 17 32 MAX   123
2021 01 09 23 30 MIN    21
2021 01 10 06 39 MAX   142
2021 01 10 12 28 MIN    26
2021 01 10 18 37 MAX   130
2021 01 11 00 31 MIN    13
2021 01 11 07 35 MAX   156
2021 01 11 13 25 MIN    16
2021 01 11 19 31 MAX   138
2021 01 12 01 25 MIN     5
2021 01 12 08 25 MAX   167
2021 01 12 14 14 MIN     7
2021 01 12 20 20 MAX   144
2021 01 13 02 13 MIN    -2
2021 01 13 09 10 MAX   174
2021 01 13 14 58 MIN     0
2021 01 13 21 05 MAX   148
2021 01 14 02 56 MIN    -7
2021 01 14 09 51 MAX   177
2021 01 14 15 38 MIN    -2
2021 01 14 21 45 MAX   149
2021 01 15 03 35 MIN    -8
2021 01 15 10 27 MAX   174
2021 01 15 16 15 MIN    -1
2021 01 15 22 23 MAX   146
2021 01 16 04 11 MIN    -4
2021 01 16 11 00 MAX   166
2021 01 16 16 50 MIN     4
2021 01 16 22 59 MAX   141
2021 01 17 04 46 MIN     2
2021 01 17 11 29 MAX   156
2021 01 17 17 25 MIN    11
2021 01 17 23 36 MAX   134
2021 01 18 05 20 MIN    12
2021 01 18 11 55 MAX   143
2021 01 18 18 00 MIN    20
2021 01 19 00 13 MAX   125
2021 01 19 05 55 MIN    23
2021 01 19 12 21 MAX   131
2021 01 19 18 39 MIN    30
2021 01 20 00 56 MAX   116
2021 01 20 06 36 MIN    36
2021 01 20 12 53 MAX   118
2021 01 20 19 25 MIN    40
2021 01 21 01 49 MAX   109
2021 01 21 07 27 MIN    49
2021 01 21 13 38 MAX   106
2021 01 21 20 28 MIN    47
2021 01 22 03 01 MAX   104
2021 01 22 08 40 MIN    58
2021 01 22 15 01 MAX    98
2021 01 22 21 48 MIN    50
2021 01 23 04 28 MAX   106
2021 01 23 10 21 MIN    61
2021 01 23 16 48 MAX    98
2021 01 23 23 03 MIN    47
2021 01 24 05 44 MAX   115
2021 01 24 11 50 MIN    54
2021 01 24 17 58 MAX   104
2021 01 25 00 01 MIN    39
2021 01 25 06 41 MAX   127
2021 01 25 12 47 MIN    44
2021 01 25 18 47 MAX   114
2021 01 26 00 48 MIN    29
2021 01 26 07 27 MAX   140
2021 01 26 13 29 MIN    32
2021 01 26 19 29 MAX   124
2021 01 27 01 30 MIN    17
2021 01 27 08 07 MAX   153
2021 01 27 14 06 MIN    20
2021 01 27 20 10 MAX   134
2021 01 28 02 08 MIN     5
2021 01 28 08 46 MAX   164
2021 01 28 14 42 MIN     8
2021 01 28 20 50 MAX   142
2021 01 29 02 46 MIN    -6
2021 01 29 09 24 MAX   173
2021 01 29 15 16 MIN    -2
2021 01 29 21 31 MAX   148
2021 01 30 03 24 MIN   -14
2021 01 30 10 01 MAX   177
2021 01 30 15 51 MIN    -8
2021 01 30 22 12 MAX   151
2021 01 31 04 01 MIN   -17
2021 01 31 10 38 MAX   176
2021 01 31 16 27 MIN   -11
2021 01 31 22 53 MAX   150
2021 02 01 04 40 MIN   -15
2021 02 01 11 13 MAX   170
2021 02 01 17 03 MIN    -8
2021 02 01 23 34 MAX   146
2021 02 02 05 20 MIN    -7
2021 02 02 11 49 MAX   160
2021 02 02 17 41 MIN    -2
2021 02 03 00 17 MAX   138
2021 02 03 06 03 MIN     6
2021 02 03 12 27 MAX   146
2021 02 03 18 23 MIN     8
2021 02 04 01 04 MAX   129
2021 02 04 06 53 MIN    21
2021 02 04 13 11 MAX   130
2021 02 04 19 12 MIN    20
2021 02 05 02 05 MAX   120
2021 02 05 07 57 MIN    37
2021 02 05 14 09 MAX   115
2021 02 05 20 16 MIN    31
2021 02 06 03 33 MAX   114
2021 02 06 09 27 MIN    48
2021 02 06 15 40 MAX   105
2021 02 06 21 41 MIN    38
2021 02 07 05 19 MAX   119
2021 02 07 11 13 MIN    47
2021 02 07 17 21 MAX   108
2021 02 07 23 15 MIN    36
2021 02 08 06 38 MAX   133
2021 02 08 12 33 MIN    36
2021 02 08 18 35 MAX   118
2021 02 09 00 30 MIN    27
2021 02 09 07 35 MAX   148
2021 02 09 13 27 MIN    22
2021 02 09 19 30 MAX   130
2021 02 10 01 25 MIN    15
2021 02 10 08 21 MAX   161
2021 02 10 14 09 MIN    10
2021 02 10 20 16 MAX   141
2021 02 11 02 08 MIN     4
2021 02 11 09 01 MAX   170
2021 02 11 14 46 MIN     0
2021 02 11 20 55 MAX   149
2021 02 12 02 45 MIN    -4
2021 02 12 09 35 MAX   174
2021 02 12 15 20 MIN    -5
2021 02 12 21 32 MAX   154
2021 02 13 03 19 MIN    -9
2021 02 13 10 06 MAX   173
2021 02 13 15 52 MIN    -7
2021 02 13 22 06 MAX   155
2021 02 14 03 51 MIN    -9
2021 02 14 10 33 MAX   167
2021 02 14 16 22 MIN    -5
2021 02 14 22 37 MAX   152
2021 02 15 04 22 MIN    -5
2021 02 15 10 56 MAX   158
2021 02 15 16 51 MIN     1
2021 02 15 23 08 MAX   146
2021 02 16 04 51 MIN     3
2021 02 16 11 17 MAX   147
2021 02 16 17 19 MIN     9
2021 02 16 23 38 MAX   138
2021 02 17 05 21 MIN    14
2021 02 17 11 38 MAX   135
2021 02 17 17 47 MIN    20
2021 02 18 00 11 MAX   128
2021 02 18 05 54 MIN    27
2021 02 18 12 00 MAX   123
2021 02 18 18 17 MIN    31
2021 02 19 00 48 MAX   118
2021 02 19 06 30 MIN    41
2021 02 19 12 28 MAX   110
2021 02 19 18 56 MIN    43
2021 02 20 01 37 MAX   108
2021 02 20 07 21 MIN    56
2021 02 20 13 11 MAX    98
2021 02 20 20 00 MIN    53
2021 02 21 03 02 MAX   102
2021 02 21 08 56 MIN    66
2021 02 21 15 17 MAX    89
2021 02 21 21 49 MIN    57
2021 02 22 04 57 MAX   106
2021 02 22 11 23 MIN    63
2021 02 22 17 28 MAX    95
2021 02 22 23 27 MIN    50
2021 02 23 06 16 MAX   119
2021 02 23 12 36 MIN    50
2021 02 23 18 31 MAX   108
2021 02 24 00 28 MIN    37
2021 02 24 07 08 MAX   135
2021 02 24 13 16 MIN    34
2021 02 24 19 17 MAX   122
2021 02 25 01 13 MIN    20
2021 02 25 07 50 MAX   152
2021 02 25 13 51 MIN    18
2021 02 25 19 59 MAX   137
2021 02 26 01 53 MIN     3
2021 02 26 08 28 MAX   166
2021 02 26 14 23 MIN     2
2021 02 26 20 40 MAX   150
2021 02 27 02 31 MIN   -12
2021 02 27 09 06 MAX   177
2021 02 27 14 57 MIN   -11
2021 02 27 21 20 MAX   161
2021 02 28 03 08 MIN   -23
2021 02 28 09 41 MAX   183
2021 02 28 15 30 MIN   -21
2021 02 28 22 00 MAX   167
2021 03 01 03 45 MIN   -27
2021 03 01 10 17 MAX   183
2021 03 01 16 04 MIN   -24
2021 03 01 22 39 MAX   168
2021 03 02 04 23 MIN   -25
2021 03 02 10 52 MAX   176
2021 03 02 16 38 MIN   -21
2021 03 02 23 18 MAX   163
2021 03 03 05 02 MIN   -15
2021 03 03 11 26 MAX   163
2021 03 03 17 14 MIN   -12
2021 03 03 23 57 MAX   153
2021 03 04 05 43 MIN     2
2021 03 04 12 02 MAX   146
2021 03 04 17 53 MIN     3
2021 03 05 00 40 MAX   139
2021 03 05 06 30 MIN    22
2021 03 05 12 41 MAX   127
2021 03 05 18 37 MIN    20
2021 03 06 01 33 MAX   123
2021 03 06 07 32 MIN    42
2021 03 06 13 36 MAX   108
2021 03 06 19 37 MIN    38
2021 03 07 03 05 MAX   112
2021 03 07 09 14 MIN    57
2021 03 07 15 23 MAX    96
2021 03 07 21 14 MIN    51
2021 03 08 05 18 MAX   115
2021 03 08 11 24 MIN    53
2021 03 08 17 26 MAX   102
2021 03 08 23 16 MIN    49
2021 03 09 06 37 MAX   129
2021 03 09 12 35 MIN    40
2021 03 09 18 37 MAX   116
2021 03 10 00 31 MIN    37
2021 03 10 07 28 MAX   144
2021 03 10 13 18 MIN    25
2021 03 10 19 24 MAX   131
2021 03 11 01 17 MIN    23
2021 03 11 08 07 MAX   156
2021 03 11 13 53 MIN    12
2021 03 11 20 03 MAX   144
2021 03 12 01 54 MIN    10
2021 03 12 08 41 MAX   165
2021 03 12 14 25 MIN     2
2021 03 12 20 39 MAX   154
2021 03 13 02 26 MIN     0
2021 03 13 09 11 MAX   168
2021 03 13 14 55 MIN    -5
2021 03 13 21 12 MAX   160
2021 03 14 02 57 MIN    -5
2021 03 14 09 38 MAX   168
2021 03 14 15 23 MIN    -8
2021 03 14 21 42 MAX   162
2021 03 15 03 27 MIN    -7
2021 03 15 10 01 MAX   163
2021 03 15 15 50 MIN    -7
2021 03 15 22 12 MAX   161
2021 03 16 03 55 MIN    -4
2021 03 16 10 23 MAX   156
2021 03 16 16 16 MIN    -2
2021 03 16 22 40 MAX   156
2021 03 17 04 23 MIN     2
2021 03 17 10 42 MAX   148
2021 03 17 16 40 MIN     6
2021 03 17 23 07 MAX   149
2021 03 18 04 51 MIN    12
2021 03 18 11 02 MAX   138
2021 03 18 17 04 MIN    15
2021 03 18 23 36 MAX   139
2021 03 19 05 20 MIN    24
2021 03 19 11 23 MAX   126
2021 03 19 17 29 MIN    27
2021 03 20 00 06 MAX   129
2021 03 20 05 52 MIN    38
2021 03 20 11 46 MAX   114
2021 03 20 18 00 MIN    39
2021 03 21 00 45 MAX   117
2021 03 21 06 35 MIN    52
2021 03 21 12 19 MAX   102
2021 03 21 18 48 MIN    52
2021 03 22 01 48 MAX   107
2021 03 22 07 49 MIN    66
2021 03 22 13 41 MAX    89
2021 03 22 20 32 MIN    61
2021 03 23 03 55 MAX   105
2021 03 23 10 40 MIN    67
2021 03 23 16 58 MAX    93
2021 03 23 22 43 MIN    57
2021 03 24 05 39 MAX   117
2021 03 24 12 08 MIN    53
2021 03 24 18 10 MAX   108
2021 03 24 23 58 MIN    42
2021 03 25 06 37 MAX   134
2021 03 25 12 48 MIN    35
2021 03 25 18 56 MAX   126
2021 03 26 00 47 MIN    23
2021 03 26 07 21 MAX   152
2021 03 26 13 22 MIN    16
2021 03 26 19 39 MAX   144
2021 03 27 01 28 MIN     4
2021 03 27 08 00 MAX   167
2021 03 27 13 55 MIN    -2
2021 03 27 20 20 MAX   160
2021 03 28 02 07 MIN   -13
2021 03 28 08 38 MAX   178
2021 03 28 14 28 MIN   -16
2021 03 28 21 00 MAX   173
2021 03 29 02 46 MIN   -24
2021 03 29 09 15 MAX   184
2021 03 29 15 02 MIN   -26
2021 03 29 21 40 MAX   181
2021 03 30 03 25 MIN   -28
2021 03 30 09 52 MAX   183
2021 03 30 15 37 MIN   -29
2021 03 30 22 20 MAX   182
2021 03 31 04 04 MIN   -24
2021 03 31 10 28 MAX   175
2021 03 31 16 13 MIN   -23
2021 03 31 23 00 MAX   175
2021 04 01 04 44 MIN   -12
2021 04 01 11 03 MAX   160
2021 04 01 16 50 MIN   -11
2021 04 01 23 39 MAX   163
2021 04 02 05 27 MIN     6
2021 04 02 11 40 MAX   142
2021 04 02 17 28 MIN     7
2021 04 03 00 22 MAX   146
2021 04 03 06 15 MIN    28
2021 04 03 12 22 MAX   122
2021 04 03 18 13 MIN    27
2021 04 04 01 15 MAX   128
2021 04 04 07 21 MIN    48
2021 04 04 13 21 MAX   104
2021 04 04 19 14 MIN    47
2021 04 05 02 50 MAX   114
2021 04 05 09 10 MIN    60
2021 04 05 15 25 MAX    96
2021 04 05 20 59 MIN    59
2021 04 06 05 01 MAX   117
2021 04 06 11 12 MIN    55
2021 04 06 17 19 MAX   105
2021 04 06 23 03 MIN    56
2021 04 07 06 16 MAX   128
2021 04 07 12 13 MIN    42
2021 04 07 18 20 MAX   120
2021 04 08 00 11 MIN    45
2021 04 08 07 03 MAX   140
2021 04 08 12 52 MIN    29
2021 04 08 19 03 MAX   134
2021 04 09 00 54 MIN    32
2021 04 09 07 39 MAX   149
2021 04 09 13 24 MIN    17
2021 04 09 19 39 MAX   147
2021 04 10 01 29 MIN    20
2021 04 10 08 11 MAX   156
2021 04 10 13 54 MIN     8
2021 04 10 20 13 MAX   157
2021 04 11 02 01 MIN    10
2021 04 11 08 39 MAX   159
2021 04 11 14 23 MIN     2
2021 04 11 20 45 MAX   163
2021 04 12 02 32 MIN     4
2021 04 12 09 04 MAX   159
2021 04 12 14 50 MIN    -1
2021 04 12 21 16 MAX   167
2021 04 13 03 01 MIN     2
2021 04 13 09 27 MAX   156
2021 04 13 15 17 MIN    -1
2021 04 13 21 45 MAX   166
2021 04 14 03 29 MIN     3
2021 04 14 09 48 MAX   152
2021 04 14 15 42 MIN     3
2021 04 14 22 13 MAX   163
2021 04 15 03 58 MIN     8
2021 04 15 10 10 MAX   146
2021 04 15 16 06 MIN     9
2021 04 15 22 41 MAX   157
2021 04 16 04 26 MIN    16
2021 04 16 10 32 MAX   138
2021 04 16 16 30 MIN    17
2021 04 16 23 09 MAX   149
2021 04 17 04 56 MIN    26
2021 04 17 10 56 MAX   129
2021 04 17 16 58 MIN    27
2021 04 17 23 40 MAX   139
2021 04 18 05 30 MIN    38
2021 04 18 11 23 MAX   118
2021 04 18 17 32 MIN    39
2021 04 19 00 18 MAX   128
2021 04 19 06 14 MIN    52
2021 04 19 12 00 MAX   106
2021 04 19 18 22 MIN    51
2021 04 20 01 14 MAX   118
2021 04 20 07 25 MIN    63
2021 04 20 13 23 MAX    95
2021 04 20 19 55 MIN    61
2021 04 21 02 57 MAX   114
2021 04 21 09 35 MIN    66
2021 04 21 16 17 MAX    98
2021 04 21 21 53 MIN    59
2021 04 22 04 44 MAX   121
2021 04 22 11 13 MIN    53
2021 04 22 17 34 MAX   114
2021 04 22 23 15 MIN    45
2021 04 23 05 50 MAX   136
2021 04 23 12 03 MIN    36
2021 04 23 18 25 MAX   132
2021 04 24 00 11 MIN    28
2021 04 24 06 40 MAX   151
2021 04 24 12 41 MIN    17
2021 04 24 19 10 MAX   151
2021 04 25 00 58 MIN     9
2021 04 25 07 24 MAX   164
2021 04 25 13 18 MIN     0
2021 04 25 19 54 MAX   168
2021 04 26 01 41 MIN    -6
2021 04 26 08 05 MAX   174
2021 04 26 13 55 MIN   -14
2021 04 26 20 37 MAX   182
2021 04 27 02 23 MIN   -16
2021 04 27 08 46 MAX   178
2021 04 27 14 33 MIN   -21
2021 04 27 21 19 MAX   189
2021 04 28 03 05 MIN   -18
2021 04 28 09 26 MAX   177
2021 04 28 15 11 MIN   -22
2021 04 28 22 02 MAX   189
2021 04 29 03 48 MIN   -13
2021 04 29 10 06 MAX   169
2021 04 29 15 50 MIN   -15
2021 04 29 22 44 MAX   182
2021 04 30 04 31 MIN    -1
2021 04 30 10 45 MAX   156
2021 04 30 16 30 MIN    -1
2021 04 30 23 26 MAX   169
2021 05 01 05 17 MIN    16
2021 05 01 11 26 MAX   139
2021 05 01 17 12 MIN    17
2021 05 02 00 11 MAX   152
2021 05 02 06 09 MIN    35
2021 05 02 12 13 MAX   122
2021 05 02 18 01 MIN    36
2021 05 03 01 06 MAX   136
2021 05 03 07 15 MIN    51
2021 05 03 13 21 MAX   108
2021 05 03 19 04 MIN    52
2021 05 04 02 28 MAX   123
2021 05 04 08 48 MIN    59
2021 05 04 15 09 MAX   104
2021 05 04 20 35 MIN    63
2021 05 05 04 14 MAX   121
2021 05 05 10 26 MIN    56
2021 05 05 16 43 MAX   112
2021 05 05 22 16 MIN    63
2021 05 06 05 30 MAX   127
2021 05 06 11 29 MIN    47
2021 05 06 17 43 MAX   124
2021 05 06 23 29 MIN    55
2021 05 07 06 21 MAX   134
2021 05 07 12 12 MIN    37
2021 05 07 18 28 MAX   137
2021 05 08 00 18 MIN    44
2021 05 08 07 00 MAX   140
2021 05 08 12 47 MIN    28
2021 05 08 19 07 MAX   148
2021 05 09 00 57 MIN    34
2021 05 09 07 32 MAX   145
2021 05 09 13 19 MIN    21
2021 05 09 19 42 MAX   157
2021 05 10 01 32 MIN    26
2021 05 10 08 01 MAX   148
2021 05 10 13 49 MIN    15
2021 05 10 20 16 MAX   164
2021 05 11 02 05 MIN    20
2021 05 11 08 28 MAX   150
2021 05 11 14 17 MIN    13
2021 05 11 20 48 MAX   168
2021 05 12 02 36 MIN    17
2021 05 12 08 52 MAX   149
2021 05 12 14 44 MIN    12
2021 05 12 21 19 MAX   169
2021 05 13 03 06 MIN    17
2021 05 13 09 17 MAX   148
2021 05 13 15 11 MIN    13
2021 05 13 21 49 MAX   168
2021 05 14 03 37 MIN    19
2021 05 14 09 43 MAX   145
2021 05 14 15 38 MIN    17
2021 05 14 22 19 MAX   164
2021 05 15 04 08 MIN    24
2021 05 15 10 11 MAX   139
2021 05 15 16 08 MIN    23
2021 05 15 22 51 MAX   158
2021 05 16 04 42 MIN    32
2021 05 16 10 41 MAX   132
2021 05 16 16 42 MIN    31
2021 05 16 23 25 MAX   150
2021 05 17 05 20 MIN    41
2021 05 17 11 16 MAX   123
2021 05 17 17 23 MIN    41
2021 05 18 00 05 MAX   141
2021 05 18 06 07 MIN    51
2021 05 18 12 03 MAX   113
2021 05 18 18 18 MIN    51
2021 05 19 00 59 MAX   133
2021 05 19 07 12 MIN    59
2021 05 19 13 30 MAX   106
2021 05 19 19 35 MIN    58
2021 05 20 02 16 MAX   129
2021 05 20 08 41 MIN    60
2021 05 20 15 29 MAX   110
2021 05 20 21 07 MIN    58
2021 05 21 03 43 MAX   131
2021 05 21 10 06 MIN    52
2021 05 21 16 48 MAX   123
2021 05 21 22 27 MIN    50
2021 05 22 04 55 MAX   139
2021 05 22 11 06 MIN    38
2021 05 22 17 46 MAX   140
2021 05 22 23 32 MIN    36
2021 05 23 05 53 MAX   149
2021 05 23 11 55 MIN    23
2021 05 23 18 38 MAX   157
2021 05 24 00 26 MIN    22
2021 05 24 06 44 MAX   159
2021 05 24 12 40 MIN     9
2021 05 24 19 27 MAX   173
2021 05 25 01 16 MIN    10
2021 05 25 07 33 MAX   167
2021 05 25 13 23 MIN    -1
2021 05 25 20 15 MAX   185
2021 05 26 02 03 MIN     3
2021 05 26 08 19 MAX   170
2021 05 26 14 06 MIN    -6
2021 05 26 21 02 MAX   192
2021 05 27 02 50 MIN     1
2021 05 27 09 04 MAX   169
2021 05 27 14 50 MIN    -6
2021 05 27 21 48 MAX   193
2021 05 28 03 36 MIN     4
2021 05 28 09 48 MAX   164
2021 05 28 15 33 MIN     1
2021 05 28 22 33 MAX   187
2021 05 29 04 23 MIN    13
2021 05 29 10 32 MAX   154
2021 05 29 16 18 MIN    12
2021 05 29 23 17 MAX   177
2021 05 30 05 10 MIN    25
2021 05 30 11 17 MAX   143
2021 05 30 17 03 MIN    26
2021 05 31 00 02 MAX   163
2021 05 31 06 00 MIN    38
2021 05 31 12 08 MAX   131
2021 05 31 17 51 MIN    41
2021 06 01 00 51 MAX   149
2021 06 01 06 58 MIN    50
2021 06 01 13 10 MAX   122
2021 06 01 18 46 MIN    54
2021 06 02 01 49 MAX   136
2021 06 02 08 06 MIN    58
2021 06 02 14 28 MAX   118
2021 06 02 19 54 MIN    65
2021 06 03 03 02 MAX   129
2021 06 03 09 21 MIN    60
2021 06 03 15 46 MAX   121
2021 06 03 21 13 MIN    69
2021 06 04 04 19 MAX   127
2021 06 04 10 29 MIN    56
2021 06 04 16 52 MAX   129
2021 06 04 22 32 MIN    67
2021 06 05 05 22 MAX   129
2021 06 05 11 22 MIN    50
2021 06 05 17 45 MAX   138
2021 06 05 23 34 MIN    61
2021 06 06 06 09 MAX   133
2021 06 06 12 04 MIN    44
2021 06 06 18 30 MAX   148
2021 06 07 00 23 MIN    53
2021 06 07 06 48 MAX   137
2021 06 07 12 41 MIN    39
2021 06 07 19 11 MAX   156
2021 06 08 01 04 MIN    46
2021 06 08 07 21 MAX   141
2021 06 08 13 14 MIN    34
2021 06 08 19 48 MAX   163
2021 06 09 01 41 MIN    40
2021 06 09 07 52 MAX   144
2021 06 09 13 46 MIN    30
2021 06 09 20 22 MAX   169
2021 06 10 02 15 MIN    36
2021 06 10 08 22 MAX   147
2021 06 10 14 17 MIN    28
2021 06 10 20 57 MAX   173
2021 06 11 02 48 MIN    33
2021 06 11 08 52 MAX   148
2021 06 11 14 49 MIN    26
2021 06 11 21 30 MAX   174
2021 06 12 03 22 MIN    32
2021 06 12 09 25 MAX   148
2021 06 12 15 22 MIN    27
2021 06 12 22 04 MAX   174
2021 06 13 03 57 MIN    34
2021 06 13 09 59 MAX   145
2021 06 13 15 58 MIN    29
2021 06 13 22 40 MAX   170
2021 06 14 04 33 MIN    37
2021 06 14 10 36 MAX   140
2021 06 14 16 36 MIN    34
2021 06 14 23 17 MAX   165
2021 06 15 05 13 MIN    42
2021 06 15 11 19 MAX   134
2021 06 15 17 19 MIN    41
2021 06 15 23 57 MAX   158
2021 06 16 05 58 MIN    47
2021 06 16 12 12 MAX   128
2021 06 16 18 11 MIN    49
2021 06 17 00 45 MAX   151
2021 06 17 06 51 MIN    52
2021 06 17 13 21 MAX   124
2021 06 17 19 12 MIN    55
2021 06 18 01 42 MAX   145
2021 06 18 07 55 MIN    54
2021 06 18 14 42 MAX   127
2021 06 18 20 25 MIN    59
2021 06 19 02 49 MAX   142
2021 06 19 09 05 MIN    51
2021 06 19 15 59 MAX   135
2021 06 19 21 43 MIN    57
2021 06 20 04 01 MAX   143
2021 06 20 10 11 MIN    44
2021 06 20 17 08 MAX   147
2021 06 20 22 55 MIN    50
2021 06 21 05 09 MAX   148
2021 06 21 11 11 MIN    35
2021 06 21 18 10 MAX   160
2021 06 22 00 00 MIN    41
2021 06 22 00 00 MIN    41
2021 06 22 06 10 MAX   154
2021 06 22 12 06 MIN    27
2021 06 22 19 07 MAX   174
2021 06 23 00 58 MIN    32
2021 06 23 07 07 MAX   160
2021 06 23 12 58 MIN    19
2021 06 23 20 01 MAX   185
2021 06 24 01 52 MIN    25
2021 06 24 07 59 MAX   164
2021 06 24 13 49 MIN    15
2021 06 24 20 52 MAX   193
2021 06 25 02 41 MIN    21
2021 06 25 08 49 MAX   166
2021 06 25 14 38 MIN    14
2021 06 25 21 39 MAX   196
2021 06 26 03 29 MIN    21
2021 06 26 09 36 MAX   165
2021 06 26 15 24 MIN    16
2021 06 26 22 24 MAX   194
2021 06 27 04 14 MIN    24
2021 06 27 10 22 MAX   160
2021 06 27 16 08 MIN    22
2021 06 27 23 07 MAX   186
2021 06 28 04 57 MIN    31
2021 06 28 11 07 MAX   154
2021 06 28 16 50 MIN    31
2021 06 28 23 46 MAX   175
2021 06 29 05 41 MIN    39
2021 06 29 11 53 MAX   146
2021 06 29 17 32 MIN    42
2021 06 30 00 23 MAX   163
2021 06 30 06 25 MIN    49
2021 06 30 12 42 MAX   139
2021 06 30 18 17 MIN    54
2021 07 01 01 02 MAX   150
2021 07 01 07 14 MIN    57
2021 07 01 13 37 MAX   133
2021 07 01 19 07 MIN    66
2021 07 02 01 45 MAX   139
2021 07 02 08 13 MIN    64
2021 07 02 14 40 MAX   131
2021 07 02 20 09 MIN    75
2021 07 03 02 44 MAX   130
2021 07 03 09 19 MIN    67
2021 07 03 15 49 MAX   132
2021 07 03 21 26 MIN    80
2021 07 04 04 01 MAX   126
2021 07 04 10 23 MIN    66
2021 07 04 16 56 MAX   137
2021 07 04 22 45 MIN    79
2021 07 05 05 12 MAX   127
2021 07 05 11 18 MIN    63
2021 07 05 17 54 MAX   145
2021 07 05 23 51 MIN    74
2021 07 06 06 05 MAX   132
2021 07 06 12 04 MIN    59
2021 07 06 18 41 MAX   154
2021 07 07 00 42 MIN    67
2021 07 07 06 46 MAX   137
2021 07 07 12 45 MIN    53
2021 07 07 19 24 MAX   163
2021 07 08 01 24 MIN    59
2021 07 08 07 24 MAX   143
2021 07 08 13 23 MIN    47
2021 07 08 20 03 MAX   171
2021 07 09 02 01 MIN    52
2021 07 09 08 00 MAX   149
2021 07 09 14 00 MIN    41
2021 07 09 20 40 MAX   178
2021 07 10 02 37 MIN    46
2021 07 10 08 37 MAX   153
2021 07 10 14 36 MIN    36
2021 07 10 21 17 MAX   183
2021 07 11 03 12 MIN    41
2021 07 11 09 15 MAX   156
2021 07 11 15 13 MIN    32
2021 07 11 21 54 MAX   185
2021 07 12 03 47 MIN    38
2021 07 12 09 55 MAX   157
2021 07 12 15 50 MIN    30
2021 07 12 22 30 MAX   185
2021 07 13 04 22 MIN    37
2021 07 13 10 37 MAX   155
2021 07 13 16 29 MIN    32
2021 07 13 23 06 MAX   181
2021 07 14 04 59 MIN    38
2021 07 14 11 20 MAX   152
2021 07 14 17 10 MIN    37
2021 07 14 23 44 MAX   175
2021 07 15 05 39 MIN    41
2021 07 15 12 08 MAX   148
2021 07 15 17 55 MIN    44
2021 07 16 00 24 MAX   167
2021 07 16 06 23 MIN    45
2021 07 16 13 00 MAX   144
2021 07 16 18 47 MIN    53
2021 07 17 01 09 MAX   158
2021 07 17 07 14 MIN    50
2021 07 17 14 01 MAX   142
2021 07 17 19 49 MIN    62
2021 07 18 02 05 MAX   149
2021 07 18 08 15 MIN    54
2021 07 18 15 16 MAX   143
2021 07 18 21 06 MIN    68
2021 07 19 03 17 MAX   143
2021 07 19 09 25 MIN    55
2021 07 19 16 39 MAX   149
2021 07 19 22 31 MIN    68
2021 07 20 04 39 MAX   142
2021 07 20 10 37 MIN    53
2021 07 20 17 56 MAX   160
2021 07 20 23 50 MIN    62
2021 07 21 05 53 MAX   147
2021 07 21 11 46 MIN    48
2021 07 21 19 01 MAX   173
2021 07 22 00 55 MIN    52
2021 07 22 06 56 MAX   155
2021 07 22 12 48 MIN    40
2021 07 22 19 57 MAX   186
2021 07 23 01 49 MIN    42
2021 07 23 07 51 MAX   163
2021 07 23 13 43 MIN    33
2021 07 23 20 47 MAX   195
2021 07 24 02 36 MIN    34
2021 07 24 08 41 MAX   169
2021 07 24 14 31 MIN    27
2021 07 24 21 31 MAX   200
2021 07 25 03 18 MIN    29
2021 07 25 09 28 MAX   172
2021 07 25 15 14 MIN    25
2021 07 25 22 11 MAX   200
2021 07 26 03 58 MIN    29
2021 07 26 10 10 MAX   172
2021 07 26 15 53 MIN    27
2021 07 26 22 47 MAX   194
2021 07 27 04 34 MIN    32
2021 07 27 10 50 MAX   168
2021 07 27 16 30 MIN    32
2021 07 27 23 19 MAX   184
2021 07 28 05 10 MIN    38
2021 07 28 11 28 MAX   163
2021 07 28 17 05 MIN    42
2021 07 28 23 46 MAX   172
2021 07 29 05 45 MIN    46
2021 07 29 12 06 MAX   155
2021 07 29 17 41 MIN    53
2021 07 30 00 11 MAX   159
2021 07 30 06 21 MIN    56
2021 07 30 12 46 MAX   147
2021 07 30 18 20 MIN    66
2021 07 31 00 38 MAX   146
2021 07 31 07 04 MIN    66
2021 07 31 13 34 MAX   140
2021 07 31 19 08 MIN    78
2021 08 01 01 13 MAX   135
2021 08 01 07 58 MIN    75
2021 08 01 14 36 MAX   135
2021 08 01 20 13 MIN    89
2021 08 02 02 17 MAX   126
2021 08 02 09 11 MIN    80
2021 08 02 15 58 MAX   135
2021 08 02 21 51 MIN    94
2021 08 03 04 08 MAX   122
2021 08 03 10 29 MIN    80
2021 08 03 17 17 MAX   141
2021 08 03 23 29 MIN    90
2021 08 04 05 32 MAX   127
2021 08 04 11 34 MIN    75
2021 08 04 18 19 MAX   151
2021 08 05 00 32 MIN    81
2021 08 05 06 25 MAX   136
2021 08 05 12 25 MIN    68
2021 08 05 19 07 MAX   162
2021 08 06 01 15 MIN    71
2021 08 06 07 07 MAX   145
2021 08 06 13 09 MIN    58
2021 08 06 19 47 MAX   173
2021 08 07 01 51 MIN    60
2021 08 07 07 48 MAX   154
2021 08 07 13 47 MIN    47
2021 08 07 20 26 MAX   183
2021 08 08 02 24 MIN    49
2021 08 08 08 28 MAX   162
2021 08 08 14 24 MIN    37
2021 08 08 21 03 MAX   191
2021 08 09 02 57 MIN    40
2021 08 09 09 08 MAX   168
2021 08 09 15 01 MIN    29
2021 08 09 21 39 MAX   196
2021 08 10 03 30 MIN    33
2021 08 10 09 49 MAX   172
2021 08 10 15 38 MIN    24
2021 08 10 22 14 MAX   197
2021 08 11 04 02 MIN    28
2021 08 11 10 30 MAX   173
2021 08 11 16 14 MIN    24
2021 08 11 22 48 MAX   193
2021 08 12 04 37 MIN    28
2021 08 12 11 10 MAX   172
2021 08 12 16 53 MIN    29
2021 08 12 23 23 MAX   185
2021 08 13 05 12 MIN    31
2021 08 13 11 51 MAX   167
2021 08 13 17 34 MIN    39
2021 08 13 23 58 MAX   174
2021 08 14 05 51 MIN    38
2021 08 14 12 36 MAX   160
2021 08 14 18 21 MIN    52
2021 08 15 00 39 MAX   161
2021 08 15 06 37 MIN    49
2021 08 15 13 29 MAX   152
2021 08 15 19 20 MIN    67
2021 08 16 01 30 MAX   147
2021 08 16 07 34 MIN    60
2021 08 16 14 44 MAX   146
2021 08 16 20 42 MIN    79
2021 08 17 02 49 MAX   136
2021 08 17 08 50 MIN    68
2021 08 17 16 29 MAX   147
2021 08 17 22 29 MIN    82
2021 08 18 04 33 MAX   134
2021 08 18 10 23 MIN    70
2021 08 18 18 00 MAX   158
2021 08 18 23 58 MIN    73
2021 08 19 05 58 MAX   142
2021 08 19 11 48 MIN    63
2021 08 19 19 05 MAX   172
2021 08 20 01 00 MIN    59
2021 08 20 06 59 MAX   154
2021 08 20 12 51 MIN    52
2021 08 20 19 55 MAX   186
2021 08 21 01 45 MIN    46
2021 08 21 07 49 MAX   166
2021 08 21 13 40 MIN    41
2021 08 21 20 37 MAX   196
2021 08 22 02 24 MIN    36
2021 08 22 08 33 MAX   175
2021 08 22 14 21 MIN    32
2021 08 22 21 15 MAX   200
2021 08 23 03 00 MIN    29
2021 08 23 09 14 MAX   181
2021 08 23 14 58 MIN    27
2021 08 23 21 48 MAX   200
2021 08 24 03 33 MIN    26
2021 08 24 09 50 MAX   182
2021 08 24 15 32 MIN    27
2021 08 24 22 18 MAX   194
2021 08 25 04 04 MIN    28
2021 08 25 10 25 MAX   180
2021 08 25 16 04 MIN    31
2021 08 25 22 43 MAX   185
2021 08 26 04 34 MIN    34
2021 08 26 10 57 MAX   174
2021 08 26 16 35 MIN    39
2021 08 26 23 05 MAX   173
2021 08 27 05 02 MIN    42
2021 08 27 11 29 MAX   166
2021 08 27 17 06 MIN    50
2021 08 27 23 24 MAX   161
2021 08 28 05 30 MIN    53
2021 08 28 12 01 MAX   157
2021 08 28 17 38 MIN    63
2021 08 28 23 43 MAX   149
2021 08 29 05 59 MIN    64
2021 08 29 12 36 MAX   147
2021 08 29 18 15 MIN    77
2021 08 30 00 07 MAX   137
2021 08 30 06 36 MIN    76
2021 08 30 13 25 MAX   138
2021 08 30 19 06 MIN    90
2021 08 31 00 45 MAX   125
2021 08 31 07 39 MIN    86
2021 08 31 14 46 MAX   132
2021 08 31 20 45 MIN   100
2021 09 01 02 53 MAX   116
2021 09 01 09 33 MIN    90
2021 09 01 16 41 MAX   135
2021 09 01 23 26 MIN    96
2021 09 02 05 17 MAX   122
2021 09 02 11 11 MIN    84
2021 09 02 17 59 MAX   146
2021 09 03 00 28 MIN    84
2021 09 03 06 15 MAX   133
2021 09 03 12 10 MIN    73
2021 09 03 18 48 MAX   160
2021 09 04 01 03 MIN    70
2021 09 04 06 58 MAX   146
2021 09 04 12 53 MIN    59
2021 09 04 19 28 MAX   173
2021 09 05 01 33 MIN    56
2021 09 05 07 37 MAX   158
2021 09 05 13 31 MIN    44
2021 09 05 20 04 MAX   185
2021 09 06 02 03 MIN    42
2021 09 06 08 16 MAX   170
2021 09 06 14 07 MIN    30
2021 09 06 20 40 MAX   195
2021 09 07 02 33 MIN    29
2021 09 07 08 55 MAX   180
2021 09 07 14 43 MIN    20
2021 09 07 21 15 MAX   200
2021 09 08 03 04 MIN    19
2021 09 08 09 34 MAX   187
2021 09 08 15 19 MIN    14
2021 09 08 21 50 MAX   201
2021 09 09 03 37 MIN    14
2021 09 09 10 13 MAX   189
2021 09 09 15 56 MIN    14
2021 09 09 22 24 MAX   196
2021 09 10 04 10 MIN    14
2021 09 10 10 53 MAX   186
2021 09 10 16 35 MIN    21
2021 09 10 22 59 MAX   186
2021 09 11 04 44 MIN    20
2021 09 11 11 32 MAX   179
2021 09 11 17 16 MIN    34
2021 09 11 23 34 MAX   171
2021 09 12 05 22 MIN    32
2021 09 12 12 14 MAX   167
2021 09 12 18 02 MIN    51
2021 09 13 00 14 MAX   153
2021 09 13 06 06 MIN    48
2021 09 13 13 06 MAX   153
2021 09 13 19 02 MIN    70
2021 09 14 01 07 MAX   136
2021 09 14 07 03 MIN    64
2021 09 14 14 30 MAX   142
2021 09 14 20 39 MIN    84
2021 09 15 02 46 MAX   123
2021 09 15 08 34 MIN    77
2021 09 15 16 38 MAX   143
2021 09 15 22 52 MIN    82
2021 09 16 04 52 MAX   127
2021 09 16 10 33 MIN    77
2021 09 16 18 04 MAX   155
2021 09 17 00 08 MIN    69
2021 09 17 06 07 MAX   141
2021 09 17 11 57 MIN    67
2021 09 17 18 58 MAX   170
2021 09 18 00 53 MIN    54
2021 09 18 06 57 MAX   155
2021 09 18 12 48 MIN    53
2021 09 18 19 40 MAX   181
2021 09 19 01 29 MIN    41
2021 09 19 07 39 MAX   168
2021 09 19 13 28 MIN    41
2021 09 19 20 16 MAX   188
2021 09 20 02 02 MIN    30
2021 09 20 08 17 MAX   178
2021 09 20 14 03 MIN    31
2021 09 20 20 49 MAX   191
2021 09 21 02 33 MIN    23
2021 09 21 08 52 MAX   184
2021 09 21 14 36 MIN    25
2021 09 21 21 18 MAX   190
2021 09 22 03 02 MIN    20
2021 09 22 09 26 MAX   186
2021 09 22 15 07 MIN    24
2021 09 22 21 44 MAX   184
2021 09 23 03 30 MIN    21
2021 09 23 09 57 MAX   184
2021 09 23 15 38 MIN    27
2021 09 23 22 05 MAX   176
2021 09 24 03 57 MIN    26
2021 09 24 10 27 MAX   179
2021 09 24 16 06 MIN    34
2021 09 24 22 25 MAX   166
2021 09 25 04 22 MIN    34
2021 09 25 10 55 MAX   171
2021 09 25 16 35 MIN    44
2021 09 25 22 43 MAX   156
2021 09 26 04 45 MIN    44
2021 09 26 11 23 MAX   161
2021 09 26 17 05 MIN    56
2021 09 26 23 02 MAX   145
2021 09 27 05 10 MIN    56
2021 09 27 11 54 MAX   150
2021 09 27 17 38 MIN    69
2021 09 27 23 24 MAX   133
2021 09 28 05 39 MIN    68
2021 09 28 12 34 MAX   139
2021 09 28 18 21 MIN    83
2021 09 28 23 54 MAX   120
2021 09 29 06 27 MIN    80
2021 09 29 13 42 MAX   129
2021 09 29 19 47 MIN    95
2021 09 30 01 28 MAX   108
2021 09 30 08 28 MIN    88
2021 09 30 15 50 MAX   128
2021 09 30 23 09 MIN    91
2021 10 01 05 03 MAX   114
2021 10 01 10 37 MIN    83
2021 10 01 17 25 MAX   139
2021 10 02 00 04 MIN    77
2021 10 02 05 59 MAX   128
2021 10 02 11 42 MIN    69
2021 10 02 18 17 MAX   153
2021 10 03 00 34 MIN    61
2021 10 03 06 39 MAX   144
2021 10 03 12 27 MIN    53
2021 10 03 18 57 MAX   168
2021 10 04 01 03 MIN    45
2021 10 04 07 17 MAX   159
2021 10 04 13 05 MIN    36
2021 10 04 19 34 MAX   180
2021 10 05 01 32 MIN    28
2021 10 05 07 55 MAX   174
2021 10 05 13 43 MIN    20
2021 10 05 20 09 MAX   190
2021 10 06 02 03 MIN    13
2021 10 06 08 35 MAX   186
2021 10 06 14 20 MIN     8
2021 10 06 20 46 MAX   195
2021 10 07 02 35 MIN     3
2021 10 07 09 14 MAX   194
2021 10 07 14 59 MIN     3
2021 10 07 21 23 MAX   195
2021 10 08 03 09 MIN    -2
2021 10 08 09 54 MAX   196
2021 10 08 15 38 MIN     4
2021 10 08 21 59 MAX   188
2021 10 09 03 44 MIN     0
2021 10 09 10 34 MAX   192
2021 10 09 16 18 MIN    13
2021 10 09 22 36 MAX   176
2021 10 10 04 21 MIN    10
2021 10 10 11 16 MAX   182
2021 10 10 17 02 MIN    29
2021 10 10 23 15 MAX   159
2021 10 11 05 01 MIN    25
2021 10 11 12 00 MAX   167
2021 10 11 17 52 MIN    48
2021 10 11 23 58 MAX   140
2021 10 12 05 47 MIN    44
2021 10 12 12 56 MAX   150
2021 10 12 18 58 MIN    66
2021 10 13 01 01 MAX   123
2021 10 13 06 49 MIN    63
2021 10 13 14 26 MAX   138
2021 10 13 20 48 MIN    77
2021 10 14 03 01 MAX   114
2021 10 14 08 32 MIN    75
2021 10 14 16 27 MAX   138
2021 10 14 22 48 MIN    70
2021 10 15 04 53 MAX   123
2021 10 15 10 30 MIN    73
2021 10 15 17 44 MAX   148
2021 10 15 23 50 MIN    57
2021 10 16 05 55 MAX   137
2021 10 16 11 42 MIN    62
2021 10 16 18 33 MAX   159
2021 10 17 00 29 MIN    44
2021 10 17 06 40 MAX   151
2021 10 17 12 28 MIN    49
2021 10 17 19 13 MAX   167
2021 10 18 01 02 MIN    32
2021 10 18 07 18 MAX   163
2021 10 18 13 06 MIN    38
2021 10 18 19 46 MAX   172
2021 10 19 01 33 MIN    23
2021 10 19 07 54 MAX   173
2021 10 19 13 40 MIN    29
2021 10 19 20 17 MAX   173
2021 10 20 02 03 MIN    17
2021 10 20 08 28 MAX   179
2021 10 20 14 12 MIN    23
2021 10 20 20 44 MAX   172
2021 10 21 02 31 MIN    14
2021 10 21 09 00 MAX   181
2021 10 21 14 44 MIN    21
2021 10 21 21 08 MAX   168
2021 10 22 02 59 MIN    15
2021 10 22 09 30 MAX   180
2021 10 22 15 14 MIN    23
2021 10 22 21 30 MAX   162
2021 10 23 03 24 MIN    19
2021 10 23 10 00 MAX   175
2021 10 23 15 43 MIN    28
2021 10 23 21 52 MAX   155
2021 10 24 03 49 MIN    25
2021 10 24 10 28 MAX   169
2021 10 24 16 12 MIN    36
2021 10 24 22 13 MAX   146
2021 10 25 04 14 MIN    33
2021 10 25 10 56 MAX   160
2021 10 25 16 43 MIN    46
2021 10 25 22 37 MAX   137
2021 10 26 04 41 MIN    43
2021 10 26 11 28 MAX   150
2021 10 26 17 18 MIN    58
2021 10 26 23 04 MAX   125
2021 10 27 05 14 MIN    55
2021 10 27 12 07 MAX   139
2021 10 27 18 02 MIN    70
2021 10 27 23 39 MAX   113
2021 10 28 06 04 MIN    67
2021 10 28 13 05 MAX   129
2021 10 28 19 18 MIN    80
2021 10 29 01 09 MAX   102
2021 10 29 07 40 MIN    75
2021 10 29 14 47 MAX   125
2021 10 29 21 43 MIN    79
2021 10 30 04 16 MAX   106
2021 10 30 09 39 MIN    73
2021 10 30 16 27 MAX   131
2021 10 30 23 07 MIN    66
2021 10 31 05 23 MAX   120
2021 10 31 10 57 MIN    61
2021 10 31 17 29 MAX   143
2021 10 31 23 47 MIN    50
2021 11 01 06 07 MAX   137
2021 11 01 11 50 MIN    45
2021 11 01 18 15 MAX   155
2021 11 02 00 21 MIN    32
2021 11 02 06 49 MAX   154
2021 11 02 12 35 MIN    28
2021 11 02 18 56 MAX   167
2021 11 03 00 55 MIN    15
2021 11 03 07 30 MAX   170
2021 11 03 13 16 MIN    12
2021 11 03 19 36 MAX   176
2021 11 04 01 30 MIN     0
2021 11 04 08 12 MAX   184
2021 11 04 13 58 MIN     1
2021 11 04 20 17 MAX   181
2021 11 05 02 07 MIN    -9
2021 11 05 08 55 MAX   192
2021 11 05 14 40 MIN    -4
2021 11 05 20 58 MAX   180
2021 11 06 02 45 MIN   -13
2021 11 06 09 38 MAX   195
2021 11 06 15 23 MIN    -2
2021 11 06 21 39 MAX   174
2021 11 07 03 24 MIN    -9
2021 11 07 10 21 MAX   190
2021 11 07 16 08 MIN     7
2021 11 07 22 20 MAX   163
2021 11 08 04 06 MIN     2
2021 11 08 11 06 MAX   179
2021 11 08 16 55 MIN    22
2021 11 08 23 04 MAX   147
2021 11 09 04 50 MIN    17
2021 11 09 11 53 MAX   164
2021 11 09 17 49 MIN    38
2021 11 09 23 54 MAX   130
2021 11 10 05 40 MIN    35
2021 11 10 12 50 MAX   148
2021 11 10 18 56 MIN    52
2021 11 11 01 02 MAX   116
2021 11 11 06 44 MIN    52
2021 11 11 14 08 MAX   136
2021 11 11 20 25 MIN    60
2021 11 12 02 44 MAX   111
2021 11 12 08 09 MIN    63
2021 11 12 15 42 MAX   132
2021 11 12 22 01 MIN    57
2021 11 13 04 17 MAX   117
2021 11 13 09 46 MIN    64
2021 11 13 16 59 MAX   135
2021 11 13 23 07 MIN    48
2021 11 14 05 21 MAX   128
2021 11 14 11 02 MIN    57
2021 11 14 17 54 MAX   140
2021 11 14 23 52 MIN    38
2021 11 15 06 09 MAX   140
2021 11 15 11 56 MIN    48
2021 11 15 18 36 MAX   145
2021 11 16 00 28 MIN    28
2021 11 16 06 50 MAX   151
2021 11 16 12 38 MIN    38
2021 11 16 19 12 MAX   149
2021 11 17 01 02 MIN    21
2021 11 17 07 28 MAX   160
2021 11 17 13 16 MIN    30
2021 11 17 19 43 MAX   150
2021 11 18 01 33 MIN    15
2021 11 18 08 03 MAX   166
2021 11 18 13 50 MIN    24
2021 11 18 20 11 MAX   151
2021 11 19 02 03 MIN    12
2021 11 19 08 36 MAX   169
2021 11 19 14 23 MIN    21
2021 11 19 20 38 MAX   150
2021 11 20 02 32 MIN    12
2021 11 20 09 08 MAX   170
2021 11 20 14 55 MIN    21
2021 11 20 21 03 MAX   147
2021 11 21 03 00 MIN    13
2021 11 21 09 39 MAX   168
2021 11 21 15 27 MIN    23
2021 11 21 21 29 MAX   144
2021 11 22 03 29 MIN    16
2021 11 22 10 09 MAX   164
2021 11 22 15 59 MIN    28
2021 11 22 21 57 MAX   138
2021 11 23 03 59 MIN    22
2021 11 23 10 41 MAX   158
2021 11 23 16 32 MIN    34
2021 11 23 22 27 MAX   130
2021 11 24 04 31 MIN    29
2021 11 24 11 15 MAX   150
2021 11 24 17 09 MIN    42
2021 11 24 23 00 MAX   120
2021 11 25 05 10 MIN    38
2021 11 25 11 54 MAX   141
2021 11 25 17 54 MIN    51
2021 11 25 23 45 MAX   110
2021 11 26 05 59 MIN    48
2021 11 26 12 44 MAX   132
2021 11 26 18 53 MIN    58
2021 11 27 01 03 MAX   102
2021 11 27 07 08 MIN    55
2021 11 27 13 53 MAX   126
2021 11 27 20 16 MIN    59
2021 11 28 03 02 MAX   102
2021 11 28 08 36 MIN    57
2021 11 28 15 15 MAX   125
2021 11 28 21 42 MIN    52
2021 11 29 04 26 MAX   113
2021 11 29 09 59 MIN    51
2021 11 29 16 27 MAX   131
2021 11 29 22 44 MIN    40
2021 11 30 05 25 MAX   128
2021 11 30 11 06 MIN    39
2021 11 30 17 26 MAX   140
2021 11 30 23 33 MIN    25
2021 12 01 06 16 MAX   144
2021 12 01 12 02 MIN    25
2021 12 01 18 18 MAX   149
2021 12 02 00 17 MIN    10
2021 12 02 07 05 MAX   161
2021 12 02 12 53 MIN    12
2021 12 02 19 06 MAX   157
2021 12 03 01 00 MIN    -3
2021 12 03 07 53 MAX   174
2021 12 03 13 41 MIN     2
2021 12 03 19 53 MAX   162
2021 12 04 01 45 MIN   -12
2021 12 04 08 40 MAX   184
2021 12 04 14 29 MIN    -3
2021 12 04 20 39 MAX   164
2021 12 05 02 29 MIN   -15
2021 12 05 09 27 MAX   188
2021 12 05 15 16 MIN    -3
2021 12 05 21 25 MAX   160
2021 12 06 03 14 MIN   -13
2021 12 06 10 14 MAX   186
2021 12 06 16 03 MIN     2
2021 12 06 22 11 MAX   153
2021 12 07 04 00 MIN    -5
2021 12 07 10 59 MAX   178
2021 12 07 16 51 MIN    11
2021 12 07 22 58 MAX   142
2021 12 08 04 46 MIN     6
2021 12 08 11 46 MAX   166
2021 12 08 17 41 MIN    22
2021 12 08 23 50 MAX   130
2021 12 09 05 34 MIN    20
2021 12 09 12 34 MAX   151
2021 12 09 18 35 MIN    33
2021 12 10 00 49 MAX   120
2021 12 10 06 27 MIN    34
2021 12 10 13 28 MAX   137
2021 12 10 19 38 MIN    41
2021 12 11 01 59 MAX   113
2021 12 11 07 28 MIN    46
2021 12 11 14 33 MAX   126
2021 12 11 20 50 MIN    45
2021 12 12 03 15 MAX   112
2021 12 12 08 41 MIN    54
2021 12 12 15 47 MAX   120
2021 12 12 22 02 MIN    44
2021 12 13 04 27 MAX   117
2021 12 13 10 02 MIN    56
2021 12 13 16 57 MAX   119
2021 12 13 23 02 MIN    39
2021 12 14 05 28 MAX   125
2021 12 14 11 14 MIN    51
2021 12 14 17 53 MAX   121
2021 12 14 23 50 MIN    32
2021 12 15 06 19 MAX   134
2021 12 15 12 10 MIN    44
2021 12 15 18 37 MAX   125
2021 12 16 00 30 MIN    26
2021 12 16 07 03 MAX   143
2021 12 16 12 55 MIN    36
2021 12 16 19 13 MAX   129
2021 12 17 01 07 MIN    21
2021 12 17 07 41 MAX   150
2021 12 17 13 34 MIN    30
2021 12 17 19 45 MAX   132
2021 12 18 01 41 MIN    16
2021 12 18 08 18 MAX   156
2021 12 18 14 11 MIN    24
2021 12 18 20 16 MAX   135
2021 12 19 02 15 MIN    13
2021 12 19 08 51 MAX   161
2021 12 19 14 44 MIN    20
2021 12 19 20 46 MAX   137
2021 12 20 02 47 MIN    10
2021 12 20 09 25 MAX   163
2021 12 20 15 18 MIN    18
2021 12 20 21 17 MAX   137
2021 12 21 03 19 MIN     9
2021 12 21 09 57 MAX   162
2021 12 21 15 51 MIN    18
2021 12 21 21 50 MAX   135
2021 12 22 03 53 MIN    10
2021 12 22 10 31 MAX   160
2021 12 22 16 24 MIN    20
2021 12 22 22 26 MAX   130
2021 12 23 04 28 MIN    13
2021 12 23 11 05 MAX   154
2021 12 23 17 00 MIN    24
2021 12 23 23 05 MAX   123
2021 12 24 05 06 MIN    19
2021 12 24 11 42 MAX   147
2021 12 24 17 39 MIN    28
2021 12 24 23 49 MAX   116
2021 12 25 05 49 MIN    26
2021 12 25 12 22 MAX   139
2021 12 25 18 24 MIN    33
2021 12 26 00 45 MAX   110
2021 12 26 06 40 MIN    34
2021 12 26 13 10 MAX   131
2021 12 26 19 19 MIN    37
2021 12 27 01 56 MAX   108
2021 12 27 07 45 MIN    40
2021 12 27 14 10 MAX   125
2021 12 27 20 25 MIN    37
2021 12 28 03 16 MAX   111
2021 12 28 09 02 MIN    43
2021 12 28 15 22 MAX   122
2021 12 28 21 36 MIN    33
2021 12 29 04 35 MAX   120
2021 12 29 10 22 MIN    39
2021 12 29 16 37 MAX   124
2021 12 29 22 42 MIN    25
2021 12 30 05 45 MAX   133
2021 12 30 11 35 MIN    31
2021 12 30 17 45 MAX   130
2021 12 30 23 43 MIN    15
2021 12 31 06 47 MAX   148
2021 12 31 12 38 MIN    20
2021 12 31 18 45 MAX   138
