 <API - 조위예측극치자료>

대상조위관측소 : 부산
위도(WGS84) : N 129.0353
경도(WGS84) : E 35.0964
관측기관 : 20201221 ~ 20220101

2020 12 21 00 45 MAX    86
2020 12 21 06 30 MIN    36
2020 12 21 12 55 MAX    92
2020 12 21 19 27 MIN    35
2020 12 22 01 51 MAX    82
2020 12 22 07 27 MIN    43
2020 12 22 13 54 MAX    85
2020 12 22 20 37 MIN    38
2020 12 23 03 08 MAX    81
2020 12 23 08 40 MIN    46
2020 12 23 15 17 MAX    82
2020 12 23 21 51 MIN    38
2020 12 24 04 18 MAX    84
2020 12 24 10 02 MIN    45
2020 12 24 16 35 MAX    81
2020 12 24 22 54 MIN    34
2020 12 25 05 16 MAX    88
2020 12 25 11 13 MIN    41
2020 12 25 17 33 MAX    84
2020 12 25 23 45 MIN    30
2020 12 26 06 04 MAX    94
2020 12 26 12 07 MIN    34
2020 12 26 18 17 MAX    87
2020 12 27 00 27 MIN    24
2020 12 27 06 47 MAX    99
2020 12 27 12 50 MIN    26
2020 12 27 18 56 MAX    90
2020 12 28 01 03 MIN    19
2020 12 28 07 25 MAX   105
2020 12 28 13 27 MIN    19
2020 12 28 19 32 MAX    94
2020 12 29 01 38 MIN    14
2020 12 29 08 03 MAX   110
2020 12 29 14 01 MIN    13
2020 12 29 20 08 MAX    97
2020 12 30 02 12 MIN     9
2020 12 30 08 40 MAX   114
2020 12 30 14 36 MIN     9
2020 12 30 20 44 MAX   100
2020 12 31 02 47 MIN     6
2020 12 31 09 17 MAX   117
2020 12 31 15 10 MIN     6
2020 12 31 21 21 MAX   101
2021 01 01 03 23 MIN     5
2021 01 01 09 54 MAX   118
2021 01 01 15 47 MIN     6
2021 01 01 22 00 MAX   101
2021 01 02 04 01 MIN     6
2021 01 02 10 31 MAX   117
2021 01 02 16 24 MIN     7
2021 01 02 22 40 MAX    99
2021 01 03 04 41 MIN    10
2021 01 03 11 09 MAX   114
2021 01 03 17 04 MIN    11
2021 01 03 23 24 MAX    95
2021 01 04 05 25 MIN    15
2021 01 04 11 50 MAX   109
2021 01 04 17 49 MIN    15
2021 01 05 00 15 MAX    91
2021 01 05 06 15 MIN    21
2021 01 05 12 36 MAX   102
2021 01 05 18 40 MIN    19
2021 01 06 01 16 MAX    87
2021 01 06 07 13 MIN    26
2021 01 06 13 32 MAX    95
2021 01 06 19 40 MIN    23
2021 01 07 02 32 MAX    85
2021 01 07 08 24 MIN    30
2021 01 07 14 42 MAX    89
2021 01 07 20 51 MIN    24
2021 01 08 03 56 MAX    86
2021 01 08 09 46 MIN    30
2021 01 08 16 02 MAX    87
2021 01 08 22 08 MIN    22
2021 01 09 05 13 MAX    91
2021 01 09 11 07 MIN    25
2021 01 09 17 17 MAX    89
2021 01 09 23 20 MIN    17
2021 01 10 06 18 MAX    98
2021 01 10 12 14 MIN    16
2021 01 10 18 21 MAX    93
2021 01 11 00 22 MIN    10
2021 01 11 07 15 MAX   106
2021 01 11 13 10 MIN     7
2021 01 11 19 17 MAX    97
2021 01 12 01 16 MIN     3
2021 01 12 08 05 MAX   113
2021 01 12 13 58 MIN     0
2021 01 12 20 08 MAX   102
2021 01 13 02 04 MIN    -2
2021 01 13 08 50 MAX   117
2021 01 13 14 42 MIN    -5
2021 01 13 20 53 MAX   104
2021 01 14 02 47 MIN    -5
2021 01 14 09 31 MAX   119
2021 01 14 15 22 MIN    -6
2021 01 14 21 34 MAX   105
2021 01 15 03 27 MIN    -4
2021 01 15 10 06 MAX   118
2021 01 15 16 00 MIN    -4
2021 01 15 22 12 MAX   104
2021 01 16 04 03 MIN     0
2021 01 16 10 39 MAX   114
2021 01 16 16 36 MIN     0
2021 01 16 22 48 MAX   100
2021 01 17 04 39 MIN     6
2021 01 17 11 08 MAX   109
2021 01 17 17 11 MIN     7
2021 01 17 23 22 MAX    96
2021 01 18 05 13 MIN    13
2021 01 18 11 36 MAX   101
2021 01 18 17 47 MIN    15
2021 01 18 23 59 MAX    90
2021 01 19 05 48 MIN    22
2021 01 19 12 03 MAX    94
2021 01 19 18 24 MIN    23
2021 01 20 00 39 MAX    84
2021 01 20 06 28 MIN    30
2021 01 20 12 34 MAX    86
2021 01 20 19 09 MIN    31
2021 01 21 01 32 MAX    79
2021 01 21 07 17 MIN    38
2021 01 21 13 21 MAX    77
2021 01 21 20 11 MIN    37
2021 01 22 02 45 MAX    75
2021 01 22 08 30 MIN    43
2021 01 22 14 45 MAX    71
2021 01 22 21 36 MIN    39
2021 01 23 04 11 MAX    76
2021 01 23 10 13 MIN    43
2021 01 23 16 32 MAX    70
2021 01 23 22 59 MIN    36
2021 01 24 05 25 MAX    80
2021 01 24 11 39 MIN    37
2021 01 24 17 46 MAX    73
2021 01 25 00 00 MIN    29
2021 01 25 00 00 MIN    29
2021 01 25 06 23 MAX    86
2021 01 25 12 34 MIN    28
2021 01 25 18 37 MAX    79
2021 01 26 00 46 MIN    21
2021 01 26 07 10 MAX    94
2021 01 26 13 14 MIN    19
2021 01 26 19 20 MAX    85
2021 01 27 01 26 MIN    13
2021 01 27 07 52 MAX   101
2021 01 27 13 50 MIN    10
2021 01 27 20 00 MAX    91
2021 01 28 02 02 MIN     5
2021 01 28 08 30 MAX   109
2021 01 28 14 24 MIN     2
2021 01 28 20 38 MAX    97
2021 01 29 02 37 MIN    -2
2021 01 29 09 06 MAX   115
2021 01 29 14 58 MIN    -4
2021 01 29 21 16 MAX   102
2021 01 30 03 13 MIN    -7
2021 01 30 09 42 MAX   119
2021 01 30 15 33 MIN    -8
2021 01 30 21 54 MAX   105
2021 01 31 03 50 MIN    -9
2021 01 31 10 17 MAX   121
2021 01 31 16 09 MIN    -8
2021 01 31 22 33 MAX   106
2021 02 01 04 28 MIN    -7
2021 02 01 10 53 MAX   119
2021 02 01 16 46 MIN    -6
2021 02 01 23 12 MAX   103
2021 02 02 05 08 MIN    -2
2021 02 02 11 29 MAX   113
2021 02 02 17 25 MIN    -1
2021 02 02 23 53 MAX    98
2021 02 03 05 51 MIN     6
2021 02 03 12 09 MAX   104
2021 02 03 18 07 MIN     6
2021 02 04 00 40 MAX    91
2021 02 04 06 41 MIN    16
2021 02 04 12 54 MAX    93
2021 02 04 18 57 MIN    15
2021 02 05 01 40 MAX    83
2021 02 05 07 44 MIN    26
2021 02 05 13 56 MAX    81
2021 02 05 20 01 MIN    23
2021 02 06 03 10 MAX    78
2021 02 06 09 15 MIN    32
2021 02 06 15 28 MAX    74
2021 02 06 21 29 MIN    27
2021 02 07 04 56 MAX    79
2021 02 07 10 58 MIN    29
2021 02 07 17 06 MAX    74
2021 02 07 23 07 MIN    25
2021 02 08 06 18 MAX    87
2021 02 08 12 15 MIN    19
2021 02 08 18 21 MAX    81
2021 02 09 00 22 MIN    16
2021 02 09 07 16 MAX    96
2021 02 09 13 08 MIN     8
2021 02 09 19 18 MAX    89
2021 02 10 01 15 MIN     7
2021 02 10 08 02 MAX   104
2021 02 10 13 51 MIN    -1
2021 02 10 20 04 MAX    96
2021 02 11 01 58 MIN    -1
2021 02 11 08 41 MAX   111
2021 02 11 14 29 MIN    -8
2021 02 11 20 43 MAX   102
2021 02 12 02 35 MIN    -7
2021 02 12 09 15 MAX   114
2021 02 12 15 04 MIN   -11
2021 02 12 21 19 MAX   105
2021 02 13 03 10 MIN    -9
2021 02 13 09 46 MAX   115
2021 02 13 15 37 MIN   -11
2021 02 13 21 52 MAX   106
2021 02 14 03 42 MIN    -7
2021 02 14 10 13 MAX   112
2021 02 14 16 08 MIN    -8
2021 02 14 22 22 MAX   104
2021 02 15 04 12 MIN    -3
2021 02 15 10 36 MAX   108
2021 02 15 16 37 MIN    -2
2021 02 15 22 51 MAX   101
2021 02 16 04 41 MIN     4
2021 02 16 10 58 MAX   102
2021 02 16 17 05 MIN     6
2021 02 16 23 19 MAX    96
2021 02 17 05 10 MIN    11
2021 02 17 11 20 MAX    95
2021 02 17 17 33 MIN    14
2021 02 17 23 50 MAX    90
2021 02 18 05 42 MIN    20
2021 02 18 11 44 MAX    87
2021 02 18 18 03 MIN    23
2021 02 19 00 25 MAX    83
2021 02 19 06 18 MIN    29
2021 02 19 12 15 MAX    78
2021 02 19 18 39 MIN    31
2021 02 20 01 14 MAX    76
2021 02 20 07 09 MIN    37
2021 02 20 13 02 MAX    69
2021 02 20 19 40 MIN    38
2021 02 21 02 37 MAX    70
2021 02 21 08 44 MIN    43
2021 02 21 15 01 MAX    61
2021 02 21 21 46 MIN    41
2021 02 22 04 33 MAX    71
2021 02 22 11 08 MIN    40
2021 02 22 17 19 MAX    64
2021 02 22 23 29 MIN    34
2021 02 23 05 59 MAX    78
2021 02 23 12 17 MIN    30
2021 02 23 18 24 MAX    72
2021 02 24 00 26 MIN    24
2021 02 24 06 53 MAX    87
2021 02 24 12 58 MIN    19
2021 02 24 19 09 MAX    81
2021 02 25 01 07 MIN    13
2021 02 25 07 34 MAX    97
2021 02 25 13 32 MIN     7
2021 02 25 19 48 MAX    91
2021 02 26 01 43 MIN     1
2021 02 26 08 11 MAX   107
2021 02 26 14 04 MIN    -4
2021 02 26 20 25 MAX   100
2021 02 27 02 19 MIN    -9
2021 02 27 08 46 MAX   116
2021 02 27 14 37 MIN   -13
2021 02 27 21 02 MAX   108
2021 02 28 02 55 MIN   -16
2021 02 28 09 21 MAX   122
2021 02 28 15 11 MIN   -19
2021 02 28 21 39 MAX   113
2021 03 01 03 31 MIN   -19
2021 03 01 09 56 MAX   124
2021 03 01 15 47 MIN   -21
2021 03 01 22 16 MAX   115
2021 03 02 04 09 MIN   -17
2021 03 02 10 30 MAX   122
2021 03 02 16 23 MIN   -18
2021 03 02 22 53 MAX   112
2021 03 03 04 48 MIN   -11
2021 03 03 11 06 MAX   114
2021 03 03 17 00 MIN   -10
2021 03 03 23 32 MAX   105
2021 03 04 05 29 MIN     0
2021 03 04 11 42 MAX   102
2021 03 04 17 39 MIN     1
2021 03 05 00 13 MAX    95
2021 03 05 06 15 MIN    13
2021 03 05 12 24 MAX    88
2021 03 05 18 23 MIN    13
2021 03 06 01 03 MAX    83
2021 03 06 07 16 MIN    26
2021 03 06 13 22 MAX    74
2021 03 06 19 22 MIN    26
2021 03 07 02 31 MAX    74
2021 03 07 08 57 MIN    35
2021 03 07 15 10 MAX    65
2021 03 07 21 02 MIN    34
2021 03 08 04 51 MAX    73
2021 03 08 11 00 MIN    31
2021 03 08 17 12 MAX    68
2021 03 08 23 05 MIN    31
2021 03 09 06 16 MAX    82
2021 03 09 12 12 MIN    21
2021 03 09 18 23 MAX    77
2021 03 10 00 18 MIN    21
2021 03 10 07 07 MAX    92
2021 03 10 12 57 MIN    10
2021 03 10 19 11 MAX    87
2021 03 11 01 04 MIN    11
2021 03 11 07 47 MAX   100
2021 03 11 13 34 MIN     0
2021 03 11 19 49 MAX    96
2021 03 12 01 41 MIN     2
2021 03 12 08 20 MAX   106
2021 03 12 14 07 MIN    -7
2021 03 12 20 24 MAX   103
2021 03 13 02 15 MIN    -5
2021 03 13 08 50 MAX   110
2021 03 13 14 39 MIN   -11
2021 03 13 20 56 MAX   107
2021 03 14 02 46 MIN    -8
2021 03 14 09 16 MAX   111
2021 03 14 15 09 MIN   -12
2021 03 14 21 25 MAX   109
2021 03 15 03 15 MIN    -7
2021 03 15 09 41 MAX   110
2021 03 15 15 37 MIN    -9
2021 03 15 21 53 MAX   108
2021 03 16 03 43 MIN    -4
2021 03 16 10 02 MAX   107
2021 03 16 16 03 MIN    -4
2021 03 16 22 20 MAX   106
2021 03 17 04 11 MIN     1
2021 03 17 10 22 MAX   102
2021 03 17 16 27 MIN     2
2021 03 17 22 46 MAX   103
2021 03 18 04 38 MIN     7
2021 03 18 10 43 MAX    96
2021 03 18 16 52 MIN    10
2021 03 18 23 14 MAX    97
2021 03 19 05 08 MIN    15
2021 03 19 11 08 MAX    89
2021 03 19 17 18 MIN    18
2021 03 19 23 45 MAX    91
2021 03 20 05 41 MIN    24
2021 03 20 11 36 MAX    80
2021 03 20 17 48 MIN    27
2021 03 21 00 24 MAX    83
2021 03 21 06 24 MIN    34
2021 03 21 12 13 MAX    70
2021 03 21 18 34 MIN    36
2021 03 22 01 25 MAX    74
2021 03 22 07 38 MIN    42
2021 03 22 13 36 MAX    61
2021 03 22 20 21 MIN    43
2021 03 23 03 26 MAX    70
2021 03 23 10 18 MIN    42
2021 03 23 16 52 MAX    62
2021 03 23 22 42 MIN    39
2021 03 24 05 20 MAX    76
2021 03 24 11 45 MIN    32
2021 03 24 18 03 MAX    72
2021 03 24 23 52 MIN    28
2021 03 25 06 20 MAX    86
2021 03 25 12 27 MIN    20
2021 03 25 18 46 MAX    83
2021 03 26 00 36 MIN    14
2021 03 26 07 03 MAX    98
2021 03 26 13 01 MIN     6
2021 03 26 19 24 MAX    95
2021 03 27 01 15 MIN     1
2021 03 27 07 41 MAX   109
2021 03 27 13 35 MIN    -7
2021 03 27 20 02 MAX   107
2021 03 28 01 53 MIN   -10
2021 03 28 08 17 MAX   118
2021 03 28 14 09 MIN   -17
2021 03 28 20 39 MAX   116
2021 03 29 02 31 MIN   -18
2021 03 29 08 54 MAX   125
2021 03 29 14 45 MIN   -24
2021 03 29 21 18 MAX   122
2021 03 30 03 10 MIN   -21
2021 03 30 09 30 MAX   126
2021 03 30 15 22 MIN   -25
2021 03 30 21 56 MAX   123
2021 03 31 03 49 MIN   -19
2021 03 31 10 06 MAX   122
2021 03 31 15 59 MIN   -20
2021 03 31 22 35 MAX   119
2021 04 01 04 30 MIN   -11
2021 04 01 10 43 MAX   112
2021 04 01 16 37 MIN   -10
2021 04 01 23 13 MAX   110
2021 04 02 05 12 MIN     1
2021 04 02 11 21 MAX    99
2021 04 02 17 16 MIN     4
2021 04 02 23 53 MAX    99
2021 04 03 06 00 MIN    16
2021 04 03 12 04 MAX    85
2021 04 03 18 01 MIN    18
2021 04 04 00 42 MAX    86
2021 04 04 07 03 MIN    29
2021 04 04 13 06 MAX    72
2021 04 04 19 01 MIN    32
2021 04 05 02 10 MAX    76
2021 04 05 08 50 MIN    37
2021 04 05 15 14 MAX    66
2021 04 05 20 48 MIN    40
2021 04 06 04 31 MAX    75
2021 04 06 10 44 MIN    33
2021 04 06 17 05 MAX    71
2021 04 06 22 45 MIN    37
2021 04 07 05 52 MAX    83
2021 04 07 11 49 MIN    24
2021 04 07 18 06 MAX    81
2021 04 07 23 54 MIN    28
2021 04 08 06 41 MAX    91
2021 04 08 12 31 MIN    14
2021 04 08 18 48 MAX    91
2021 04 09 00 39 MIN    18
2021 04 09 07 18 MAX    98
2021 04 09 13 06 MIN     6
2021 04 09 19 24 MAX    99
2021 04 10 01 14 MIN    10
2021 04 10 07 49 MAX   103
2021 04 10 13 39 MIN    -1
2021 04 10 19 56 MAX   105
2021 04 11 01 47 MIN     4
2021 04 11 08 17 MAX   106
2021 04 11 14 09 MIN    -4
2021 04 11 20 27 MAX   110
2021 04 12 02 18 MIN     1
2021 04 12 08 43 MAX   107
2021 04 12 14 38 MIN    -5
2021 04 12 20 56 MAX   112
2021 04 13 02 48 MIN     0
2021 04 13 09 06 MAX   107
2021 04 13 15 04 MIN    -3
2021 04 13 21 24 MAX   113
2021 04 14 03 15 MIN     1
2021 04 14 09 28 MAX   105
2021 04 14 15 30 MIN     0
2021 04 14 21 51 MAX   112
2021 04 15 03 44 MIN     4
2021 04 15 09 51 MAX   102
2021 04 15 15 54 MIN     5
2021 04 15 22 19 MAX   110
2021 04 16 04 13 MIN     9
2021 04 16 10 15 MAX    98
2021 04 16 16 20 MIN    12
2021 04 16 22 48 MAX   105
2021 04 17 04 44 MIN    16
2021 04 17 10 42 MAX    91
2021 04 17 16 48 MIN    20
2021 04 17 23 20 MAX    99
2021 04 18 05 19 MIN    25
2021 04 18 11 13 MAX    83
2021 04 18 17 22 MIN    29
2021 04 18 23 59 MAX    91
2021 04 19 06 03 MIN    34
2021 04 19 11 52 MAX    75
2021 04 19 18 12 MIN    38
2021 04 20 00 54 MAX    83
2021 04 20 07 10 MIN    42
2021 04 20 13 12 MAX    67
2021 04 20 19 47 MIN    44
2021 04 21 02 31 MAX    78
2021 04 21 09 09 MIN    43
2021 04 21 16 08 MAX    68
2021 04 21 21 47 MIN    42
2021 04 22 04 22 MAX    81
2021 04 22 10 46 MIN    35
2021 04 22 17 23 MAX    78
2021 04 22 23 03 MIN    32
2021 04 23 05 31 MAX    90
2021 04 23 11 39 MIN    22
2021 04 23 18 11 MAX    90
2021 04 23 23 57 MIN    19
2021 04 24 06 20 MAX   101
2021 04 24 12 20 MIN     9
2021 04 24 18 53 MAX   103
2021 04 25 00 42 MIN     6
2021 04 25 07 03 MAX   111
2021 04 25 12 59 MIN    -4
2021 04 25 19 34 MAX   114
2021 04 26 01 25 MIN    -5
2021 04 26 07 45 MAX   120
2021 04 26 13 38 MIN   -14
2021 04 26 20 15 MAX   124
2021 04 27 02 07 MIN   -13
2021 04 27 08 25 MAX   124
2021 04 27 14 18 MIN   -19
2021 04 27 20 56 MAX   129
2021 04 28 02 50 MIN   -15
2021 04 28 09 05 MAX   124
2021 04 28 14 58 MIN   -18
2021 04 28 21 37 MAX   129
2021 04 29 03 32 MIN   -12
2021 04 29 09 45 MAX   119
2021 04 29 15 38 MIN   -12
2021 04 29 22 18 MAX   124
2021 04 30 04 16 MIN    -4
2021 04 30 10 26 MAX   110
2021 04 30 16 19 MIN    -1
2021 04 30 23 00 MAX   116
2021 05 01 05 01 MIN     8
2021 05 01 11 08 MAX    99
2021 05 01 17 02 MIN    12
2021 05 01 23 42 MAX   105
2021 05 02 05 52 MIN    21
2021 05 02 11 57 MAX    87
2021 05 02 17 51 MIN    26
2021 05 03 00 33 MAX    94
2021 05 03 06 56 MIN    32
2021 05 03 13 08 MAX    77
2021 05 03 18 55 MIN    38
2021 05 04 01 51 MAX    85
2021 05 04 08 26 MIN    38
2021 05 04 14 59 MAX    75
2021 05 04 20 26 MIN    45
2021 05 05 03 42 MAX    82
2021 05 05 10 00 MIN    37
2021 05 05 16 29 MAX    80
2021 05 05 22 01 MIN    44
2021 05 06 05 04 MAX    86
2021 05 06 11 06 MIN    31
2021 05 06 17 28 MAX    88
2021 05 06 23 12 MIN    38
2021 05 07 05 57 MAX    91
2021 05 07 11 52 MIN    24
2021 05 07 18 12 MAX    96
2021 05 08 00 02 MIN    30
2021 05 08 06 37 MAX    96
2021 05 08 12 31 MIN    18
2021 05 08 18 50 MAX   103
2021 05 09 00 42 MIN    23
2021 05 09 07 11 MAX   100
2021 05 09 13 05 MIN    13
2021 05 09 19 24 MAX   108
2021 05 10 01 18 MIN    17
2021 05 10 07 40 MAX   103
2021 05 10 13 36 MIN     9
2021 05 10 19 56 MAX   112
2021 05 11 01 51 MIN    13
2021 05 11 08 07 MAX   104
2021 05 11 14 06 MIN     8
2021 05 11 20 27 MAX   115
2021 05 12 02 21 MIN    11
2021 05 12 08 32 MAX   105
2021 05 12 14 34 MIN     9
2021 05 12 20 56 MAX   117
2021 05 13 02 51 MIN    10
2021 05 13 08 58 MAX   105
2021 05 13 15 01 MIN    11
2021 05 13 21 26 MAX   118
2021 05 14 03 22 MIN    12
2021 05 14 09 26 MAX   104
2021 05 14 15 29 MIN    14
2021 05 14 21 58 MAX   117
2021 05 15 03 54 MIN    15
2021 05 15 09 56 MAX   101
2021 05 15 16 00 MIN    20
2021 05 15 22 30 MAX   113
2021 05 16 04 28 MIN    21
2021 05 16 10 27 MAX    96
2021 05 16 16 34 MIN    26
2021 05 16 23 06 MAX   108
2021 05 17 05 05 MIN    28
2021 05 17 11 03 MAX    90
2021 05 17 17 15 MIN    34
2021 05 17 23 46 MAX   102
2021 05 18 05 51 MIN    35
2021 05 18 11 51 MAX    83
2021 05 18 18 10 MIN    41
2021 05 19 00 39 MAX    95
2021 05 19 06 51 MIN    41
2021 05 19 13 12 MAX    79
2021 05 19 19 28 MIN    46
2021 05 20 01 54 MAX    91
2021 05 20 08 15 MIN    42
2021 05 20 15 12 MAX    80
2021 05 20 20 57 MIN    44
2021 05 21 03 22 MAX    92
2021 05 21 09 39 MIN    37
2021 05 21 16 32 MAX    89
2021 05 21 22 14 MIN    37
2021 05 22 04 36 MAX    97
2021 05 22 10 43 MIN    27
2021 05 22 17 28 MAX    99
2021 05 22 23 16 MIN    27
2021 05 23 05 34 MAX   105
2021 05 23 11 36 MIN    16
2021 05 23 18 18 MAX   110
2021 05 24 00 10 MIN    16
2021 05 24 06 25 MAX   112
2021 05 24 12 23 MIN     6
2021 05 24 19 05 MAX   120
2021 05 25 01 00 MIN     6
2021 05 25 07 13 MAX   118
2021 05 25 13 09 MIN    -2
2021 05 25 19 52 MAX   128
2021 05 26 01 47 MIN     0
2021 05 26 07 59 MAX   122
2021 05 26 13 54 MIN    -5
2021 05 26 20 38 MAX   132
2021 05 27 02 34 MIN    -3
2021 05 27 08 45 MAX   121
2021 05 27 14 39 MIN    -4
2021 05 27 21 23 MAX   132
2021 05 28 03 20 MIN    -1
2021 05 28 09 30 MAX   118
2021 05 28 15 24 MIN     2
2021 05 28 22 07 MAX   129
2021 05 29 04 06 MIN     5
2021 05 29 10 15 MAX   111
2021 05 29 16 08 MIN    11
2021 05 29 22 51 MAX   122
2021 05 30 04 53 MIN    14
2021 05 30 11 02 MAX   103
2021 05 30 16 54 MIN    21
2021 05 30 23 35 MAX   113
2021 05 31 05 42 MIN    24
2021 05 31 11 54 MAX    96
2021 05 31 17 43 MIN    32
2021 06 01 00 21 MAX   105
2021 06 01 06 37 MIN    34
2021 06 01 12 57 MAX    90
2021 06 01 18 40 MIN    42
2021 06 02 01 18 MAX    97
2021 06 02 07 43 MIN    40
2021 06 02 14 16 MAX    87
2021 06 02 19 48 MIN    48
2021 06 03 02 32 MAX    91
2021 06 03 08 58 MIN    43
2021 06 03 15 33 MAX    89
2021 06 03 21 04 MIN    51
2021 06 04 03 53 MAX    90
2021 06 04 10 08 MIN    42
2021 06 04 16 36 MAX    94
2021 06 04 22 17 MIN    49
2021 06 05 04 59 MAX    92
2021 06 05 11 04 MIN    38
2021 06 05 17 28 MAX    99
2021 06 05 23 19 MIN    44
2021 06 06 05 49 MAX    94
2021 06 06 11 50 MIN    34
2021 06 06 18 11 MAX   105
2021 06 07 00 08 MIN    38
2021 06 07 06 28 MAX    97
2021 06 07 12 29 MIN    30
2021 06 07 18 50 MAX   109
2021 06 08 00 49 MIN    32
2021 06 08 07 03 MAX   100
2021 06 08 13 04 MIN    26
2021 06 08 19 26 MAX   114
2021 06 09 01 25 MIN    27
2021 06 09 07 34 MAX   103
2021 06 09 13 37 MIN    24
2021 06 09 20 00 MAX   118
2021 06 10 02 00 MIN    23
2021 06 10 08 05 MAX   105
2021 06 10 14 09 MIN    22
2021 06 10 20 34 MAX   121
2021 06 11 02 33 MIN    21
2021 06 11 08 37 MAX   107
2021 06 11 14 41 MIN    22
2021 06 11 21 09 MAX   123
2021 06 12 03 06 MIN    20
2021 06 12 09 11 MAX   107
2021 06 12 15 14 MIN    23
2021 06 12 21 43 MAX   123
2021 06 13 03 40 MIN    22
2021 06 13 09 45 MAX   106
2021 06 13 15 49 MIN    26
2021 06 13 22 19 MAX   121
2021 06 14 04 15 MIN    25
2021 06 14 10 22 MAX   104
2021 06 14 16 27 MIN    31
2021 06 14 22 56 MAX   118
2021 06 15 04 54 MIN    30
2021 06 15 11 03 MAX   100
2021 06 15 17 10 MIN    36
2021 06 15 23 37 MAX   114
2021 06 16 05 37 MIN    35
2021 06 16 11 52 MAX    97
2021 06 16 18 01 MIN    41
2021 06 17 00 23 MAX   109
2021 06 17 06 29 MIN    39
2021 06 17 12 57 MAX    94
2021 06 17 19 03 MIN    45
2021 06 18 01 21 MAX   105
2021 06 18 07 31 MIN    40
2021 06 18 14 19 MAX    94
2021 06 18 20 14 MIN    46
2021 06 19 02 31 MAX   102
2021 06 19 08 41 MIN    39
2021 06 19 15 39 MAX    99
2021 06 19 21 30 MIN    43
2021 06 20 03 45 MAX   103
2021 06 20 09 51 MIN    34
2021 06 20 16 48 MAX   106
2021 06 20 22 41 MIN    37
2021 06 21 04 53 MAX   106
2021 06 21 10 54 MIN    27
2021 06 21 17 48 MAX   114
2021 06 21 23 45 MIN    29
2021 06 22 05 54 MAX   111
2021 06 22 11 52 MIN    20
2021 06 22 18 44 MAX   121
2021 06 23 00 42 MIN    20
2021 06 23 06 50 MAX   115
2021 06 23 12 46 MIN    15
2021 06 23 19 37 MAX   128
2021 06 24 01 35 MIN    14
2021 06 24 07 43 MAX   118
2021 06 24 13 38 MIN    11
2021 06 24 20 27 MAX   132
2021 06 25 02 24 MIN    10
2021 06 25 08 33 MAX   120
2021 06 25 14 27 MIN    11
2021 06 25 21 15 MAX   134
2021 06 26 03 10 MIN     9
2021 06 26 09 22 MAX   119
2021 06 26 15 14 MIN    13
2021 06 26 21 59 MAX   133
2021 06 27 03 55 MIN    12
2021 06 27 10 08 MAX   117
2021 06 27 15 59 MIN    18
2021 06 27 22 40 MAX   129
2021 06 28 04 38 MIN    18
2021 06 28 10 53 MAX   113
2021 06 28 16 42 MIN    26
2021 06 28 23 19 MAX   123
2021 06 29 05 21 MIN    26
2021 06 29 11 38 MAX   108
2021 06 29 17 25 MIN    34
2021 06 29 23 56 MAX   116
2021 06 30 06 05 MIN    34
2021 06 30 12 25 MAX   103
2021 06 30 18 10 MIN    43
2021 07 01 00 33 MAX   108
2021 07 01 06 54 MIN    42
2021 07 01 13 18 MAX    99
2021 07 01 18 59 MIN    51
2021 07 02 01 16 MAX   100
2021 07 02 07 49 MIN    48
2021 07 02 14 22 MAX    97
2021 07 02 19 59 MIN    57
2021 07 03 02 17 MAX    94
2021 07 03 08 55 MIN    52
2021 07 03 15 31 MAX    97
2021 07 03 21 12 MIN    60
2021 07 04 03 38 MAX    92
2021 07 04 10 04 MIN    52
2021 07 04 16 36 MAX   100
2021 07 04 22 31 MIN    58
2021 07 05 04 51 MAX    92
2021 07 05 11 05 MIN    49
2021 07 05 17 31 MAX   104
2021 07 05 23 36 MIN    53
2021 07 06 05 46 MAX    95
2021 07 06 11 55 MIN    46
2021 07 06 18 19 MAX   109
2021 07 07 00 26 MIN    46
2021 07 07 06 31 MAX    98
2021 07 07 12 38 MIN    41
2021 07 07 19 02 MAX   114
2021 07 08 01 07 MIN    39
2021 07 08 07 10 MAX   102
2021 07 08 13 17 MIN    36
2021 07 08 19 41 MAX   119
2021 07 09 01 44 MIN    34
2021 07 09 07 48 MAX   106
2021 07 09 13 53 MIN    32
2021 07 09 20 20 MAX   123
2021 07 10 02 18 MIN    29
2021 07 10 08 25 MAX   110
2021 07 10 14 28 MIN    29
2021 07 10 20 57 MAX   127
2021 07 11 02 52 MIN    26
2021 07 11 09 02 MAX   113
2021 07 11 15 03 MIN    27
2021 07 11 21 33 MAX   130
2021 07 12 03 26 MIN    25
2021 07 12 09 39 MAX   114
2021 07 12 15 39 MIN    27
2021 07 12 22 09 MAX   131
2021 07 13 04 02 MIN    25
2021 07 13 10 18 MAX   114
2021 07 13 16 17 MIN    29
2021 07 13 22 45 MAX   129
2021 07 14 04 38 MIN    27
2021 07 14 10 58 MAX   113
2021 07 14 16 58 MIN    32
2021 07 14 23 21 MAX   126
2021 07 15 05 18 MIN    30
2021 07 15 11 42 MAX   111
2021 07 15 17 42 MIN    37
2021 07 16 00 02 MAX   121
2021 07 16 06 02 MIN    34
2021 07 16 12 31 MAX   108
2021 07 16 18 33 MIN    43
2021 07 17 00 48 MAX   115
2021 07 17 06 53 MIN    38
2021 07 17 13 33 MAX   105
2021 07 17 19 35 MIN    48
2021 07 18 01 47 MAX   108
2021 07 18 07 54 MIN    41
2021 07 18 14 51 MAX   104
2021 07 18 20 51 MIN    51
2021 07 19 03 02 MAX   104
2021 07 19 09 06 MIN    43
2021 07 19 16 15 MAX   106
2021 07 19 22 16 MIN    49
2021 07 20 04 23 MAX   103
2021 07 20 10 23 MIN    41
2021 07 20 17 31 MAX   112
2021 07 20 23 34 MIN    42
2021 07 21 05 37 MAX   106
2021 07 21 11 35 MIN    36
2021 07 21 18 37 MAX   119
2021 07 22 00 37 MIN    33
2021 07 22 06 41 MAX   111
2021 07 22 12 38 MIN    29
2021 07 22 19 34 MAX   127
2021 07 23 01 29 MIN    24
2021 07 23 07 38 MAX   116
2021 07 23 13 32 MIN    23
2021 07 23 20 23 MAX   133
2021 07 24 02 16 MIN    18
2021 07 24 08 28 MAX   121
2021 07 24 14 20 MIN    19
2021 07 24 21 07 MAX   137
2021 07 25 02 59 MIN    14
2021 07 25 09 13 MAX   124
2021 07 25 15 03 MIN    18
2021 07 25 21 46 MAX   138
2021 07 26 03 38 MIN    15
2021 07 26 09 54 MAX   124
2021 07 26 15 43 MIN    20
2021 07 26 22 21 MAX   135
2021 07 27 04 16 MIN    19
2021 07 27 10 33 MAX   122
2021 07 27 16 20 MIN    26
2021 07 27 22 53 MAX   130
2021 07 28 04 52 MIN    25
2021 07 28 11 09 MAX   118
2021 07 28 16 55 MIN    33
2021 07 28 23 20 MAX   123
2021 07 29 05 27 MIN    33
2021 07 29 11 44 MAX   113
2021 07 29 17 30 MIN    42
2021 07 29 23 45 MAX   115
2021 07 30 06 02 MIN    42
2021 07 30 12 21 MAX   108
2021 07 30 18 07 MIN    51
2021 07 31 00 11 MAX   108
2021 07 31 06 41 MIN    50
2021 07 31 13 06 MAX   103
2021 07 31 18 52 MIN    59
2021 08 01 00 46 MAX   100
2021 08 01 07 30 MIN    57
2021 08 01 14 08 MAX    99
2021 08 01 19 55 MIN    66
2021 08 02 01 47 MAX    92
2021 08 02 08 45 MIN    62
2021 08 02 15 31 MAX    98
2021 08 02 21 34 MIN    68
2021 08 03 03 43 MAX    89
2021 08 03 10 16 MIN    61
2021 08 03 16 51 MAX   100
2021 08 03 23 12 MIN    63
2021 08 04 05 15 MAX    91
2021 08 04 11 29 MIN    57
2021 08 04 17 56 MAX   106
2021 08 05 00 14 MIN    55
2021 08 05 06 14 MAX    96
2021 08 05 12 21 MIN    50
2021 08 05 18 47 MAX   112
2021 08 06 00 56 MIN    47
2021 08 06 06 59 MAX   102
2021 08 06 13 03 MIN    43
2021 08 06 19 29 MAX   119
2021 08 07 01 31 MIN    39
2021 08 07 07 38 MAX   109
2021 08 07 13 39 MIN    35
2021 08 07 20 07 MAX   126
2021 08 08 02 04 MIN    32
2021 08 08 08 15 MAX   115
2021 08 08 14 14 MIN    29
2021 08 08 20 43 MAX   132
2021 08 09 02 36 MIN    26
2021 08 09 08 52 MAX   120
2021 08 09 14 48 MIN    24
2021 08 09 21 17 MAX   137
2021 08 10 03 08 MIN    21
2021 08 10 09 29 MAX   124
2021 08 10 15 23 MIN    21
2021 08 10 21 51 MAX   140
2021 08 11 03 42 MIN    19
2021 08 11 10 05 MAX   126
2021 08 11 15 59 MIN    22
2021 08 11 22 25 MAX   139
2021 08 12 04 17 MIN    20
2021 08 12 10 43 MAX   125
2021 08 12 16 37 MIN    25
2021 08 12 22 59 MAX   135
2021 08 13 04 54 MIN    23
2021 08 13 11 22 MAX   122
2021 08 13 17 18 MIN    32
2021 08 13 23 36 MAX   128
2021 08 14 05 33 MIN    29
2021 08 14 12 05 MAX   117
2021 08 14 18 04 MIN    41
2021 08 15 00 17 MAX   118
2021 08 15 06 19 MIN    37
2021 08 15 12 56 MAX   110
2021 08 15 19 02 MIN    50
2021 08 16 01 10 MAX   108
2021 08 16 07 15 MIN    45
2021 08 16 14 12 MAX   104
2021 08 16 20 23 MIN    57
2021 08 17 02 31 MAX    98
2021 08 17 08 33 MIN    52
2021 08 17 16 01 MAX   102
2021 08 17 22 12 MIN    57
2021 08 18 04 16 MAX    96
2021 08 18 10 12 MIN    52
2021 08 18 17 36 MAX   108
2021 08 18 23 40 MIN    49
2021 08 19 05 42 MAX   101
2021 08 19 11 37 MIN    45
2021 08 19 18 43 MAX   117
2021 08 20 00 39 MIN    38
2021 08 20 06 45 MAX   109
2021 08 20 12 39 MIN    36
2021 08 20 19 33 MAX   126
2021 08 21 01 24 MIN    27
2021 08 21 07 35 MAX   118
2021 08 21 13 26 MIN    27
2021 08 21 20 14 MAX   134
2021 08 22 02 04 MIN    19
2021 08 22 08 18 MAX   124
2021 08 22 14 08 MIN    21
2021 08 22 20 51 MAX   138
2021 08 23 02 40 MIN    15
2021 08 23 08 57 MAX   128
2021 08 23 14 45 MIN    18
2021 08 23 21 24 MAX   139
2021 08 24 03 15 MIN    14
2021 08 24 09 32 MAX   130
2021 08 24 15 19 MIN    19
2021 08 24 21 53 MAX   137
2021 08 25 03 47 MIN    17
2021 08 25 10 04 MAX   128
2021 08 25 15 51 MIN    24
2021 08 25 22 18 MAX   132
2021 08 26 04 18 MIN    23
2021 08 26 10 35 MAX   125
2021 08 26 16 21 MIN    31
2021 08 26 22 40 MAX   126
2021 08 27 04 46 MIN    31
2021 08 27 11 03 MAX   120
2021 08 27 16 51 MIN    39
2021 08 27 22 59 MAX   119
2021 08 28 05 13 MIN    39
2021 08 28 11 32 MAX   114
2021 08 28 17 21 MIN    48
2021 08 28 23 20 MAX   111
2021 08 29 05 41 MIN    48
2021 08 29 12 06 MAX   108
2021 08 29 17 57 MIN    57
2021 08 29 23 46 MAX   102
2021 08 30 06 15 MIN    57
2021 08 30 12 52 MAX   101
2021 08 30 18 45 MIN    66
2021 08 31 00 27 MAX    93
2021 08 31 07 12 MIN    65
2021 08 31 14 12 MAX    96
2021 08 31 20 24 MIN    72
2021 09 01 02 21 MAX    85
2021 09 01 09 25 MIN    68
2021 09 01 16 14 MAX    96
2021 09 01 23 02 MIN    68
2021 09 02 05 07 MAX    88
2021 09 02 11 10 MIN    62
2021 09 02 17 40 MAX   102
2021 09 03 00 06 MIN    58
2021 09 03 06 09 MAX    95
2021 09 03 12 06 MIN    53
2021 09 03 18 33 MAX   111
2021 09 04 00 43 MIN    48
2021 09 04 06 50 MAX   103
2021 09 04 12 46 MIN    43
2021 09 04 19 12 MAX   120
2021 09 05 01 13 MIN    38
2021 09 05 07 25 MAX   112
2021 09 05 13 20 MIN    33
2021 09 05 19 47 MAX   128
2021 09 06 01 43 MIN    28
2021 09 06 08 00 MAX   120
2021 09 06 13 53 MIN    24
2021 09 06 20 21 MAX   136
2021 09 07 02 13 MIN    19
2021 09 07 08 35 MAX   127
2021 09 07 14 27 MIN    16
2021 09 07 20 53 MAX   142
2021 09 08 02 44 MIN    13
2021 09 08 09 11 MAX   133
2021 09 08 15 02 MIN    13
2021 09 08 21 27 MAX   144
2021 09 09 03 18 MIN     9
2021 09 09 09 47 MAX   135
2021 09 09 15 38 MIN    13
2021 09 09 22 00 MAX   143
2021 09 10 03 53 MIN    10
2021 09 10 10 24 MAX   134
2021 09 10 16 17 MIN    18
2021 09 10 22 35 MAX   137
2021 09 11 04 29 MIN    16
2021 09 11 11 02 MAX   128
2021 09 11 16 58 MIN    27
2021 09 11 23 11 MAX   127
2021 09 12 05 07 MIN    25
2021 09 12 11 42 MAX   120
2021 09 12 17 43 MIN    39
2021 09 12 23 51 MAX   114
2021 09 13 05 51 MIN    37
2021 09 13 12 30 MAX   110
2021 09 13 18 40 MIN    52
2021 09 14 00 44 MAX   100
2021 09 14 06 46 MIN    49
2021 09 14 13 50 MAX   100
2021 09 14 20 17 MIN    61
2021 09 15 02 27 MAX    90
2021 09 15 08 20 MIN    58
2021 09 15 16 12 MAX    99
2021 09 15 22 29 MIN    58
2021 09 16 04 37 MAX    92
2021 09 16 10 24 MIN    57
2021 09 16 17 43 MAX   107
2021 09 16 23 46 MIN    47
2021 09 17 05 52 MAX   101
2021 09 17 11 43 MIN    47
2021 09 17 18 38 MAX   116
2021 09 18 00 32 MIN    36
2021 09 18 06 42 MAX   111
2021 09 18 12 33 MIN    36
2021 09 18 19 19 MAX   125
2021 09 19 01 09 MIN    25
2021 09 19 07 23 MAX   120
2021 09 19 13 13 MIN    27
2021 09 19 19 54 MAX   131
2021 09 20 01 43 MIN    17
2021 09 20 07 59 MAX   126
2021 09 20 13 48 MIN    20
2021 09 20 20 26 MAX   135
2021 09 21 02 16 MIN    13
2021 09 21 08 33 MAX   130
2021 09 21 14 22 MIN    17
2021 09 21 20 55 MAX   135
2021 09 22 02 47 MIN    12
2021 09 22 09 06 MAX   132
2021 09 22 14 53 MIN    18
2021 09 22 21 20 MAX   132
2021 09 23 03 16 MIN    15
2021 09 23 09 35 MAX   130
2021 09 23 15 23 MIN    21
2021 09 23 21 42 MAX   128
2021 09 24 03 43 MIN    20
2021 09 24 10 02 MAX   127
2021 09 24 15 50 MIN    27
2021 09 24 22 02 MAX   123
2021 09 25 04 08 MIN    27
2021 09 25 10 29 MAX   123
2021 09 25 16 19 MIN    34
2021 09 25 22 22 MAX   116
2021 09 26 04 32 MIN    35
2021 09 26 10 56 MAX   118
2021 09 26 16 48 MIN    42
2021 09 26 22 43 MAX   109
2021 09 27 04 57 MIN    44
2021 09 27 11 27 MAX   111
2021 09 27 17 21 MIN    51
2021 09 27 23 10 MAX   100
2021 09 28 05 26 MIN    53
2021 09 28 12 07 MAX   103
2021 09 28 18 05 MIN    61
2021 09 28 23 46 MAX    90
2021 09 29 06 14 MIN    62
2021 09 29 13 12 MAX    95
2021 09 29 19 29 MIN    69
2021 09 30 01 16 MAX    81
2021 09 30 08 33 MIN    68
2021 09 30 15 28 MAX    93
2021 09 30 22 39 MIN    66
2021 10 01 05 02 MAX    85
2021 10 01 10 40 MIN    62
2021 10 01 17 11 MAX    99
2021 10 01 23 43 MIN    56
2021 10 02 05 54 MAX    94
2021 10 02 11 38 MIN    52
2021 10 02 18 03 MAX   108
2021 10 03 00 15 MIN    44
2021 10 03 06 29 MAX   104
2021 10 03 12 18 MIN    40
2021 10 03 18 42 MAX   117
2021 10 04 00 43 MIN    32
2021 10 04 07 03 MAX   114
2021 10 04 12 52 MIN    28
2021 10 04 19 16 MAX   127
2021 10 05 01 12 MIN    21
2021 10 05 07 37 MAX   124
2021 10 05 13 28 MIN    17
2021 10 05 19 50 MAX   135
2021 10 06 01 44 MIN    10
2021 10 06 08 13 MAX   132
2021 10 06 14 03 MIN     9
2021 10 06 20 25 MAX   141
2021 10 07 02 17 MIN     2
2021 10 07 08 50 MAX   138
2021 10 07 14 41 MIN     5
2021 10 07 21 01 MAX   142
2021 10 08 02 53 MIN     0
2021 10 08 09 28 MAX   140
2021 10 08 15 20 MIN     6
2021 10 08 21 37 MAX   139
2021 10 09 03 30 MIN     3
2021 10 09 10 06 MAX   137
2021 10 09 16 01 MIN    12
2021 10 09 22 14 MAX   131
2021 10 10 04 08 MIN    11
2021 10 10 10 46 MAX   130
2021 10 10 16 44 MIN    23
2021 10 10 22 53 MAX   119
2021 10 11 04 48 MIN    23
2021 10 11 11 28 MAX   119
2021 10 11 17 33 MIN    36
2021 10 11 23 37 MAX   105
2021 10 12 05 34 MIN    37
2021 10 12 12 20 MAX   107
2021 10 12 18 37 MIN    49
2021 10 13 00 42 MAX    92
2021 10 13 06 37 MIN    50
2021 10 13 13 50 MAX    97
2021 10 13 20 25 MIN    56
2021 10 14 02 52 MAX    85
2021 10 14 08 25 MIN    58
2021 10 14 16 03 MAX    97
2021 10 14 22 23 MIN    51
2021 10 15 04 41 MAX    91
2021 10 15 10 19 MIN    54
2021 10 15 17 23 MAX   104
2021 10 15 23 28 MIN    41
2021 10 16 05 41 MAX   101
2021 10 16 11 28 MIN    45
2021 10 16 18 13 MAX   112
2021 10 17 00 09 MIN    31
2021 10 17 06 24 MAX   111
2021 10 17 12 13 MIN    36
2021 10 17 18 52 MAX   118
2021 10 18 00 44 MIN    22
2021 10 18 07 01 MAX   119
2021 10 18 12 51 MIN    27
2021 10 18 19 25 MAX   123
2021 10 19 01 17 MIN    16
2021 10 19 07 36 MAX   124
2021 10 19 13 25 MIN    21
2021 10 19 19 55 MAX   125
2021 10 20 01 49 MIN    12
2021 10 20 08 08 MAX   128
2021 10 20 13 58 MIN    18
2021 10 20 20 23 MAX   124
2021 10 21 02 18 MIN    11
2021 10 21 08 39 MAX   129
2021 10 21 14 29 MIN    17
2021 10 21 20 47 MAX   122
2021 10 22 02 46 MIN    13
2021 10 22 09 08 MAX   128
2021 10 22 14 59 MIN    19
2021 10 22 21 10 MAX   119
2021 10 23 03 13 MIN    17
2021 10 23 09 35 MAX   126
2021 10 23 15 28 MIN    23
2021 10 23 21 32 MAX   115
2021 10 24 03 38 MIN    23
2021 10 24 10 03 MAX   123
2021 10 24 15 57 MIN    28
2021 10 24 21 56 MAX   110
2021 10 25 04 03 MIN    30
2021 10 25 10 32 MAX   118
2021 10 25 16 28 MIN    35
2021 10 25 22 22 MAX   103
2021 10 26 04 32 MIN    38
2021 10 26 11 05 MAX   112
2021 10 26 17 04 MIN    44
2021 10 26 22 53 MAX    95
2021 10 27 05 05 MIN    47
2021 10 27 11 45 MAX   104
2021 10 27 17 49 MIN    52
2021 10 27 23 33 MAX    86
2021 10 28 05 58 MIN    56
2021 10 28 12 43 MAX    96
2021 10 28 19 02 MIN    60
2021 10 29 01 06 MAX    78
2021 10 29 07 47 MIN    62
2021 10 29 14 28 MAX    91
2021 10 29 21 22 MIN    60
2021 10 30 04 20 MAX    82
2021 10 30 09 46 MIN    58
2021 10 30 16 14 MAX    95
2021 10 30 22 47 MIN    51
2021 10 31 05 17 MAX    91
2021 10 31 10 53 MIN    49
2021 10 31 17 15 MAX   103
2021 10 31 23 29 MIN    39
2021 11 01 05 56 MAX   102
2021 11 01 11 41 MIN    37
2021 11 01 18 00 MAX   111
2021 11 02 00 03 MIN    26
2021 11 02 06 33 MAX   113
2021 11 02 12 21 MIN    24
2021 11 02 18 39 MAX   120
2021 11 03 00 37 MIN    13
2021 11 03 07 11 MAX   123
2021 11 03 13 02 MIN    13
2021 11 03 19 18 MAX   128
2021 11 04 01 14 MIN     3
2021 11 04 07 50 MAX   132
2021 11 04 13 42 MIN     4
2021 11 04 19 57 MAX   132
2021 11 05 01 52 MIN    -4
2021 11 05 08 31 MAX   137
2021 11 05 14 24 MIN     0
2021 11 05 20 38 MAX   133
2021 11 06 02 32 MIN    -6
2021 11 06 09 12 MAX   139
2021 11 06 15 07 MIN     1
2021 11 06 21 19 MAX   129
2021 11 07 03 12 MIN    -1
2021 11 07 09 55 MAX   135
2021 11 07 15 52 MIN     7
2021 11 07 22 01 MAX   121
2021 11 08 03 55 MIN     7
2021 11 08 10 38 MAX   128
2021 11 08 16 39 MIN    17
2021 11 08 22 46 MAX   110
2021 11 09 04 40 MIN    20
2021 11 09 11 24 MAX   118
2021 11 09 17 31 MIN    28
2021 11 09 23 38 MAX    98
2021 11 10 05 31 MIN    33
2021 11 10 12 19 MAX   107
2021 11 10 18 36 MIN    39
2021 11 11 00 52 MAX    88
2021 11 11 06 37 MIN    44
2021 11 11 13 37 MAX    98
2021 11 11 20 06 MIN    45
2021 11 12 02 39 MAX    85
2021 11 12 08 07 MIN    51
2021 11 12 15 18 MAX    95
2021 11 12 21 40 MIN    43
2021 11 13 04 09 MAX    90
2021 11 13 09 40 MIN    50
2021 11 13 16 38 MAX    97
2021 11 13 22 47 MIN    37
2021 11 14 05 09 MAX    98
2021 11 14 10 52 MIN    44
2021 11 14 17 34 MAX   102
2021 11 14 23 35 MIN    29
2021 11 15 05 55 MAX   105
2021 11 15 11 44 MIN    37
2021 11 15 18 17 MAX   106
2021 11 16 00 14 MIN    23
2021 11 16 06 34 MAX   112
2021 11 16 12 26 MIN    30
2021 11 16 18 53 MAX   108
2021 11 17 00 49 MIN    17
2021 11 17 07 10 MAX   116
2021 11 17 13 03 MIN    24
2021 11 17 19 24 MAX   110
2021 11 18 01 22 MIN    14
2021 11 18 07 43 MAX   120
2021 11 18 13 37 MIN    20
2021 11 18 19 53 MAX   110
2021 11 19 01 53 MIN    13
2021 11 19 08 15 MAX   122
2021 11 19 14 10 MIN    17
2021 11 19 20 20 MAX   110
2021 11 20 02 22 MIN    13
2021 11 20 08 46 MAX   122
2021 11 20 14 41 MIN    17
2021 11 20 20 46 MAX   108
2021 11 21 02 51 MIN    15
2021 11 21 09 16 MAX   122
2021 11 21 15 12 MIN    18
2021 11 21 21 14 MAX   106
2021 11 22 03 20 MIN    19
2021 11 22 09 47 MAX   120
2021 11 22 15 44 MIN    21
2021 11 22 21 43 MAX   103
2021 11 23 03 50 MIN    24
2021 11 23 10 19 MAX   116
2021 11 23 16 18 MIN    27
2021 11 23 22 15 MAX    98
2021 11 24 04 24 MIN    31
2021 11 24 10 55 MAX   111
2021 11 24 16 55 MIN    33
2021 11 24 22 51 MAX    91
2021 11 25 05 03 MIN    38
2021 11 25 11 35 MAX   105
2021 11 25 17 39 MIN    40
2021 11 25 23 37 MAX    85
2021 11 26 05 55 MIN    45
2021 11 26 12 25 MAX    98
2021 11 26 18 37 MIN    45
2021 11 27 00 56 MAX    79
2021 11 27 07 09 MIN    50
2021 11 27 13 35 MAX    93
2021 11 27 19 57 MIN    47
2021 11 28 03 00 MAX    80
2021 11 28 08 37 MIN    50
2021 11 28 15 00 MAX    92
2021 11 28 21 22 MIN    42
2021 11 29 04 19 MAX    87
2021 11 29 09 55 MIN    44
2021 11 29 16 14 MAX    96
2021 11 29 22 26 MIN    33
2021 11 30 05 13 MAX    96
2021 11 30 10 57 MIN    34
2021 11 30 17 12 MAX   102
2021 11 30 23 16 MIN    22
2021 12 01 06 00 MAX   107
2021 12 01 11 50 MIN    23
2021 12 01 18 01 MAX   109
2021 12 02 00 02 MIN    11
2021 12 02 06 46 MAX   116
2021 12 02 12 39 MIN    12
2021 12 02 18 49 MAX   115
2021 12 03 00 47 MIN     1
2021 12 03 07 31 MAX   125
2021 12 03 13 27 MIN     3
2021 12 03 19 36 MAX   119
2021 12 04 01 32 MIN    -5
2021 12 04 08 17 MAX   130
2021 12 04 14 14 MIN    -2
2021 12 04 20 22 MAX   120
2021 12 05 02 18 MIN    -6
2021 12 05 09 03 MAX   132
2021 12 05 15 00 MIN    -3
2021 12 05 21 09 MAX   117
2021 12 06 03 04 MIN    -4
2021 12 06 09 49 MAX   130
2021 12 06 15 47 MIN     0
2021 12 06 21 56 MAX   112
2021 12 07 03 50 MIN     3
2021 12 07 10 35 MAX   125
2021 12 07 16 35 MIN     7
2021 12 07 22 45 MAX   105
2021 12 08 04 38 MIN    12
2021 12 08 11 21 MAX   117
2021 12 08 17 25 MIN    16
2021 12 08 23 38 MAX    97
2021 12 09 05 28 MIN    22
2021 12 09 12 09 MAX   108
2021 12 09 18 19 MIN    24
2021 12 10 00 39 MAX    90
2021 12 10 06 23 MIN    32
2021 12 10 13 04 MAX    99
2021 12 10 19 22 MIN    32
2021 12 11 01 53 MAX    86
2021 12 11 07 26 MIN    40
2021 12 11 14 11 MAX    92
2021 12 11 20 35 MIN    35
2021 12 12 03 10 MAX    86
2021 12 12 08 39 MIN    44
2021 12 12 15 29 MAX    88
2021 12 12 21 47 MIN    35
2021 12 13 04 19 MAX    89
2021 12 13 09 57 MIN    44
2021 12 13 16 39 MAX    88
2021 12 13 22 49 MIN    32
2021 12 14 05 16 MAX    94
2021 12 14 11 05 MIN    40
2021 12 14 17 35 MAX    89
2021 12 14 23 39 MIN    27
2021 12 15 06 03 MAX    98
2021 12 15 11 59 MIN    34
2021 12 15 18 19 MAX    92
2021 12 16 00 21 MIN    23
2021 12 16 06 44 MAX   103
2021 12 16 12 43 MIN    28
2021 12 16 18 56 MAX    94
2021 12 17 00 59 MIN    19
2021 12 17 07 22 MAX   107
2021 12 17 13 21 MIN    22
2021 12 17 19 30 MAX    96
2021 12 18 01 35 MIN    16
2021 12 18 07 57 MAX   110
2021 12 18 13 57 MIN    17
2021 12 18 20 02 MAX    98
2021 12 19 02 08 MIN    13
2021 12 19 08 31 MAX   113
2021 12 19 14 30 MIN    14
2021 12 19 20 34 MAX    99
2021 12 20 02 41 MIN    12
2021 12 20 09 05 MAX   115
2021 12 20 15 03 MIN    12
2021 12 20 21 06 MAX    99
2021 12 21 03 13 MIN    13
2021 12 21 09 39 MAX   116
2021 12 21 15 36 MIN    13
2021 12 21 21 40 MAX    98
2021 12 22 03 46 MIN    15
2021 12 22 10 13 MAX   114
2021 12 22 16 09 MIN    16
2021 12 22 22 15 MAX    96
2021 12 23 04 20 MIN    19
2021 12 23 10 48 MAX   111
2021 12 23 16 44 MIN    20
2021 12 23 22 52 MAX    92
2021 12 24 04 59 MIN    23
2021 12 24 11 25 MAX   107
2021 12 24 17 23 MIN    24
2021 12 24 23 35 MAX    88
2021 12 25 05 42 MIN    29
2021 12 25 12 05 MAX   102
2021 12 25 18 08 MIN    28
2021 12 26 00 28 MAX    84
2021 12 26 06 34 MIN    33
2021 12 26 12 54 MAX    96
2021 12 26 19 01 MIN    31
2021 12 27 01 40 MAX    82
2021 12 27 07 38 MIN    36
2021 12 27 13 56 MAX    91
2021 12 27 20 07 MIN    31
2021 12 28 03 04 MAX    83
2021 12 28 08 54 MIN    36
2021 12 28 15 10 MAX    89
2021 12 28 21 18 MIN    28
2021 12 29 04 22 MAX    88
2021 12 29 10 12 MIN    32
2021 12 29 16 24 MAX    90
2021 12 29 22 28 MIN    21
2021 12 30 05 28 MAX    95
2021 12 30 11 23 MIN    24
2021 12 30 17 30 MAX    94
2021 12 30 23 31 MIN    13
2021 12 31 06 26 MAX   104
2021 12 31 12 24 MIN    14
2021 12 31 18 30 MAX    99
