 <API - 조위예측극치자료>

대상조위관측소 : 삼천포
위도(WGS84) : N 128.0697
경도(WGS84) : E 34.9242
관측기관 : 20201231 ~ 20220101

2020 12 31 03 23 MIN    12
2020 12 31 10 00 MAX   299
2020 12 31 16 00 MIN    42
2020 12 31 21 54 MAX   242
2021 01 01 04 00 MIN     9
2021 01 01 10 37 MAX   301
2021 01 01 16 37 MIN    41
2021 01 01 22 33 MAX   240
2021 01 02 04 38 MIN    11
2021 01 02 11 15 MAX   297
2021 01 02 17 15 MIN    43
2021 01 02 23 14 MAX   234
2021 01 03 05 18 MIN    18
2021 01 03 11 54 MAX   287
2021 01 03 17 57 MIN    49
2021 01 04 00 00 MAX   225
2021 01 04 00 00 MAX   225
2021 01 04 06 01 MIN    30
2021 01 04 12 36 MAX   271
2021 01 04 18 42 MIN    56
2021 01 05 00 52 MAX   215
2021 01 05 06 50 MIN    46
2021 01 05 13 23 MAX   252
2021 01 05 19 35 MIN    63
2021 01 06 01 54 MAX   207
2021 01 06 07 49 MIN    64
2021 01 06 14 18 MAX   233
2021 01 06 20 36 MIN    67
2021 01 07 03 10 MAX   205
2021 01 07 09 02 MIN    79
2021 01 07 15 24 MAX   218
2021 01 07 21 46 MIN    65
2021 01 08 04 33 MAX   214
2021 01 08 10 27 MIN    86
2021 01 08 16 40 MAX   211
2021 01 08 22 57 MIN    57
2021 01 09 05 51 MAX   233
2021 01 09 11 50 MIN    81
2021 01 09 17 52 MAX   214
2021 01 10 00 03 MIN    43
2021 01 10 06 57 MAX   256
2021 01 10 12 58 MIN    67
2021 01 10 18 54 MAX   224
2021 01 11 01 00 MIN    27
2021 01 11 07 53 MAX   281
2021 01 11 13 54 MIN    51
2021 01 11 19 48 MAX   236
2021 01 12 01 53 MIN    11
2021 01 12 08 43 MAX   301
2021 01 12 14 42 MIN    37
2021 01 12 20 36 MAX   248
2021 01 13 02 41 MIN    -1
2021 01 13 09 28 MAX   314
2021 01 13 15 26 MIN    26
2021 01 13 21 21 MAX   256
2021 01 14 03 25 MIN    -8
2021 01 14 10 09 MAX   317
2021 01 14 16 06 MIN    21
2021 01 14 22 02 MAX   258
2021 01 15 04 05 MIN    -7
2021 01 15 10 47 MAX   311
2021 01 15 16 44 MIN    23
2021 01 15 22 41 MAX   253
2021 01 16 04 41 MIN     1
2021 01 16 11 22 MAX   296
2021 01 16 17 21 MIN    30
2021 01 16 23 17 MAX   243
2021 01 17 05 16 MIN    15
2021 01 17 11 54 MAX   275
2021 01 17 17 56 MIN    41
2021 01 17 23 53 MAX   229
2021 01 18 05 48 MIN    33
2021 01 18 12 22 MAX   252
2021 01 18 18 31 MIN    53
2021 01 19 00 30 MAX   214
2021 01 19 06 21 MIN    53
2021 01 19 12 50 MAX   228
2021 01 19 19 09 MIN    66
2021 01 20 01 13 MAX   200
2021 01 20 06 59 MIN    74
2021 01 20 13 20 MAX   206
2021 01 20 19 55 MIN    78
2021 01 21 02 08 MAX   189
2021 01 21 07 49 MIN    95
2021 01 21 14 03 MAX   187
2021 01 21 20 56 MIN    86
2021 01 22 03 22 MAX   184
2021 01 22 09 03 MIN   111
2021 01 22 15 19 MAX   173
2021 01 22 22 12 MIN    87
2021 01 23 04 51 MAX   191
2021 01 23 10 51 MIN   116
2021 01 23 17 02 MAX   171
2021 01 23 23 26 MIN    80
2021 01 24 06 08 MAX   207
2021 01 24 12 24 MIN   106
2021 01 24 18 16 MAX   180
2021 01 25 00 25 MIN    68
2021 01 25 07 07 MAX   229
2021 01 25 13 20 MIN    90
2021 01 25 19 08 MAX   195
2021 01 26 01 13 MIN    52
2021 01 26 07 53 MAX   251
2021 01 26 14 02 MIN    73
2021 01 26 19 50 MAX   212
2021 01 27 01 56 MIN    35
2021 01 27 08 33 MAX   273
2021 01 27 14 38 MIN    56
2021 01 27 20 29 MAX   228
2021 01 28 02 35 MIN    17
2021 01 28 09 11 MAX   292
2021 01 28 15 13 MIN    41
2021 01 28 21 08 MAX   243
2021 01 29 03 13 MIN     1
2021 01 29 09 47 MAX   306
2021 01 29 15 47 MIN    27
2021 01 29 21 47 MAX   255
2021 01 30 03 51 MIN   -10
2021 01 30 10 23 MAX   315
2021 01 30 16 23 MIN    17
2021 01 30 22 27 MAX   261
2021 01 31 04 28 MIN   -14
2021 01 31 11 00 MAX   314
2021 01 31 16 59 MIN    13
2021 01 31 23 08 MAX   262
2021 02 01 05 07 MIN   -10
2021 02 01 11 36 MAX   304
2021 02 01 17 37 MIN    16
2021 02 01 23 50 MAX   256
2021 02 02 05 48 MIN     4
2021 02 02 12 14 MAX   285
2021 02 02 18 16 MIN    24
2021 02 03 00 35 MAX   245
2021 02 03 06 32 MIN    27
2021 02 03 12 53 MAX   260
2021 02 03 19 00 MIN    37
2021 02 04 01 27 MAX   231
2021 02 04 07 22 MIN    55
2021 02 04 13 37 MAX   233
2021 02 04 19 49 MIN    52
2021 02 05 02 31 MAX   218
2021 02 05 08 26 MIN    83
2021 02 05 14 33 MAX   206
2021 02 05 20 54 MIN    66
2021 02 06 03 58 MAX   212
2021 02 06 09 57 MIN   102
2021 02 06 15 57 MAX   189
2021 02 06 22 18 MIN    71
2021 02 07 05 38 MAX   221
2021 02 07 11 44 MIN   100
2021 02 07 17 35 MAX   189
2021 02 07 23 46 MIN    63
2021 02 08 06 56 MAX   244
2021 02 08 13 01 MIN    83
2021 02 08 18 49 MAX   205
2021 02 09 00 56 MIN    45
2021 02 09 07 52 MAX   269
2021 02 09 13 53 MIN    61
2021 02 09 19 44 MAX   225
2021 02 10 01 50 MIN    24
2021 02 10 08 37 MAX   290
2021 02 10 14 35 MIN    40
2021 02 10 20 30 MAX   244
2021 02 11 02 35 MIN     6
2021 02 11 09 17 MAX   305
2021 02 11 15 13 MIN    24
2021 02 11 21 10 MAX   259
2021 02 12 03 14 MIN    -6
2021 02 12 09 53 MAX   310
2021 02 12 15 48 MIN    14
2021 02 12 21 47 MAX   266
2021 02 13 03 49 MIN   -10
2021 02 13 10 25 MAX   306
2021 02 13 16 21 MIN    10
2021 02 13 22 22 MAX   267
2021 02 14 04 21 MIN    -6
2021 02 14 10 54 MAX   294
2021 02 14 16 52 MIN    13
2021 02 14 22 54 MAX   261
2021 02 15 04 51 MIN     5
2021 02 15 11 19 MAX   277
2021 02 15 17 21 MIN    21
2021 02 15 23 25 MAX   251
2021 02 16 05 20 MIN    20
2021 02 16 11 42 MAX   258
2021 02 16 17 49 MIN    33
2021 02 16 23 57 MAX   239
2021 02 17 05 49 MIN    39
2021 02 17 12 03 MAX   238
2021 02 17 18 18 MIN    47
2021 02 18 00 32 MAX   225
2021 02 18 06 21 MIN    61
2021 02 18 12 26 MAX   217
2021 02 18 18 51 MIN    63
2021 02 19 01 14 MAX   210
2021 02 19 07 00 MIN    85
2021 02 19 12 56 MAX   196
2021 02 19 19 34 MIN    79
2021 02 20 02 10 MAX   196
2021 02 20 07 55 MIN   108
2021 02 20 13 42 MAX   176
2021 02 20 20 41 MIN    93
2021 02 21 03 36 MAX   189
2021 02 21 09 34 MIN   125
2021 02 21 15 28 MAX   161
2021 02 21 22 19 MIN    97
2021 02 22 05 26 MAX   197
2021 02 22 11 57 MIN   120
2021 02 22 17 41 MAX   168
2021 02 22 23 49 MIN    87
2021 02 23 06 43 MAX   219
2021 02 23 13 06 MIN   101
2021 02 23 18 48 MAX   187
2021 02 24 00 51 MIN    67
2021 02 24 07 33 MAX   245
2021 02 24 13 45 MIN    79
2021 02 24 19 34 MAX   210
2021 02 25 01 37 MIN    42
2021 02 25 08 14 MAX   271
2021 02 25 14 20 MIN    55
2021 02 25 20 15 MAX   234
2021 02 26 02 18 MIN    17
2021 02 26 08 50 MAX   295
2021 02 26 14 53 MIN    31
2021 02 26 20 54 MAX   258
2021 02 27 02 56 MIN    -7
2021 02 27 09 26 MAX   314
2021 02 27 15 27 MIN    10
2021 02 27 21 34 MAX   277
2021 02 28 03 34 MIN   -23
2021 02 28 10 02 MAX   325
2021 02 28 16 01 MIN    -5
2021 02 28 22 13 MAX   291
2021 03 01 04 13 MIN   -29
2021 03 01 10 37 MAX   325
2021 03 01 16 36 MIN   -12
2021 03 01 22 53 MAX   295
2021 03 02 04 51 MIN   -23
2021 03 02 11 13 MAX   313
2021 03 02 17 12 MIN    -9
2021 03 02 23 34 MAX   289
2021 03 03 05 31 MIN    -4
2021 03 03 11 48 MAX   291
2021 03 03 17 48 MIN     4
2021 03 04 00 17 MAX   275
2021 03 04 06 13 MIN    25
2021 03 04 12 24 MAX   261
2021 03 04 18 27 MIN    25
2021 03 05 01 04 MAX   253
2021 03 05 07 00 MIN    60
2021 03 05 13 03 MAX   228
2021 03 05 19 12 MIN    50
2021 03 06 02 02 MAX   230
2021 03 06 08 02 MIN    94
2021 03 06 13 55 MAX   196
2021 03 06 20 13 MIN    74
2021 03 07 03 34 MAX   213
2021 03 07 09 44 MIN   117
2021 03 07 15 31 MAX   175
2021 03 07 21 51 MIN    88
2021 03 08 05 34 MAX   219
2021 03 08 11 52 MIN   110
2021 03 08 17 36 MAX   180
2021 03 08 23 42 MIN    80
2021 03 09 06 52 MAX   240
2021 03 09 13 00 MIN    87
2021 03 09 18 48 MAX   202
2021 03 10 00 54 MIN    59
2021 03 10 07 42 MAX   263
2021 03 10 13 42 MIN    63
2021 03 10 19 36 MAX   227
2021 03 11 01 42 MIN    36
2021 03 11 08 22 MAX   281
2021 03 11 14 18 MIN    40
2021 03 11 20 16 MAX   249
2021 03 12 02 21 MIN    17
2021 03 12 08 56 MAX   293
2021 03 12 14 51 MIN    23
2021 03 12 20 52 MAX   265
2021 03 13 02 56 MIN     5
2021 03 13 09 27 MAX   296
2021 03 13 15 22 MIN    11
2021 03 13 21 26 MAX   276
2021 03 14 03 28 MIN     0
2021 03 14 09 56 MAX   294
2021 03 14 15 51 MIN     5
2021 03 14 21 58 MAX   280
2021 03 15 03 57 MIN     1
2021 03 15 10 21 MAX   285
2021 03 15 16 19 MIN     6
2021 03 15 22 29 MAX   278
2021 03 16 04 25 MIN     9
2021 03 16 10 43 MAX   273
2021 03 16 16 46 MIN    12
2021 03 16 22 59 MAX   272
2021 03 17 04 53 MIN    22
2021 03 17 11 05 MAX   259
2021 03 17 17 11 MIN    23
2021 03 17 23 29 MAX   262
2021 03 18 05 21 MIN    39
2021 03 18 11 26 MAX   243
2021 03 18 17 37 MIN    38
2021 03 19 00 01 MAX   249
2021 03 19 05 53 MIN    59
2021 03 19 11 50 MAX   224
2021 03 19 18 06 MIN    56
2021 03 20 00 38 MAX   232
2021 03 20 06 29 MIN    83
2021 03 20 12 17 MAX   204
2021 03 20 18 41 MIN    75
2021 03 21 01 24 MAX   215
2021 03 21 07 17 MIN   108
2021 03 21 12 54 MAX   182
2021 03 21 19 33 MIN    95
2021 03 22 02 34 MAX   200
2021 03 22 08 39 MIN   128
2021 03 22 14 11 MAX   163
2021 03 22 21 09 MIN   107
2021 03 23 04 32 MAX   198
2021 03 23 11 16 MIN   128
2021 03 23 17 06 MAX   165
2021 03 23 23 04 MIN   100
2021 03 24 06 07 MAX   217
2021 03 24 12 37 MIN   106
2021 03 24 18 24 MAX   187
2021 03 25 00 19 MIN    78
2021 03 25 07 02 MAX   244
2021 03 25 13 16 MIN    79
2021 03 25 19 11 MAX   216
2021 03 26 01 10 MIN    49
2021 03 26 07 43 MAX   271
2021 03 26 13 50 MIN    50
2021 03 26 19 53 MAX   246
2021 03 27 01 54 MIN    20
2021 03 27 08 21 MAX   296
2021 03 27 14 24 MIN    22
2021 03 27 20 33 MAX   276
2021 03 28 02 34 MIN    -5
2021 03 28 08 58 MAX   314
2021 03 28 14 58 MIN    -3
2021 03 28 21 14 MAX   301
2021 03 29 03 14 MIN   -22
2021 03 29 09 34 MAX   324
2021 03 29 15 34 MIN   -19
2021 03 29 21 55 MAX   317
2021 03 30 03 53 MIN   -26
2021 03 30 10 11 MAX   322
2021 03 30 16 09 MIN   -25
2021 03 30 22 36 MAX   322
2021 03 31 04 33 MIN   -16
2021 03 31 10 46 MAX   308
2021 03 31 16 45 MIN   -18
2021 03 31 23 17 MAX   315
2021 04 01 05 14 MIN     6
2021 04 01 11 22 MAX   283
2021 04 01 17 22 MIN     0
2021 04 02 00 00 MAX   296
2021 04 02 00 00 MAX   296
2021 04 02 05 57 MIN    38
2021 04 02 11 59 MAX   252
2021 04 02 18 01 MIN    27
2021 04 03 00 47 MAX   269
2021 04 03 06 47 MIN    73
2021 04 03 12 40 MAX   219
2021 04 03 18 46 MIN    57
2021 04 04 01 47 MAX   241
2021 04 04 07 53 MIN   105
2021 04 04 13 36 MAX   189
2021 04 04 19 50 MIN    85
2021 04 05 03 23 MAX   220
2021 04 05 09 46 MIN   121
2021 04 05 15 31 MAX   172
2021 04 05 21 37 MIN   100
2021 04 06 05 18 MAX   222
2021 04 06 11 41 MIN   109
2021 04 06 17 30 MAX   184
2021 04 06 23 30 MIN    92
2021 04 07 06 29 MAX   238
2021 04 07 12 38 MIN    87
2021 04 07 18 32 MAX   208
2021 04 08 00 36 MIN    73
2021 04 08 07 17 MAX   254
2021 04 08 13 16 MIN    64
2021 04 08 19 16 MAX   231
2021 04 09 01 21 MIN    53
2021 04 09 07 54 MAX   266
2021 04 09 13 50 MIN    44
2021 04 09 19 54 MAX   252
2021 04 10 01 58 MIN    37
2021 04 10 08 26 MAX   273
2021 04 10 14 21 MIN    27
2021 04 10 20 28 MAX   268
2021 04 11 02 31 MIN    27
2021 04 11 08 55 MAX   275
2021 04 11 14 51 MIN    16
2021 04 11 21 01 MAX   280
2021 04 12 03 02 MIN    21
2021 04 12 09 21 MAX   274
2021 04 12 15 19 MIN    10
2021 04 12 21 33 MAX   287
2021 04 13 03 31 MIN    21
2021 04 13 09 46 MAX   270
2021 04 13 15 46 MIN    10
2021 04 13 22 04 MAX   290
2021 04 14 04 00 MIN    25
2021 04 14 10 09 MAX   263
2021 04 14 16 12 MIN    15
2021 04 14 22 35 MAX   287
2021 04 15 04 30 MIN    35
2021 04 15 10 33 MAX   254
2021 04 15 16 38 MIN    25
2021 04 15 23 05 MAX   279
2021 04 16 05 00 MIN    49
2021 04 16 10 57 MAX   241
2021 04 16 17 06 MIN    39
2021 04 16 23 38 MAX   267
2021 04 17 05 33 MIN    67
2021 04 17 11 24 MAX   225
2021 04 17 17 34 MIN    57
2021 04 18 00 13 MAX   251
2021 04 18 06 09 MIN    87
2021 04 18 11 53 MAX   207
2021 04 18 18 09 MIN    76
2021 04 19 00 57 MAX   233
2021 04 19 06 57 MIN   109
2021 04 19 12 31 MAX   187
2021 04 19 18 59 MIN    95
2021 04 20 01 59 MAX   216
2021 04 20 08 13 MIN   126
2021 04 20 13 47 MAX   169
2021 04 20 20 24 MIN   108
2021 04 21 03 39 MAX   210
2021 04 21 10 20 MIN   125
2021 04 21 16 26 MAX   171
2021 04 21 22 15 MIN   105
2021 04 22 05 16 MAX   222
2021 04 22 11 46 MIN   104
2021 04 22 17 48 MAX   195
2021 04 22 23 38 MIN    85
2021 04 23 06 17 MAX   244
2021 04 23 12 33 MIN    77
2021 04 23 18 40 MAX   226
2021 04 24 00 36 MIN    58
2021 04 24 07 04 MAX   267
2021 04 24 13 12 MIN    47
2021 04 24 19 26 MAX   260
2021 04 25 01 25 MIN    31
2021 04 25 07 45 MAX   288
2021 04 25 13 49 MIN    18
2021 04 25 20 09 MAX   291
2021 04 26 02 09 MIN     9
2021 04 26 08 25 MAX   303
2021 04 26 14 26 MIN    -5
2021 04 26 20 52 MAX   317
2021 04 27 02 52 MIN    -4
2021 04 27 09 05 MAX   309
2021 04 27 15 04 MIN   -18
2021 04 27 21 36 MAX   333
2021 04 28 03 35 MIN    -5
2021 04 28 09 44 MAX   305
2021 04 28 15 42 MIN   -21
2021 04 28 22 19 MAX   337
2021 04 29 04 17 MIN     6
2021 04 29 10 22 MAX   292
2021 04 29 16 21 MIN   -11
2021 04 29 23 03 MAX   328
2021 04 30 05 01 MIN    27
2021 04 30 11 01 MAX   270
2021 04 30 17 01 MIN     9
2021 04 30 23 48 MAX   308
2021 05 01 05 48 MIN    54
2021 05 01 11 43 MAX   243
2021 05 01 17 44 MIN    36
2021 05 02 00 38 MAX   280
2021 05 02 06 41 MIN    83
2021 05 02 12 29 MAX   215
2021 05 02 18 33 MIN    65
2021 05 03 01 39 MAX   252
2021 05 03 07 51 MIN   106
2021 05 03 13 35 MAX   191
2021 05 03 19 39 MIN    91
2021 05 04 03 04 MAX   231
2021 05 04 09 28 MIN   115
2021 05 04 15 23 MAX   181
2021 05 04 21 13 MIN   106
2021 05 05 04 39 MAX   226
2021 05 05 11 00 MIN   106
2021 05 05 17 00 MAX   192
2021 05 05 22 52 MIN   103
2021 05 06 05 49 MAX   230
2021 05 06 11 58 MIN    89
2021 05 06 18 01 MAX   211
2021 05 07 00 01 MIN    91
2021 05 07 06 38 MAX   237
2021 05 07 12 39 MIN    71
2021 05 07 18 46 MAX   231
2021 05 08 00 50 MIN    77
2021 05 08 07 16 MAX   243
2021 05 08 13 14 MIN    54
2021 05 08 19 25 MAX   250
2021 05 09 01 29 MIN    65
2021 05 09 07 49 MAX   248
2021 05 09 13 46 MIN    41
2021 05 09 20 01 MAX   266
2021 05 10 02 04 MIN    55
2021 05 10 08 18 MAX   251
2021 05 10 14 16 MIN    31
2021 05 10 20 35 MAX   279
2021 05 11 02 37 MIN    49
2021 05 11 08 46 MAX   253
2021 05 11 14 46 MIN    25
2021 05 11 21 09 MAX   289
2021 05 12 03 08 MIN    46
2021 05 12 09 12 MAX   254
2021 05 12 15 15 MIN    23
2021 05 12 21 42 MAX   294
2021 05 13 03 40 MIN    48
2021 05 13 09 39 MAX   252
2021 05 13 15 44 MIN    27
2021 05 13 22 14 MAX   295
2021 05 14 04 11 MIN    53
2021 05 14 10 07 MAX   247
2021 05 14 16 13 MIN    35
2021 05 14 22 47 MAX   289
2021 05 15 04 44 MIN    63
2021 05 15 10 36 MAX   238
2021 05 15 16 43 MIN    46
2021 05 15 23 22 MAX   279
2021 05 16 05 19 MIN    76
2021 05 16 11 07 MAX   226
2021 05 16 17 16 MIN    60
2021 05 16 23 59 MAX   265
2021 05 17 05 59 MIN    92
2021 05 17 11 42 MAX   210
2021 05 17 17 55 MIN    76
2021 05 18 00 43 MAX   250
2021 05 18 06 48 MIN   107
2021 05 18 12 29 MAX   194
2021 05 18 18 47 MIN    91
2021 05 19 01 39 MAX   236
2021 05 19 07 57 MIN   117
2021 05 19 13 50 MAX   182
2021 05 19 20 01 MIN   102
2021 05 20 02 57 MAX   228
2021 05 20 09 27 MIN   115
2021 05 20 15 44 MAX   187
2021 05 20 21 31 MIN   102
2021 05 21 04 19 MAX   231
2021 05 21 10 46 MIN    98
2021 05 21 17 05 MAX   208
2021 05 21 22 54 MIN    90
2021 05 22 05 26 MAX   244
2021 05 22 11 43 MIN    75
2021 05 22 18 05 MAX   237
2021 05 23 00 00 MIN    71
2021 05 23 00 00 MIN    71
2021 05 23 06 20 MAX   258
2021 05 23 12 29 MIN    49
2021 05 23 18 56 MAX   268
2021 05 24 00 55 MIN    51
2021 05 24 07 08 MAX   272
2021 05 24 13 13 MIN    25
2021 05 24 19 45 MAX   298
2021 05 25 01 45 MIN    35
2021 05 25 07 53 MAX   282
2021 05 25 13 56 MIN     7
2021 05 25 20 33 MAX   321
2021 05 26 02 33 MIN    26
2021 05 26 08 37 MAX   287
2021 05 26 14 38 MIN    -3
2021 05 26 21 20 MAX   336
2021 05 27 03 20 MIN    25
2021 05 27 09 21 MAX   285
2021 05 27 15 21 MIN    -4
2021 05 27 22 07 MAX   339
2021 05 28 04 06 MIN    32
2021 05 28 10 04 MAX   276
2021 05 28 16 05 MIN     5
2021 05 28 22 54 MAX   332
2021 05 29 04 53 MIN    46
2021 05 29 10 48 MAX   261
2021 05 29 16 49 MIN    22
2021 05 29 23 41 MAX   315
2021 05 30 05 41 MIN    64
2021 05 30 11 34 MAX   242
2021 05 30 17 35 MIN    44
2021 05 31 00 30 MAX   291
2021 05 31 06 34 MIN    83
2021 05 31 12 25 MAX   222
2021 05 31 18 25 MIN    68
2021 06 01 01 24 MAX   265
2021 06 01 07 34 MIN    99
2021 06 01 13 27 MAX   204
2021 06 01 19 22 MIN    90
2021 06 02 02 27 MAX   242
2021 06 02 08 45 MIN   107
2021 06 02 14 46 MAX   196
2021 06 02 20 30 MIN   107
2021 06 03 03 38 MAX   227
2021 06 03 10 00 MIN   105
2021 06 03 16 07 MAX   199
2021 06 03 21 50 MIN   114
2021 06 04 04 48 MAX   219
2021 06 04 11 03 MIN    96
2021 06 04 17 15 MAX   210
2021 06 04 23 08 MIN   112
2021 06 05 05 45 MAX   218
2021 06 05 11 51 MIN    84
2021 06 05 18 08 MAX   226
2021 06 06 00 09 MIN   105
2021 06 06 06 30 MAX   221
2021 06 06 12 32 MIN    72
2021 06 06 18 52 MAX   243
2021 06 07 00 57 MIN    95
2021 06 07 07 07 MAX   225
2021 06 07 13 08 MIN    61
2021 06 07 19 33 MAX   260
2021 06 08 01 38 MIN    85
2021 06 08 07 41 MAX   231
2021 06 08 13 43 MIN    51
2021 06 08 20 12 MAX   275
2021 06 09 02 15 MIN    78
2021 06 09 08 13 MAX   237
2021 06 09 14 16 MIN    45
2021 06 09 20 48 MAX   287
2021 06 10 02 50 MIN    72
2021 06 10 08 45 MAX   242
2021 06 10 14 49 MIN    42
2021 06 10 21 24 MAX   295
2021 06 11 03 24 MIN    70
2021 06 11 09 17 MAX   245
2021 06 11 15 23 MIN    41
2021 06 11 22 00 MAX   299
2021 06 12 03 58 MIN    70
2021 06 12 09 50 MAX   245
2021 06 12 15 56 MIN    44
2021 06 12 22 35 MAX   297
2021 06 13 04 33 MIN    74
2021 06 13 10 24 MAX   240
2021 06 13 16 30 MIN    50
2021 06 13 23 11 MAX   292
2021 06 14 05 11 MIN    81
2021 06 14 11 00 MAX   232
2021 06 14 17 08 MIN    59
2021 06 14 23 49 MAX   282
2021 06 15 05 51 MIN    89
2021 06 15 11 43 MAX   222
2021 06 15 17 49 MIN    69
2021 06 16 00 32 MAX   270
2021 06 16 06 38 MIN    97
2021 06 16 12 34 MAX   211
2021 06 16 18 39 MIN    81
2021 06 17 01 21 MAX   257
2021 06 17 07 34 MIN   102
2021 06 17 13 42 MAX   205
2021 06 17 19 40 MIN    92
2021 06 18 02 19 MAX   247
2021 06 18 08 40 MIN   101
2021 06 18 15 03 MAX   208
2021 06 18 20 53 MIN    99
2021 06 19 03 25 MAX   240
2021 06 19 09 49 MIN    92
2021 06 19 16 22 MAX   223
2021 06 19 22 11 MIN    99
2021 06 20 04 34 MAX   240
2021 06 20 10 52 MIN    78
2021 06 20 17 30 MAX   245
2021 06 20 23 26 MIN    91
2021 06 21 05 37 MAX   245
2021 06 21 11 48 MIN    61
2021 06 21 18 31 MAX   270
2021 06 22 00 31 MIN    80
2021 06 22 06 34 MAX   253
2021 06 22 12 40 MIN    44
2021 06 22 19 28 MAX   295
2021 06 23 01 30 MIN    68
2021 06 23 07 27 MAX   261
2021 06 23 13 31 MIN    30
2021 06 23 20 21 MAX   317
2021 06 24 02 22 MIN    58
2021 06 24 08 18 MAX   268
2021 06 24 14 21 MIN    20
2021 06 24 21 12 MAX   332
2021 06 25 03 12 MIN    51
2021 06 25 09 07 MAX   272
2021 06 25 15 09 MIN    16
2021 06 25 22 00 MAX   339
2021 06 26 03 59 MIN    50
2021 06 26 09 54 MAX   271
2021 06 26 15 56 MIN    19
2021 06 26 22 46 MAX   335
2021 06 27 04 45 MIN    55
2021 06 27 10 39 MAX   265
2021 06 27 16 41 MIN    28
2021 06 27 23 30 MAX   322
2021 06 28 05 29 MIN    64
2021 06 28 11 25 MAX   254
2021 06 28 17 24 MIN    44
2021 06 29 00 12 MAX   301
2021 06 29 06 14 MIN    76
2021 06 29 12 10 MAX   239
2021 06 29 18 07 MIN    64
2021 06 30 00 54 MAX   276
2021 06 30 07 01 MIN    88
2021 06 30 13 00 MAX   224
2021 06 30 18 50 MIN    86
2021 07 01 01 36 MAX   251
2021 07 01 07 51 MIN    99
2021 07 01 13 55 MAX   213
2021 07 01 19 38 MIN   106
2021 07 02 02 22 MAX   228
2021 07 02 08 48 MIN   106
2021 07 02 15 00 MAX   207
2021 07 02 20 37 MIN   122
2021 07 03 03 19 MAX   212
2021 07 03 09 51 MIN   106
2021 07 03 16 11 MAX   210
2021 07 03 21 54 MIN   131
2021 07 04 04 28 MAX   203
2021 07 04 10 52 MIN   102
2021 07 04 17 20 MAX   220
2021 07 04 23 19 MIN   131
2021 07 05 05 33 MAX   203
2021 07 05 11 45 MIN    94
2021 07 05 18 19 MAX   236
2021 07 06 00 27 MIN   123
2021 07 06 06 25 MAX   209
2021 07 06 12 32 MIN    84
2021 07 06 19 08 MAX   253
2021 07 07 01 18 MIN   112
2021 07 07 07 09 MAX   218
2021 07 07 13 15 MIN    75
2021 07 07 19 53 MAX   270
2021 07 08 02 00 MIN   102
2021 07 08 07 48 MAX   228
2021 07 08 13 54 MIN    66
2021 07 08 20 33 MAX   285
2021 07 09 02 37 MIN    92
2021 07 09 08 25 MAX   238
2021 07 09 14 32 MIN    57
2021 07 09 21 11 MAX   297
2021 07 10 03 13 MIN    85
2021 07 10 09 02 MAX   246
2021 07 10 15 09 MIN    51
2021 07 10 21 47 MAX   305
2021 07 11 03 47 MIN    79
2021 07 11 09 39 MAX   251
2021 07 11 15 45 MIN    46
2021 07 11 22 23 MAX   309
2021 07 12 04 22 MIN    75
2021 07 12 10 17 MAX   253
2021 07 12 16 21 MIN    45
2021 07 12 22 59 MAX   309
2021 07 13 04 59 MIN    74
2021 07 13 10 57 MAX   251
2021 07 13 16 59 MIN    48
2021 07 13 23 35 MAX   303
2021 07 14 05 37 MIN    75
2021 07 14 11 39 MAX   246
2021 07 14 17 40 MIN    56
2021 07 15 00 14 MAX   292
2021 07 15 06 18 MIN    79
2021 07 15 12 27 MAX   240
2021 07 15 18 24 MIN    69
2021 07 16 00 55 MAX   277
2021 07 16 07 03 MIN    85
2021 07 16 13 22 MAX   234
2021 07 16 19 15 MIN    85
2021 07 17 01 41 MAX   260
2021 07 17 07 55 MIN    89
2021 07 17 14 26 MAX   231
2021 07 17 20 18 MIN   102
2021 07 18 02 37 MAX   243
2021 07 18 08 56 MIN    91
2021 07 18 15 42 MAX   235
2021 07 18 21 35 MIN   115
2021 07 19 03 45 MAX   231
2021 07 19 10 04 MIN    89
2021 07 19 17 04 MAX   247
2021 07 19 23 02 MIN   118
2021 07 20 05 02 MAX   228
2021 07 20 11 14 MIN    81
2021 07 20 18 19 MAX   267
2021 07 21 00 22 MIN   109
2021 07 21 06 13 MAX   234
2021 07 21 12 21 MIN    68
2021 07 21 19 23 MAX   291
2021 07 22 01 26 MIN    95
2021 07 22 07 16 MAX   247
2021 07 22 13 20 MIN    53
2021 07 22 20 18 MAX   313
2021 07 23 02 19 MIN    78
2021 07 23 08 10 MAX   261
2021 07 23 14 15 MIN    38
2021 07 23 21 07 MAX   330
2021 07 24 03 06 MIN    64
2021 07 24 08 59 MAX   273
2021 07 24 15 03 MIN    28
2021 07 24 21 51 MAX   339
2021 07 25 03 48 MIN    55
2021 07 25 09 44 MAX   279
2021 07 25 15 47 MIN    24
2021 07 25 22 32 MAX   338
2021 07 26 04 28 MIN    52
2021 07 26 10 26 MAX   279
2021 07 26 16 26 MIN    29
2021 07 26 23 09 MAX   326
2021 07 27 05 06 MIN    56
2021 07 27 11 06 MAX   272
2021 07 27 17 03 MIN    42
2021 07 27 23 43 MAX   306
2021 07 28 05 43 MIN    65
2021 07 28 11 45 MAX   260
2021 07 28 17 38 MIN    60
2021 07 29 00 13 MAX   282
2021 07 29 06 18 MIN    77
2021 07 29 12 23 MAX   246
2021 07 29 18 12 MIN    82
2021 07 30 00 40 MAX   257
2021 07 30 06 54 MIN    91
2021 07 30 13 04 MAX   232
2021 07 30 18 47 MIN   104
2021 07 31 01 06 MAX   234
2021 07 31 07 35 MIN   103
2021 07 31 13 53 MAX   221
2021 07 31 19 31 MIN   125
2021 08 01 01 39 MAX   214
2021 08 01 08 28 MIN   114
2021 08 01 14 58 MAX   214
2021 08 01 20 36 MIN   143
2021 08 02 02 36 MAX   198
2021 08 02 09 38 MIN   119
2021 08 02 16 22 MAX   217
2021 08 02 22 19 MIN   151
2021 08 03 04 21 MAX   191
2021 08 03 10 55 MIN   116
2021 08 03 17 46 MAX   229
2021 08 04 00 08 MIN   145
2021 08 04 05 52 MAX   198
2021 08 04 12 01 MIN   108
2021 08 04 18 50 MAX   247
2021 08 05 01 09 MIN   131
2021 08 05 06 49 MAX   211
2021 08 05 12 54 MIN    95
2021 08 05 19 38 MAX   267
2021 08 06 01 50 MIN   116
2021 08 06 07 33 MAX   226
2021 08 06 13 38 MIN    80
2021 08 06 20 19 MAX   285
2021 08 07 02 25 MIN   101
2021 08 07 08 11 MAX   242
2021 08 07 14 18 MIN    65
2021 08 07 20 55 MAX   302
2021 08 08 02 58 MIN    86
2021 08 08 08 49 MAX   256
2021 08 08 14 54 MIN    50
2021 08 08 21 30 MAX   316
2021 08 09 03 31 MIN    73
2021 08 09 09 27 MAX   268
2021 08 09 15 31 MIN    38
2021 08 09 22 04 MAX   324
2021 08 10 04 04 MIN    62
2021 08 10 10 06 MAX   277
2021 08 10 16 07 MIN    32
2021 08 10 22 39 MAX   327
2021 08 11 04 38 MIN    55
2021 08 11 10 46 MAX   280
2021 08 11 16 45 MIN    33
2021 08 11 23 13 MAX   321
2021 08 12 05 13 MIN    53
2021 08 12 11 27 MAX   279
2021 08 12 17 24 MIN    43
2021 08 12 23 48 MAX   308
2021 08 13 05 50 MIN    58
2021 08 13 12 10 MAX   272
2021 08 13 18 05 MIN    61
2021 08 14 00 25 MAX   287
2021 08 14 06 29 MIN    68
2021 08 14 12 58 MAX   262
2021 08 14 18 51 MIN    86
2021 08 15 01 04 MAX   263
2021 08 15 07 14 MIN    81
2021 08 15 13 55 MAX   250
2021 08 15 19 49 MIN   113
2021 08 16 01 53 MAX   238
2021 08 16 08 10 MIN    95
2021 08 16 15 12 MAX   242
2021 08 16 21 11 MIN   135
2021 08 17 03 05 MAX   217
2021 08 17 09 27 MIN   104
2021 08 17 16 53 MAX   246
2021 08 17 23 01 MIN   140
2021 08 18 04 47 MAX   212
2021 08 18 10 59 MIN   102
2021 08 18 18 22 MAX   265
2021 08 19 00 32 MIN   125
2021 08 19 06 14 MAX   223
2021 08 19 12 20 MIN    87
2021 08 19 19 25 MAX   290
2021 08 20 01 29 MIN   103
2021 08 20 07 16 MAX   244
2021 08 20 13 21 MIN    66
2021 08 20 20 14 MAX   313
2021 08 21 02 14 MIN    80
2021 08 21 08 05 MAX   265
2021 08 21 14 10 MIN    47
2021 08 21 20 55 MAX   329
2021 08 22 02 53 MIN    62
2021 08 22 08 49 MAX   282
2021 08 22 14 53 MIN    33
2021 08 22 21 33 MAX   336
2021 08 23 03 29 MIN    49
2021 08 23 09 29 MAX   292
2021 08 23 15 30 MIN    27
2021 08 23 22 07 MAX   333
2021 08 24 04 03 MIN    43
2021 08 24 10 06 MAX   295
2021 08 24 16 05 MIN    30
2021 08 24 22 38 MAX   321
2021 08 25 04 35 MIN    45
2021 08 25 10 41 MAX   290
2021 08 25 16 36 MIN    42
2021 08 25 23 05 MAX   303
2021 08 26 05 05 MIN    53
2021 08 26 11 14 MAX   280
2021 08 26 17 06 MIN    59
2021 08 26 23 28 MAX   282
2021 08 27 05 34 MIN    65
2021 08 27 11 46 MAX   267
2021 08 27 17 35 MIN    79
2021 08 27 23 48 MAX   260
2021 08 28 06 02 MIN    80
2021 08 28 12 20 MAX   253
2021 08 28 18 05 MIN   101
2021 08 29 00 06 MAX   240
2021 08 29 06 31 MIN    96
2021 08 29 12 59 MAX   238
2021 08 29 18 42 MIN   124
2021 08 30 00 29 MAX   220
2021 08 30 07 09 MIN   113
2021 08 30 13 53 MAX   224
2021 08 30 19 35 MIN   146
2021 08 31 01 05 MAX   200
2021 08 31 08 13 MIN   128
2021 08 31 15 18 MAX   216
2021 08 31 21 17 MIN   162
2021 09 01 02 43 MAX   184
2021 09 01 09 58 MIN   133
2021 09 01 17 14 MAX   223
2021 09 02 00 06 MIN   155
2021 09 02 05 34 MAX   189
2021 09 02 11 33 MIN   124
2021 09 02 18 32 MAX   242
2021 09 03 01 02 MIN   137
2021 09 03 06 38 MAX   207
2021 09 03 12 35 MIN   107
2021 09 03 19 19 MAX   264
2021 09 04 01 35 MIN   117
2021 09 04 07 19 MAX   228
2021 09 04 13 20 MIN    86
2021 09 04 19 57 MAX   286
2021 09 05 02 05 MIN    96
2021 09 05 07 56 MAX   249
2021 09 05 13 58 MIN    63
2021 09 05 20 31 MAX   306
2021 09 06 02 35 MIN    74
2021 09 06 08 33 MAX   271
2021 09 06 14 35 MIN    43
2021 09 06 21 04 MAX   323
2021 09 07 03 05 MIN    54
2021 09 07 09 11 MAX   290
2021 09 07 15 12 MIN    27
2021 09 07 21 38 MAX   333
2021 09 08 03 38 MIN    38
2021 09 08 09 50 MAX   304
2021 09 08 15 48 MIN    19
2021 09 08 22 11 MAX   335
2021 09 09 04 11 MIN    29
2021 09 09 10 29 MAX   311
2021 09 09 16 26 MIN    22
2021 09 09 22 46 MAX   327
2021 09 10 04 45 MIN    29
2021 09 10 11 09 MAX   310
2021 09 10 17 05 MIN    36
2021 09 10 23 20 MAX   309
2021 09 11 05 20 MIN    38
2021 09 11 11 51 MAX   300
2021 09 11 17 45 MIN    61
2021 09 11 23 55 MAX   284
2021 09 12 05 57 MIN    55
2021 09 12 12 36 MAX   282
2021 09 12 18 31 MIN    92
2021 09 13 00 32 MAX   253
2021 09 13 06 39 MIN    77
2021 09 13 13 32 MAX   261
2021 09 13 19 30 MIN   125
2021 09 14 01 19 MAX   223
2021 09 14 07 35 MIN   101
2021 09 14 14 57 MAX   243
2021 09 14 21 07 MIN   148
2021 09 15 02 46 MAX   200
2021 09 15 09 06 MIN   117
2021 09 15 17 00 MAX   245
2021 09 15 23 26 MIN   143
2021 09 16 05 03 MAX   201
2021 09 16 11 05 MIN   113
2021 09 16 18 24 MAX   266
2021 09 17 00 38 MIN   119
2021 09 17 06 22 MAX   223
2021 09 17 12 24 MIN    93
2021 09 17 19 17 MAX   288
2021 09 18 01 21 MIN    94
2021 09 18 07 12 MAX   249
2021 09 18 13 16 MIN    70
2021 09 18 19 58 MAX   306
2021 09 19 01 57 MIN    70
2021 09 19 07 54 MAX   272
2021 09 19 13 57 MIN    50
2021 09 19 20 34 MAX   317
2021 09 20 02 30 MIN    51
2021 09 20 08 32 MAX   289
2021 09 20 14 34 MIN    37
2021 09 20 21 06 MAX   320
2021 09 21 03 02 MIN    38
2021 09 21 09 08 MAX   300
2021 09 21 15 08 MIN    32
2021 09 21 21 36 MAX   315
2021 09 22 03 32 MIN    32
2021 09 22 09 42 MAX   303
2021 09 22 15 39 MIN    35
2021 09 22 22 02 MAX   305
2021 09 23 04 01 MIN    33
2021 09 23 10 14 MAX   301
2021 09 23 16 08 MIN    45
2021 09 23 22 26 MAX   290
2021 09 24 04 28 MIN    40
2021 09 24 10 44 MAX   294
2021 09 24 16 37 MIN    59
2021 09 24 22 46 MAX   274
2021 09 25 04 53 MIN    52
2021 09 25 11 15 MAX   283
2021 09 25 17 05 MIN    76
2021 09 25 23 05 MAX   257
2021 09 26 05 17 MIN    68
2021 09 26 11 46 MAX   269
2021 09 26 17 35 MIN    97
2021 09 26 23 25 MAX   239
2021 09 27 05 43 MIN    86
2021 09 27 12 21 MAX   252
2021 09 27 18 10 MIN   119
2021 09 27 23 48 MAX   219
2021 09 28 06 14 MIN   105
2021 09 28 13 07 MAX   234
2021 09 28 18 57 MIN   142
2021 09 29 00 17 MAX   199
2021 09 29 07 03 MIN   125
2021 09 29 14 19 MAX   219
2021 09 29 20 27 MIN   160
2021 09 30 01 23 MAX   178
2021 09 30 08 50 MIN   138
2021 09 30 16 28 MAX   218
2021 09 30 23 48 MIN   153
2021 10 01 05 16 MAX   181
2021 10 01 10 56 MIN   131
2021 10 01 17 58 MAX   235
2021 10 02 00 37 MIN   131
2021 10 02 06 18 MAX   203
2021 10 02 12 06 MIN   110
2021 10 02 18 46 MAX   257
2021 10 03 01 05 MIN   107
2021 10 03 06 57 MAX   229
2021 10 03 12 53 MIN    84
2021 10 03 19 24 MAX   280
2021 10 04 01 34 MIN    81
2021 10 04 07 34 MAX   256
2021 10 04 13 33 MIN    58
2021 10 04 19 58 MAX   301
2021 10 05 02 04 MIN    55
2021 10 05 08 12 MAX   283
2021 10 05 14 11 MIN    35
2021 10 05 20 32 MAX   318
2021 10 06 02 35 MIN    31
2021 10 06 08 50 MAX   308
2021 10 06 14 49 MIN    18
2021 10 06 21 07 MAX   327
2021 10 07 03 08 MIN    13
2021 10 07 09 30 MAX   325
2021 10 07 15 28 MIN    12
2021 10 07 21 43 MAX   328
2021 10 08 03 42 MIN     5
2021 10 08 10 10 MAX   333
2021 10 08 16 08 MIN    17
2021 10 08 22 18 MAX   317
2021 10 09 04 17 MIN     8
2021 10 09 10 51 MAX   330
2021 10 09 16 48 MIN    35
2021 10 09 22 54 MAX   296
2021 10 10 04 53 MIN    22
2021 10 10 11 34 MAX   315
2021 10 10 17 31 MIN    63
2021 10 10 23 31 MAX   269
2021 10 11 05 31 MIN    45
2021 10 11 12 22 MAX   292
2021 10 11 18 20 MIN    95
2021 10 12 00 11 MAX   237
2021 10 12 06 16 MIN    73
2021 10 12 13 20 MAX   265
2021 10 12 19 26 MIN   126
2021 10 13 01 05 MAX   207
2021 10 13 07 17 MIN   101
2021 10 13 14 53 MAX   244
2021 10 13 21 20 MIN   141
2021 10 14 02 58 MAX   188
2021 10 14 09 02 MIN   118
2021 10 14 16 50 MAX   244
2021 10 14 23 22 MIN   127
2021 10 15 05 07 MAX   199
2021 10 15 11 00 MIN   112
2021 10 15 18 04 MAX   259
2021 10 16 00 19 MIN   103
2021 10 16 06 12 MAX   223
2021 10 16 12 12 MIN    92
2021 10 16 18 53 MAX   273
2021 10 17 00 57 MIN    79
2021 10 17 06 56 MAX   248
2021 10 17 12 59 MIN    73
2021 10 17 19 31 MAX   284
2021 10 18 01 30 MIN    58
2021 10 18 07 35 MAX   269
2021 10 18 13 38 MIN    57
2021 10 18 20 04 MAX   289
2021 10 19 02 01 MIN    41
2021 10 19 08 10 MAX   285
2021 10 19 14 12 MIN    46
2021 10 19 20 34 MAX   290
2021 10 20 02 31 MIN    30
2021 10 20 08 45 MAX   296
2021 10 20 14 44 MIN    42
2021 10 20 21 02 MAX   286
2021 10 21 03 00 MIN    25
2021 10 21 09 17 MAX   302
2021 10 21 15 15 MIN    43
2021 10 21 21 27 MAX   279
2021 10 22 03 28 MIN    25
2021 10 22 09 49 MAX   303
2021 10 22 15 45 MIN    49
2021 10 22 21 51 MAX   271
2021 10 23 03 54 MIN    31
2021 10 23 10 20 MAX   298
2021 10 23 16 14 MIN    59
2021 10 23 22 13 MAX   260
2021 10 24 04 20 MIN    41
2021 10 24 10 50 MAX   290
2021 10 24 16 44 MIN    72
2021 10 24 22 36 MAX   247
2021 10 25 04 46 MIN    56
2021 10 25 11 22 MAX   276
2021 10 25 17 16 MIN    89
2021 10 25 23 00 MAX   231
2021 10 26 05 13 MIN    73
2021 10 26 11 57 MAX   259
2021 10 26 17 52 MIN   109
2021 10 26 23 27 MAX   213
2021 10 27 05 45 MIN    92
2021 10 27 12 39 MAX   241
2021 10 27 18 38 MIN   129
2021 10 28 00 00 MAX   193
2021 10 28 00 00 MAX   193
2021 10 28 06 31 MIN   111
2021 10 28 13 39 MAX   223
2021 10 28 19 56 MIN   144
2021 10 29 01 09 MAX   173
2021 10 29 07 57 MIN   126
2021 10 29 15 23 MAX   216
2021 10 29 22 25 MIN   141
2021 10 30 04 22 MAX   174
2021 10 30 09 58 MIN   124
2021 10 30 17 01 MAX   226
2021 10 30 23 42 MIN   119
2021 10 31 05 39 MAX   197
2021 10 31 11 21 MIN   105
2021 10 31 17 59 MAX   244
2021 11 01 00 20 MIN    93
2021 11 01 06 25 MAX   226
2021 11 01 12 17 MIN    81
2021 11 01 18 42 MAX   264
2021 11 02 00 53 MIN    65
2021 11 02 07 06 MAX   257
2021 11 02 13 03 MIN    55
2021 11 02 19 21 MAX   283
2021 11 03 01 27 MIN    37
2021 11 03 07 47 MAX   288
2021 11 03 13 46 MIN    33
2021 11 03 19 59 MAX   297
2021 11 04 02 02 MIN    13
2021 11 04 08 29 MAX   314
2021 11 04 14 28 MIN    19
2021 11 04 20 38 MAX   305
2021 11 05 02 38 MIN    -3
2021 11 05 09 11 MAX   333
2021 11 05 15 10 MIN    14
2021 11 05 21 16 MAX   305
2021 11 06 03 16 MIN   -10
2021 11 06 09 54 MAX   341
2021 11 06 15 53 MIN    20
2021 11 06 21 55 MAX   295
2021 11 07 03 55 MIN    -5
2021 11 07 10 38 MAX   336
2021 11 07 16 37 MIN    36
2021 11 07 22 35 MAX   276
2021 11 08 04 35 MIN    11
2021 11 08 11 24 MAX   320
2021 11 08 17 24 MIN    59
2021 11 08 23 17 MAX   252
2021 11 09 05 19 MIN    35
2021 11 09 12 14 MAX   296
2021 11 09 18 17 MIN    86
2021 11 10 00 04 MAX   225
2021 11 10 06 08 MIN    63
2021 11 10 13 14 MAX   268
2021 11 10 19 24 MIN   108
2021 11 11 01 09 MAX   200
2021 11 11 07 12 MIN    89
2021 11 11 14 34 MAX   245
2021 11 11 20 58 MIN   117
2021 11 12 02 51 MAX   187
2021 11 12 08 42 MIN   106
2021 11 12 16 09 MAX   236
2021 11 12 22 36 MIN   108
2021 11 13 04 35 MAX   196
2021 11 13 10 23 MIN   106
2021 11 13 17 23 MAX   238
2021 11 13 23 39 MIN    90
2021 11 14 05 42 MAX   215
2021 11 14 11 39 MIN    95
2021 11 14 18 16 MAX   243
2021 11 15 00 21 MIN    71
2021 11 15 06 29 MAX   235
2021 11 15 12 31 MIN    82
2021 11 15 18 57 MAX   247
2021 11 16 00 57 MIN    54
2021 11 16 07 10 MAX   253
2021 11 16 13 13 MIN    70
2021 11 16 19 31 MAX   250
2021 11 17 01 29 MIN    40
2021 11 17 07 47 MAX   269
2021 11 17 13 49 MIN    60
2021 11 17 20 02 MAX   252
2021 11 18 02 00 MIN    30
2021 11 18 08 22 MAX   282
2021 11 18 14 23 MIN    54
2021 11 18 20 30 MAX   252
2021 11 19 02 31 MIN    24
2021 11 19 08 56 MAX   291
2021 11 19 14 56 MIN    51
2021 11 19 20 58 MAX   251
2021 11 20 03 00 MIN    22
2021 11 20 09 29 MAX   295
2021 11 20 15 27 MIN    52
2021 11 20 21 24 MAX   249
2021 11 21 03 30 MIN    25
2021 11 21 10 02 MAX   295
2021 11 21 15 59 MIN    57
2021 11 21 21 51 MAX   244
2021 11 22 03 59 MIN    33
2021 11 22 10 34 MAX   289
2021 11 22 16 31 MIN    66
2021 11 22 22 19 MAX   236
2021 11 23 04 28 MIN    43
2021 11 23 11 08 MAX   279
2021 11 23 17 05 MIN    77
2021 11 23 22 49 MAX   224
2021 11 24 05 00 MIN    57
2021 11 24 11 43 MAX   264
2021 11 24 17 43 MIN    91
2021 11 24 23 23 MAX   208
2021 11 25 05 36 MIN    72
2021 11 25 12 23 MAX   248
2021 11 25 18 28 MIN   105
2021 11 26 00 04 MAX   191
2021 11 26 06 22 MIN    87
2021 11 26 13 14 MAX   232
2021 11 26 19 30 MIN   115
2021 11 27 01 14 MAX   176
2021 11 27 07 28 MIN   100
2021 11 27 14 25 MAX   220
2021 11 27 20 57 MIN   116
2021 11 28 03 11 MAX   175
2021 11 28 08 57 MIN   105
2021 11 28 15 48 MAX   219
2021 11 28 22 23 MIN   102
2021 11 29 04 43 MAX   192
2021 11 29 10 25 MIN    97
2021 11 29 16 59 MAX   228
2021 11 29 23 21 MIN    80
2021 11 30 05 44 MAX   219
2021 11 30 11 36 MIN    80
2021 11 30 17 54 MAX   241
2021 12 01 00 07 MIN    55
2021 12 01 06 36 MAX   250
2021 12 01 12 33 MIN    60
2021 12 01 18 43 MAX   254
2021 12 02 00 50 MIN    30
2021 12 02 07 24 MAX   281
2021 12 02 13 23 MIN    42
2021 12 02 19 28 MAX   266
2021 12 03 01 32 MIN     9
2021 12 03 08 11 MAX   307
2021 12 03 14 12 MIN    29
2021 12 03 20 13 MAX   274
2021 12 04 02 15 MIN    -6
2021 12 04 08 58 MAX   327
2021 12 04 14 58 MIN    22
2021 12 04 20 57 MAX   277
2021 12 05 02 58 MIN   -13
2021 12 05 09 45 MAX   336
2021 12 05 15 45 MIN    23
2021 12 05 21 41 MAX   273
2021 12 06 03 42 MIN   -11
2021 12 06 10 32 MAX   334
2021 12 06 16 32 MIN    31
2021 12 06 22 26 MAX   263
2021 12 07 04 28 MIN     0
2021 12 07 11 19 MAX   321
2021 12 07 17 19 MIN    45
2021 12 07 23 12 MAX   246
2021 12 08 05 14 MIN    19
2021 12 08 12 07 MAX   300
2021 12 08 18 10 MIN    62
2021 12 09 00 03 MAX   227
2021 12 09 06 03 MIN    41
2021 12 09 12 59 MAX   274
2021 12 09 19 06 MIN    77
2021 12 10 01 01 MAX   208
2021 12 10 06 56 MIN    65
2021 12 10 13 56 MAX   247
2021 12 10 20 11 MIN    88
2021 12 11 02 13 MAX   194
2021 12 11 07 59 MIN    86
2021 12 11 15 03 MAX   225
2021 12 11 21 25 MIN    91
2021 12 12 03 34 MAX   191
2021 12 12 09 16 MIN   100
2021 12 12 16 16 MAX   211
2021 12 12 22 35 MIN    85
2021 12 13 04 50 MAX   199
2021 12 13 10 41 MIN   103
2021 12 13 17 22 MAX   206
2021 12 13 23 31 MIN    73
2021 12 14 05 52 MAX   213
2021 12 14 11 53 MIN    97
2021 12 14 18 14 MAX   207
2021 12 15 00 17 MIN    61
2021 12 15 06 41 MAX   230
2021 12 15 12 47 MIN    87
2021 12 15 18 56 MAX   211
2021 12 16 00 56 MIN    49
2021 12 16 07 25 MAX   247
2021 12 16 13 30 MIN    76
2021 12 16 19 32 MAX   216
2021 12 17 01 33 MIN    38
2021 12 17 08 04 MAX   263
2021 12 17 14 08 MIN    67
2021 12 17 20 05 MAX   223
2021 12 18 02 08 MIN    30
2021 12 18 08 41 MAX   276
2021 12 18 14 43 MIN    59
2021 12 18 20 37 MAX   229
2021 12 19 02 42 MIN    25
2021 12 19 09 16 MAX   284
2021 12 19 15 17 MIN    55
2021 12 19 21 08 MAX   233
2021 12 20 03 15 MIN    23
2021 12 20 09 50 MAX   289
2021 12 20 15 50 MIN    53
2021 12 20 21 40 MAX   235
2021 12 21 03 48 MIN    23
2021 12 21 10 24 MAX   288
2021 12 21 16 23 MIN    54
2021 12 21 22 12 MAX   232
2021 12 22 04 21 MIN    27
2021 12 22 10 58 MAX   283
2021 12 22 16 57 MIN    59
2021 12 22 22 47 MAX   225
2021 12 23 04 55 MIN    34
2021 12 23 11 33 MAX   273
2021 12 23 17 34 MIN    65
2021 12 23 23 25 MAX   215
2021 12 24 05 32 MIN    44
2021 12 24 12 10 MAX   261
2021 12 24 18 14 MIN    73
2021 12 25 00 09 MAX   203
2021 12 25 06 14 MIN    56
2021 12 25 12 52 MAX   246
2021 12 25 19 01 MIN    80
2021 12 26 01 04 MAX   193
2021 12 26 07 05 MIN    70
2021 12 26 13 41 MAX   232
2021 12 26 19 58 MIN    83
2021 12 27 02 17 MAX   189
2021 12 27 08 10 MIN    82
2021 12 27 14 42 MAX   220
2021 12 27 21 06 MIN    80
2021 12 28 03 40 MAX   195
2021 12 28 09 30 MIN    88
2021 12 28 15 53 MAX   214
2021 12 28 22 16 MIN    70
2021 12 29 04 59 MAX   213
2021 12 29 10 53 MIN    86
2021 12 29 17 04 MAX   215
2021 12 29 23 18 MIN    55
2021 12 30 06 07 MAX   238
2021 12 30 12 07 MIN    75
2021 12 30 18 08 MAX   223
2021 12 31 00 16 MIN    37
2021 12 31 07 07 MAX   266
2021 12 31 13 09 MIN    59
2021 12 31 19 05 MAX   235
