 <API - 조위예측극치자료>

대상조위관측소 : 서천마량
위도(WGS84) : N 126.4953
경도(WGS84) : E 36.1289
관측기관 : 20201221 ~ 20220101

2020 12 21 02 11 MIN   173
2020 12 21 07 38 MAX   494
2020 12 21 14 00 MIN   155
2020 12 21 20 13 MAX   547
2020 12 22 02 59 MIN   195
2020 12 22 08 36 MAX   470
2020 12 22 14 55 MIN   198
2020 12 22 21 08 MAX   510
2020 12 23 03 57 MIN   207
2020 12 23 09 46 MAX   458
2020 12 23 16 06 MIN   230
2020 12 23 22 13 MAX   482
2020 12 24 05 02 MIN   204
2020 12 24 11 05 MAX   465
2020 12 24 17 31 MIN   240
2020 12 24 23 22 MAX   472
2020 12 25 06 05 MIN   185
2020 12 25 12 18 MAX   493
2020 12 25 18 45 MIN   227
2020 12 26 00 24 MAX   478
2020 12 26 06 56 MIN   156
2020 12 26 13 13 MAX   530
2020 12 26 19 40 MIN   202
2020 12 27 01 14 MAX   494
2020 12 27 07 40 MIN   125
2020 12 27 13 56 MAX   566
2020 12 27 20 25 MIN   176
2020 12 28 01 57 MAX   511
2020 12 28 08 20 MIN    97
2020 12 28 14 34 MAX   596
2020 12 28 21 05 MIN   152
2020 12 29 02 34 MAX   528
2020 12 29 08 58 MIN    73
2020 12 29 15 08 MAX   619
2020 12 29 21 44 MIN   133
2020 12 30 03 09 MAX   541
2020 12 30 09 36 MIN    56
2020 12 30 15 42 MAX   635
2020 12 30 22 22 MIN   120
2020 12 31 03 44 MAX   550
2020 12 31 10 14 MIN    44
2020 12 31 16 16 MAX   645
2020 12 31 23 00 MIN   112
2021 01 01 04 18 MAX   555
2021 01 01 10 53 MIN    39
2021 01 01 16 50 MAX   650
2021 01 01 23 38 MIN   109
2021 01 02 04 53 MAX   557
2021 01 02 11 31 MIN    41
2021 01 02 17 27 MAX   649
2021 01 03 00 17 MIN   111
2021 01 03 05 31 MAX   556
2021 01 03 12 11 MIN    50
2021 01 03 18 05 MAX   640
2021 01 04 00 57 MIN   116
2021 01 04 06 14 MAX   550
2021 01 04 12 52 MIN    69
2021 01 04 18 48 MAX   623
2021 01 05 01 39 MIN   124
2021 01 05 07 03 MAX   540
2021 01 05 13 38 MIN    98
2021 01 05 19 35 MAX   598
2021 01 06 02 25 MIN   134
2021 01 06 07 59 MAX   528
2021 01 06 14 32 MIN   134
2021 01 06 20 29 MAX   566
2021 01 07 03 20 MIN   141
2021 01 07 09 06 MAX   519
2021 01 07 15 39 MIN   170
2021 01 07 21 32 MAX   535
2021 01 08 04 24 MIN   140
2021 01 08 10 22 MAX   522
2021 01 08 17 04 MIN   191
2021 01 08 22 44 MAX   513
2021 01 09 05 37 MIN   126
2021 01 09 11 43 MAX   545
2021 01 09 18 33 MIN   184
2021 01 09 23 58 MAX   509
2021 01 10 06 47 MIN    99
2021 01 10 12 56 MAX   582
2021 01 10 19 46 MIN   158
2021 01 11 01 06 MAX   521
2021 01 11 07 49 MIN    68
2021 01 11 13 57 MAX   621
2021 01 11 20 46 MIN   128
2021 01 12 02 04 MAX   539
2021 01 12 08 45 MIN    40
2021 01 12 14 50 MAX   651
2021 01 12 21 39 MIN   103
2021 01 13 02 55 MAX   556
2021 01 13 09 35 MIN    21
2021 01 13 15 37 MAX   669
2021 01 13 22 26 MIN    87
2021 01 14 03 41 MAX   569
2021 01 14 10 22 MIN    12
2021 01 14 16 20 MAX   674
2021 01 14 23 09 MIN    81
2021 01 15 04 24 MAX   575
2021 01 15 11 04 MIN    14
2021 01 15 17 01 MAX   669
2021 01 15 23 48 MIN    84
2021 01 16 05 05 MAX   575
2021 01 16 11 43 MIN    27
2021 01 16 17 39 MAX   653
2021 01 17 00 25 MIN    95
2021 01 17 05 45 MAX   567
2021 01 17 12 19 MIN    51
2021 01 17 18 15 MAX   630
2021 01 18 00 59 MIN   111
2021 01 18 06 24 MAX   553
2021 01 18 12 53 MIN    84
2021 01 18 18 50 MAX   599
2021 01 19 01 30 MIN   130
2021 01 19 07 03 MAX   532
2021 01 19 13 26 MIN   124
2021 01 19 19 25 MAX   563
2021 01 20 02 03 MIN   151
2021 01 20 07 47 MAX   507
2021 01 20 14 04 MIN   169
2021 01 20 20 04 MAX   522
2021 01 21 02 40 MIN   172
2021 01 21 08 38 MAX   482
2021 01 21 14 52 MIN   215
2021 01 21 20 50 MAX   480
2021 01 22 03 29 MIN   189
2021 01 22 09 43 MAX   462
2021 01 22 16 00 MIN   252
2021 01 22 21 52 MAX   445
2021 01 23 04 35 MIN   197
2021 01 23 11 07 MAX   462
2021 01 23 17 35 MIN   264
2021 01 23 23 13 MAX   429
2021 01 24 05 49 MIN   186
2021 01 24 12 27 MAX   487
2021 01 24 18 58 MIN   244
2021 01 25 00 29 MAX   439
2021 01 25 06 54 MIN   159
2021 01 25 13 26 MAX   524
2021 01 25 19 58 MIN   211
2021 01 26 01 27 MAX   464
2021 01 26 07 48 MIN   125
2021 01 26 14 11 MAX   562
2021 01 26 20 45 MIN   175
2021 01 27 02 12 MAX   494
2021 01 27 08 36 MIN    90
2021 01 27 14 50 MAX   597
2021 01 27 21 28 MIN   142
2021 01 28 02 52 MAX   524
2021 01 28 09 20 MIN    58
2021 01 28 15 26 MAX   626
2021 01 28 22 08 MIN   113
2021 01 29 03 29 MAX   550
2021 01 29 10 04 MIN    32
2021 01 29 16 02 MAX   648
2021 01 29 22 48 MIN    89
2021 01 30 04 06 MAX   572
2021 01 30 10 45 MIN    14
2021 01 30 16 38 MAX   662
2021 01 30 23 26 MIN    72
2021 01 31 04 43 MAX   589
2021 01 31 11 26 MIN     6
2021 01 31 17 14 MAX   667
2021 02 01 00 04 MIN    61
2021 02 01 05 22 MAX   599
2021 02 01 12 06 MIN    11
2021 02 01 17 51 MAX   661
2021 02 02 00 40 MIN    59
2021 02 02 06 03 MAX   601
2021 02 02 12 46 MIN    32
2021 02 02 18 29 MAX   642
2021 02 03 01 18 MIN    66
2021 02 03 06 48 MAX   592
2021 02 03 13 28 MIN    69
2021 02 03 19 10 MAX   610
2021 02 04 01 57 MIN    81
2021 02 04 07 38 MAX   573
2021 02 04 14 15 MIN   118
2021 02 04 19 57 MAX   566
2021 02 05 02 43 MIN   104
2021 02 05 08 37 MAX   547
2021 02 05 15 13 MIN   173
2021 02 05 20 52 MAX   516
2021 02 06 03 40 MIN   129
2021 02 06 09 50 MAX   523
2021 02 06 16 35 MIN   216
2021 02 06 22 05 MAX   472
2021 02 07 04 57 MIN   143
2021 02 07 11 20 MAX   520
2021 02 07 18 17 MIN   221
2021 02 07 23 35 MAX   456
2021 02 08 06 24 MIN   133
2021 02 08 12 49 MAX   546
2021 02 08 19 41 MIN   190
2021 02 09 00 58 MAX   473
2021 02 09 07 39 MIN   103
2021 02 09 13 56 MAX   585
2021 02 09 20 43 MIN   148
2021 02 10 02 03 MAX   507
2021 02 10 08 40 MIN    67
2021 02 10 14 48 MAX   620
2021 02 10 21 34 MIN   111
2021 02 11 02 53 MAX   542
2021 02 11 09 31 MIN    37
2021 02 11 15 32 MAX   645
2021 02 11 22 16 MIN    83
2021 02 12 03 36 MAX   571
2021 02 12 10 15 MIN    18
2021 02 12 16 10 MAX   657
2021 02 12 22 54 MIN    68
2021 02 13 04 15 MAX   589
2021 02 13 10 54 MIN    13
2021 02 13 16 44 MAX   657
2021 02 13 23 28 MIN    64
2021 02 14 04 50 MAX   598
2021 02 14 11 28 MIN    21
2021 02 14 17 16 MAX   648
2021 02 14 23 58 MIN    68
2021 02 15 05 24 MAX   598
2021 02 15 11 59 MIN    41
2021 02 15 17 45 MAX   631
2021 02 16 00 25 MIN    78
2021 02 16 05 57 MAX   589
2021 02 16 12 28 MIN    69
2021 02 16 18 14 MAX   607
2021 02 17 00 50 MIN    92
2021 02 17 06 31 MAX   573
2021 02 17 12 56 MIN   105
2021 02 17 18 43 MAX   574
2021 02 18 01 15 MIN   109
2021 02 18 07 05 MAX   549
2021 02 18 13 26 MIN   147
2021 02 18 19 12 MAX   535
2021 02 19 01 44 MIN   132
2021 02 19 07 45 MAX   519
2021 02 19 14 02 MIN   194
2021 02 19 19 47 MAX   491
2021 02 20 02 20 MIN   160
2021 02 20 08 34 MAX   487
2021 02 20 14 52 MIN   242
2021 02 20 20 32 MAX   445
2021 02 21 03 11 MIN   188
2021 02 21 09 47 MAX   461
2021 02 21 16 15 MIN   276
2021 02 21 21 49 MAX   407
2021 02 22 04 32 MIN   205
2021 02 22 11 27 MAX   463
2021 02 22 18 10 MIN   272
2021 02 22 23 38 MAX   403
2021 02 23 06 04 MIN   191
2021 02 23 12 50 MAX   496
2021 02 23 19 32 MIN   234
2021 02 24 00 57 MAX   434
2021 02 24 07 18 MIN   153
2021 02 24 13 46 MAX   542
2021 02 24 20 26 MIN   186
2021 02 25 01 50 MAX   479
2021 02 25 08 16 MIN   106
2021 02 25 14 28 MAX   588
2021 02 25 21 10 MIN   138
2021 02 26 02 33 MAX   527
2021 02 26 09 06 MIN    59
2021 02 26 15 07 MAX   628
2021 02 26 21 50 MIN    95
2021 02 27 03 13 MAX   571
2021 02 27 09 51 MIN    20
2021 02 27 15 43 MAX   658
2021 02 27 22 29 MIN    58
2021 02 28 03 50 MAX   609
2021 02 28 10 34 MIN    -8
2021 02 28 16 19 MAX   677
2021 02 28 23 06 MIN    30
2021 03 01 04 29 MAX   636
2021 03 01 11 15 MIN   -19
2021 03 01 16 54 MAX   682
2021 03 01 23 42 MIN    13
2021 03 02 05 08 MAX   652
2021 03 02 11 55 MIN   -10
2021 03 02 17 30 MAX   672
2021 03 03 00 18 MIN    10
2021 03 03 05 49 MAX   654
2021 03 03 12 35 MIN    18
2021 03 03 18 07 MAX   646
2021 03 04 00 54 MIN    22
2021 03 04 06 33 MAX   639
2021 03 04 13 15 MIN    64
2021 03 04 18 46 MAX   605
2021 03 05 01 30 MIN    48
2021 03 05 07 20 MAX   608
2021 03 05 13 59 MIN   124
2021 03 05 19 29 MAX   552
2021 03 06 02 12 MIN    87
2021 03 06 08 15 MAX   566
2021 03 06 14 54 MIN   188
2021 03 06 20 22 MAX   493
2021 03 07 03 05 MIN   133
2021 03 07 09 27 MAX   523
2021 03 07 16 17 MIN   238
2021 03 07 21 38 MAX   440
2021 03 08 04 28 MIN   168
2021 03 08 11 09 MAX   505
2021 03 08 18 12 MIN   240
2021 03 08 23 27 MAX   425
2021 03 09 06 12 MIN   166
2021 03 09 12 47 MAX   529
2021 03 09 19 38 MIN   198
2021 03 10 01 00 MAX   458
2021 03 10 07 36 MIN   129
2021 03 10 13 54 MAX   569
2021 03 10 20 35 MIN   148
2021 03 11 02 02 MAX   507
2021 03 11 08 35 MIN    85
2021 03 11 14 40 MAX   605
2021 03 11 21 19 MIN   105
2021 03 12 02 47 MAX   554
2021 03 12 09 22 MIN    50
2021 03 12 15 17 MAX   630
2021 03 12 21 57 MIN    75
2021 03 13 03 25 MAX   590
2021 03 13 10 01 MIN    30
2021 03 13 15 50 MAX   643
2021 03 13 22 30 MIN    58
2021 03 14 03 59 MAX   613
2021 03 14 10 36 MIN    26
2021 03 14 16 19 MAX   645
2021 03 14 23 00 MIN    51
2021 03 15 04 30 MAX   625
2021 03 15 11 07 MIN    33
2021 03 15 16 47 MAX   638
2021 03 15 23 26 MIN    52
2021 03 16 05 01 MAX   627
2021 03 16 11 36 MIN    50
2021 03 16 17 13 MAX   624
2021 03 16 23 50 MIN    57
2021 03 17 05 31 MAX   621
2021 03 17 12 03 MIN    74
2021 03 17 17 39 MAX   603
2021 03 18 00 13 MIN    67
2021 03 18 06 00 MAX   608
2021 03 18 12 30 MIN   105
2021 03 18 18 06 MAX   575
2021 03 19 00 36 MIN    83
2021 03 19 06 31 MAX   586
2021 03 19 12 58 MIN   141
2021 03 19 18 33 MAX   541
2021 03 20 01 03 MIN   107
2021 03 20 07 05 MAX   557
2021 03 20 13 31 MIN   184
2021 03 20 19 04 MAX   500
2021 03 21 01 34 MIN   138
2021 03 21 07 48 MAX   522
2021 03 21 14 14 MIN   230
2021 03 21 19 44 MAX   455
2021 03 22 02 17 MIN   175
2021 03 22 08 47 MAX   487
2021 03 22 15 21 MIN   271
2021 03 22 20 48 MAX   412
2021 03 23 03 26 MIN   207
2021 03 23 10 22 MAX   470
2021 03 23 17 17 MIN   280
2021 03 23 22 42 MAX   396
2021 03 24 05 12 MIN   211
2021 03 24 12 03 MAX   492
2021 03 24 18 57 MIN   242
2021 03 25 00 21 MAX   429
2021 03 25 06 45 MIN   174
2021 03 25 13 09 MAX   539
2021 03 25 19 57 MIN   187
2021 03 26 01 22 MAX   487
2021 03 26 07 53 MIN   120
2021 03 26 13 57 MAX   590
2021 03 26 20 42 MIN   129
2021 03 27 02 09 MAX   549
2021 03 27 08 46 MIN    66
2021 03 27 14 37 MAX   633
2021 03 27 21 23 MIN    76
2021 03 28 02 50 MAX   606
2021 03 28 09 33 MIN    21
2021 03 28 15 15 MAX   665
2021 03 28 22 02 MIN    32
2021 03 29 03 30 MAX   654
2021 03 29 10 17 MIN    -7
2021 03 29 15 52 MAX   681
2021 03 29 22 40 MIN     0
2021 03 30 04 10 MAX   686
2021 03 30 10 59 MIN   -15
2021 03 30 16 29 MAX   681
2021 03 30 23 17 MIN   -16
2021 03 31 04 51 MAX   701
2021 03 31 11 40 MIN    -2
2021 03 31 17 06 MAX   664
2021 03 31 23 53 MIN   -15
2021 04 01 05 33 MAX   696
2021 04 01 12 20 MIN    32
2021 04 01 17 44 MAX   632
2021 04 02 00 29 MIN     5
2021 04 02 06 17 MAX   673
2021 04 02 13 02 MIN    82
2021 04 02 18 25 MAX   587
2021 04 03 01 06 MIN    42
2021 04 03 07 05 MAX   632
2021 04 03 13 47 MIN   143
2021 04 03 19 09 MAX   533
2021 04 04 01 48 MIN    92
2021 04 04 08 00 MAX   581
2021 04 04 14 44 MIN   203
2021 04 04 20 06 MAX   476
2021 04 05 02 43 MIN   147
2021 04 05 09 14 MAX   532
2021 04 05 16 10 MIN   245
2021 04 05 21 29 MAX   431
2021 04 06 04 11 MIN   189
2021 04 06 10 56 MAX   510
2021 04 06 18 00 MIN   238
2021 04 06 23 22 MAX   429
2021 04 07 06 01 MIN   188
2021 04 07 12 30 MAX   528
2021 04 07 19 18 MIN   195
2021 04 08 00 50 MAX   471
2021 04 08 07 22 MIN   151
2021 04 08 13 32 MAX   562
2021 04 08 20 11 MIN   147
2021 04 09 01 47 MAX   525
2021 04 09 08 18 MIN   110
2021 04 09 14 16 MAX   592
2021 04 09 20 52 MIN   107
2021 04 10 02 29 MAX   573
2021 04 10 09 02 MIN    79
2021 04 10 14 51 MAX   612
2021 04 10 21 27 MIN    79
2021 04 11 03 05 MAX   609
2021 04 11 09 40 MIN    63
2021 04 11 15 22 MAX   623
2021 04 11 21 58 MIN    62
2021 04 12 03 37 MAX   633
2021 04 12 10 12 MIN    60
2021 04 12 15 49 MAX   624
2021 04 12 22 25 MIN    54
2021 04 13 04 07 MAX   646
2021 04 13 10 43 MIN    66
2021 04 13 16 16 MAX   619
2021 04 13 22 51 MIN    52
2021 04 14 04 36 MAX   649
2021 04 14 11 11 MIN    78
2021 04 14 16 42 MAX   608
2021 04 14 23 15 MIN    55
2021 04 15 05 05 MAX   645
2021 04 15 11 39 MIN    96
2021 04 15 17 09 MAX   591
2021 04 15 23 40 MIN    63
2021 04 16 05 34 MAX   634
2021 04 16 12 08 MIN   119
2021 04 16 17 36 MAX   568
2021 04 17 00 05 MIN    79
2021 04 17 06 04 MAX   616
2021 04 17 12 38 MIN   149
2021 04 17 18 05 MAX   539
2021 04 18 00 33 MIN   102
2021 04 18 06 38 MAX   591
2021 04 18 13 12 MIN   184
2021 04 18 18 38 MAX   505
2021 04 19 01 04 MIN   132
2021 04 19 07 18 MAX   560
2021 04 19 13 54 MIN   222
2021 04 19 19 19 MAX   468
2021 04 20 01 45 MIN   167
2021 04 20 08 13 MAX   527
2021 04 20 14 54 MIN   256
2021 04 20 20 22 MAX   434
2021 04 21 02 48 MIN   201
2021 04 21 09 34 MAX   504
2021 04 21 16 30 MIN   266
2021 04 21 22 00 MAX   421
2021 04 22 04 25 MIN   214
2021 04 22 11 07 MAX   513
2021 04 22 18 07 MIN   236
2021 04 22 23 36 MAX   453
2021 04 23 06 07 MIN   188
2021 04 23 12 21 MAX   549
2021 04 23 19 14 MIN   182
2021 04 24 00 45 MAX   513
2021 04 24 07 22 MIN   139
2021 04 24 13 15 MAX   593
2021 04 24 20 04 MIN   122
2021 04 25 01 38 MAX   581
2021 04 25 08 20 MIN    87
2021 04 25 14 00 MAX   631
2021 04 25 20 48 MIN    68
2021 04 26 02 23 MAX   643
2021 04 26 09 10 MIN    47
2021 04 26 14 42 MAX   657
2021 04 26 21 30 MIN    23
2021 04 27 03 07 MAX   692
2021 04 27 09 57 MIN    23
2021 04 27 15 22 MAX   667
2021 04 27 22 10 MIN    -6
2021 04 28 03 50 MAX   722
2021 04 28 10 41 MIN    19
2021 04 28 16 02 MAX   661
2021 04 28 22 49 MIN   -18
2021 04 29 04 33 MAX   731
2021 04 29 11 24 MIN    33
2021 04 29 16 43 MAX   642
2021 04 29 23 28 MIN   -11
2021 04 30 05 18 MAX   720
2021 04 30 12 07 MIN    65
2021 04 30 17 25 MAX   611
2021 05 01 00 07 MIN    14
2021 05 01 06 04 MAX   692
2021 05 01 12 51 MIN   108
2021 05 01 18 10 MAX   571
2021 05 02 00 47 MIN    54
2021 05 02 06 53 MAX   650
2021 05 02 13 39 MIN   157
2021 05 02 18 59 MAX   526
2021 05 03 01 32 MIN   105
2021 05 03 07 50 MAX   601
2021 05 03 14 38 MIN   203
2021 05 03 19 59 MAX   483
2021 05 04 02 30 MIN   159
2021 05 04 08 59 MAX   555
2021 05 04 15 54 MIN   232
2021 05 04 21 20 MAX   453
2021 05 05 03 52 MIN   200
2021 05 05 10 25 MAX   530
2021 05 05 17 24 MIN   228
2021 05 05 22 56 MAX   456
2021 05 06 05 31 MIN   207
2021 05 06 11 48 MAX   531
2021 05 06 18 37 MIN   198
2021 05 07 00 19 MAX   492
2021 05 07 06 50 MIN   184
2021 05 07 12 51 MAX   549
2021 05 07 19 31 MIN   161
2021 05 08 01 18 MAX   539
2021 05 08 07 48 MIN   155
2021 05 08 13 38 MAX   569
2021 05 08 20 14 MIN   127
2021 05 09 02 02 MAX   583
2021 05 09 08 34 MIN   131
2021 05 09 14 15 MAX   584
2021 05 09 20 49 MIN   101
2021 05 10 02 39 MAX   618
2021 05 10 09 11 MIN   117
2021 05 10 14 47 MAX   593
2021 05 10 21 20 MIN    83
2021 05 11 03 11 MAX   641
2021 05 11 09 45 MIN   111
2021 05 11 15 17 MAX   597
2021 05 11 21 48 MIN    73
2021 05 12 03 42 MAX   655
2021 05 12 10 17 MIN   111
2021 05 12 15 46 MAX   595
2021 05 12 22 16 MIN    67
2021 05 13 04 12 MAX   660
2021 05 13 10 48 MIN   116
2021 05 13 16 15 MAX   588
2021 05 13 22 44 MIN    68
2021 05 14 04 42 MAX   658
2021 05 14 11 19 MIN   125
2021 05 14 16 44 MAX   577
2021 05 14 23 12 MIN    75
2021 05 15 05 12 MAX   651
2021 05 15 11 50 MIN   139
2021 05 15 17 15 MAX   561
2021 05 15 23 42 MIN    87
2021 05 16 05 44 MAX   638
2021 05 16 12 24 MIN   159
2021 05 16 17 47 MAX   541
2021 05 17 00 13 MIN   106
2021 05 17 06 19 MAX   621
2021 05 17 13 00 MIN   183
2021 05 17 18 23 MAX   519
2021 05 18 00 48 MIN   130
2021 05 18 07 01 MAX   598
2021 05 18 13 43 MIN   209
2021 05 18 19 08 MAX   495
2021 05 19 01 31 MIN   159
2021 05 19 07 52 MAX   573
2021 05 19 14 38 MIN   230
2021 05 19 20 08 MAX   475
2021 05 20 02 29 MIN   188
2021 05 20 08 59 MAX   553
2021 05 20 15 51 MIN   235
2021 05 20 21 27 MAX   470
2021 05 21 03 50 MIN   206
2021 05 21 10 15 MAX   549
2021 05 21 17 11 MIN   215
2021 05 21 22 51 MAX   496
2021 05 22 05 23 MIN   197
2021 05 22 11 27 MAX   564
2021 05 22 18 21 MIN   173
2021 05 23 00 04 MAX   548
2021 05 23 06 45 MIN   165
2021 05 23 12 28 MAX   590
2021 05 23 19 19 MIN   122
2021 05 24 01 04 MAX   610
2021 05 24 07 51 MIN   127
2021 05 24 13 21 MAX   615
2021 05 24 20 10 MIN    73
2021 05 25 01 56 MAX   667
2021 05 25 08 46 MIN    94
2021 05 25 14 09 MAX   632
2021 05 25 20 57 MIN    35
2021 05 26 02 45 MAX   710
2021 05 26 09 37 MIN    74
2021 05 26 14 55 MAX   638
2021 05 26 21 41 MIN    11
2021 05 27 03 32 MAX   734
2021 05 27 10 24 MIN    69
2021 05 27 15 40 MAX   632
2021 05 27 22 25 MIN     3
2021 05 28 04 19 MAX   740
2021 05 28 11 10 MIN    78
2021 05 28 16 26 MAX   618
2021 05 28 23 08 MIN    11
2021 05 29 05 06 MAX   728
2021 05 29 11 56 MIN    97
2021 05 29 17 12 MAX   597
2021 05 29 23 51 MIN    34
2021 05 30 05 54 MAX   703
2021 05 30 12 43 MIN   125
2021 05 30 18 00 MAX   572
2021 05 31 00 35 MIN    68
2021 05 31 06 43 MAX   668
2021 05 31 13 31 MIN   156
2021 05 31 18 52 MAX   544
2021 06 01 01 22 MIN   111
2021 06 01 07 35 MAX   628
2021 06 01 14 23 MIN   187
2021 06 01 19 48 MAX   516
2021 06 02 02 15 MIN   158
2021 06 02 08 33 MAX   587
2021 06 02 15 23 MIN   209
2021 06 02 20 55 MAX   495
2021 06 03 03 21 MIN   200
2021 06 03 09 38 MAX   554
2021 06 03 16 30 MIN   217
2021 06 03 22 11 MAX   490
2021 06 04 04 40 MIN   226
2021 06 04 10 47 MAX   534
2021 06 04 17 38 MIN   208
2021 06 04 23 29 MAX   507
2021 06 05 06 00 MIN   228
2021 06 05 11 52 MAX   530
2021 06 05 18 36 MIN   186
2021 06 06 00 35 MAX   540
2021 06 06 07 07 MIN   214
2021 06 06 12 47 MAX   537
2021 06 06 19 24 MIN   160
2021 06 07 01 27 MAX   577
2021 06 07 07 58 MIN   195
2021 06 07 13 32 MAX   548
2021 06 07 20 04 MIN   135
2021 06 08 02 09 MAX   610
2021 06 08 08 41 MIN   178
2021 06 08 14 11 MAX   559
2021 06 08 20 39 MIN   115
2021 06 09 02 45 MAX   635
2021 06 09 09 18 MIN   165
2021 06 09 14 46 MAX   568
2021 06 09 21 13 MIN    99
2021 06 10 03 19 MAX   652
2021 06 10 09 53 MIN   156
2021 06 10 15 20 MAX   573
2021 06 10 21 46 MIN    90
2021 06 11 03 51 MAX   662
2021 06 11 10 28 MIN   150
2021 06 11 15 53 MAX   574
2021 06 11 22 19 MIN    86
2021 06 12 04 23 MAX   665
2021 06 12 11 02 MIN   149
2021 06 12 16 26 MAX   572
2021 06 12 22 53 MIN    87
2021 06 13 04 56 MAX   665
2021 06 13 11 38 MIN   152
2021 06 13 17 00 MAX   566
2021 06 13 23 27 MIN    93
2021 06 14 05 29 MAX   660
2021 06 14 12 14 MIN   160
2021 06 14 17 34 MAX   559
2021 06 15 00 03 MIN   103
2021 06 15 06 06 MAX   652
2021 06 15 12 52 MIN   170
2021 06 15 18 13 MAX   550
2021 06 16 00 40 MIN   119
2021 06 16 06 46 MAX   639
2021 06 16 13 34 MIN   182
2021 06 16 18 58 MAX   540
2021 06 17 01 24 MIN   142
2021 06 17 07 33 MAX   621
2021 06 17 14 21 MIN   192
2021 06 17 19 52 MAX   531
2021 06 18 02 16 MIN   168
2021 06 18 08 28 MAX   601
2021 06 18 15 16 MIN   195
2021 06 18 20 57 MAX   529
2021 06 19 03 22 MIN   194
2021 06 19 09 30 MAX   582
2021 06 19 16 20 MIN   186
2021 06 19 22 10 MAX   543
2021 06 20 04 42 MIN   208
2021 06 20 10 37 MAX   573
2021 06 20 17 28 MIN   163
2021 06 20 23 25 MAX   575
2021 06 21 06 08 MIN   201
2021 06 21 11 43 MAX   574
2021 06 21 18 34 MIN   130
2021 06 22 00 33 MAX   620
2021 06 22 07 23 MIN   178
2021 06 22 12 46 MAX   583
2021 06 22 19 33 MIN    94
2021 06 23 01 34 MAX   666
2021 06 23 08 26 MIN   151
2021 06 23 13 42 MAX   595
2021 06 23 20 28 MIN    63
2021 06 24 02 28 MAX   703
2021 06 24 09 22 MIN   129
2021 06 24 14 35 MAX   604
2021 06 24 21 19 MIN    42
2021 06 25 03 19 MAX   725
2021 06 25 10 13 MIN   115
2021 06 25 15 25 MAX   609
2021 06 25 22 09 MIN    32
2021 06 26 04 09 MAX   733
2021 06 26 11 01 MIN   109
2021 06 26 16 15 MAX   608
2021 06 26 22 56 MIN    33
2021 06 27 04 56 MAX   728
2021 06 27 11 47 MIN   113
2021 06 27 17 02 MAX   604
2021 06 27 23 41 MIN    47
2021 06 28 05 43 MAX   712
2021 06 28 12 31 MIN   123
2021 06 28 17 49 MAX   594
2021 06 29 00 25 MIN    71
2021 06 29 06 27 MAX   687
2021 06 29 13 14 MIN   140
2021 06 29 18 37 MAX   579
2021 06 30 01 08 MIN   106
2021 06 30 07 11 MAX   655
2021 06 30 13 56 MIN   161
2021 06 30 19 26 MAX   561
2021 07 01 01 52 MIN   149
2021 07 01 07 57 MAX   617
2021 07 01 14 40 MIN   183
2021 07 01 20 18 MAX   540
2021 07 02 02 40 MIN   195
2021 07 02 08 44 MAX   576
2021 07 02 15 28 MIN   202
2021 07 02 21 18 MAX   523
2021 07 03 03 38 MIN   238
2021 07 03 09 39 MAX   539
2021 07 03 16 24 MIN   213
2021 07 03 22 28 MAX   517
2021 07 04 04 52 MIN   267
2021 07 04 10 41 MAX   513
2021 07 04 17 25 MIN   210
2021 07 04 23 42 MAX   530
2021 07 05 06 12 MIN   271
2021 07 05 11 48 MAX   503
2021 07 05 18 25 MIN   195
2021 07 06 00 48 MAX   557
2021 07 06 07 18 MIN   256
2021 07 06 12 48 MAX   510
2021 07 06 19 15 MIN   173
2021 07 07 01 39 MAX   589
2021 07 07 08 10 MIN   233
2021 07 07 13 38 MAX   525
2021 07 07 20 00 MIN   148
2021 07 08 02 21 MAX   619
2021 07 08 08 54 MIN   209
2021 07 08 14 20 MAX   543
2021 07 08 20 42 MIN   126
2021 07 09 02 58 MAX   642
2021 07 09 09 33 MIN   188
2021 07 09 14 59 MAX   559
2021 07 09 21 22 MIN   108
2021 07 10 03 33 MAX   660
2021 07 10 10 11 MIN   170
2021 07 10 15 35 MAX   573
2021 07 10 22 01 MIN    94
2021 07 11 04 08 MAX   673
2021 07 11 10 49 MIN   156
2021 07 11 16 10 MAX   583
2021 07 11 22 40 MIN    85
2021 07 12 04 42 MAX   682
2021 07 12 11 26 MIN   146
2021 07 12 16 45 MAX   590
2021 07 12 23 18 MIN    81
2021 07 13 05 16 MAX   686
2021 07 13 12 03 MIN   140
2021 07 13 17 21 MAX   594
2021 07 13 23 56 MIN    84
2021 07 14 05 51 MAX   685
2021 07 14 12 40 MIN   139
2021 07 14 18 00 MAX   596
2021 07 15 00 35 MIN    96
2021 07 15 06 29 MAX   676
2021 07 15 13 18 MIN   141
2021 07 15 18 43 MAX   594
2021 07 16 01 17 MIN   118
2021 07 16 07 10 MAX   658
2021 07 16 13 58 MIN   147
2021 07 16 19 32 MAX   588
2021 07 17 02 02 MIN   151
2021 07 17 07 56 MAX   630
2021 07 17 14 43 MIN   155
2021 07 17 20 29 MAX   580
2021 07 18 02 58 MIN   190
2021 07 18 08 50 MAX   595
2021 07 18 15 37 MIN   162
2021 07 18 21 36 MAX   575
2021 07 19 04 09 MIN   225
2021 07 19 09 53 MAX   562
2021 07 19 16 42 MIN   162
2021 07 19 22 53 MAX   582
2021 07 20 05 39 MIN   240
2021 07 20 11 07 MAX   542
2021 07 20 17 56 MIN   150
2021 07 21 00 13 MAX   608
2021 07 21 07 05 MIN   226
2021 07 21 12 22 MAX   541
2021 07 21 19 08 MIN   125
2021 07 22 01 23 MAX   645
2021 07 22 08 16 MIN   195
2021 07 22 13 30 MAX   558
2021 07 22 20 12 MIN    95
2021 07 23 02 22 MAX   682
2021 07 23 09 15 MIN   162
2021 07 23 14 28 MAX   581
2021 07 23 21 10 MIN    68
2021 07 24 03 15 MAX   709
2021 07 24 10 06 MIN   133
2021 07 24 15 20 MAX   603
2021 07 24 22 01 MIN    49
2021 07 25 04 02 MAX   724
2021 07 25 10 52 MIN   114
2021 07 25 16 07 MAX   619
2021 07 25 22 48 MIN    41
2021 07 26 04 45 MAX   727
2021 07 26 11 33 MIN   105
2021 07 26 16 51 MAX   628
2021 07 26 23 31 MIN    46
2021 07 27 05 26 MAX   718
2021 07 27 12 12 MIN   106
2021 07 27 17 33 MAX   628
2021 07 28 00 10 MIN    65
2021 07 28 06 03 MAX   698
2021 07 28 12 47 MIN   117
2021 07 28 18 14 MAX   619
2021 07 29 00 46 MIN    97
2021 07 29 06 39 MAX   669
2021 07 29 13 21 MIN   134
2021 07 29 18 55 MAX   603
2021 07 30 01 21 MIN   139
2021 07 30 07 14 MAX   632
2021 07 30 13 53 MIN   156
2021 07 30 19 37 MAX   579
2021 07 31 01 57 MIN   188
2021 07 31 07 50 MAX   589
2021 07 31 14 27 MIN   180
2021 07 31 20 25 MAX   553
2021 08 01 02 40 MIN   238
2021 08 01 08 32 MAX   543
2021 08 01 15 09 MIN   204
2021 08 01 21 24 MAX   528
2021 08 02 03 39 MIN   283
2021 08 02 09 26 MAX   501
2021 08 02 16 05 MIN   222
2021 08 02 22 41 MAX   517
2021 08 03 05 04 MIN   308
2021 08 03 10 41 MAX   473
2021 08 03 17 17 MIN   224
2021 08 04 00 04 MAX   530
2021 08 04 06 36 MIN   299
2021 08 04 12 05 MAX   472
2021 08 04 18 29 MIN   208
2021 08 05 01 11 MAX   562
2021 08 05 07 44 MIN   269
2021 08 05 13 10 MAX   494
2021 08 05 19 28 MIN   179
2021 08 06 02 00 MAX   598
2021 08 06 08 33 MIN   233
2021 08 06 14 00 MAX   524
2021 08 06 20 19 MIN   146
2021 08 07 02 40 MAX   632
2021 08 07 09 16 MIN   197
2021 08 07 14 41 MAX   556
2021 08 07 21 04 MIN   115
2021 08 08 03 16 MAX   661
2021 08 08 09 55 MIN   166
2021 08 08 15 18 MAX   585
2021 08 08 21 48 MIN    87
2021 08 09 03 50 MAX   684
2021 08 09 10 32 MIN   138
2021 08 09 15 54 MAX   609
2021 08 09 22 29 MIN    67
2021 08 10 04 24 MAX   701
2021 08 10 11 09 MIN   117
2021 08 10 16 29 MAX   628
2021 08 10 23 08 MIN    55
2021 08 11 04 57 MAX   709
2021 08 11 11 45 MIN   101
2021 08 11 17 05 MAX   642
2021 08 11 23 47 MIN    56
2021 08 12 05 31 MAX   708
2021 08 12 12 20 MIN    93
2021 08 12 17 43 MAX   649
2021 08 13 00 26 MIN    70
2021 08 13 06 06 MAX   695
2021 08 13 12 55 MIN    94
2021 08 13 18 25 MAX   647
2021 08 14 01 05 MIN   100
2021 08 14 06 44 MAX   669
2021 08 14 13 31 MIN   104
2021 08 14 19 11 MAX   634
2021 08 15 01 47 MIN   144
2021 08 15 07 26 MAX   630
2021 08 15 14 12 MIN   124
2021 08 15 20 03 MAX   611
2021 08 16 02 38 MIN   197
2021 08 16 08 15 MAX   581
2021 08 16 15 00 MIN   150
2021 08 16 21 09 MAX   585
2021 08 17 03 46 MIN   248
2021 08 17 09 19 MAX   531
2021 08 17 16 07 MIN   173
2021 08 17 22 32 MAX   570
2021 08 18 05 24 MIN   271
2021 08 18 10 44 MAX   499
2021 08 18 17 34 MIN   177
2021 08 18 23 59 MAX   584
2021 08 19 07 03 MIN   251
2021 08 19 12 17 MAX   503
2021 08 19 18 59 MIN   154
2021 08 20 01 24 MAX   622
2021 08 20 08 14 MIN   206
2021 08 20 13 31 MAX   538
2021 08 20 20 10 MIN   115
2021 08 21 02 22 MAX   663
2021 08 21 09 09 MIN   159
2021 08 21 14 28 MAX   580
2021 08 21 21 06 MIN    77
2021 08 22 03 09 MAX   695
2021 08 22 09 54 MIN   121
2021 08 22 15 15 MAX   617
2021 08 22 21 55 MIN    50
2021 08 23 03 50 MAX   714
2021 08 23 10 35 MIN    96
2021 08 23 15 57 MAX   643
2021 08 23 22 37 MIN    39
2021 08 24 04 27 MAX   718
2021 08 24 11 11 MIN    84
2021 08 24 16 35 MAX   658
2021 08 24 23 14 MIN    44
2021 08 25 05 00 MAX   710
2021 08 25 11 44 MIN    84
2021 08 25 17 11 MAX   660
2021 08 25 23 48 MIN    63
2021 08 26 05 32 MAX   692
2021 08 26 12 13 MIN    93
2021 08 26 17 46 MAX   652
2021 08 27 00 19 MIN    95
2021 08 27 06 02 MAX   664
2021 08 27 12 40 MIN   109
2021 08 27 18 21 MAX   635
2021 08 28 00 49 MIN   135
2021 08 28 06 31 MAX   629
2021 08 28 13 06 MIN   129
2021 08 28 18 57 MAX   610
2021 08 29 01 20 MIN   181
2021 08 29 07 02 MAX   587
2021 08 29 13 33 MIN   155
2021 08 29 19 37 MAX   578
2021 08 30 01 55 MIN   230
2021 08 30 07 36 MAX   539
2021 08 30 14 07 MIN   185
2021 08 30 20 25 MAX   542
2021 08 31 02 42 MIN   280
2021 08 31 08 21 MAX   490
2021 08 31 14 55 MIN   218
2021 08 31 21 34 MAX   511
2021 09 01 03 58 MIN   317
2021 09 01 09 33 MAX   448
2021 09 01 16 09 MIN   242
2021 09 01 23 14 MAX   507
2021 09 02 05 53 MIN   318
2021 09 02 11 22 MAX   439
2021 09 02 17 43 MIN   236
2021 09 03 00 39 MAX   536
2021 09 03 07 19 MIN   281
2021 09 03 12 45 MAX   469
2021 09 03 19 00 MIN   202
2021 09 04 01 34 MAX   578
2021 09 04 08 12 MIN   233
2021 09 04 13 39 MAX   514
2021 09 04 19 59 MIN   156
2021 09 05 02 16 MAX   622
2021 09 05 08 53 MIN   185
2021 09 05 14 21 MAX   562
2021 09 05 20 48 MIN   111
2021 09 06 02 52 MAX   660
2021 09 06 09 32 MIN   141
2021 09 06 14 58 MAX   606
2021 09 06 21 32 MIN    72
2021 09 07 03 26 MAX   690
2021 09 07 10 08 MIN   103
2021 09 07 15 33 MAX   644
2021 09 07 22 13 MIN    44
2021 09 08 03 58 MAX   710
2021 09 08 10 44 MIN    73
2021 09 08 16 09 MAX   673
2021 09 08 22 54 MIN    31
2021 09 09 04 32 MAX   716
2021 09 09 11 19 MIN    53
2021 09 09 16 46 MAX   691
2021 09 09 23 33 MIN    34
2021 09 10 05 05 MAX   709
2021 09 10 11 54 MIN    46
2021 09 10 17 25 MAX   697
2021 09 11 00 11 MIN    56
2021 09 11 05 40 MAX   687
2021 09 11 12 29 MIN    52
2021 09 11 18 06 MAX   687
2021 09 12 00 51 MIN    96
2021 09 12 06 17 MAX   651
2021 09 12 13 04 MIN    73
2021 09 12 18 51 MAX   662
2021 09 13 01 33 MIN   150
2021 09 13 06 58 MAX   602
2021 09 13 13 43 MIN   107
2021 09 13 19 43 MAX   622
2021 09 14 02 24 MIN   210
2021 09 14 07 49 MAX   544
2021 09 14 14 32 MIN   151
2021 09 14 20 50 MAX   578
2021 09 15 03 36 MIN   263
2021 09 15 08 58 MAX   488
2021 09 15 15 45 MIN   191
2021 09 15 22 23 MAX   551
2021 09 16 05 25 MIN   278
2021 09 16 10 42 MAX   462
2021 09 16 17 28 MIN   200
2021 09 17 00 09 MAX   565
2021 09 17 07 03 MIN   240
2021 09 17 12 25 MAX   488
2021 09 17 19 00 MIN   167
2021 09 18 01 22 MAX   606
2021 09 18 08 06 MIN   185
2021 09 18 13 34 MAX   541
2021 09 18 20 07 MIN   119
2021 09 19 02 13 MAX   647
2021 09 19 08 53 MIN   134
2021 09 19 14 23 MAX   595
2021 09 19 20 58 MIN    78
2021 09 20 02 54 MAX   677
2021 09 20 09 34 MIN    96
2021 09 20 15 04 MAX   637
2021 09 20 21 41 MIN    52
2021 09 21 03 29 MAX   692
2021 09 21 10 09 MIN    72
2021 09 21 15 40 MAX   665
2021 09 21 22 18 MIN    44
2021 09 22 04 00 MAX   694
2021 09 22 10 41 MIN    63
2021 09 22 16 14 MAX   678
2021 09 22 22 52 MIN    53
2021 09 23 04 29 MAX   684
2021 09 23 11 10 MIN    64
2021 09 23 16 46 MAX   680
2021 09 23 23 23 MIN    73
2021 09 24 04 57 MAX   666
2021 09 24 11 36 MIN    73
2021 09 24 17 17 MAX   672
2021 09 24 23 52 MIN   101
2021 09 25 05 25 MAX   640
2021 09 25 11 59 MIN    87
2021 09 25 17 48 MAX   654
2021 09 26 00 20 MIN   136
2021 09 26 05 52 MAX   608
2021 09 26 12 23 MIN   106
2021 09 26 18 21 MAX   629
2021 09 27 00 49 MIN   175
2021 09 27 06 21 MAX   569
2021 09 27 12 49 MIN   132
2021 09 27 18 56 MAX   596
2021 09 28 01 22 MIN   218
2021 09 28 06 53 MAX   525
2021 09 28 13 20 MIN   166
2021 09 28 19 38 MAX   556
2021 09 29 02 03 MIN   264
2021 09 29 07 32 MAX   478
2021 09 29 14 02 MIN   205
2021 09 29 20 37 MAX   518
2021 09 30 03 09 MIN   303
2021 09 30 08 37 MAX   434
2021 09 30 15 09 MIN   241
2021 09 30 22 13 MAX   497
2021 10 01 05 04 MIN   311
2021 10 01 10 35 MAX   419
2021 10 01 16 54 MIN   249
2021 10 01 23 53 MAX   517
2021 10 02 06 43 MIN   273
2021 10 02 12 12 MAX   453
2021 10 02 18 29 MIN   214
2021 10 03 00 57 MAX   560
2021 10 03 07 39 MIN   218
2021 10 03 13 11 MAX   509
2021 10 03 19 34 MIN   161
2021 10 04 01 41 MAX   608
2021 10 04 08 21 MIN   161
2021 10 04 13 54 MAX   571
2021 10 04 20 25 MIN   108
2021 10 05 02 18 MAX   650
2021 10 05 09 00 MIN   109
2021 10 05 14 32 MAX   628
2021 10 05 21 10 MIN    64
2021 10 06 02 53 MAX   681
2021 10 06 09 37 MIN    64
2021 10 06 15 09 MAX   676
2021 10 06 21 53 MIN    35
2021 10 07 03 28 MAX   698
2021 10 07 10 14 MIN    31
2021 10 07 15 47 MAX   710
2021 10 07 22 35 MIN    24
2021 10 08 04 02 MAX   699
2021 10 08 10 50 MIN    12
2021 10 08 16 26 MAX   728
2021 10 08 23 15 MIN    32
2021 10 09 04 38 MAX   685
2021 10 09 11 26 MIN     9
2021 10 09 17 06 MAX   727
2021 10 09 23 56 MIN    59
2021 10 10 05 15 MAX   655
2021 10 10 12 02 MIN    24
2021 10 10 17 49 MAX   707
2021 10 11 00 37 MIN   103
2021 10 11 05 55 MAX   614
2021 10 11 12 39 MIN    55
2021 10 11 18 35 MAX   670
2021 10 12 01 23 MIN   157
2021 10 12 06 40 MAX   562
2021 10 12 13 21 MIN   101
2021 10 12 19 29 MAX   620
2021 10 13 02 17 MIN   214
2021 10 13 07 34 MAX   506
2021 10 13 14 13 MIN   154
2021 10 13 20 40 MAX   569
2021 10 14 03 35 MIN   256
2021 10 14 08 54 MAX   459
2021 10 14 15 34 MIN   200
2021 10 14 22 18 MAX   541
2021 10 15 05 21 MIN   255
2021 10 15 10 46 MAX   450
2021 10 15 17 23 MIN   206
2021 10 15 23 56 MAX   554
2021 10 16 06 45 MIN   212
2021 10 16 12 21 MAX   491
2021 10 16 18 51 MIN   170
2021 10 17 01 04 MAX   587
2021 10 17 07 42 MIN   159
2021 10 17 13 23 MAX   549
2021 10 17 19 52 MIN   126
2021 10 18 01 51 MAX   619
2021 10 18 08 27 MIN   113
2021 10 18 14 08 MAX   602
2021 10 18 20 39 MIN    91
2021 10 19 02 28 MAX   641
2021 10 19 09 04 MIN    80
2021 10 19 14 46 MAX   642
2021 10 19 21 20 MIN    72
2021 10 20 03 01 MAX   651
2021 10 20 09 37 MIN    61
2021 10 20 15 20 MAX   668
2021 10 20 21 55 MIN    68
2021 10 21 03 30 MAX   650
2021 10 21 10 07 MIN    53
2021 10 21 15 51 MAX   680
2021 10 21 22 28 MIN    76
2021 10 22 03 58 MAX   641
2021 10 22 10 34 MIN    54
2021 10 22 16 20 MAX   681
2021 10 22 22 57 MIN    92
2021 10 23 04 25 MAX   625
2021 10 23 10 59 MIN    61
2021 10 23 16 50 MAX   673
2021 10 23 23 26 MIN   114
2021 10 24 04 53 MAX   604
2021 10 24 11 23 MIN    72
2021 10 24 17 20 MAX   658
2021 10 24 23 55 MIN   139
2021 10 25 05 21 MAX   578
2021 10 25 11 48 MIN    90
2021 10 25 17 51 MAX   635
2021 10 26 00 25 MIN   169
2021 10 26 05 51 MAX   546
2021 10 26 12 16 MIN   115
2021 10 26 18 25 MAX   605
2021 10 27 00 58 MIN   203
2021 10 27 06 24 MAX   510
2021 10 27 12 47 MIN   146
2021 10 27 19 04 MAX   570
2021 10 28 01 39 MIN   239
2021 10 28 07 04 MAX   472
2021 10 28 13 27 MIN   183
2021 10 28 19 57 MAX   534
2021 10 29 02 38 MIN   271
2021 10 29 08 04 MAX   436
2021 10 29 14 26 MIN   220
2021 10 29 21 14 MAX   508
2021 10 30 04 10 MIN   281
2021 10 30 09 41 MAX   421
2021 10 30 16 01 MIN   238
2021 10 30 22 48 MAX   512
2021 10 31 05 47 MIN   252
2021 10 31 11 21 MAX   449
2021 10 31 17 44 MIN   216
2021 11 01 00 02 MAX   543
2021 11 01 06 51 MIN   199
2021 11 01 12 29 MAX   507
2021 11 01 18 59 MIN   169
2021 11 02 00 55 MAX   584
2021 11 02 07 39 MIN   140
2021 11 02 13 19 MAX   575
2021 11 02 19 56 MIN   118
2021 11 03 01 38 MAX   622
2021 11 03 08 22 MIN    85
2021 11 03 14 02 MAX   639
2021 11 03 20 45 MIN    75
2021 11 04 02 18 MAX   649
2021 11 04 09 03 MIN    38
2021 11 04 14 44 MAX   691
2021 11 04 21 31 MIN    48
2021 11 05 02 56 MAX   662
2021 11 05 09 42 MIN     6
2021 11 05 15 25 MAX   725
2021 11 05 22 15 MIN    39
2021 11 06 03 34 MAX   660
2021 11 06 10 21 MIN   -10
2021 11 06 16 07 MAX   739
2021 11 06 22 59 MIN    48
2021 11 07 04 14 MAX   643
2021 11 07 11 01 MIN    -8
2021 11 07 16 50 MAX   732
2021 11 07 23 42 MIN    73
2021 11 08 04 56 MAX   615
2021 11 08 11 40 MIN    11
2021 11 08 17 36 MAX   706
2021 11 09 00 27 MIN   110
2021 11 09 05 40 MAX   578
2021 11 09 12 22 MIN    46
2021 11 09 18 25 MAX   666
2021 11 10 01 16 MIN   153
2021 11 10 06 30 MAX   535
2021 11 10 13 08 MIN    93
2021 11 10 19 21 MAX   618
2021 11 11 02 12 MIN   195
2021 11 11 07 30 MAX   492
2021 11 11 14 05 MIN   145
2021 11 11 20 30 MAX   571
2021 11 12 03 25 MIN   222
2021 11 12 08 48 MAX   460
2021 11 12 15 22 MIN   188
2021 11 12 21 53 MAX   541
2021 11 13 04 51 MIN   220
2021 11 13 10 25 MAX   458
2021 11 13 16 58 MIN   201
2021 11 13 23 18 MAX   537
2021 11 14 06 07 MIN   191
2021 11 14 11 53 MAX   492
2021 11 14 18 22 MIN   182
2021 11 15 00 25 MAX   552
2021 11 15 07 05 MIN   151
2021 11 15 12 56 MAX   540
2021 11 15 19 24 MIN   152
2021 11 16 01 16 MAX   571
2021 11 16 07 50 MIN   114
2021 11 16 13 44 MAX   587
2021 11 16 20 13 MIN   127
2021 11 17 01 55 MAX   585
2021 11 17 08 29 MIN    85
2021 11 17 14 22 MAX   623
2021 11 17 20 54 MIN   111
2021 11 18 02 29 MAX   593
2021 11 18 09 02 MIN    67
2021 11 18 14 57 MAX   648
2021 11 18 21 30 MIN   106
2021 11 19 03 00 MAX   594
2021 11 19 09 32 MIN    58
2021 11 19 15 28 MAX   660
2021 11 19 22 03 MIN   108
2021 11 20 03 30 MAX   591
2021 11 20 10 00 MIN    56
2021 11 20 15 58 MAX   663
2021 11 20 22 34 MIN   115
2021 11 21 03 59 MAX   582
2021 11 21 10 27 MIN    58
2021 11 21 16 28 MAX   658
2021 11 21 23 05 MIN   126
2021 11 22 04 29 MAX   569
2021 11 22 10 55 MIN    66
2021 11 22 16 59 MAX   647
2021 11 22 23 35 MIN   140
2021 11 23 05 00 MAX   552
2021 11 23 11 24 MIN    80
2021 11 23 17 30 MAX   631
2021 11 24 00 08 MIN   158
2021 11 24 05 31 MAX   531
2021 11 24 11 55 MIN    98
2021 11 24 18 04 MAX   611
2021 11 25 00 43 MIN   180
2021 11 25 06 06 MAX   508
2021 11 25 12 28 MIN   122
2021 11 25 18 42 MAX   587
2021 11 26 01 23 MIN   204
2021 11 26 06 46 MAX   483
2021 11 26 13 08 MIN   151
2021 11 26 19 29 MAX   560
2021 11 27 02 14 MIN   224
2021 11 27 07 41 MAX   460
2021 11 27 14 01 MIN   182
2021 11 27 20 29 MAX   536
2021 11 28 03 21 MIN   232
2021 11 28 08 54 MAX   448
2021 11 28 15 16 MIN   206
2021 11 28 21 42 MAX   524
2021 11 29 04 40 MIN   218
2021 11 29 10 20 MAX   464
2021 11 29 16 48 MIN   207
2021 11 29 22 56 MAX   531
2021 11 30 05 51 MIN   179
2021 11 30 11 37 MAX   510
2021 11 30 18 14 MIN   180
2021 12 01 00 00 MAX   553
2021 12 01 00 00 MAX   553
2021 12 01 06 50 MIN   129
2021 12 01 12 39 MAX   570
2021 12 01 19 22 MIN   142
2021 12 02 00 55 MAX   578
2021 12 02 07 41 MIN    78
2021 12 02 13 32 MAX   631
2021 12 02 20 19 MIN   106
2021 12 03 01 43 MAX   598
2021 12 03 08 28 MIN    35
2021 12 03 14 20 MAX   680
2021 12 03 21 11 MIN    80
2021 12 04 02 28 MAX   609
2021 12 04 09 13 MIN     5
2021 12 04 15 07 MAX   711
2021 12 04 21 59 MIN    68
2021 12 05 03 13 MAX   610
2021 12 05 09 58 MIN   -11
2021 12 05 15 53 MAX   723
2021 12 05 22 46 MIN    69
2021 12 06 03 58 MAX   602
2021 12 06 10 43 MIN   -10
2021 12 06 16 40 MAX   717
2021 12 06 23 33 MIN    82
2021 12 07 04 45 MAX   585
2021 12 07 11 27 MIN     5
2021 12 07 17 28 MAX   695
2021 12 08 00 20 MIN   103
2021 12 08 05 33 MAX   563
2021 12 08 12 13 MIN    34
2021 12 08 18 18 MAX   663
2021 12 09 01 08 MIN   128
2021 12 09 06 25 MAX   537
2021 12 09 13 01 MIN    73
2021 12 09 19 10 MAX   624
2021 12 10 02 00 MIN   155
2021 12 10 07 21 MAX   509
2021 12 10 13 54 MIN   119
2021 12 10 20 07 MAX   582
2021 12 11 02 57 MIN   177
2021 12 11 08 26 MAX   486
2021 12 11 14 56 MIN   163
2021 12 11 21 09 MAX   544
2021 12 12 04 01 MIN   188
2021 12 12 09 41 MAX   474
2021 12 12 16 11 MIN   196
2021 12 12 22 18 MAX   517
2021 12 13 05 09 MIN   183
2021 12 13 11 02 MAX   484
2021 12 13 17 33 MIN   207
2021 12 13 23 27 MAX   506
2021 12 14 06 13 MIN   164
2021 12 14 12 15 MAX   513
2021 12 14 18 46 MIN   197
2021 12 15 00 28 MAX   508
2021 12 15 07 05 MIN   138
2021 12 15 13 12 MAX   549
2021 12 15 19 42 MIN   179
2021 12 16 01 17 MAX   518
2021 12 16 07 48 MIN   113
2021 12 16 13 57 MAX   583
2021 12 16 20 28 MIN   161
2021 12 17 01 58 MAX   528
2021 12 17 08 26 MIN    92
2021 12 17 14 35 MAX   608
2021 12 17 21 07 MIN   147
2021 12 18 02 34 MAX   538
2021 12 18 09 00 MIN    77
2021 12 18 15 09 MAX   625
2021 12 18 21 42 MIN   138
2021 12 19 03 08 MAX   545
2021 12 19 09 32 MIN    67
2021 12 19 15 41 MAX   634
2021 12 19 22 15 MIN   133
2021 12 20 03 41 MAX   548
2021 12 20 10 04 MIN    62
2021 12 20 16 12 MAX   636
2021 12 20 22 49 MIN   131
2021 12 21 04 13 MAX   547
2021 12 21 10 37 MIN    62
2021 12 21 16 43 MAX   634
2021 12 21 23 22 MIN   133
2021 12 22 04 45 MAX   543
2021 12 22 11 10 MIN    66
2021 12 22 17 15 MAX   629
2021 12 22 23 57 MIN   138
2021 12 23 05 17 MAX   536
2021 12 23 11 44 MIN    75
2021 12 23 17 48 MAX   620
2021 12 24 00 32 MIN   146
2021 12 24 05 52 MAX   526
2021 12 24 12 20 MIN    90
2021 12 24 18 24 MAX   608
2021 12 25 01 10 MIN   156
2021 12 25 06 31 MAX   515
2021 12 25 12 59 MIN   111
2021 12 25 19 05 MAX   590
2021 12 26 01 52 MIN   166
2021 12 26 07 18 MAX   503
2021 12 26 13 44 MIN   138
2021 12 26 19 53 MAX   567
2021 12 27 02 41 MIN   173
2021 12 27 08 17 MAX   494
2021 12 27 14 42 MIN   168
2021 12 27 20 50 MAX   543
2021 12 28 03 39 MIN   172
2021 12 28 09 27 MAX   496
2021 12 28 15 57 MIN   192
2021 12 28 21 55 MAX   524
2021 12 29 04 47 MIN   158
2021 12 29 10 44 MAX   516
2021 12 29 17 26 MIN   197
2021 12 29 23 05 MAX   516
2021 12 30 05 57 MIN   129
2021 12 30 12 00 MAX   555
2021 12 30 18 50 MIN   178
2021 12 31 00 14 MAX   523
2021 12 31 07 01 MIN    91
2021 12 31 13 06 MAX   603
2021 12 31 19 58 MIN   148
