 <API - 조위예측극치자료>

대상조위관측소 : 성산포
위도(WGS84) : N 126.9278
경도(WGS84) : E 33.4747
관측기관 : 20201221 ~ 20220101

2020 12 21 01 49 MAX   152
2020 12 21 07 59 MIN    73
2020 12 21 14 54 MAX   184
2020 12 21 21 47 MIN    96
2020 12 22 03 03 MAX   145
2020 12 22 09 00 MIN    91
2020 12 22 15 49 MAX   173
2020 12 22 22 51 MIN    91
2020 12 23 04 36 MAX   145
2020 12 23 10 22 MIN   103
2020 12 23 16 51 MAX   167
2020 12 23 23 47 MIN    82
2020 12 24 06 03 MAX   154
2020 12 24 11 50 MIN   107
2020 12 24 17 49 MAX   163
2020 12 25 00 33 MIN    70
2020 12 25 07 05 MAX   167
2020 12 25 13 01 MIN   104
2020 12 25 18 39 MAX   163
2020 12 26 01 12 MIN    58
2020 12 26 07 51 MAX   180
2020 12 26 13 55 MIN    98
2020 12 26 19 21 MAX   164
2020 12 27 01 47 MIN    45
2020 12 27 08 29 MAX   194
2020 12 27 14 38 MIN    91
2020 12 27 20 00 MAX   167
2020 12 28 02 21 MIN    32
2020 12 28 09 06 MAX   207
2020 12 28 15 16 MIN    84
2020 12 28 20 36 MAX   171
2020 12 29 02 55 MIN    20
2020 12 29 09 40 MAX   218
2020 12 29 15 51 MIN    78
2020 12 29 21 12 MAX   176
2020 12 30 03 31 MIN     9
2020 12 30 10 15 MAX   228
2020 12 30 16 27 MIN    73
2020 12 30 21 48 MAX   181
2020 12 31 04 08 MIN     1
2020 12 31 10 51 MAX   234
2020 12 31 17 04 MIN    70
2020 12 31 22 26 MAX   185
2021 01 01 04 47 MIN    -2
2021 01 01 11 29 MAX   236
2021 01 01 17 43 MIN    69
2021 01 01 23 06 MAX   185
2021 01 02 05 27 MIN     2
2021 01 02 12 07 MAX   233
2021 01 02 18 24 MIN    69
2021 01 02 23 48 MAX   182
2021 01 03 06 09 MIN    11
2021 01 03 12 48 MAX   226
2021 01 03 19 08 MIN    71
2021 01 04 00 35 MAX   176
2021 01 04 06 55 MIN    25
2021 01 04 13 31 MAX   215
2021 01 04 19 57 MIN    72
2021 01 05 01 29 MAX   168
2021 01 05 07 46 MIN    43
2021 01 05 14 18 MAX   202
2021 01 05 20 53 MIN    72
2021 01 06 02 36 MAX   162
2021 01 06 08 48 MIN    62
2021 01 06 15 10 MAX   189
2021 01 06 21 56 MIN    67
2021 01 07 03 59 MAX   160
2021 01 07 10 06 MIN    78
2021 01 07 16 11 MAX   177
2021 01 07 23 03 MIN    57
2021 01 08 05 31 MAX   169
2021 01 08 11 36 MIN    86
2021 01 08 17 19 MAX   170
2021 01 09 00 07 MIN    43
2021 01 09 06 52 MAX   185
2021 01 09 13 01 MIN    84
2021 01 09 18 26 MAX   169
2021 01 10 01 06 MIN    27
2021 01 10 07 57 MAX   206
2021 01 10 14 10 MIN    77
2021 01 10 19 27 MAX   172
2021 01 11 01 59 MIN    10
2021 01 11 08 50 MAX   225
2021 01 11 15 06 MIN    68
2021 01 11 20 21 MAX   179
2021 01 12 02 48 MIN    -4
2021 01 12 09 38 MAX   239
2021 01 12 15 54 MIN    60
2021 01 12 21 10 MAX   186
2021 01 13 03 35 MIN   -14
2021 01 13 10 21 MAX   248
2021 01 13 16 38 MIN    56
2021 01 13 21 55 MAX   192
2021 01 14 04 18 MIN   -16
2021 01 14 11 01 MAX   249
2021 01 14 17 18 MIN    55
2021 01 14 22 36 MAX   194
2021 01 15 04 58 MIN   -11
2021 01 15 11 38 MAX   243
2021 01 15 17 55 MIN    57
2021 01 15 23 16 MAX   192
2021 01 16 05 35 MIN     1
2021 01 16 12 13 MAX   232
2021 01 16 18 32 MIN    62
2021 01 16 23 55 MAX   186
2021 01 17 06 10 MIN    18
2021 01 17 12 45 MAX   218
2021 01 17 19 07 MIN    68
2021 01 18 00 34 MAX   177
2021 01 18 06 43 MIN    39
2021 01 18 13 16 MAX   203
2021 01 18 19 43 MIN    73
2021 01 19 01 16 MAX   166
2021 01 19 07 18 MIN    61
2021 01 19 13 47 MAX   187
2021 01 19 20 24 MIN    77
2021 01 20 02 06 MAX   156
2021 01 20 07 58 MIN    82
2021 01 20 14 21 MAX   172
2021 01 20 21 14 MIN    80
2021 01 21 03 12 MAX   148
2021 01 21 08 52 MIN   101
2021 01 21 15 02 MAX   159
2021 01 21 22 14 MIN    79
2021 01 22 04 43 MAX   146
2021 01 22 10 22 MIN   114
2021 01 22 16 03 MAX   148
2021 01 22 23 21 MIN    74
2021 01 23 06 24 MAX   154
2021 01 23 12 19 MIN   116
2021 01 23 17 27 MAX   142
2021 01 24 00 22 MIN    65
2021 01 24 07 31 MAX   168
2021 01 24 13 40 MIN   109
2021 01 24 18 41 MAX   144
2021 01 25 01 13 MIN    52
2021 01 25 08 16 MAX   183
2021 01 25 14 29 MIN    98
2021 01 25 19 37 MAX   151
2021 01 26 01 58 MIN    37
2021 01 26 08 53 MAX   199
2021 01 26 15 07 MIN    87
2021 01 26 20 21 MAX   161
2021 01 27 02 40 MIN    21
2021 01 27 09 28 MAX   214
2021 01 27 15 41 MIN    75
2021 01 27 21 02 MAX   173
2021 01 28 03 20 MIN     5
2021 01 28 10 02 MAX   228
2021 01 28 16 15 MIN    63
2021 01 28 21 41 MAX   185
2021 01 29 04 00 MIN    -8
2021 01 29 10 37 MAX   238
2021 01 29 16 50 MIN    53
2021 01 29 22 20 MAX   195
2021 01 30 04 39 MIN   -16
2021 01 30 11 12 MAX   244
2021 01 30 17 26 MIN    45
2021 01 30 23 00 MAX   201
2021 01 31 05 19 MIN   -15
2021 01 31 11 48 MAX   243
2021 01 31 18 03 MIN    41
2021 01 31 23 42 MAX   202
2021 02 01 06 00 MIN    -6
2021 02 01 12 24 MAX   236
2021 02 01 18 42 MIN    40
2021 02 02 00 26 MAX   198
2021 02 02 06 43 MIN    12
2021 02 02 13 01 MAX   222
2021 02 02 19 23 MIN    42
2021 02 03 01 16 MAX   189
2021 02 03 07 29 MIN    36
2021 02 03 13 40 MAX   203
2021 02 03 20 09 MIN    47
2021 02 04 02 14 MAX   177
2021 02 04 08 24 MIN    64
2021 02 04 14 24 MAX   183
2021 02 04 21 03 MIN    51
2021 02 05 03 29 MAX   168
2021 02 05 09 38 MIN    88
2021 02 05 15 17 MAX   164
2021 02 05 22 13 MIN    54
2021 02 06 05 12 MAX   167
2021 02 06 11 25 MIN   102
2021 02 06 16 33 MAX   150
2021 02 06 23 36 MIN    50
2021 02 07 06 54 MAX   180
2021 02 07 13 10 MIN    99
2021 02 07 18 07 MAX   147
2021 02 08 00 52 MIN    38
2021 02 08 08 02 MAX   198
2021 02 08 14 19 MIN    88
2021 02 08 19 22 MAX   156
2021 02 09 01 53 MIN    24
2021 02 09 08 50 MAX   215
2021 02 09 15 07 MIN    74
2021 02 09 20 19 MAX   169
2021 02 10 02 44 MIN     9
2021 02 10 09 31 MAX   228
2021 02 10 15 47 MIN    62
2021 02 10 21 05 MAX   184
2021 02 11 03 28 MIN    -1
2021 02 11 10 07 MAX   237
2021 02 11 16 22 MIN    52
2021 02 11 21 47 MAX   195
2021 02 12 04 08 MIN    -7
2021 02 12 10 40 MAX   239
2021 02 12 16 55 MIN    46
2021 02 12 22 24 MAX   203
2021 02 13 04 44 MIN    -5
2021 02 13 11 11 MAX   237
2021 02 13 17 26 MIN    43
2021 02 13 23 00 MAX   204
2021 02 14 05 17 MIN     4
2021 02 14 11 40 MAX   229
2021 02 14 17 55 MIN    44
2021 02 14 23 35 MAX   201
2021 02 15 05 47 MIN    19
2021 02 15 12 06 MAX   218
2021 02 15 18 23 MIN    47
2021 02 16 00 10 MAX   194
2021 02 16 06 17 MIN    37
2021 02 16 12 31 MAX   204
2021 02 16 18 51 MIN    52
2021 02 17 00 45 MAX   184
2021 02 17 06 45 MIN    58
2021 02 17 12 55 MAX   189
2021 02 17 19 19 MIN    58
2021 02 18 01 25 MAX   173
2021 02 18 07 16 MIN    79
2021 02 18 13 18 MAX   174
2021 02 18 19 53 MIN    65
2021 02 19 02 12 MAX   161
2021 02 19 07 55 MIN    99
2021 02 19 13 43 MAX   159
2021 02 19 20 39 MIN    73
2021 02 20 03 19 MAX   152
2021 02 20 08 59 MIN   117
2021 02 20 14 14 MAX   145
2021 02 20 21 49 MIN    78
2021 02 21 05 15 MAX   151
2021 02 21 11 30 MIN   125
2021 02 21 15 31 MAX   133
2021 02 21 23 23 MIN    75
2021 02 22 07 06 MAX   162
2021 02 22 13 37 MIN   116
2021 02 22 18 04 MAX   132
2021 02 23 00 40 MIN    64
2021 02 23 07 57 MAX   179
2021 02 23 14 20 MIN   101
2021 02 23 19 20 MAX   144
2021 02 24 01 37 MIN    47
2021 02 24 08 34 MAX   196
2021 02 24 14 51 MIN    86
2021 02 24 20 08 MAX   160
2021 02 25 02 23 MIN    26
2021 02 25 09 07 MAX   213
2021 02 25 15 21 MIN    68
2021 02 25 20 50 MAX   179
2021 02 26 03 05 MIN     6
2021 02 26 09 39 MAX   230
2021 02 26 15 53 MIN    51
2021 02 26 21 29 MAX   197
2021 02 27 03 45 MIN   -10
2021 02 27 10 12 MAX   243
2021 02 27 16 26 MIN    34
2021 02 27 22 08 MAX   213
2021 02 28 04 26 MIN   -19
2021 02 28 10 46 MAX   249
2021 02 28 17 00 MIN    21
2021 02 28 22 49 MAX   223
2021 03 01 05 06 MIN   -19
2021 03 01 11 21 MAX   248
2021 03 01 17 36 MIN    13
2021 03 01 23 31 MAX   227
2021 03 02 05 47 MIN    -7
2021 03 02 11 56 MAX   238
2021 03 02 18 13 MIN    12
2021 03 03 00 15 MAX   222
2021 03 03 06 30 MIN    16
2021 03 03 12 30 MAX   221
2021 03 03 18 51 MIN    18
2021 03 04 01 03 MAX   210
2021 03 04 07 16 MIN    45
2021 03 04 13 06 MAX   199
2021 03 04 19 32 MIN    29
2021 03 05 01 58 MAX   194
2021 03 05 08 10 MIN    76
2021 03 05 13 44 MAX   175
2021 03 05 20 21 MIN    43
2021 03 06 03 10 MAX   178
2021 03 06 09 27 MIN   104
2021 03 06 14 31 MAX   153
2021 03 06 21 31 MIN    56
2021 03 07 05 06 MAX   171
2021 03 07 11 38 MIN   115
2021 03 07 15 56 MAX   137
2021 03 07 23 12 MIN    62
2021 03 08 06 59 MAX   181
2021 03 08 13 25 MIN   105
2021 03 08 18 07 MAX   138
2021 03 09 00 44 MIN    54
2021 03 09 07 58 MAX   195
2021 03 09 14 18 MIN    90
2021 03 09 19 25 MAX   153
2021 03 10 01 48 MIN    41
2021 03 10 08 39 MAX   208
2021 03 10 14 55 MIN    75
2021 03 10 20 16 MAX   172
2021 03 11 02 36 MIN    28
2021 03 11 09 12 MAX   218
2021 03 11 15 27 MIN    61
2021 03 11 20 56 MAX   189
2021 03 12 03 16 MIN    18
2021 03 12 09 42 MAX   225
2021 03 12 15 56 MIN    48
2021 03 12 21 33 MAX   203
2021 03 13 03 52 MIN    12
2021 03 13 10 11 MAX   228
2021 03 13 16 24 MIN    39
2021 03 13 22 07 MAX   212
2021 03 14 04 24 MIN    12
2021 03 14 10 38 MAX   227
2021 03 14 16 51 MIN    33
2021 03 14 22 41 MAX   216
2021 03 15 04 54 MIN    19
2021 03 15 11 03 MAX   221
2021 03 15 17 16 MIN    31
2021 03 15 23 13 MAX   215
2021 03 16 05 23 MIN    31
2021 03 16 11 26 MAX   212
2021 03 16 17 40 MIN    32
2021 03 16 23 45 MAX   210
2021 03 17 05 51 MIN    46
2021 03 17 11 49 MAX   201
2021 03 17 18 04 MIN    36
2021 03 18 00 17 MAX   202
2021 03 18 06 19 MIN    64
2021 03 18 12 09 MAX   188
2021 03 18 18 29 MIN    43
2021 03 19 00 53 MAX   192
2021 03 19 06 49 MIN    84
2021 03 19 12 30 MAX   175
2021 03 19 18 58 MIN    53
2021 03 20 01 34 MAX   180
2021 03 20 07 24 MIN   103
2021 03 20 12 51 MAX   161
2021 03 20 19 33 MIN    65
2021 03 21 02 27 MAX   167
2021 03 21 08 20 MIN   120
2021 03 21 13 15 MAX   147
2021 03 21 20 31 MIN    77
2021 03 22 03 59 MAX   159
2021 03 22 10 43 MIN   129
2021 03 22 13 58 MAX   133
2021 03 22 22 16 MIN    83
2021 03 23 06 14 MAX   164
2021 03 23 13 15 MIN   118
2021 03 23 17 30 MAX   130
2021 03 24 00 00 MIN    75
2021 03 24 00 00 MIN    75
2021 03 24 07 18 MAX   179
2021 03 24 13 51 MIN   101
2021 03 24 18 59 MAX   145
2021 03 25 01 08 MIN    57
2021 03 25 07 57 MAX   196
2021 03 25 14 19 MIN    81
2021 03 25 19 48 MAX   166
2021 03 26 01 58 MIN    36
2021 03 26 08 32 MAX   214
2021 03 26 14 49 MIN    60
2021 03 26 20 30 MAX   189
2021 03 27 02 43 MIN    16
2021 03 27 09 05 MAX   230
2021 03 27 15 21 MIN    37
2021 03 27 21 10 MAX   212
2021 03 28 03 25 MIN    -1
2021 03 28 09 40 MAX   242
2021 03 28 15 55 MIN    17
2021 03 28 21 52 MAX   232
2021 03 29 04 08 MIN    -8
2021 03 29 10 15 MAX   247
2021 03 29 16 30 MIN     0
2021 03 29 22 34 MAX   245
2021 03 30 04 50 MIN    -5
2021 03 30 10 50 MAX   244
2021 03 30 17 07 MIN    -8
2021 03 30 23 18 MAX   249
2021 03 31 05 34 MIN     9
2021 03 31 11 26 MAX   232
2021 03 31 17 44 MIN    -7
2021 04 01 00 04 MAX   243
2021 04 01 06 19 MIN    33
2021 04 01 12 01 MAX   213
2021 04 01 18 22 MIN     3
2021 04 02 00 52 MAX   228
2021 04 02 07 08 MIN    63
2021 04 02 12 37 MAX   190
2021 04 02 19 03 MIN    20
2021 04 03 01 48 MAX   208
2021 04 03 08 06 MIN    92
2021 04 03 13 15 MAX   167
2021 04 03 19 51 MIN    42
2021 04 04 03 01 MAX   189
2021 04 04 09 33 MIN   114
2021 04 04 14 03 MAX   147
2021 04 04 21 01 MIN    63
2021 04 05 04 56 MAX   179
2021 04 05 11 47 MIN   117
2021 04 05 15 46 MAX   134
2021 04 05 22 51 MIN    75
2021 04 06 06 39 MAX   184
2021 04 06 13 12 MIN   105
2021 04 06 18 08 MAX   140
2021 04 07 00 29 MIN    71
2021 04 07 07 32 MAX   193
2021 04 07 13 55 MIN    90
2021 04 07 19 17 MAX   159
2021 04 08 01 32 MIN    62
2021 04 08 08 08 MAX   200
2021 04 08 14 26 MIN    75
2021 04 08 20 01 MAX   177
2021 04 09 02 18 MIN    52
2021 04 09 08 39 MAX   207
2021 04 09 14 54 MIN    60
2021 04 09 20 39 MAX   194
2021 04 10 02 55 MIN    44
2021 04 10 09 07 MAX   212
2021 04 10 15 21 MIN    47
2021 04 10 21 14 MAX   207
2021 04 11 03 29 MIN    39
2021 04 11 09 33 MAX   215
2021 04 11 15 48 MIN    36
2021 04 11 21 47 MAX   217
2021 04 12 04 00 MIN    38
2021 04 12 09 59 MAX   214
2021 04 12 16 12 MIN    29
2021 04 12 22 19 MAX   223
2021 04 13 04 30 MIN    43
2021 04 13 10 23 MAX   210
2021 04 13 16 36 MIN    24
2021 04 13 22 50 MAX   225
2021 04 14 04 59 MIN    51
2021 04 14 10 47 MAX   203
2021 04 14 17 00 MIN    24
2021 04 14 23 22 MAX   223
2021 04 15 05 28 MIN    63
2021 04 15 11 09 MAX   195
2021 04 15 17 25 MIN    28
2021 04 15 23 55 MAX   217
2021 04 16 05 58 MIN    77
2021 04 16 11 32 MAX   185
2021 04 16 17 51 MIN    35
2021 04 17 00 29 MAX   208
2021 04 17 06 31 MIN    93
2021 04 17 11 56 MAX   174
2021 04 17 18 21 MIN    47
2021 04 18 01 09 MAX   196
2021 04 18 07 11 MIN   108
2021 04 18 12 21 MAX   162
2021 04 18 18 58 MIN    61
2021 04 19 02 00 MAX   184
2021 04 19 08 10 MIN   122
2021 04 19 12 55 MAX   150
2021 04 19 19 52 MIN    75
2021 04 20 03 15 MAX   174
2021 04 20 10 09 MIN   127
2021 04 20 14 04 MAX   137
2021 04 20 21 26 MIN    85
2021 04 21 05 02 MAX   174
2021 04 21 12 09 MIN   116
2021 04 21 16 51 MAX   136
2021 04 21 23 13 MIN    82
2021 04 22 06 18 MAX   184
2021 04 22 12 58 MIN    98
2021 04 22 18 24 MAX   153
2021 04 23 00 29 MIN    68
2021 04 23 07 06 MAX   198
2021 04 23 13 34 MIN    77
2021 04 23 19 18 MAX   176
2021 04 24 01 25 MIN    50
2021 04 24 07 46 MAX   213
2021 04 24 14 08 MIN    52
2021 04 24 20 04 MAX   201
2021 04 25 02 15 MIN    33
2021 04 25 08 24 MAX   225
2021 04 25 14 44 MIN    27
2021 04 25 20 49 MAX   226
2021 04 26 03 03 MIN    21
2021 04 26 09 02 MAX   234
2021 04 26 15 21 MIN     5
2021 04 26 21 34 MAX   246
2021 04 27 03 49 MIN    16
2021 04 27 09 41 MAX   236
2021 04 27 15 59 MIN   -11
2021 04 27 22 20 MAX   260
2021 04 28 04 36 MIN    21
2021 04 28 10 19 MAX   231
2021 04 28 16 38 MIN   -18
2021 04 28 23 07 MAX   263
2021 04 29 05 23 MIN    35
2021 04 29 10 58 MAX   220
2021 04 29 17 18 MIN   -14
2021 04 29 23 54 MAX   257
2021 04 30 06 12 MIN    57
2021 04 30 11 36 MAX   203
2021 04 30 17 59 MIN    -1
2021 05 01 00 45 MAX   241
2021 05 01 07 04 MIN    81
2021 05 01 12 15 MAX   184
2021 05 01 18 43 MIN    21
2021 05 02 01 40 MAX   221
2021 05 02 08 07 MIN   103
2021 05 02 12 58 MAX   165
2021 05 02 19 32 MIN    46
2021 05 03 02 49 MAX   201
2021 05 03 09 32 MIN   117
2021 05 03 13 56 MAX   149
2021 05 03 20 40 MIN    70
2021 05 04 04 22 MAX   189
2021 05 04 11 16 MIN   116
2021 05 04 15 41 MAX   141
2021 05 04 22 17 MIN    86
2021 05 05 05 48 MAX   187
2021 05 05 12 28 MIN   106
2021 05 05 17 42 MAX   148
2021 05 05 23 52 MIN    89
2021 05 06 06 44 MAX   189
2021 05 06 13 12 MIN    92
2021 05 06 18 52 MAX   164
2021 05 07 00 58 MIN    85
2021 05 07 07 22 MAX   192
2021 05 07 13 45 MIN    78
2021 05 07 19 38 MAX   180
2021 05 08 01 47 MIN    79
2021 05 08 07 54 MAX   196
2021 05 08 14 14 MIN    64
2021 05 08 20 16 MAX   195
2021 05 09 02 26 MIN    74
2021 05 09 08 22 MAX   199
2021 05 09 14 41 MIN    51
2021 05 09 20 51 MAX   208
2021 05 10 03 02 MIN    70
2021 05 10 08 50 MAX   200
2021 05 10 15 07 MIN    40
2021 05 10 21 24 MAX   218
2021 05 11 03 35 MIN    69
2021 05 11 09 17 MAX   200
2021 05 11 15 33 MIN    32
2021 05 11 21 57 MAX   226
2021 05 12 04 07 MIN    70
2021 05 12 09 44 MAX   198
2021 05 12 15 59 MIN    26
2021 05 12 22 29 MAX   230
2021 05 13 04 38 MIN    75
2021 05 13 10 10 MAX   195
2021 05 13 16 26 MIN    24
2021 05 13 23 02 MAX   231
2021 05 14 05 10 MIN    82
2021 05 14 10 37 MAX   190
2021 05 14 16 55 MIN    27
2021 05 14 23 36 MAX   228
2021 05 15 05 43 MIN    91
2021 05 15 11 05 MAX   184
2021 05 15 17 26 MIN    34
2021 05 16 00 13 MAX   221
2021 05 16 06 21 MIN   102
2021 05 16 11 35 MAX   176
2021 05 16 18 01 MIN    45
2021 05 17 00 55 MAX   211
2021 05 17 07 05 MIN   112
2021 05 17 12 11 MAX   167
2021 05 17 18 43 MIN    59
2021 05 18 01 44 MAX   200
2021 05 18 08 07 MIN   120
2021 05 18 12 58 MAX   157
2021 05 18 19 37 MIN    73
2021 05 19 02 46 MAX   192
2021 05 19 09 33 MIN   121
2021 05 19 14 17 MAX   148
2021 05 19 20 55 MIN    83
2021 05 20 04 02 MAX   189
2021 05 20 10 59 MIN   111
2021 05 20 16 11 MAX   150
2021 05 20 22 25 MIN    85
2021 05 21 05 12 MAX   193
2021 05 21 11 58 MIN    94
2021 05 21 17 41 MAX   164
2021 05 21 23 45 MIN    79
2021 05 22 06 08 MAX   200
2021 05 22 12 43 MIN    72
2021 05 22 18 45 MAX   186
2021 05 23 00 50 MIN    69
2021 05 23 06 57 MAX   208
2021 05 23 13 25 MIN    48
2021 05 23 19 39 MAX   210
2021 05 24 01 48 MIN    58
2021 05 24 07 42 MAX   216
2021 05 24 14 07 MIN    25
2021 05 24 20 30 MAX   234
2021 05 25 02 42 MIN    51
2021 05 25 08 26 MAX   220
2021 05 25 14 49 MIN     4
2021 05 25 21 19 MAX   254
2021 05 26 03 35 MIN    48
2021 05 26 09 10 MAX   221
2021 05 26 15 32 MIN   -10
2021 05 26 22 09 MAX   266
2021 05 27 04 26 MIN    52
2021 05 27 09 53 MAX   217
2021 05 27 16 15 MIN   -15
2021 05 27 22 57 MAX   270
2021 05 28 05 16 MIN    62
2021 05 28 10 36 MAX   210
2021 05 28 16 59 MIN    -9
2021 05 28 23 47 MAX   263
2021 05 29 06 07 MIN    77
2021 05 29 11 19 MAX   198
2021 05 29 17 43 MIN     6
2021 05 30 00 37 MAX   249
2021 05 30 07 00 MIN    93
2021 05 30 12 02 MAX   185
2021 05 30 18 29 MIN    27
2021 05 31 01 29 MAX   231
2021 05 31 07 58 MIN   106
2021 05 31 12 50 MAX   172
2021 05 31 19 18 MIN    52
2021 06 01 02 25 MAX   213
2021 06 01 09 06 MIN   114
2021 06 01 13 50 MAX   160
2021 06 01 20 16 MIN    77
2021 06 02 03 29 MAX   198
2021 06 02 10 20 MIN   114
2021 06 02 15 14 MAX   153
2021 06 02 21 29 MIN    96
2021 06 03 04 36 MAX   189
2021 06 03 11 27 MIN   107
2021 06 03 16 55 MAX   156
2021 06 03 22 54 MIN   106
2021 06 04 05 34 MAX   185
2021 06 04 12 16 MIN    96
2021 06 04 18 13 MAX   167
2021 06 05 00 09 MIN   109
2021 06 05 06 20 MAX   184
2021 06 05 12 55 MIN    84
2021 06 05 19 08 MAX   180
2021 06 06 01 08 MIN   108
2021 06 06 06 59 MAX   185
2021 06 06 13 29 MIN    72
2021 06 06 19 51 MAX   193
2021 06 07 01 55 MIN   104
2021 06 07 07 34 MAX   186
2021 06 07 13 59 MIN    61
2021 06 07 20 29 MAX   206
2021 06 08 02 35 MIN   100
2021 06 08 08 06 MAX   187
2021 06 08 14 28 MIN    50
2021 06 08 21 04 MAX   217
2021 06 09 03 12 MIN    97
2021 06 09 08 38 MAX   188
2021 06 09 14 58 MIN    41
2021 06 09 21 38 MAX   226
2021 06 10 03 47 MIN    95
2021 06 10 09 10 MAX   189
2021 06 10 15 29 MIN    34
2021 06 10 22 12 MAX   232
2021 06 11 04 21 MIN    96
2021 06 11 09 41 MAX   190
2021 06 11 16 01 MIN    30
2021 06 11 22 47 MAX   236
2021 06 12 04 56 MIN    98
2021 06 12 10 14 MAX   190
2021 06 12 16 36 MIN    30
2021 06 12 23 23 MAX   235
2021 06 13 05 33 MIN   101
2021 06 13 10 49 MAX   189
2021 06 13 17 13 MIN    35
2021 06 14 00 02 MAX   232
2021 06 14 06 13 MIN   106
2021 06 14 11 26 MAX   185
2021 06 14 17 52 MIN    44
2021 06 15 00 42 MAX   225
2021 06 15 06 58 MIN   110
2021 06 15 12 09 MAX   178
2021 06 15 18 35 MIN    56
2021 06 16 01 27 MAX   218
2021 06 16 07 51 MIN   113
2021 06 16 13 02 MAX   171
2021 06 16 19 27 MIN    69
2021 06 17 02 17 MAX   210
2021 06 17 08 53 MIN   111
2021 06 17 14 10 MAX   166
2021 06 17 20 29 MIN    81
2021 06 18 03 13 MAX   204
2021 06 18 09 59 MIN   103
2021 06 18 15 35 MAX   167
2021 06 18 21 45 MIN    90
2021 06 19 04 13 MAX   200
2021 06 19 11 00 MIN    89
2021 06 19 17 02 MAX   177
2021 06 19 23 05 MIN    94
2021 06 20 05 13 MAX   199
2021 06 20 11 55 MIN    71
2021 06 20 18 17 MAX   194
2021 06 21 00 21 MIN    93
2021 06 21 06 10 MAX   200
2021 06 21 12 46 MIN    51
2021 06 21 19 21 MAX   215
2021 06 22 01 30 MIN    88
2021 06 22 07 04 MAX   202
2021 06 22 13 36 MIN    31
2021 06 22 20 18 MAX   237
2021 06 23 02 31 MIN    83
2021 06 23 07 56 MAX   205
2021 06 23 14 25 MIN    14
2021 06 23 21 12 MAX   254
2021 06 24 03 28 MIN    79
2021 06 24 08 47 MAX   208
2021 06 24 15 13 MIN     3
2021 06 24 22 02 MAX   266
2021 06 25 04 20 MIN    78
2021 06 25 09 35 MAX   209
2021 06 25 16 00 MIN    -1
2021 06 25 22 51 MAX   270
2021 06 26 05 09 MIN    81
2021 06 26 10 21 MAX   208
2021 06 26 16 47 MIN     3
2021 06 26 23 37 MAX   266
2021 06 27 05 57 MIN    87
2021 06 27 11 07 MAX   203
2021 06 27 17 32 MIN    16
2021 06 28 00 22 MAX   254
2021 06 28 06 44 MIN    95
2021 06 28 11 52 MAX   196
2021 06 28 18 15 MIN    36
2021 06 29 01 05 MAX   238
2021 06 29 07 32 MIN   103
2021 06 29 12 38 MAX   186
2021 06 29 18 58 MIN    59
2021 06 30 01 47 MAX   221
2021 06 30 08 22 MIN   109
2021 06 30 13 30 MAX   176
2021 06 30 19 43 MIN    83
2021 07 01 02 30 MAX   206
2021 07 01 09 16 MIN   111
2021 07 01 14 33 MAX   168
2021 07 01 20 34 MIN   105
2021 07 02 03 15 MAX   193
2021 07 02 10 14 MIN   109
2021 07 02 15 54 MAX   164
2021 07 02 21 41 MIN   122
2021 07 03 04 05 MAX   183
2021 07 03 11 10 MIN   103
2021 07 03 17 24 MAX   169
2021 07 03 23 04 MIN   131
2021 07 04 05 01 MAX   178
2021 07 04 11 59 MIN    94
2021 07 04 18 37 MAX   179
2021 07 05 00 26 MIN   133
2021 07 05 05 55 MAX   175
2021 07 05 12 41 MIN    85
2021 07 05 19 30 MAX   191
2021 07 06 01 29 MIN   130
2021 07 06 06 44 MAX   175
2021 07 06 13 19 MIN    75
2021 07 06 20 12 MAX   203
2021 07 07 02 19 MIN   124
2021 07 07 07 29 MAX   177
2021 07 07 13 55 MIN    64
2021 07 07 20 49 MAX   215
2021 07 08 02 58 MIN   118
2021 07 08 08 09 MAX   181
2021 07 08 14 32 MIN    54
2021 07 08 21 25 MAX   226
2021 07 09 03 34 MIN   113
2021 07 09 08 47 MAX   187
2021 07 09 15 09 MIN    44
2021 07 09 22 00 MAX   235
2021 07 10 04 09 MIN   108
2021 07 10 09 24 MAX   193
2021 07 10 15 46 MIN    36
2021 07 10 22 34 MAX   241
2021 07 11 04 44 MIN   105
2021 07 11 10 02 MAX   198
2021 07 11 16 24 MIN    33
2021 07 11 23 10 MAX   244
2021 07 12 05 20 MIN   102
2021 07 12 10 40 MAX   200
2021 07 12 17 04 MIN    34
2021 07 12 23 46 MAX   244
2021 07 13 05 59 MIN   100
2021 07 13 11 21 MAX   200
2021 07 13 17 44 MIN    40
2021 07 14 00 23 MAX   240
2021 07 14 06 39 MIN   100
2021 07 14 12 05 MAX   197
2021 07 14 18 26 MIN    52
2021 07 15 01 02 MAX   233
2021 07 15 07 24 MIN    99
2021 07 15 12 55 MAX   192
2021 07 15 19 12 MIN    67
2021 07 16 01 43 MAX   223
2021 07 16 08 12 MIN    97
2021 07 16 13 55 MAX   186
2021 07 16 20 06 MIN    85
2021 07 17 02 29 MAX   212
2021 07 17 09 08 MIN    93
2021 07 17 15 07 MAX   183
2021 07 17 21 14 MIN   102
2021 07 18 03 21 MAX   201
2021 07 18 10 10 MIN    86
2021 07 18 16 34 MAX   187
2021 07 18 22 39 MIN   115
2021 07 19 04 22 MAX   192
2021 07 19 11 15 MIN    75
2021 07 19 18 03 MAX   199
2021 07 20 00 10 MIN   118
2021 07 20 05 32 MAX   187
2021 07 20 12 19 MIN    61
2021 07 20 19 18 MAX   217
2021 07 21 01 30 MIN   114
2021 07 21 06 40 MAX   188
2021 07 21 13 18 MIN    46
2021 07 21 20 18 MAX   236
2021 07 22 02 34 MIN   106
2021 07 22 07 42 MAX   194
2021 07 22 14 13 MIN    31
2021 07 22 21 10 MAX   252
2021 07 23 03 27 MIN    98
2021 07 23 08 37 MAX   202
2021 07 23 15 04 MIN    20
2021 07 23 21 57 MAX   263
2021 07 24 04 14 MIN    91
2021 07 24 09 26 MAX   210
2021 07 24 15 52 MIN    15
2021 07 24 22 40 MAX   267
2021 07 25 04 57 MIN    88
2021 07 25 10 12 MAX   215
2021 07 25 16 37 MIN    17
2021 07 25 23 20 MAX   264
2021 07 26 05 37 MIN    88
2021 07 26 10 55 MAX   215
2021 07 26 17 18 MIN    28
2021 07 26 23 56 MAX   255
2021 07 27 06 16 MIN    90
2021 07 27 11 37 MAX   211
2021 07 27 17 56 MIN    45
2021 07 28 00 30 MAX   241
2021 07 28 06 52 MIN    95
2021 07 28 12 18 MAX   203
2021 07 28 18 31 MIN    67
2021 07 29 01 01 MAX   225
2021 07 29 07 29 MIN   100
2021 07 29 13 02 MAX   192
2021 07 29 19 05 MIN    91
2021 07 30 01 30 MAX   210
2021 07 30 08 08 MIN   104
2021 07 30 13 50 MAX   182
2021 07 30 19 41 MIN   113
2021 07 31 01 58 MAX   196
2021 07 31 08 52 MIN   107
2021 07 31 14 53 MAX   174
2021 07 31 20 29 MIN   133
2021 08 01 02 30 MAX   183
2021 08 01 09 47 MIN   108
2021 08 01 16 20 MAX   171
2021 08 01 21 49 MIN   147
2021 08 02 03 16 MAX   173
2021 08 02 10 51 MIN   105
2021 08 02 18 09 MAX   178
2021 08 02 23 57 MIN   151
2021 08 03 04 34 MAX   166
2021 08 03 11 53 MIN    99
2021 08 03 19 20 MAX   190
2021 08 04 01 31 MIN   146
2021 08 04 06 03 MAX   165
2021 08 04 12 47 MIN    90
2021 08 04 20 04 MAX   203
2021 08 05 02 19 MIN   137
2021 08 05 07 07 MAX   170
2021 08 05 13 33 MIN    78
2021 08 05 20 40 MAX   215
2021 08 06 02 53 MIN   128
2021 08 06 07 55 MAX   179
2021 08 06 14 15 MIN    64
2021 08 06 21 12 MAX   227
2021 08 07 03 24 MIN   118
2021 08 07 08 35 MAX   190
2021 08 07 14 56 MIN    51
2021 08 07 21 44 MAX   238
2021 08 08 03 55 MIN   108
2021 08 08 09 14 MAX   201
2021 08 08 15 34 MIN    39
2021 08 08 22 16 MAX   248
2021 08 09 04 27 MIN    98
2021 08 09 09 52 MAX   211
2021 08 09 16 13 MIN    32
2021 08 09 22 49 MAX   254
2021 08 10 05 00 MIN    90
2021 08 10 10 31 MAX   218
2021 08 10 16 52 MIN    30
2021 08 10 23 22 MAX   255
2021 08 11 05 35 MIN    83
2021 08 11 11 13 MAX   221
2021 08 11 17 32 MIN    37
2021 08 11 23 56 MAX   251
2021 08 12 06 12 MIN    79
2021 08 12 11 56 MAX   219
2021 08 12 18 13 MIN    51
2021 08 13 00 31 MAX   241
2021 08 13 06 51 MIN    78
2021 08 13 12 44 MAX   213
2021 08 13 18 57 MIN    71
2021 08 14 01 07 MAX   227
2021 08 14 07 34 MIN    79
2021 08 14 13 39 MAX   204
2021 08 14 19 49 MIN    95
2021 08 15 01 47 MAX   210
2021 08 15 08 24 MIN    82
2021 08 15 14 49 MAX   196
2021 08 15 20 56 MIN   119
2021 08 16 02 34 MAX   192
2021 08 16 09 28 MIN    85
2021 08 16 16 24 MAX   193
2021 08 16 22 37 MIN   135
2021 08 17 03 40 MAX   178
2021 08 17 10 48 MIN    83
2021 08 17 18 14 MAX   203
2021 08 18 00 31 MIN   135
2021 08 18 05 14 MAX   172
2021 08 18 12 09 MIN    74
2021 08 18 19 31 MAX   219
2021 08 19 01 48 MIN   125
2021 08 19 06 41 MAX   177
2021 08 19 13 17 MIN    61
2021 08 19 20 23 MAX   236
2021 08 20 02 40 MIN   113
2021 08 20 07 45 MAX   190
2021 08 20 14 12 MIN    47
2021 08 20 21 06 MAX   249
2021 08 21 03 22 MIN   101
2021 08 21 08 35 MAX   205
2021 08 21 15 00 MIN    36
2021 08 21 21 44 MAX   257
2021 08 22 03 59 MIN    90
2021 08 22 09 20 MAX   217
2021 08 22 15 43 MIN    30
2021 08 22 22 19 MAX   260
2021 08 23 04 34 MIN    82
2021 08 23 10 01 MAX   225
2021 08 23 16 23 MIN    31
2021 08 23 22 52 MAX   257
2021 08 24 05 07 MIN    78
2021 08 24 10 40 MAX   228
2021 08 24 16 59 MIN    41
2021 08 24 23 21 MAX   249
2021 08 25 05 38 MIN    78
2021 08 25 11 17 MAX   225
2021 08 25 17 32 MIN    57
2021 08 25 23 48 MAX   237
2021 08 26 06 07 MIN    80
2021 08 26 11 54 MAX   217
2021 08 26 18 02 MIN    77
2021 08 27 00 12 MAX   223
2021 08 27 06 34 MIN    85
2021 08 27 12 31 MAX   207
2021 08 27 18 30 MIN    98
2021 08 28 00 33 MAX   208
2021 08 28 07 01 MIN    91
2021 08 28 13 11 MAX   196
2021 08 28 18 59 MIN   120
2021 08 29 00 52 MAX   194
2021 08 29 07 33 MIN    98
2021 08 29 14 00 MAX   185
2021 08 29 19 35 MIN   139
2021 08 30 01 09 MAX   182
2021 08 30 08 16 MIN   106
2021 08 30 15 11 MAX   177
2021 08 30 20 43 MIN   155
2021 08 31 01 26 MAX   170
2021 08 31 09 27 MIN   111
2021 08 31 17 35 MAX   178
2021 09 01 11 04 MIN   110
2021 09 01 19 12 MAX   190
2021 09 02 02 03 MIN   147
2021 09 02 05 47 MAX   156
2021 09 02 12 22 MIN   101
2021 09 02 19 51 MAX   203
2021 09 03 02 20 MIN   136
2021 09 03 07 04 MAX   166
2021 09 03 13 17 MIN    86
2021 09 03 20 21 MAX   216
2021 09 04 02 40 MIN   124
2021 09 04 07 48 MAX   180
2021 09 04 14 01 MIN    70
2021 09 04 20 49 MAX   228
2021 09 05 03 04 MIN   110
2021 09 05 08 26 MAX   196
2021 09 05 14 40 MIN    53
2021 09 05 21 17 MAX   241
2021 09 06 03 30 MIN    94
2021 09 06 09 03 MAX   212
2021 09 06 15 19 MIN    39
2021 09 06 21 47 MAX   251
2021 09 07 03 59 MIN    79
2021 09 07 09 40 MAX   226
2021 09 07 15 58 MIN    30
2021 09 07 22 19 MAX   258
2021 09 08 04 31 MIN    65
2021 09 08 10 20 MAX   237
2021 09 08 16 37 MIN    29
2021 09 08 22 51 MAX   258
2021 09 09 05 05 MIN    54
2021 09 09 11 01 MAX   242
2021 09 09 17 18 MIN    38
2021 09 09 23 25 MAX   252
2021 09 10 05 41 MIN    50
2021 09 10 11 46 MAX   240
2021 09 10 18 00 MIN    55
2021 09 10 23 59 MAX   238
2021 09 11 06 18 MIN    51
2021 09 11 12 34 MAX   232
2021 09 11 18 47 MIN    80
2021 09 12 00 34 MAX   219
2021 09 12 06 59 MIN    59
2021 09 12 13 29 MAX   218
2021 09 12 19 41 MIN   108
2021 09 13 01 11 MAX   198
2021 09 13 07 48 MIN    71
2021 09 13 14 40 MAX   204
2021 09 13 21 00 MIN   133
2021 09 14 01 57 MAX   177
2021 09 14 08 56 MIN    84
2021 09 14 16 34 MAX   198
2021 09 14 23 12 MIN   143
2021 09 15 03 17 MAX   161
2021 09 15 10 36 MIN    89
2021 09 15 18 30 MAX   207
2021 09 16 01 01 MIN   133
2021 09 16 05 32 MAX   161
2021 09 16 12 11 MIN    83
2021 09 16 19 32 MAX   221
2021 09 17 01 54 MIN   119
2021 09 17 06 56 MAX   175
2021 09 17 13 19 MIN    71
2021 09 17 20 14 MAX   232
2021 09 18 02 31 MIN   105
2021 09 18 07 49 MAX   193
2021 09 18 14 09 MIN    58
2021 09 18 20 48 MAX   240
2021 09 19 03 03 MIN    91
2021 09 19 08 31 MAX   210
2021 09 19 14 52 MIN    49
2021 09 19 21 19 MAX   245
2021 09 20 03 33 MIN    78
2021 09 20 09 10 MAX   223
2021 09 20 15 30 MIN    45
2021 09 20 21 48 MAX   246
2021 09 21 04 02 MIN    68
2021 09 21 09 47 MAX   232
2021 09 21 16 04 MIN    47
2021 09 21 22 15 MAX   243
2021 09 22 04 31 MIN    62
2021 09 22 10 22 MAX   235
2021 09 22 16 37 MIN    55
2021 09 22 22 41 MAX   236
2021 09 23 04 56 MIN    59
2021 09 23 10 56 MAX   233
2021 09 23 17 07 MIN    68
2021 09 23 23 05 MAX   226
2021 09 24 05 21 MIN    61
2021 09 24 11 30 MAX   227
2021 09 24 17 35 MIN    85
2021 09 24 23 25 MAX   214
2021 09 25 05 44 MIN    66
2021 09 25 12 03 MAX   219
2021 09 25 18 03 MIN   103
2021 09 25 23 44 MAX   201
2021 09 26 06 07 MIN    73
2021 09 26 12 39 MAX   208
2021 09 26 18 32 MIN   122
2021 09 27 00 01 MAX   188
2021 09 27 06 33 MIN    83
2021 09 27 13 22 MAX   196
2021 09 27 19 08 MIN   139
2021 09 28 00 14 MAX   176
2021 09 28 07 08 MIN    95
2021 09 28 14 22 MAX   185
2021 09 28 20 18 MIN   154
2021 09 29 00 15 MAX   164
2021 09 29 08 10 MIN   107
2021 09 29 16 23 MAX   179
2021 09 30 10 11 MIN   113
2021 09 30 18 33 MAX   188
2021 10 01 01 47 MIN   139
2021 10 01 05 44 MAX   148
2021 10 01 11 52 MIN   104
2021 10 01 19 14 MAX   200
2021 10 02 01 51 MIN   125
2021 10 02 06 53 MAX   164
2021 10 02 12 53 MIN    89
2021 10 02 19 44 MAX   212
2021 10 03 02 07 MIN   110
2021 10 03 07 33 MAX   181
2021 10 03 13 38 MIN    71
2021 10 03 20 11 MAX   224
2021 10 04 02 29 MIN    91
2021 10 04 08 09 MAX   201
2021 10 04 14 18 MIN    54
2021 10 04 20 40 MAX   236
2021 10 05 02 56 MIN    71
2021 10 05 08 46 MAX   221
2021 10 05 14 58 MIN    40
2021 10 05 21 11 MAX   246
2021 10 06 03 26 MIN    50
2021 10 06 09 25 MAX   239
2021 10 06 15 39 MIN    32
2021 10 06 21 44 MAX   251
2021 10 07 04 00 MIN    33
2021 10 07 10 07 MAX   252
2021 10 07 16 22 MIN    32
2021 10 07 22 19 MAX   250
2021 10 08 04 35 MIN    21
2021 10 08 10 50 MAX   258
2021 10 08 17 06 MIN    43
2021 10 08 22 54 MAX   241
2021 10 09 05 12 MIN    18
2021 10 09 11 37 MAX   256
2021 10 09 17 52 MIN    62
2021 10 09 23 30 MAX   225
2021 10 10 05 52 MIN    25
2021 10 10 12 27 MAX   245
2021 10 10 18 43 MIN    88
2021 10 11 00 07 MAX   204
2021 10 11 06 34 MIN    39
2021 10 11 13 24 MAX   228
2021 10 11 19 46 MIN   114
2021 10 12 00 47 MAX   182
2021 10 12 07 25 MIN    59
2021 10 12 14 39 MAX   210
2021 10 12 21 19 MIN   133
2021 10 13 01 40 MAX   162
2021 10 13 08 37 MIN    79
2021 10 13 16 34 MAX   202
2021 10 13 23 30 MIN   133
2021 10 14 03 27 MAX   149
2021 10 14 10 27 MIN    90
2021 10 14 18 14 MAX   207
2021 10 15 00 49 MIN   120
2021 10 15 05 46 MAX   157
2021 10 15 12 03 MIN    86
2021 10 15 19 08 MAX   214
2021 10 16 01 32 MIN   105
2021 10 16 06 55 MAX   175
2021 10 16 13 08 MIN    78
2021 10 16 19 45 MAX   219
2021 10 17 02 04 MIN    90
2021 10 17 07 41 MAX   193
2021 10 17 13 55 MIN    69
2021 10 17 20 16 MAX   223
2021 10 18 02 33 MIN    75
2021 10 18 08 20 MAX   209
2021 10 18 14 35 MIN    63
2021 10 18 20 44 MAX   225
2021 10 19 03 01 MIN    62
2021 10 19 08 56 MAX   222
2021 10 19 15 10 MIN    60
2021 10 19 21 11 MAX   225
2021 10 20 03 27 MIN    51
2021 10 20 09 30 MAX   230
2021 10 20 15 44 MIN    62
2021 10 20 21 37 MAX   222
2021 10 21 03 53 MIN    44
2021 10 21 10 03 MAX   235
2021 10 21 16 15 MIN    67
2021 10 21 22 02 MAX   217
2021 10 22 04 17 MIN    40
2021 10 22 10 36 MAX   235
2021 10 22 16 45 MIN    77
2021 10 22 22 25 MAX   209
2021 10 23 04 41 MIN    41
2021 10 23 11 09 MAX   232
2021 10 23 17 15 MIN    89
2021 10 23 22 48 MAX   199
2021 10 24 05 05 MIN    45
2021 10 24 11 42 MAX   225
2021 10 24 17 46 MIN   103
2021 10 24 23 09 MAX   189
2021 10 25 05 31 MIN    53
2021 10 25 12 18 MAX   216
2021 10 25 18 20 MIN   117
2021 10 25 23 31 MAX   178
2021 10 26 06 01 MIN    65
2021 10 26 12 59 MAX   204
2021 10 26 19 03 MIN   131
2021 10 26 23 53 MAX   167
2021 10 27 06 37 MIN    79
2021 10 27 13 53 MAX   191
2021 10 27 20 16 MIN   142
2021 10 28 00 18 MAX   155
2021 10 28 07 33 MIN    94
2021 10 28 15 16 MAX   182
2021 10 28 23 17 MIN   141
2021 10 29 01 24 MAX   142
2021 10 29 09 15 MIN   104
2021 10 29 17 08 MAX   184
2021 10 30 00 28 MIN   127
2021 10 30 05 02 MAX   143
2021 10 30 11 04 MIN   100
2021 10 30 18 11 MAX   192
2021 10 31 00 55 MIN   111
2021 10 31 06 19 MAX   159
2021 10 31 12 14 MIN    88
2021 10 31 18 50 MAX   202
2021 11 01 01 20 MIN    91
2021 11 01 07 05 MAX   179
2021 11 01 13 06 MIN    73
2021 11 01 19 24 MAX   213
2021 11 02 01 48 MIN    69
2021 11 02 07 46 MAX   201
2021 11 02 13 52 MIN    58
2021 11 02 19 58 MAX   223
2021 11 03 02 19 MIN    45
2021 11 03 08 27 MAX   224
2021 11 03 14 38 MIN    45
2021 11 03 20 34 MAX   231
2021 11 04 02 53 MIN    22
2021 11 04 09 10 MAX   245
2021 11 04 15 23 MIN    39
2021 11 04 21 12 MAX   234
2021 11 05 03 31 MIN     4
2021 11 05 09 55 MAX   260
2021 11 05 16 10 MIN    40
2021 11 05 21 50 MAX   231
2021 11 06 04 10 MIN    -7
2021 11 06 10 42 MAX   267
2021 11 06 16 59 MIN    50
2021 11 06 22 30 MAX   222
2021 11 07 04 51 MIN    -7
2021 11 07 11 31 MAX   264
2021 11 07 17 49 MIN    66
2021 11 07 23 10 MAX   207
2021 11 08 05 34 MIN     3
2021 11 08 12 22 MAX   252
2021 11 08 18 44 MIN    87
2021 11 08 23 53 MAX   190
2021 11 09 06 20 MIN    21
2021 11 09 13 20 MAX   234
2021 11 09 19 49 MIN   106
2021 11 10 00 40 MAX   171
2021 11 10 07 13 MIN    45
2021 11 10 14 29 MAX   215
2021 11 10 21 13 MIN   117
2021 11 11 01 42 MAX   155
2021 11 11 08 23 MIN    68
2021 11 11 15 57 MAX   202
2021 11 11 22 50 MIN   116
2021 11 12 03 25 MAX   147
2021 11 12 09 58 MIN    84
2021 11 12 17 22 MAX   197
2021 11 13 00 03 MIN   105
2021 11 13 05 21 MAX   154
2021 11 13 11 30 MIN    89
2021 11 13 18 21 MAX   197
2021 11 14 00 50 MIN    91
2021 11 14 06 34 MAX   170
2021 11 14 12 39 MIN    87
2021 11 14 19 01 MAX   198
2021 11 15 01 26 MIN    76
2021 11 15 07 23 MAX   185
2021 11 15 13 31 MIN    83
2021 11 15 19 34 MAX   199
2021 11 16 01 57 MIN    62
2021 11 16 08 03 MAX   200
2021 11 16 14 13 MIN    79
2021 11 16 20 04 MAX   199
2021 11 17 02 26 MIN    50
2021 11 17 08 40 MAX   211
2021 11 17 14 51 MIN    77
2021 11 17 20 33 MAX   199
2021 11 18 02 52 MIN    39
2021 11 18 09 14 MAX   221
2021 11 18 15 26 MIN    76
2021 11 18 21 02 MAX   197
2021 11 19 03 19 MIN    31
2021 11 19 09 48 MAX   227
2021 11 19 15 59 MIN    77
2021 11 19 21 29 MAX   194
2021 11 20 03 46 MIN    26
2021 11 20 10 20 MAX   231
2021 11 20 16 31 MIN    81
2021 11 20 21 56 MAX   190
2021 11 21 04 13 MIN    25
2021 11 21 10 53 MAX   231
2021 11 21 17 03 MIN    88
2021 11 21 22 24 MAX   185
2021 11 22 04 42 MIN    28
2021 11 22 11 28 MAX   227
2021 11 22 17 37 MIN    96
2021 11 22 22 53 MAX   179
2021 11 23 05 14 MIN    35
2021 11 23 12 05 MAX   219
2021 11 23 18 14 MIN   105
2021 11 23 23 23 MAX   171
2021 11 24 05 49 MIN    46
2021 11 24 12 45 MAX   209
2021 11 24 19 00 MIN   114
2021 11 24 23 57 MAX   162
2021 11 25 06 29 MIN    59
2021 11 25 13 33 MAX   198
2021 11 25 20 00 MIN   120
2021 11 26 00 44 MAX   152
2021 11 26 07 21 MIN    73
2021 11 26 14 31 MAX   189
2021 11 26 21 24 MIN   120
2021 11 27 01 59 MAX   143
2021 11 27 08 33 MIN    85
2021 11 27 15 41 MAX   184
2021 11 27 22 46 MIN   110
2021 11 28 03 52 MAX   142
2021 11 28 10 01 MIN    89
2021 11 28 16 49 MAX   185
2021 11 28 23 42 MIN    94
2021 11 29 05 25 MAX   154
2021 11 29 11 22 MIN    86
2021 11 29 17 44 MAX   189
2021 11 30 00 24 MIN    74
2021 11 30 06 29 MAX   174
2021 11 30 12 29 MIN    77
2021 11 30 18 31 MAX   195
2021 12 01 01 04 MIN    50
2021 12 01 07 21 MAX   197
2021 12 01 13 27 MIN    66
2021 12 01 19 17 MAX   202
2021 12 02 01 43 MIN    26
2021 12 02 08 10 MAX   221
2021 12 02 14 21 MIN    56
2021 12 02 20 01 MAX   207
2021 12 03 02 25 MIN     4
2021 12 03 08 59 MAX   243
2021 12 03 15 13 MIN    50
2021 12 03 20 46 MAX   209
2021 12 04 03 08 MIN   -14
2021 12 04 09 48 MAX   259
2021 12 04 16 05 MIN    49
2021 12 04 21 31 MAX   209
2021 12 05 03 53 MIN   -23
2021 12 05 10 37 MAX   267
2021 12 05 16 55 MIN    53
2021 12 05 22 15 MAX   204
2021 12 06 04 38 MIN   -24
2021 12 06 11 26 MAX   265
2021 12 06 17 47 MIN    62
2021 12 06 23 00 MAX   196
2021 12 07 05 25 MIN   -14
2021 12 07 12 16 MAX   255
2021 12 07 18 39 MIN    75
2021 12 07 23 47 MAX   185
2021 12 08 06 12 MIN     5
2021 12 08 13 08 MAX   238
2021 12 08 19 35 MIN    87
2021 12 09 00 37 MAX   172
2021 12 09 07 03 MIN    29
2021 12 09 14 02 MAX   218
2021 12 09 20 37 MIN    95
2021 12 10 01 36 MAX   160
2021 12 10 08 00 MIN    55
2021 12 10 15 01 MAX   200
2021 12 10 21 47 MIN    97
2021 12 11 02 52 MAX   151
2021 12 11 09 09 MIN    77
2021 12 11 16 05 MAX   186
2021 12 11 22 55 MIN    92
2021 12 12 04 27 MAX   150
2021 12 12 10 30 MIN    93
2021 12 12 17 06 MAX   178
2021 12 12 23 53 MIN    82
2021 12 13 05 55 MAX   159
2021 12 13 11 52 MIN    99
2021 12 13 17 59 MAX   173
2021 12 14 00 39 MIN    70
2021 12 14 06 59 MAX   171
2021 12 14 12 59 MIN    99
2021 12 14 18 43 MAX   172
2021 12 15 01 17 MIN    58
2021 12 15 07 46 MAX   184
2021 12 15 13 52 MIN    96
2021 12 15 19 22 MAX   172
2021 12 16 01 51 MIN    46
2021 12 16 08 26 MAX   196
2021 12 16 14 36 MIN    91
2021 12 16 19 59 MAX   173
2021 12 17 02 22 MIN    36
2021 12 17 09 02 MAX   207
2021 12 17 15 14 MIN    87
2021 12 17 20 34 MAX   174
2021 12 18 02 53 MIN    27
2021 12 18 09 36 MAX   217
2021 12 18 15 49 MIN    83
2021 12 18 21 08 MAX   175
2021 12 19 03 25 MIN    20
2021 12 19 10 10 MAX   223
2021 12 19 16 23 MIN    82
2021 12 19 21 40 MAX   177
2021 12 20 03 58 MIN    15
2021 12 20 10 44 MAX   227
2021 12 20 16 56 MIN    82
2021 12 20 22 13 MAX   177
2021 12 21 04 32 MIN    14
2021 12 21 11 18 MAX   227
2021 12 21 17 30 MIN    84
2021 12 21 22 47 MAX   177
2021 12 22 05 07 MIN    18
2021 12 22 11 54 MAX   223
2021 12 22 18 06 MIN    87
2021 12 22 23 23 MAX   173
2021 12 23 05 44 MIN    25
2021 12 23 12 30 MAX   216
2021 12 23 18 46 MIN    90
2021 12 24 00 02 MAX   168
2021 12 24 06 24 MIN    36
2021 12 24 13 09 MAX   208
2021 12 24 19 31 MIN    92
2021 12 25 00 47 MAX   161
2021 12 25 07 07 MIN    50
2021 12 25 13 52 MAX   198
2021 12 25 20 23 MIN    91
2021 12 26 01 45 MAX   154
2021 12 26 08 00 MIN    64
2021 12 26 14 39 MAX   189
2021 12 26 21 22 MIN    86
2021 12 27 03 00 MAX   150
2021 12 27 09 07 MIN    77
2021 12 27 15 34 MAX   182
2021 12 27 22 25 MIN    76
2021 12 28 04 27 MAX   155
2021 12 28 10 28 MIN    85
2021 12 28 16 35 MAX   177
2021 12 28 23 25 MIN    61
2021 12 29 05 51 MAX   169
2021 12 29 11 53 MIN    86
2021 12 29 17 38 MAX   175
2021 12 30 00 21 MIN    41
2021 12 30 07 01 MAX   190
2021 12 30 13 09 MIN    80
2021 12 30 18 39 MAX   177
2021 12 31 01 14 MIN    21
2021 12 31 08 01 MAX   213
2021 12 31 14 14 MIN    70
2021 12 31 19 37 MAX   181
