<TOPS - 조위예측극치자료>

대상조위관측소 : 속초
위도(WGS84) : N  38도 12분 26초
경도(WGS84) : E 128도 35분 39초
관측기간 : 2022-01-01 00:00:00 ~ 2022-12-31 23:59:00

2021 12 01 00 15 MAX    21
2021 12 01 06 40 MIN     6
2021 12 01 12 41 MAX    19
2021 12 01 18 40 MIN     7
2021 12 02 00 40 MAX    23
2021 12 02 07 28 MIN     1
2021 12 02 13 49 MAX    20
2021 12 02 19 23 MIN     9
2021 12 03 01 10 MAX    25
2021 12 03 08 15 MIN    -3
2021 12 03 14 51 MAX    21
2021 12 03 20 05 MIN    11
2021 12 04 01 45 MAX    27
2021 12 04 09 04 MIN    -6
2021 12 04 15 52 MAX    21
2021 12 04 20 46 MIN    13
2021 12 05 02 25 MAX    29
2021 12 05 09 55 MIN    -8
2021 12 05 16 56 MAX    20
2021 12 05 21 26 MIN    14
2021 12 06 03 08 MAX    30
2021 12 06 10 48 MIN    -9
2021 12 06 18 05 MAX    19
2021 12 06 22 07 MIN    15
2021 12 07 03 55 MAX    30
2021 12 07 11 43 MIN    -9
2021 12 07 19 16 MAX    18
2021 12 07 22 50 MIN    15
2021 12 08 04 45 MAX    29
2021 12 08 12 41 MIN    -7
2021 12 08 20 26 MAX    17
2021 12 08 23 43 MIN    15
2021 12 09 05 40 MAX    27
2021 12 09 13 40 MIN    -5
2021 12 09 21 32 MAX    16
2021 12 10 00 58 MIN    15
2021 12 10 06 39 MAX    24
2021 12 10 14 39 MIN    -2
2021 12 10 22 26 MAX    16
2021 12 11 02 35 MIN    13
2021 12 11 07 48 MAX    21
2021 12 11 15 37 MIN     0
2021 12 11 23 04 MAX    16
2021 12 12 04 12 MIN    11
2021 12 12 09 10 MAX    17
2021 12 12 16 31 MIN     3
2021 12 12 23 30 MAX    17
2021 12 13 05 34 MIN     8
2021 12 13 10 53 MAX    15
2021 12 13 17 20 MIN     6
2021 12 13 23 53 MAX    19
2021 12 14 06 37 MIN     5
2021 12 14 12 38 MAX    15
2021 12 14 18 03 MIN     8
2021 12 15 00 16 MAX    20
2021 12 15 07 25 MIN     2
2021 12 15 13 56 MAX    15
2021 12 15 18 41 MIN    10
2021 12 16 00 41 MAX    22
2021 12 16 08 05 MIN     0
2021 12 16 14 53 MAX    16
2021 12 16 19 15 MIN    12
2021 12 17 01 08 MAX    23
2021 12 17 08 40 MIN    -1
2021 12 17 15 36 MAX    17
2021 12 17 19 47 MIN    13
2021 12 18 01 37 MAX    25
2021 12 18 09 13 MIN    -2
2021 12 18 16 14 MAX    18
2021 12 18 20 19 MIN    14
2021 12 19 02 09 MAX    26
2021 12 19 09 46 MIN    -3
2021 12 19 16 50 MAX    18
2021 12 19 20 50 MIN    14
2021 12 20 02 42 MAX    26
2021 12 20 10 20 MIN    -3
2021 12 20 17 25 MAX    18
2021 12 20 21 22 MIN    14
2021 12 21 03 17 MAX    27
2021 12 21 10 55 MIN    -3
2021 12 21 18 02 MAX    17
2021 12 21 21 55 MIN    14
2021 12 22 03 53 MAX    26
2021 12 22 11 32 MIN    -3
2021 12 22 18 42 MAX    17
2021 12 22 22 31 MIN    14
2021 12 23 04 29 MAX    26
2021 12 23 12 10 MIN    -3
2021 12 23 19 25 MAX    16
2021 12 23 23 13 MIN    14
2021 12 24 05 07 MAX    24
2021 12 24 12 50 MIN    -2
2021 12 24 20 10 MAX    16
2021 12 25 00 05 MIN    13
2021 12 25 05 48 MAX    23
2021 12 25 13 32 MIN    -1
2021 12 25 20 51 MAX    16
2021 12 26 01 14 MIN    13
2021 12 26 06 38 MAX    20
2021 12 26 14 16 MIN     1
2021 12 26 21 26 MAX    17
2021 12 27 02 40 MIN    12
2021 12 27 07 42 MAX    18
2021 12 27 15 05 MIN     3
2021 12 27 21 58 MAX    18
2021 12 28 04 06 MIN     9
2021 12 28 09 09 MAX    15
2021 12 28 15 58 MIN     5
2021 12 28 22 31 MAX    19
2021 12 29 05 19 MIN     5
2021 12 29 11 06 MAX    14
2021 12 29 16 54 MIN     8
2021 12 29 23 06 MAX    21
2021 12 30 06 20 MIN     1
2021 12 30 12 59 MAX    15
2021 12 30 17 51 MIN    10
2021 12 30 23 46 MAX    23
2021 12 31 07 16 MIN    -3
2021 12 31 14 20 MAX    17
2021 12 31 18 44 MIN    12
2022 01 01 00 31 MAX    26
2022 01 01 08 09 MIN    -7
2022 01 01 15 25 MAX    18
2022 01 01 19 34 MIN    13
2022 01 02 01 19 MAX    28
2022 01 02 09 01 MIN    -9
2022 01 02 16 15 MAX    19
2022 01 02 20 21 MIN    14
2022 01 03 02 09 MAX    29
2022 01 03 09 53 MIN   -11
2022 01 03 17 08 MAX    18
2022 01 03 21 07 MIN    14
2022 01 04 03 00 MAX    30
2022 01 04 10 43 MIN   -11
2022 01 04 17 57 MAX    17
2022 01 04 21 56 MIN    13
2022 01 05 03 51 MAX    30
2022 01 05 11 33 MIN   -10
2022 01 05 18 42 MAX    16
2022 01 05 22 45 MIN    12
2022 01 06 04 41 MAX    29
2022 01 06 12 20 MIN    -8
2022 01 06 19 18 MAX    16
2022 01 06 23 39 MIN    11
2022 01 07 05 30 MAX    26
2022 01 07 13 04 MIN    -6
2022 01 07 20 03 MAX    15
2022 01 08 00 41 MIN    10
2022 01 08 06 21 MAX    22
2022 01 08 13 47 MIN    -2
2022 01 08 20 35 MAX    16
2022 01 09 01 55 MIN     9
2022 01 09 07 17 MAX    18
2022 01 09 14 26 MIN     1
2022 01 09 21 14 MAX    16
2022 01 10 03 24 MIN     8
2022 01 10 08 30 MAX    14
2022 01 10 15 02 MIN     5
2022 01 10 21 49 MAX    17
2022 01 11 04 56 MIN     6
2022 01 11 10 25 MAX    12
2022 01 11 15 39 MIN     8
2022 01 11 22 23 MAX    19
2022 01 12 06 09 MIN     3
2022 01 12 13 16 MAX    12
2022 01 12 16 12 MIN    11
2022 01 12 23 01 MAX    20
2022 01 13 07 04 MIN     1
2022 01 13 14 45 MAX    14
2022 01 13 17 09 MIN    13
2022 01 13 23 43 MAX    22
2022 01 14 07 47 MIN    -1
2022 01 14 15 41 MAX    15
2022 01 14 18 17 MIN    14
2022 01 15 00 25 MAX    23
2022 01 15 08 24 MIN    -2
2022 01 15 15 49 MAX    17
2022 01 15 19 02 MIN    15
2022 01 16 01 07 MAX    24
2022 01 16 08 59 MIN    -3
2022 01 16 16 16 MAX    17
2022 01 16 19 47 MIN    15
2022 01 17 01 50 MAX    26
2022 01 17 09 32 MIN    -3
2022 01 17 16 33 MAX    18
2022 01 17 20 30 MIN    14
2022 01 18 02 29 MAX    26
2022 01 18 10 06 MIN    -4
2022 01 18 16 57 MAX    18
2022 01 18 21 10 MIN    13
2022 01 19 03 08 MAX    27
2022 01 19 10 39 MIN    -4
2022 01 19 17 28 MAX    17
2022 01 19 21 50 MIN    12
2022 01 20 03 46 MAX    27
2022 01 20 11 12 MIN    -5
2022 01 20 17 55 MAX    17
2022 01 20 22 32 MIN    11
2022 01 21 04 22 MAX    26
2022 01 21 11 46 MIN    -4
2022 01 21 18 24 MAX    17
2022 01 21 23 16 MIN    10
2022 01 22 05 01 MAX    25
2022 01 22 12 19 MIN    -3
2022 01 22 18 54 MAX    17
2022 01 23 00 05 MIN     9
2022 01 23 05 43 MAX    23
2022 01 23 12 53 MIN    -2
2022 01 23 19 26 MAX    17
2022 01 24 01 00 MIN     8
2022 01 24 06 32 MAX    20
2022 01 24 13 28 MIN     1
2022 01 24 19 57 MAX    18
2022 01 25 02 08 MIN     7
2022 01 25 07 34 MAX    17
2022 01 25 14 06 MIN     4
2022 01 25 20 32 MAX    19
2022 01 26 03 28 MIN     5
2022 01 26 09 05 MAX    14
2022 01 26 14 48 MIN     8
2022 01 26 21 13 MAX    21
2022 01 27 04 50 MIN     2
2022 01 27 11 50 MAX    13
2022 01 27 15 47 MIN    11
2022 01 27 22 05 MAX    22
2022 01 28 06 03 MIN    -2
2022 01 28 13 56 MAX    15
2022 01 28 17 08 MIN    13
2022 01 28 23 05 MAX    24
2022 01 29 07 07 MIN    -5
2022 01 29 14 53 MAX    17
2022 01 29 18 22 MIN    14
2022 01 30 00 09 MAX    26
2022 01 30 08 04 MIN    -7
2022 01 30 15 33 MAX    18
2022 01 30 19 23 MIN    14
2022 01 31 01 11 MAX    28
2022 01 31 08 56 MIN    -9
2022 01 31 16 07 MAX    18
2022 01 31 20 16 MIN    13
2022 02 01 02 07 MAX    29
2022 02 01 09 45 MIN   -10
2022 02 01 16 37 MAX    18
2022 02 01 21 08 MIN    11
2022 02 02 03 00 MAX    30
2022 02 02 10 29 MIN   -10
2022 02 02 17 09 MAX    17
2022 02 02 21 53 MIN    10
2022 02 03 03 48 MAX    29
2022 02 03 11 11 MIN    -8
2022 02 03 17 37 MAX    17
2022 02 03 22 41 MIN     8
2022 02 04 04 34 MAX    27
2022 02 04 11 48 MIN    -6
2022 02 04 18 06 MAX    17
2022 02 04 23 29 MIN     7
2022 02 05 05 19 MAX    24
2022 02 05 12 22 MIN    -3
2022 02 05 18 37 MAX    17
2022 02 06 00 20 MIN     6
2022 02 06 06 05 MAX    21
2022 02 06 12 51 MIN     0
2022 02 06 19 05 MAX    18
2022 02 07 01 18 MIN     5
2022 02 07 06 56 MAX    17
2022 02 07 13 14 MIN     4
2022 02 07 19 38 MAX    18
2022 02 08 02 29 MIN     5
2022 02 08 08 08 MAX    13
2022 02 08 13 29 MIN     7
2022 02 08 20 10 MAX    19
2022 02 09 03 54 MIN     4
2022 02 09 10 34 MAX    11
2022 02 09 13 20 MIN    10
2022 02 09 20 48 MAX    20
2022 02 10 05 19 MIN     3
2022 02 10 21 35 MAX    20
2022 02 11 06 26 MIN     1
2022 02 11 22 37 MAX    21
2022 02 12 07 18 MIN     0
2022 02 12 23 46 MAX    22
2022 02 13 07 59 MIN    -1
2022 02 13 15 35 MAX    17
2022 02 13 18 54 MIN    15
2022 02 14 00 46 MAX    23
2022 02 14 08 35 MIN    -2
2022 02 14 15 38 MAX    18
2022 02 14 19 42 MIN    14
2022 02 15 01 38 MAX    25
2022 02 15 09 08 MIN    -3
2022 02 15 15 55 MAX    18
2022 02 15 20 26 MIN    12
2022 02 16 02 20 MAX    26
2022 02 16 09 40 MIN    -4
2022 02 16 16 15 MAX    18
2022 02 16 21 04 MIN    11
2022 02 17 02 59 MAX    27
2022 02 17 10 12 MIN    -4
2022 02 17 16 33 MAX    19
2022 02 17 21 44 MIN     9
2022 02 18 03 37 MAX    27
2022 02 18 10 43 MIN    -4
2022 02 18 16 58 MAX    19
2022 02 18 22 25 MIN     7
2022 02 19 04 15 MAX    26
2022 02 19 11 13 MIN    -4
2022 02 19 17 25 MAX    19
2022 02 19 23 07 MIN     6
2022 02 20 04 56 MAX    24
2022 02 20 11 45 MIN    -2
2022 02 20 17 50 MAX    20
2022 02 20 23 53 MIN     4
2022 02 21 05 41 MAX    22
2022 02 21 12 16 MIN     1
2022 02 21 18 20 MAX    20
2022 02 22 00 44 MIN     3
2022 02 22 06 34 MAX    19
2022 02 22 12 47 MIN     4
2022 02 22 18 51 MAX    21
2022 02 23 01 44 MIN     1
2022 02 23 07 43 MAX    16
2022 02 23 13 17 MIN     8
2022 02 23 19 29 MAX    22
2022 02 24 03 01 MIN     0
2022 02 24 10 03 MAX    13
2022 02 24 13 52 MIN    11
2022 02 24 20 17 MAX    22
2022 02 25 04 29 MIN    -1
2022 02 25 21 22 MAX    23
2022 02 26 05 50 MIN    -3
2022 02 26 14 34 MAX    16
2022 02 26 17 03 MIN    15
2022 02 26 22 42 MAX    23
2022 02 27 06 58 MIN    -5
2022 02 27 14 52 MAX    17
2022 02 27 18 29 MIN    14
2022 02 28 00 05 MAX    25
2022 02 28 07 56 MIN    -6
2022 02 28 15 11 MAX    18
2022 02 28 19 29 MIN    12
2022 03 01 01 13 MAX    26
2022 03 01 08 44 MIN    -7
2022 03 01 15 31 MAX    18
2022 03 01 20 18 MIN    10
2022 03 02 02 09 MAX    27
2022 03 02 09 27 MIN    -7
2022 03 02 15 53 MAX    18
2022 03 02 21 05 MIN     7
2022 03 03 02 58 MAX    28
2022 03 03 10 06 MIN    -6
2022 03 03 16 17 MAX    18
2022 03 03 21 49 MIN     5
2022 03 04 03 42 MAX    27
2022 03 04 10 40 MIN    -4
2022 03 04 16 42 MAX    18
2022 03 04 22 31 MIN     4
2022 03 05 04 26 MAX    25
2022 03 05 11 10 MIN    -2
2022 03 05 17 06 MAX    19
2022 03 05 23 14 MIN     2
2022 03 06 05 10 MAX    22
2022 03 06 11 37 MIN     1
2022 03 06 17 32 MAX    20
2022 03 06 23 59 MIN     2
2022 03 07 05 56 MAX    19
2022 03 07 11 59 MIN     4
2022 03 07 17 58 MAX    20
2022 03 08 00 46 MIN     1
2022 03 08 06 51 MAX    16
2022 03 08 12 15 MIN     7
2022 03 08 18 24 MAX    21
2022 03 09 01 42 MIN     2
2022 03 09 08 16 MAX    13
2022 03 09 12 21 MIN    10
2022 03 09 18 52 MAX    21
2022 03 10 02 50 MIN     2
2022 03 10 19 24 MAX    21
2022 03 11 04 14 MIN     2
2022 03 11 20 12 MAX    21
2022 03 12 05 34 MIN     2
2022 03 12 21 29 MAX    20
2022 03 13 06 35 MIN     1
2022 03 13 15 08 MAX    17
2022 03 13 17 41 MIN    16
2022 03 13 23 06 MAX    20
2022 03 14 07 23 MIN     1
2022 03 14 14 45 MAX    18
2022 03 14 18 48 MIN    15
2022 03 15 00 28 MAX    22
2022 03 15 08 00 MIN     0
2022 03 15 14 55 MAX    18
2022 03 15 19 37 MIN    12
2022 03 16 01 21 MAX    23
2022 03 16 08 33 MIN    -1
2022 03 16 15 06 MAX    19
2022 03 16 20 15 MIN    10
2022 03 17 02 05 MAX    24
2022 03 17 09 05 MIN    -2
2022 03 17 15 23 MAX    20
2022 03 17 20 53 MIN     8
2022 03 18 02 45 MAX    25
2022 03 18 09 36 MIN    -2
2022 03 18 15 45 MAX    20
2022 03 18 21 32 MIN     5
2022 03 19 03 26 MAX    25
2022 03 19 10 07 MIN    -1
2022 03 19 16 07 MAX    21
2022 03 19 22 12 MIN     3
2022 03 20 04 09 MAX    24
2022 03 20 10 39 MIN     0
2022 03 20 16 32 MAX    22
2022 03 20 22 54 MIN     0
2022 03 21 04 54 MAX    23
2022 03 21 11 10 MIN     3
2022 03 21 16 59 MAX    23
2022 03 21 23 40 MIN    -1
2022 03 22 05 48 MAX    20
2022 03 22 11 41 MIN     6
2022 03 22 17 29 MAX    24
2022 03 23 00 31 MIN    -2
2022 03 23 06 51 MAX    18
2022 03 23 12 09 MIN    10
2022 03 23 18 04 MAX    24
2022 03 24 01 31 MIN    -3
2022 03 24 08 43 MAX    15
2022 03 24 12 32 MIN    13
2022 03 24 18 46 MAX    24
2022 03 25 02 49 MIN    -3
2022 03 25 19 41 MAX    23
2022 03 26 04 17 MIN    -3
2022 03 26 13 53 MAX    17
2022 03 26 15 27 MIN    16
2022 03 26 21 03 MAX    23
2022 03 27 05 38 MIN    -3
2022 03 27 14 06 MAX    17
2022 03 27 17 26 MIN    15
2022 03 27 22 41 MAX    23
2022 03 28 06 45 MIN    -3
2022 03 28 14 17 MAX    18
2022 03 28 18 35 MIN    13
2022 03 29 00 07 MAX    23
2022 03 29 07 38 MIN    -4
2022 03 29 14 33 MAX    18
2022 03 29 19 30 MIN    10
2022 03 30 01 14 MAX    24
2022 03 30 08 22 MIN    -3
2022 03 30 14 48 MAX    19
2022 03 30 20 16 MIN     7
2022 03 31 02 08 MAX    25
2022 03 31 09 00 MIN    -2
2022 03 31 15 05 MAX    20
2022 03 31 20 59 MIN     4
2022 04 01 02 55 MAX    24
2022 04 01 09 33 MIN     0
2022 04 01 15 27 MAX    21
2022 04 01 21 40 MIN     2
2022 04 02 03 38 MAX    24
2022 04 02 10 03 MIN     2
2022 04 02 15 50 MAX    22
2022 04 02 22 20 MIN     1
2022 04 03 04 23 MAX    22
2022 04 03 10 29 MIN     5
2022 04 03 16 14 MAX    23
2022 04 03 22 59 MIN     0
2022 04 04 05 10 MAX    20
2022 04 04 10 53 MIN     7
2022 04 04 16 39 MAX    23
2022 04 04 23 39 MIN     0
2022 04 05 05 58 MAX    19
2022 04 05 11 13 MIN    10
2022 04 05 17 04 MAX    24
2022 04 06 00 20 MIN     0
2022 04 06 07 05 MAX    17
2022 04 06 11 28 MIN    12
2022 04 06 17 29 MAX    24
2022 04 07 01 07 MIN     1
2022 04 07 08 36 MAX    16
2022 04 07 11 32 MIN    14
2022 04 07 17 56 MAX    24
2022 04 08 02 03 MIN     2
2022 04 08 18 28 MAX    23
2022 04 09 03 18 MIN     3
2022 04 09 19 13 MAX    22
2022 04 10 04 37 MIN     4
2022 04 10 20 34 MAX    21
2022 04 11 05 44 MIN     4
2022 04 11 13 57 MAX    19
2022 04 11 17 35 MIN    17
2022 04 11 22 24 MAX    20
2022 04 12 06 33 MIN     3
2022 04 12 13 57 MAX    19
2022 04 12 18 36 MIN    15
2022 04 12 23 55 MAX    21
2022 04 13 07 13 MIN     3
2022 04 13 14 03 MAX    20
2022 04 13 19 18 MIN    12
2022 04 14 00 56 MAX    22
2022 04 14 07 48 MIN     3
2022 04 14 14 14 MAX    22
2022 04 14 19 57 MIN     9
2022 04 15 01 46 MAX    23
2022 04 15 08 22 MIN     3
2022 04 15 14 32 MAX    23
2022 04 15 20 35 MIN     6
2022 04 16 02 32 MAX    24
2022 04 16 08 55 MIN     4
2022 04 16 14 53 MAX    24
2022 04 16 21 15 MIN     3
2022 04 17 03 19 MAX    24
2022 04 17 09 28 MIN     6
2022 04 17 15 17 MAX    26
2022 04 17 21 57 MIN     0
2022 04 18 04 08 MAX    24
2022 04 18 10 02 MIN     8
2022 04 18 15 45 MAX    27
2022 04 18 22 41 MIN    -2
2022 04 19 05 03 MAX    23
2022 04 19 10 35 MIN    11
2022 04 19 16 16 MAX    28
2022 04 19 23 30 MIN    -4
2022 04 20 06 11 MAX    21
2022 04 20 11 06 MIN    14
2022 04 20 16 52 MAX    29
2022 04 21 00 25 MIN    -4
2022 04 21 07 48 MAX    19
2022 04 21 11 37 MIN    16
2022 04 21 17 34 MAX    29
2022 04 22 01 30 MIN    -3
2022 04 22 09 45 MAX    19
2022 04 22 11 41 MIN    18
2022 04 22 18 25 MAX    28
2022 04 23 02 47 MIN    -2
2022 04 23 19 31 MAX    26
2022 04 24 04 07 MIN    -1
2022 04 24 12 56 MAX    20
2022 04 24 15 57 MIN    18
2022 04 24 20 59 MAX    24
2022 04 25 05 19 MIN     0
2022 04 25 13 17 MAX    20
2022 04 25 17 26 MIN    16
2022 04 25 22 39 MAX    24
2022 04 26 06 19 MIN     1
2022 04 26 13 31 MAX    21
2022 04 26 18 32 MIN    13
2022 04 27 00 04 MAX    23
2022 04 27 07 09 MIN     3
2022 04 27 13 45 MAX    22
2022 04 27 19 25 MIN    10
2022 04 28 01 12 MAX    24
2022 04 28 07 48 MIN     4
2022 04 28 14 01 MAX    23
2022 04 28 20 11 MIN     7
2022 04 29 02 07 MAX    24
2022 04 29 08 23 MIN     6
2022 04 29 14 20 MAX    24
2022 04 29 20 53 MIN     5
2022 04 30 02 57 MAX    23
2022 04 30 08 53 MIN     9
2022 04 30 14 41 MAX    26
2022 04 30 21 31 MIN     3
2022 05 01 03 44 MAX    23
2022 05 01 09 21 MIN    11
2022 05 01 15 05 MAX    27
2022 05 01 22 08 MIN     2
2022 05 02 04 30 MAX    23
2022 05 02 09 47 MIN    13
2022 05 02 15 30 MAX    28
2022 05 02 22 44 MIN     2
2022 05 03 05 23 MAX    22
2022 05 03 10 10 MIN    15
2022 05 03 15 56 MAX    29
2022 05 03 23 22 MIN     2
2022 05 04 06 23 MAX    21
2022 05 04 10 29 MIN    17
2022 05 04 16 23 MAX    29
2022 05 05 00 02 MIN     3
2022 05 05 07 27 MAX    21
2022 05 05 10 41 MIN    19
2022 05 05 16 52 MAX    29
2022 05 06 00 46 MIN     4
2022 05 06 17 22 MAX    28
2022 05 07 01 36 MIN     5
2022 05 07 17 58 MAX    27
2022 05 08 02 38 MIN     7
2022 05 08 18 45 MAX    26
2022 05 09 03 42 MIN     8
2022 05 09 19 51 MAX    24
2022 05 10 04 43 MIN     8
2022 05 10 12 48 MAX    23
2022 05 10 17 03 MIN    20
2022 05 10 21 32 MAX    23
2022 05 11 05 33 MIN     8
2022 05 11 12 52 MAX    24
2022 05 11 18 06 MIN    18
2022 05 11 23 11 MAX    23
2022 05 12 06 16 MIN     9
2022 05 12 13 02 MAX    25
2022 05 12 18 51 MIN    15
2022 05 13 00 28 MAX    24
2022 05 13 06 55 MIN    10
2022 05 13 13 16 MAX    27
2022 05 13 19 33 MIN    11
2022 05 14 01 30 MAX    25
2022 05 14 07 34 MIN    11
2022 05 14 13 37 MAX    29
2022 05 14 20 14 MIN     7
2022 05 15 02 27 MAX    26
2022 05 15 08 11 MIN    13
2022 05 15 14 02 MAX    31
2022 05 15 20 57 MIN     4
2022 05 16 03 21 MAX    27
2022 05 16 08 48 MIN    16
2022 05 16 14 33 MAX    33
2022 05 16 21 43 MIN     1
2022 05 17 04 21 MAX    27
2022 05 17 09 26 MIN    18
2022 05 17 15 07 MAX    35
2022 05 17 22 33 MIN    -1
2022 05 18 05 33 MAX    26
2022 05 18 10 02 MIN    20
2022 05 18 15 47 MAX    36
2022 05 18 23 27 MIN    -1
2022 05 19 06 57 MAX    25
2022 05 19 10 37 MIN    22
2022 05 19 16 31 MAX    36
2022 05 20 00 25 MIN    -1
2022 05 20 08 33 MAX    24
2022 05 20 11 13 MIN    23
2022 05 20 17 22 MAX    35
2022 05 21 01 30 MIN     1
2022 05 21 10 20 MAX    24
2022 05 21 12 12 MIN    23
2022 05 21 18 21 MAX    34
2022 05 22 02 38 MIN     3
2022 05 22 11 30 MAX    24
2022 05 22 13 56 MIN    23
2022 05 22 19 30 MAX    31
2022 05 23 03 46 MIN     5
2022 05 23 11 52 MAX    25
2022 05 23 15 44 MIN    22
2022 05 23 20 53 MAX    29
2022 05 24 04 47 MIN     7
2022 05 24 12 18 MAX    25
2022 05 24 17 14 MIN    19
2022 05 24 22 26 MAX    27
2022 05 25 05 41 MIN    10
2022 05 25 12 35 MAX    27
2022 05 25 18 23 MIN    16
2022 05 25 23 58 MAX    26
2022 05 26 06 26 MIN    12
2022 05 26 12 53 MAX    28
2022 05 26 19 18 MIN    13
2022 05 27 01 16 MAX    26
2022 05 27 07 04 MIN    15
2022 05 27 13 12 MAX    30
2022 05 27 20 04 MIN    11
2022 05 28 02 20 MAX    26
2022 05 28 07 38 MIN    17
2022 05 28 13 34 MAX    32
2022 05 28 20 44 MIN     9
2022 05 29 03 13 MAX    27
2022 05 29 08 07 MIN    20
2022 05 29 13 59 MAX    33
2022 05 29 21 21 MIN     8
2022 05 30 04 05 MAX    27
2022 05 30 08 35 MIN    22
2022 05 30 14 26 MAX    35
2022 05 30 21 57 MIN     8
2022 05 31 04 49 MAX    28
2022 05 31 09 03 MIN    23
2022 05 31 14 55 MAX    36
2022 05 31 22 33 MIN     8
2022 06 01 05 38 MAX    28
2022 06 01 09 29 MIN    24
2022 06 01 15 25 MAX    36
2022 06 01 23 09 MIN     8
2022 06 02 06 34 MAX    27
2022 06 02 09 52 MIN    25
2022 06 02 15 59 MAX    37
2022 06 02 23 48 MIN     9
2022 06 03 07 27 MAX    27
2022 06 03 10 08 MIN    26
2022 06 03 16 32 MAX    36
2022 06 04 00 30 MIN    10
2022 06 04 08 26 MAX    27
2022 06 04 10 34 MIN    26
2022 06 04 17 09 MAX    36
2022 06 05 01 14 MIN    11
2022 06 05 09 42 MAX    27
2022 06 05 11 15 MIN    26
2022 06 05 17 46 MAX    34
2022 06 06 02 01 MIN    12
2022 06 06 18 33 MAX    33
2022 06 07 02 50 MIN    13
2022 06 07 11 08 MAX    28
2022 06 07 14 16 MIN    27
2022 06 07 19 31 MAX    31
2022 06 08 03 38 MIN    15
2022 06 08 11 20 MAX    29
2022 06 08 16 13 MIN    25
2022 06 08 20 51 MAX    29
2022 06 09 04 27 MIN    16
2022 06 09 11 34 MAX    30
2022 06 09 17 24 MIN    22
2022 06 09 22 32 MAX    28
2022 06 10 05 13 MIN    18
2022 06 10 11 50 MAX    32
2022 06 10 18 19 MIN    19
2022 06 11 00 09 MAX    29
2022 06 11 05 59 MIN    20
2022 06 11 12 13 MAX    35
2022 06 11 19 08 MIN    15
2022 06 12 01 29 MAX    30
2022 06 12 06 44 MIN    22
2022 06 12 12 42 MAX    37
2022 06 12 19 55 MIN    12
2022 06 13 02 39 MAX    31
2022 06 13 07 26 MIN    25
2022 06 13 13 18 MAX    40
2022 06 13 20 44 MIN     8
2022 06 14 03 45 MAX    32
2022 06 14 08 09 MIN    27
2022 06 14 13 58 MAX    42
2022 06 14 21 35 MIN     6
2022 06 15 04 52 MAX    32
2022 06 15 08 53 MIN    28
2022 06 15 14 44 MAX    44
2022 06 15 22 29 MIN     5
2022 06 16 05 57 MAX    32
2022 06 16 09 34 MIN    29
2022 06 16 15 33 MAX    45
2022 06 16 23 25 MIN     5
2022 06 17 07 08 MAX    31
2022 06 17 10 21 MIN    29
2022 06 17 16 24 MAX    44
2022 06 18 00 21 MIN     6
2022 06 18 08 06 MAX    31
2022 06 18 11 10 MIN    29
2022 06 18 17 19 MAX    43
2022 06 19 01 18 MIN     8
2022 06 19 09 10 MAX    30
2022 06 19 12 24 MIN    28
2022 06 19 18 18 MAX    41
2022 06 20 02 14 MIN    11
2022 06 20 09 56 MAX    30
2022 06 20 13 43 MIN    28
2022 06 20 19 21 MAX    37
2022 06 21 03 07 MIN    14
2022 06 21 10 29 MAX    31
2022 06 21 15 23 MIN    26
2022 06 21 20 35 MAX    34
2022 06 22 03 58 MIN    17
2022 06 22 10 58 MAX    32
2022 06 22 16 53 MIN    24
2022 06 22 22 10 MAX    31
2022 06 23 04 47 MIN    20
2022 06 23 11 23 MAX    34
2022 06 23 18 08 MIN    21
2022 06 24 00 05 MAX    30
2022 06 24 05 28 MIN    24
2022 06 24 11 50 MAX    36
2022 06 24 19 06 MIN    18
2022 06 25 01 47 MAX    30
2022 06 25 06 10 MIN    26
2022 06 25 12 18 MAX    38
2022 06 25 19 53 MIN    17
2022 06 26 02 59 MAX    31
2022 06 26 06 49 MIN    28
2022 06 26 12 48 MAX    39
2022 06 26 20 32 MIN    15
2022 06 27 03 43 MAX    33
2022 06 27 07 22 MIN    30
2022 06 27 13 22 MAX    41
2022 06 27 21 09 MIN    15
2022 06 28 04 21 MAX    34
2022 06 28 07 55 MIN    31
2022 06 28 13 56 MAX    42
2022 06 28 21 44 MIN    15
2022 06 29 04 59 MAX    34
2022 06 29 08 23 MIN    32
2022 06 29 14 32 MAX    43
2022 06 29 22 20 MIN    15
2022 06 30 05 34 MAX    34
2022 06 30 08 55 MIN    32
2022 06 30 15 09 MAX    44
2022 06 30 22 55 MIN    15
2022 07 01 06 06 MAX    34
2022 07 01 09 26 MIN    32
2022 07 01 15 45 MAX    44
2022 07 01 23 33 MIN    16
2022 07 02 06 41 MAX    34
2022 07 02 09 59 MIN    32
2022 07 02 16 22 MAX    44
2022 07 03 00 08 MIN    16
2022 07 03 07 30 MAX    33
2022 07 03 10 50 MIN    31
2022 07 03 16 59 MAX    43
2022 07 04 00 44 MIN    17
2022 07 04 08 09 MAX    33
2022 07 04 11 39 MIN    31
2022 07 04 17 36 MAX    41
2022 07 05 01 19 MIN    18
2022 07 05 08 35 MAX    34
2022 07 05 12 41 MIN    31
2022 07 05 18 20 MAX    39
2022 07 06 01 56 MIN    20
2022 07 06 09 01 MAX    35
2022 07 06 14 00 MIN    30
2022 07 06 19 15 MAX    37
2022 07 07 02 35 MIN    22
2022 07 07 09 28 MAX    36
2022 07 07 15 25 MIN    29
2022 07 07 20 29 MAX    35
2022 07 08 03 18 MIN    25
2022 07 08 09 58 MAX    37
2022 07 08 16 44 MIN    26
2022 07 08 22 20 MAX    33
2022 07 09 04 10 MIN    27
2022 07 09 10 31 MAX    39
2022 07 09 17 49 MIN    22
2022 07 10 00 28 MAX    34
2022 07 10 05 04 MIN    30
2022 07 10 11 10 MAX    42
2022 07 10 18 47 MIN    19
2022 07 11 02 07 MAX    35
2022 07 11 06 01 MIN    32
2022 07 11 11 56 MAX    44
2022 07 11 19 43 MIN    16
2022 07 12 03 08 MAX    37
2022 07 12 06 51 MIN    34
2022 07 12 12 49 MAX    47
2022 07 12 20 37 MIN    13
2022 07 13 03 59 MAX    38
2022 07 13 07 47 MIN    34
2022 07 13 13 42 MAX    49
2022 07 13 21 30 MIN    11
2022 07 14 04 55 MAX    37
2022 07 14 08 36 MIN    34
2022 07 14 14 35 MAX    50
2022 07 14 22 24 MIN    11
2022 07 15 05 36 MAX    37
2022 07 15 09 28 MIN    33
2022 07 15 15 29 MAX    51
2022 07 15 23 14 MIN    11
2022 07 16 06 22 MAX    36
2022 07 16 10 19 MIN    32
2022 07 16 16 22 MAX    50
2022 07 17 00 04 MIN    13
2022 07 17 06 57 MAX    36
2022 07 17 11 15 MIN    31
2022 07 17 17 13 MAX    48
2022 07 18 00 49 MIN    15
2022 07 18 07 42 MAX    35
2022 07 18 12 16 MIN    30
2022 07 18 18 06 MAX    44
2022 07 19 01 32 MIN    18
2022 07 19 08 14 MAX    36
2022 07 19 13 28 MIN    29
2022 07 19 19 04 MAX    40
2022 07 20 02 12 MIN    22
2022 07 20 08 48 MAX    37
2022 07 20 14 54 MIN    28
2022 07 20 20 17 MAX    36
2022 07 21 02 50 MIN    26
2022 07 21 09 23 MAX    38
2022 07 21 16 24 MIN    26
2022 07 21 22 16 MAX    33
2022 07 22 03 30 MIN    29
2022 07 22 09 58 MAX    40
2022 07 22 17 44 MIN    24
2022 07 23 01 21 MAX    33
2022 07 23 04 12 MIN    32
2022 07 23 10 38 MAX    41
2022 07 23 18 45 MIN    22
2022 07 24 11 23 MAX    43
2022 07 24 19 35 MIN    21
2022 07 25 03 30 MAX    37
2022 07 25 05 47 MIN    36
2022 07 25 12 09 MAX    44
2022 07 25 20 16 MIN    20
2022 07 26 03 52 MAX    38
2022 07 26 06 52 MIN    36
2022 07 26 12 54 MAX    45
2022 07 26 20 53 MIN    20
2022 07 27 04 16 MAX    38
2022 07 27 07 32 MIN    36
2022 07 27 13 38 MAX    46
2022 07 27 21 28 MIN    20
2022 07 28 04 33 MAX    38
2022 07 28 08 04 MIN    36
2022 07 28 14 19 MAX    47
2022 07 28 22 01 MIN    20
2022 07 29 04 50 MAX    38
2022 07 29 08 44 MIN    35
2022 07 29 14 58 MAX    48
2022 07 29 22 34 MIN    20
2022 07 30 05 11 MAX    38
2022 07 30 09 24 MIN    34
2022 07 30 15 35 MAX    48
2022 07 30 23 05 MIN    20
2022 07 31 05 34 MAX    38
2022 07 31 10 07 MIN    33
2022 07 31 16 10 MAX    47
2022 07 31 23 35 MIN    20
2022 08 01 06 00 MAX    38
2022 08 01 10 51 MIN    32
2022 08 01 16 47 MAX    46
2022 08 02 00 05 MIN    21
2022 08 02 06 28 MAX    38
2022 08 02 11 39 MIN    31
2022 08 02 17 25 MAX    44
2022 08 03 00 34 MIN    22
2022 08 03 06 59 MAX    38
2022 08 03 12 32 MIN    30
2022 08 03 18 10 MAX    41
2022 08 04 01 05 MIN    25
2022 08 04 07 25 MAX    39
2022 08 04 13 33 MIN    29
2022 08 04 19 06 MAX    39
2022 08 05 01 37 MIN    28
2022 08 05 07 57 MAX    40
2022 08 05 14 49 MIN    28
2022 08 05 20 31 MAX    36
2022 08 06 02 11 MIN    31
2022 08 06 08 35 MAX    42
2022 08 06 16 12 MIN    25
2022 08 06 23 19 MAX    35
2022 08 07 02 48 MIN    34
2022 08 07 09 24 MAX    43
2022 08 07 17 29 MIN    22
2022 08 08 01 43 MAX    37
2022 08 08 04 07 MIN    36
2022 08 08 10 25 MAX    45
2022 08 08 18 37 MIN    19
2022 08 09 02 47 MAX    38
2022 08 09 05 35 MIN    37
2022 08 09 11 33 MAX    47
2022 08 09 19 37 MIN    17
2022 08 10 03 18 MAX    39
2022 08 10 06 49 MIN    36
2022 08 10 12 40 MAX    49
2022 08 10 20 31 MIN    15
2022 08 11 03 48 MAX    39
2022 08 11 07 44 MIN    35
2022 08 11 13 41 MAX    51
2022 08 11 21 22 MIN    14
2022 08 12 04 21 MAX    38
2022 08 12 08 36 MIN    33
2022 08 12 14 36 MAX    52
2022 08 12 22 09 MIN    14
2022 08 13 04 44 MAX    38
2022 08 13 09 26 MIN    31
2022 08 13 15 26 MAX    51
2022 08 13 22 52 MIN    15
2022 08 14 05 16 MAX    37
2022 08 14 10 13 MIN    30
2022 08 14 16 14 MAX    49
2022 08 14 23 32 MIN    17
2022 08 15 05 45 MAX    37
2022 08 15 11 05 MIN    28
2022 08 15 17 02 MAX    46
2022 08 16 00 08 MIN    20
2022 08 16 06 11 MAX    38
2022 08 16 12 00 MIN    27
2022 08 16 17 52 MAX    43
2022 08 17 00 40 MIN    23
2022 08 17 06 45 MAX    38
2022 08 17 13 02 MIN    26
2022 08 17 18 51 MAX    38
2022 08 18 01 07 MIN    27
2022 08 18 07 16 MAX    39
2022 08 18 14 17 MIN    26
2022 08 18 20 12 MAX    35
2022 08 19 01 24 MIN    30
2022 08 19 07 50 MAX    40
2022 08 19 15 44 MIN    25
2022 08 20 08 30 MAX    41
2022 08 20 17 09 MIN    24
2022 08 21 09 22 MAX    41
2022 08 21 18 17 MIN    22
2022 08 22 10 31 MAX    42
2022 08 22 19 10 MIN    21
2022 08 23 11 36 MAX    42
2022 08 23 19 53 MIN    21
2022 08 24 03 43 MAX    37
2022 08 24 06 41 MIN    36
2022 08 24 12 40 MAX    44
2022 08 24 20 29 MIN    20
2022 08 25 03 38 MAX    37
2022 08 25 07 22 MIN    35
2022 08 25 13 28 MAX    45
2022 08 25 21 02 MIN    20
2022 08 26 03 44 MAX    37
2022 08 26 08 03 MIN    33
2022 08 26 14 09 MAX    46
2022 08 26 21 31 MIN    19
2022 08 27 03 57 MAX    37
2022 08 27 08 42 MIN    31
2022 08 27 14 45 MAX    46
2022 08 27 22 00 MIN    19
2022 08 28 04 16 MAX    37
2022 08 28 09 22 MIN    29
2022 08 28 15 21 MAX    46
2022 08 28 22 28 MIN    19
2022 08 29 04 32 MAX    38
2022 08 29 10 00 MIN    28
2022 08 29 15 57 MAX    45
2022 08 29 22 56 MIN    20
2022 08 30 04 56 MAX    38
2022 08 30 10 42 MIN    26
2022 08 30 16 35 MAX    43
2022 08 30 23 23 MIN    21
2022 08 31 05 22 MAX    38
2022 08 31 11 25 MIN    25
2022 08 31 17 18 MAX    41
2022 08 31 23 51 MIN    23
2022 09 01 05 47 MAX    39
2022 09 01 12 14 MIN    24
2022 09 01 18 08 MAX    38
2022 09 02 00 19 MIN    26
2022 09 02 06 16 MAX    40
2022 09 02 13 11 MIN    22
2022 09 02 19 16 MAX    35
2022 09 03 00 45 MIN    29
2022 09 03 06 51 MAX    40
2022 09 03 14 25 MIN    21
2022 09 03 21 39 MAX    33
2022 09 04 00 51 MIN    32
2022 09 04 07 38 MAX    41
2022 09 04 15 56 MIN    20
2022 09 05 08 42 MAX    41
2022 09 05 17 22 MIN    18
2022 09 06 10 08 MAX    42
2022 09 06 18 32 MIN    16
2022 09 07 02 33 MAX    36
2022 09 07 05 51 MIN    34
2022 09 07 11 33 MAX    43
2022 09 07 19 30 MIN    14
2022 09 08 02 50 MAX    36
2022 09 08 06 57 MIN    31
2022 09 08 12 45 MAX    45
2022 09 08 20 20 MIN    13
2022 09 09 03 11 MAX    35
2022 09 09 07 45 MIN    29
2022 09 09 13 43 MAX    46
2022 09 09 21 04 MIN    13
2022 09 10 03 28 MAX    35
2022 09 10 08 33 MIN    26
2022 09 10 14 33 MAX    46
2022 09 10 21 44 MIN    13
2022 09 11 03 49 MAX    35
2022 09 11 09 20 MIN    23
2022 09 11 15 20 MAX    45
2022 09 11 22 20 MIN    15
2022 09 12 04 14 MAX    35
2022 09 12 10 06 MIN    21
2022 09 12 16 06 MAX    42
2022 09 12 22 52 MIN    17
2022 09 13 04 38 MAX    36
2022 09 13 10 52 MIN    20
2022 09 13 16 53 MAX    39
2022 09 13 23 21 MIN    20
2022 09 14 05 06 MAX    36
2022 09 14 11 41 MIN    19
2022 09 14 17 43 MAX    36
2022 09 14 23 45 MIN    23
2022 09 15 05 32 MAX    37
2022 09 15 12 34 MIN    19
2022 09 15 18 53 MAX    32
2022 09 16 00 01 MIN    26
2022 09 16 06 01 MAX    37
2022 09 16 13 36 MIN    19
2022 09 16 20 41 MAX    30
2022 09 17 00 02 MIN    28
2022 09 17 06 31 MAX    37
2022 09 17 14 54 MIN    19
2022 09 18 07 08 MAX    37
2022 09 18 16 22 MIN    19
2022 09 19 08 04 MAX    36
2022 09 19 17 39 MIN    18
2022 09 20 09 33 MAX    35
2022 09 20 18 39 MIN    18
2022 09 21 02 51 MAX    33
2022 09 21 05 25 MIN    32
2022 09 21 11 16 MAX    36
2022 09 21 19 22 MIN    17
2022 09 22 02 45 MAX    32
2022 09 22 06 37 MIN    30
2022 09 22 12 23 MAX    37
2022 09 22 19 56 MIN    16
2022 09 23 02 42 MAX    32
2022 09 23 07 19 MIN    27
2022 09 23 13 13 MAX    38
2022 09 23 20 25 MIN    16
2022 09 24 02 46 MAX    33
2022 09 24 07 53 MIN    25
2022 09 24 13 52 MAX    38
2022 09 24 20 52 MIN    15
2022 09 25 03 01 MAX    33
2022 09 25 08 31 MIN    22
2022 09 25 14 30 MAX    39
2022 09 25 21 18 MIN    15
2022 09 26 03 17 MAX    34
2022 09 26 09 08 MIN    20
2022 09 26 15 08 MAX    38
2022 09 26 21 46 MIN    16
2022 09 27 03 39 MAX    34
2022 09 27 09 46 MIN    18
2022 09 27 15 47 MAX    37
2022 09 27 22 15 MIN    17
2022 09 28 04 01 MAX    35
2022 09 28 10 26 MIN    16
2022 09 28 16 30 MAX    36
2022 09 28 22 43 MIN    19
2022 09 29 04 26 MAX    36
2022 09 29 11 10 MIN    14
2022 09 29 17 21 MAX    33
2022 09 29 23 11 MIN    22
2022 09 30 04 54 MAX    36
2022 09 30 11 59 MIN    13
2022 09 30 18 20 MAX    31
2022 09 30 23 38 MIN    24
2022 10 01 05 27 MAX    36
2022 10 01 12 58 MIN    12
2022 10 01 20 23 MAX    28
2022 10 02 00 01 MIN    26
2022 10 02 06 08 MAX    36
2022 10 02 14 17 MIN    12
2022 10 03 07 04 MAX    35
2022 10 03 15 50 MIN    11
2022 10 04 08 27 MAX    34
2022 10 04 17 14 MIN    10
2022 10 05 01 50 MAX    29
2022 10 05 04 49 MIN    28
2022 10 05 10 10 MAX    34
2022 10 05 18 21 MIN     9
2022 10 06 01 57 MAX    29
2022 10 06 06 04 MIN    25
2022 10 06 11 40 MAX    35
2022 10 06 19 15 MIN     9
2022 10 07 02 09 MAX    29
2022 10 07 06 58 MIN    21
2022 10 07 12 48 MAX    36
2022 10 07 19 59 MIN     9
2022 10 08 02 22 MAX    29
2022 10 08 07 45 MIN    18
2022 10 08 13 44 MAX    36
2022 10 08 20 37 MIN    10
2022 10 09 02 40 MAX    29
2022 10 09 08 30 MIN    15
2022 10 09 14 33 MAX    35
2022 10 09 21 11 MIN    11
2022 10 10 02 59 MAX    30
2022 10 10 09 14 MIN    12
2022 10 10 15 18 MAX    34
2022 10 10 21 43 MIN    14
2022 10 11 03 22 MAX    31
2022 10 11 09 56 MIN    11
2022 10 11 16 05 MAX    32
2022 10 11 22 10 MIN    16
2022 10 12 03 47 MAX    32
2022 10 12 10 38 MIN     9
2022 10 12 16 53 MAX    30
2022 10 12 22 35 MIN    18
2022 10 13 04 12 MAX    32
2022 10 13 11 21 MIN     9
2022 10 13 17 55 MAX    27
2022 10 13 22 54 MIN    21
2022 10 14 04 39 MAX    32
2022 10 14 12 06 MIN     9
2022 10 14 19 13 MAX    25
2022 10 14 23 06 MIN    22
2022 10 15 05 06 MAX    32
2022 10 15 12 58 MIN    10
2022 10 16 05 34 MAX    31
2022 10 16 14 05 MIN    11
2022 10 17 06 08 MAX    30
2022 10 17 15 27 MIN    12
2022 10 18 07 04 MAX    29
2022 10 18 16 48 MIN    12
2022 10 19 08 35 MAX    27
2022 10 19 17 49 MIN    12
2022 10 20 01 59 MAX    25
2022 10 20 05 32 MIN    24
2022 10 20 10 37 MAX    27
2022 10 20 18 33 MIN    11
2022 10 21 01 44 MAX    25
2022 10 21 06 24 MIN    21
2022 10 21 11 57 MAX    28
2022 10 21 19 07 MIN    11
2022 10 22 01 44 MAX    26
2022 10 22 07 03 MIN    18
2022 10 22 12 50 MAX    28
2022 10 22 19 36 MIN    11
2022 10 23 01 53 MAX    27
2022 10 23 07 38 MIN    15
2022 10 23 13 35 MAX    29
2022 10 23 20 04 MIN    11
2022 10 24 02 06 MAX    28
2022 10 24 08 14 MIN    12
2022 10 24 14 18 MAX    29
2022 10 24 20 33 MIN    12
2022 10 25 02 25 MAX    29
2022 10 25 08 51 MIN     9
2022 10 25 15 01 MAX    29
2022 10 25 21 04 MIN    13
2022 10 26 02 47 MAX    30
2022 10 26 09 31 MIN     6
2022 10 26 15 48 MAX    28
2022 10 26 21 35 MIN    15
2022 10 27 03 13 MAX    31
2022 10 27 10 13 MIN     4
2022 10 27 16 39 MAX    27
2022 10 27 22 06 MIN    17
2022 10 28 03 44 MAX    32
2022 10 28 10 59 MIN     2
2022 10 28 17 44 MAX    25
2022 10 28 22 37 MIN    19
2022 10 29 04 18 MAX    32
2022 10 29 11 53 MIN     2
2022 10 29 19 20 MAX    23
2022 10 29 23 02 MIN    21
2022 10 30 04 59 MAX    32
2022 10 30 12 57 MIN     2
2022 10 31 05 50 MAX    31
2022 10 31 14 15 MIN     3
2022 11 01 06 57 MAX    29
2022 11 01 15 37 MIN     3
2022 11 02 00 51 MAX    22
2022 11 02 03 19 MIN    21
2022 11 02 08 28 MAX    27
2022 11 02 16 52 MIN     3
2022 11 03 00 51 MAX    22
2022 11 03 04 55 MIN    18
2022 11 03 10 08 MAX    26
2022 11 03 17 54 MIN     4
2022 11 04 01 05 MAX    22
2022 11 04 06 01 MIN    15
2022 11 04 11 38 MAX    26
2022 11 04 18 44 MIN     5
2022 11 05 01 17 MAX    23
2022 11 05 06 55 MIN    11
2022 11 05 12 50 MAX    25
2022 11 05 19 25 MIN     7
2022 11 06 01 32 MAX    24
2022 11 06 07 43 MIN     8
2022 11 06 13 49 MAX    25
2022 11 06 20 01 MIN     8
2022 11 07 01 51 MAX    25
2022 11 07 08 27 MIN     5
2022 11 07 14 40 MAX    25
2022 11 07 20 32 MIN    10
2022 11 08 02 13 MAX    26
2022 11 08 09 09 MIN     3
2022 11 08 15 29 MAX    24
2022 11 08 21 01 MIN    13
2022 11 09 02 39 MAX    27
2022 11 09 09 48 MIN     2
2022 11 09 16 20 MAX    23
2022 11 09 21 28 MIN    14
2022 11 10 03 05 MAX    28
2022 11 10 10 26 MIN     1
2022 11 10 17 13 MAX    22
2022 11 10 21 52 MIN    16
2022 11 11 03 33 MAX    28
2022 11 11 11 05 MIN     1
2022 11 11 18 11 MAX    21
2022 11 11 22 13 MIN    17
2022 11 12 04 02 MAX    28
2022 11 12 11 47 MIN     2
2022 11 12 19 19 MAX    20
2022 11 12 22 26 MIN    18
2022 11 13 04 33 MAX    28
2022 11 13 12 33 MIN     3
2022 11 13 20 52 MAX    19
2022 11 13 22 36 MIN    18
2022 11 14 05 07 MAX    27
2022 11 14 13 26 MIN     4
2022 11 15 05 44 MAX    25
2022 11 15 14 28 MIN     5
2022 11 16 06 32 MAX    23
2022 11 16 15 34 MIN     6
2022 11 17 07 44 MAX    21
2022 11 17 16 32 MIN     7
2022 11 18 00 33 MAX    19
2022 11 18 04 53 MIN    17
2022 11 18 09 33 MAX    20
2022 11 18 17 20 MIN     7
2022 11 19 00 30 MAX    20
2022 11 19 05 56 MIN    14
2022 11 19 11 09 MAX    19
2022 11 19 17 59 MIN     8
2022 11 20 00 38 MAX    21
2022 11 20 06 39 MIN    11
2022 11 20 12 25 MAX    20
2022 11 20 18 35 MIN     8
2022 11 21 00 51 MAX    23
2022 11 21 07 17 MIN     7
2022 11 21 13 24 MAX    20
2022 11 21 19 11 MIN     9
2022 11 22 01 10 MAX    24
2022 11 22 07 55 MIN     3
2022 11 22 14 17 MAX    21
2022 11 22 19 46 MIN    11
2022 11 23 01 34 MAX    26
2022 11 23 08 35 MIN     0
2022 11 23 15 07 MAX    22
2022 11 23 20 21 MIN    13
2022 11 24 02 04 MAX    28
2022 11 24 09 18 MIN    -3
2022 11 24 16 02 MAX    22
2022 11 24 20 59 MIN    14
2022 11 25 02 38 MAX    29
2022 11 25 10 05 MIN    -5
2022 11 25 17 07 MAX    21
2022 11 25 21 34 MIN    16
2022 11 26 03 17 MAX    30
2022 11 26 10 57 MIN    -6
2022 11 26 18 20 MAX    20
2022 11 26 22 09 MIN    17
2022 11 27 04 01 MAX    30
2022 11 27 11 53 MIN    -6
2022 11 27 19 40 MAX    19
2022 11 27 22 49 MIN    17
2022 11 28 04 52 MAX    30
2022 11 28 12 55 MIN    -5
2022 11 28 21 05 MAX    18
2022 11 28 23 30 MIN    17
2022 11 29 05 50 MAX    28
2022 11 29 14 00 MIN    -4
2022 11 29 22 30 MAX    17
2022 11 30 01 08 MIN    16
2022 11 30 06 57 MAX    25
2022 11 30 15 07 MIN    -2
2022 11 30 23 07 MAX    17
2022 12 01 03 03 MIN    14
2022 12 01 08 17 MAX    22
2022 12 01 16 10 MIN     0
2022 12 01 23 34 MAX    17
2022 12 02 04 36 MIN    11
2022 12 02 09 51 MAX    19
2022 12 02 17 07 MIN     3
2022 12 02 23 55 MAX    18
2022 12 03 05 51 MIN     8
2022 12 03 11 32 MAX    18
2022 12 03 17 55 MIN     5
2022 12 04 00 16 MAX    20
2022 12 04 06 51 MIN     4
2022 12 04 13 03 MAX    17
2022 12 04 18 38 MIN     7
2022 12 05 00 39 MAX    22
2022 12 05 07 41 MIN     1
2022 12 05 14 14 MAX    17
2022 12 05 19 15 MIN    10
2022 12 06 01 05 MAX    23
2022 12 06 08 24 MIN    -1
2022 12 06 15 10 MAX    18
2022 12 06 19 48 MIN    12
2022 12 07 01 34 MAX    25
2022 12 07 09 03 MIN    -3
2022 12 07 16 01 MAX    18
2022 12 07 20 21 MIN    13
2022 12 08 02 04 MAX    26
2022 12 08 09 41 MIN    -3
2022 12 08 16 46 MAX    18
2022 12 08 20 51 MIN    14
2022 12 09 02 36 MAX    26
2022 12 09 10 17 MIN    -3
2022 12 09 17 28 MAX    18
2022 12 09 21 17 MIN    15
2022 12 10 03 10 MAX    27
2022 12 10 10 54 MIN    -3
2022 12 10 18 07 MAX    18
2022 12 10 21 43 MIN    15
2022 12 11 03 45 MAX    27
2022 12 11 11 33 MIN    -2
2022 12 11 18 54 MAX    17
2022 12 11 22 08 MIN    15
2022 12 12 04 20 MAX    26
2022 12 12 12 12 MIN    -2
2022 12 12 19 47 MAX    16
2022 12 12 22 32 MIN    15
2022 12 13 04 57 MAX    25
2022 12 13 12 53 MIN     0
2022 12 13 20 32 MAX    16
2022 12 13 22 55 MIN    15
2022 12 14 05 35 MAX    23
2022 12 14 13 35 MIN     1
2022 12 14 21 52 MAX    15
2022 12 15 00 24 MIN    14
2022 12 15 06 18 MAX    21
2022 12 15 14 17 MIN     2
2022 12 15 22 05 MAX    16
2022 12 16 02 01 MIN    14
2022 12 16 07 09 MAX    18
2022 12 16 15 00 MIN     4
2022 12 16 22 30 MAX    17
2022 12 17 03 51 MIN    12
2022 12 17 08 26 MAX    16
2022 12 17 15 46 MIN     5
2022 12 17 22 52 MAX    18
2022 12 18 05 09 MIN     9
2022 12 18 10 13 MAX    14
2022 12 18 16 34 MIN     7
2022 12 18 23 13 MAX    20
2022 12 19 06 05 MIN     6
2022 12 19 12 09 MAX    14
2022 12 19 17 22 MIN     9
2022 12 19 23 40 MAX    22
2022 12 20 06 52 MIN     2
2022 12 20 13 32 MAX    16
2022 12 20 18 11 MIN    11
2022 12 21 00 12 MAX    24
2022 12 21 07 37 MIN    -2
2022 12 21 14 41 MAX    17
2022 12 21 18 58 MIN    13
2022 12 22 00 50 MAX    26
2022 12 22 08 23 MIN    -5
2022 12 22 15 32 MAX    19
2022 12 22 19 45 MIN    14
2022 12 23 01 32 MAX    28
2022 12 23 09 11 MIN    -8
2022 12 23 16 29 MAX    19
2022 12 23 20 29 MIN    15
2022 12 24 02 19 MAX    30
2022 12 24 10 02 MIN   -10
2022 12 24 17 19 MAX    19
2022 12 24 21 15 MIN    15
2022 12 25 03 09 MAX    31
2022 12 25 10 54 MIN   -10
2022 12 25 18 13 MAX    18
2022 12 25 22 04 MIN    14
2022 12 26 04 00 MAX    31
2022 12 26 11 47 MIN   -10
2022 12 26 19 04 MAX    17
2022 12 26 22 55 MIN    13
2022 12 27 04 53 MAX    29
2022 12 27 12 39 MIN    -9
2022 12 27 19 54 MAX    16
2022 12 27 23 55 MIN    12
2022 12 28 05 48 MAX    27
2022 12 28 13 31 MIN    -6
2022 12 28 20 42 MAX    15
2022 12 29 01 07 MIN    11
2022 12 29 06 48 MAX    23
2022 12 29 14 20 MIN    -3
2022 12 29 21 16 MAX    16
2022 12 30 02 35 MIN     9
2022 12 30 07 57 MAX    18
2022 12 30 15 09 MIN     1
2022 12 30 21 52 MAX    17
2022 12 31 04 09 MIN     7
2022 12 31 09 27 MAX    15
2022 12 31 15 56 MIN     5
2022 12 31 22 28 MAX    18
