 <API - 조위예측극치자료>

대상조위관측소 : 속초
위도(WGS84) : N 128.5942
경도(WGS84) : E 38.2072
관측기관 : 20201221 ~ 20220101

2020 12 21 01 28 MIN    13
2020 12 21 06 54 MAX    20
2020 12 21 14 39 MIN     1
2020 12 21 22 04 MAX    16
2020 12 22 03 04 MIN    12
2020 12 22 07 57 MAX    17
2020 12 22 15 26 MIN     3
2020 12 22 22 37 MAX    16
2020 12 23 04 39 MIN    10
2020 12 23 09 23 MAX    14
2020 12 23 16 12 MIN     6
2020 12 23 23 06 MAX    17
2020 12 24 05 54 MIN     8
2020 12 24 11 21 MAX    13
2020 12 24 16 57 MIN     8
2020 12 24 23 32 MAX    19
2020 12 25 06 49 MIN     5
2020 12 25 13 08 MAX    14
2020 12 25 17 39 MIN    10
2020 12 26 00 00 MAX    21
2020 12 26 00 00 MAX    21
2020 12 26 07 30 MIN     2
2020 12 26 14 17 MAX    15
2020 12 26 18 20 MIN    12
2020 12 27 00 29 MAX    22
2020 12 27 08 05 MIN     0
2020 12 27 15 04 MAX    16
2020 12 27 18 59 MIN    13
2020 12 28 01 01 MAX    24
2020 12 28 08 38 MIN    -1
2020 12 28 15 42 MAX    17
2020 12 28 19 38 MIN    14
2020 12 29 01 35 MAX    25
2020 12 29 09 11 MIN    -3
2020 12 29 16 14 MAX    18
2020 12 29 20 16 MIN    14
2020 12 30 02 11 MAX    26
2020 12 30 09 46 MIN    -4
2020 12 30 16 47 MAX    18
2020 12 30 20 56 MIN    14
2020 12 31 02 48 MAX    27
2020 12 31 10 23 MIN    -5
2020 12 31 17 21 MAX    18
2020 12 31 21 36 MIN    14
2021 01 01 03 26 MAX    27
2021 01 01 11 01 MIN    -5
2021 01 01 17 58 MAX    18
2021 01 01 22 17 MIN    13
2021 01 02 04 07 MAX    27
2021 01 02 11 42 MIN    -6
2021 01 02 18 38 MAX    17
2021 01 02 23 02 MIN    13
2021 01 03 04 49 MAX    26
2021 01 03 12 25 MIN    -5
2021 01 03 19 20 MAX    17
2021 01 03 23 53 MIN    12
2021 01 04 05 35 MAX    25
2021 01 04 13 09 MIN    -4
2021 01 04 20 02 MAX    16
2021 01 05 00 55 MIN    11
2021 01 05 06 28 MAX    22
2021 01 05 13 56 MIN    -2
2021 01 05 20 42 MAX    17
2021 01 06 02 12 MIN     9
2021 01 06 07 32 MAX    19
2021 01 06 14 46 MIN     1
2021 01 06 21 21 MAX    18
2021 01 07 03 37 MIN     7
2021 01 07 08 56 MAX    16
2021 01 07 15 40 MIN     4
2021 01 07 22 03 MAX    19
2021 01 08 05 00 MIN     4
2021 01 08 10 54 MAX    14
2021 01 08 16 38 MIN     7
2021 01 08 22 46 MAX    21
2021 01 09 06 10 MIN     0
2021 01 09 13 03 MAX    14
2021 01 09 17 38 MIN    10
2021 01 09 23 34 MAX    23
2021 01 10 07 11 MIN    -4
2021 01 10 14 26 MAX    16
2021 01 10 18 36 MIN    12
2021 01 11 00 24 MAX    25
2021 01 11 08 05 MIN    -6
2021 01 11 15 23 MAX    17
2021 01 11 19 29 MIN    13
2021 01 12 01 14 MAX    27
2021 01 12 08 56 MIN    -8
2021 01 12 16 08 MAX    18
2021 01 12 20 18 MIN    13
2021 01 13 02 04 MAX    28
2021 01 13 09 43 MIN    -9
2021 01 13 16 47 MAX    18
2021 01 13 21 04 MIN    13
2021 01 14 02 52 MAX    29
2021 01 14 10 28 MIN    -9
2021 01 14 17 23 MAX    17
2021 01 14 21 48 MIN    12
2021 01 15 03 37 MAX    28
2021 01 15 11 11 MIN    -8
2021 01 15 17 58 MAX    16
2021 01 15 22 29 MIN    11
2021 01 16 04 20 MAX    27
2021 01 16 11 50 MIN    -6
2021 01 16 18 32 MAX    16
2021 01 16 23 12 MIN    11
2021 01 17 05 02 MAX    25
2021 01 17 12 26 MIN    -4
2021 01 17 19 05 MAX    16
2021 01 17 23 57 MIN    10
2021 01 18 05 44 MAX    23
2021 01 18 13 00 MIN    -2
2021 01 18 19 37 MAX    16
2021 01 19 00 51 MIN    10
2021 01 19 06 27 MAX    19
2021 01 19 13 30 MIN     1
2021 01 19 20 10 MAX    16
2021 01 20 01 58 MIN     9
2021 01 20 07 19 MAX    16
2021 01 20 13 56 MIN     4
2021 01 20 20 43 MAX    17
2021 01 21 03 25 MIN     8
2021 01 21 08 33 MAX    13
2021 01 21 14 21 MIN     7
2021 01 21 21 18 MAX    18
2021 01 22 04 54 MIN     6
2021 01 22 10 54 MAX    11
2021 01 22 14 47 MIN    10
2021 01 22 21 58 MAX    19
2021 01 23 06 05 MIN     4
2021 01 23 22 43 MAX    21
2021 01 24 06 57 MIN     2
2021 01 24 23 32 MAX    22
2021 01 25 07 39 MIN     0
2021 01 25 15 13 MAX    16
2021 01 25 18 15 MIN    15
2021 01 26 00 22 MAX    24
2021 01 26 08 15 MIN    -2
2021 01 26 15 34 MAX    17
2021 01 26 19 12 MIN    15
2021 01 27 01 09 MAX    25
2021 01 27 08 51 MIN    -3
2021 01 27 15 56 MAX    18
2021 01 27 20 01 MIN    14
2021 01 28 01 54 MAX    26
2021 01 28 09 28 MIN    -5
2021 01 28 16 20 MAX    18
2021 01 28 20 46 MIN    13
2021 01 29 02 37 MAX    28
2021 01 29 10 05 MIN    -6
2021 01 29 16 47 MAX    18
2021 01 29 21 30 MIN    12
2021 01 30 03 19 MAX    28
2021 01 30 10 43 MIN    -7
2021 01 30 17 16 MAX    18
2021 01 30 22 13 MIN    10
2021 01 31 04 02 MAX    28
2021 01 31 11 21 MIN    -7
2021 01 31 17 47 MAX    18
2021 01 31 22 59 MIN     9
2021 02 01 04 46 MAX    27
2021 02 01 11 59 MIN    -6
2021 02 01 18 20 MAX    18
2021 02 02 00 00 MIN     7
2021 02 02 00 00 MIN     7
2021 02 02 05 34 MAX    24
2021 02 02 12 38 MIN    -3
2021 02 02 18 54 MAX    18
2021 02 03 00 45 MIN     6
2021 02 03 06 27 MAX    21
2021 02 03 13 16 MIN     0
2021 02 03 19 30 MAX    19
2021 02 04 01 51 MIN     4
2021 02 04 07 32 MAX    17
2021 02 04 13 57 MIN     4
2021 02 04 20 10 MAX    20
2021 02 05 03 12 MIN     2
2021 02 05 09 05 MAX    14
2021 02 05 14 42 MIN     8
2021 02 05 20 56 MAX    21
2021 02 06 04 39 MIN     0
2021 02 06 11 56 MAX    13
2021 02 06 15 46 MIN    11
2021 02 06 21 53 MAX    22
2021 02 07 05 58 MIN    -2
2021 02 07 13 58 MAX    15
2021 02 07 17 09 MIN    13
2021 02 07 22 58 MAX    23
2021 02 08 07 04 MIN    -5
2021 02 08 14 52 MAX    16
2021 02 08 18 25 MIN    14
2021 02 09 00 07 MAX    24
2021 02 09 07 59 MIN    -6
2021 02 09 15 25 MAX    17
2021 02 09 19 26 MIN    13
2021 02 10 01 08 MAX    26
2021 02 10 08 48 MIN    -7
2021 02 10 15 52 MAX    17
2021 02 10 20 16 MIN    12
2021 02 11 02 02 MAX    27
2021 02 11 09 31 MIN    -7
2021 02 11 16 15 MAX    17
2021 02 11 21 01 MIN    10
2021 02 12 02 48 MAX    27
2021 02 12 10 10 MIN    -6
2021 02 12 16 38 MAX    17
2021 02 12 21 41 MIN     9
2021 02 13 03 31 MAX    27
2021 02 13 10 45 MIN    -6
2021 02 13 17 02 MAX    17
2021 02 13 22 20 MIN     8
2021 02 14 04 11 MAX    26
2021 02 14 11 17 MIN    -4
2021 02 14 17 27 MAX    17
2021 02 14 22 58 MIN     7
2021 02 15 04 50 MAX    24
2021 02 15 11 46 MIN    -2
2021 02 15 17 53 MAX    17
2021 02 15 23 38 MIN     6
2021 02 16 05 29 MAX    22
2021 02 16 12 10 MIN     1
2021 02 16 18 19 MAX    18
2021 02 17 00 22 MIN     5
2021 02 17 06 11 MAX    19
2021 02 17 12 32 MIN     3
2021 02 17 18 45 MAX    19
2021 02 18 01 12 MIN     5
2021 02 18 07 01 MAX    16
2021 02 18 12 50 MIN     6
2021 02 18 19 12 MAX    19
2021 02 19 02 15 MIN     5
2021 02 19 08 12 MAX    13
2021 02 19 13 02 MIN     9
2021 02 19 19 43 MAX    20
2021 02 20 03 36 MIN     4
2021 02 20 10 58 MAX    12
2021 02 20 12 57 MIN    11
2021 02 20 20 22 MAX    20
2021 02 21 05 01 MIN     4
2021 02 21 21 16 MAX    21
2021 02 22 06 09 MIN     2
2021 02 22 22 30 MAX    21
2021 02 23 07 01 MIN     1
2021 02 23 14 51 MAX    17
2021 02 23 18 01 MIN    15
2021 02 23 23 47 MAX    22
2021 02 24 07 44 MIN    -1
2021 02 24 15 02 MAX    18
2021 02 24 19 05 MIN    14
2021 02 25 00 49 MAX    24
2021 02 25 08 24 MIN    -3
2021 02 25 15 18 MAX    18
2021 02 25 19 54 MIN    13
2021 02 26 01 41 MAX    26
2021 02 26 09 02 MIN    -5
2021 02 26 15 38 MAX    19
2021 02 26 20 38 MIN    10
2021 02 27 02 27 MAX    27
2021 02 27 09 39 MIN    -6
2021 02 27 16 02 MAX    19
2021 02 27 21 21 MIN     8
2021 02 28 03 12 MAX    28
2021 02 28 10 17 MIN    -6
2021 02 28 16 29 MAX    20
2021 02 28 22 04 MIN     6
2021 03 01 03 57 MAX    27
2021 03 01 10 53 MIN    -5
2021 03 01 16 57 MAX    20
2021 03 01 22 50 MIN     3
2021 03 02 04 44 MAX    26
2021 03 02 11 29 MIN    -3
2021 03 02 17 27 MAX    21
2021 03 02 23 38 MIN     1
2021 03 03 05 35 MAX    23
2021 03 03 12 04 MIN     1
2021 03 03 17 59 MAX    21
2021 03 04 00 33 MIN     0
2021 03 04 06 33 MAX    19
2021 03 04 12 39 MIN     5
2021 03 04 18 35 MAX    22
2021 03 05 01 36 MIN    -1
2021 03 05 07 50 MAX    16
2021 03 05 13 13 MIN     8
2021 03 05 19 16 MAX    22
2021 03 06 02 54 MIN    -2
2021 03 06 10 07 MAX    13
2021 03 06 13 51 MIN    12
2021 03 06 20 07 MAX    22
2021 03 07 04 22 MIN    -2
2021 03 07 21 15 MAX    22
2021 03 08 05 43 MIN    -3
2021 03 08 14 13 MAX    16
2021 03 08 17 15 MIN    15
2021 03 08 22 40 MAX    22
2021 03 09 06 51 MIN    -4
2021 03 09 14 39 MAX    17
2021 03 09 18 33 MIN    13
2021 03 10 00 02 MAX    23
2021 03 10 07 46 MIN    -4
2021 03 10 14 58 MAX    17
2021 03 10 19 29 MIN    12
2021 03 11 01 08 MAX    24
2021 03 11 08 30 MIN    -4
2021 03 11 15 15 MAX    18
2021 03 11 20 15 MIN    10
2021 03 12 01 59 MAX    25
2021 03 12 09 09 MIN    -4
2021 03 12 15 31 MAX    18
2021 03 12 20 54 MIN     8
2021 03 13 02 43 MAX    25
2021 03 13 09 43 MIN    -3
2021 03 13 15 49 MAX    18
2021 03 13 21 32 MIN     6
2021 03 14 03 23 MAX    25
2021 03 14 10 12 MIN    -1
2021 03 14 16 10 MAX    19
2021 03 14 22 07 MIN     4
2021 03 15 04 01 MAX    24
2021 03 15 10 39 MIN     0
2021 03 15 16 32 MAX    20
2021 03 15 22 43 MIN     3
2021 03 16 04 40 MAX    22
2021 03 16 11 03 MIN     2
2021 03 16 16 56 MAX    20
2021 03 16 23 19 MIN     2
2021 03 17 05 21 MAX    20
2021 03 17 11 25 MIN     5
2021 03 17 17 19 MAX    21
2021 03 17 23 57 MIN     2
2021 03 18 06 05 MAX    18
2021 03 18 11 45 MIN     7
2021 03 18 17 43 MAX    21
2021 03 19 00 39 MIN     2
2021 03 19 06 59 MAX    16
2021 03 19 12 02 MIN    10
2021 03 19 18 07 MAX    22
2021 03 20 01 28 MIN     2
2021 03 20 08 23 MAX    14
2021 03 20 12 14 MIN    12
2021 03 20 18 35 MAX    22
2021 03 21 02 33 MIN     3
2021 03 21 19 11 MAX    21
2021 03 22 03 55 MIN     3
2021 03 22 20 06 MAX    21
2021 03 23 05 14 MIN     3
2021 03 23 21 33 MAX    20
2021 03 24 06 17 MIN     1
2021 03 24 14 07 MAX    18
2021 03 24 18 00 MIN    16
2021 03 24 23 14 MAX    21
2021 03 25 07 06 MIN     0
2021 03 25 14 17 MAX    19
2021 03 25 18 56 MIN    13
2021 03 26 00 28 MAX    23
2021 03 26 07 49 MIN    -2
2021 03 26 14 32 MAX    20
2021 03 26 19 42 MIN    11
2021 03 27 01 25 MAX    24
2021 03 27 08 29 MIN    -3
2021 03 27 14 52 MAX    20
2021 03 27 20 25 MIN     8
2021 03 28 02 15 MAX    26
2021 03 28 09 07 MIN    -3
2021 03 28 15 15 MAX    21
2021 03 28 21 08 MIN     4
2021 03 29 03 04 MAX    26
2021 03 29 09 45 MIN    -2
2021 03 29 15 41 MAX    22
2021 03 29 21 52 MIN     1
2021 03 30 03 53 MAX    26
2021 03 30 10 21 MIN     1
2021 03 30 16 09 MAX    23
2021 03 30 22 38 MIN    -2
2021 03 31 04 45 MAX    24
2021 03 31 10 57 MIN     4
2021 03 31 16 40 MAX    24
2021 03 31 23 28 MIN    -4
2021 04 01 05 43 MAX    21
2021 04 01 11 30 MIN     7
2021 04 01 17 15 MAX    25
2021 04 02 00 23 MIN    -4
2021 04 02 06 56 MAX    18
2021 04 02 12 04 MIN    10
2021 04 02 17 53 MAX    25
2021 04 03 01 26 MIN    -4
2021 04 03 08 46 MAX    16
2021 04 03 12 35 MIN    13
2021 04 03 18 38 MAX    25
2021 04 04 02 43 MIN    -3
2021 04 04 19 35 MAX    24
2021 04 05 04 06 MIN    -2
2021 04 05 20 54 MAX    22
2021 04 06 05 24 MIN    -2
2021 04 06 13 45 MAX    18
2021 04 06 17 25 MIN    15
2021 04 06 22 29 MAX    22
2021 04 07 06 29 MIN    -1
2021 04 07 14 04 MAX    18
2021 04 07 18 34 MIN    13
2021 04 07 23 56 MAX    22
2021 04 08 07 21 MIN     0
2021 04 08 14 17 MAX    19
2021 04 08 19 26 MIN    11
2021 04 09 01 02 MAX    22
2021 04 09 08 02 MIN     1
2021 04 09 14 30 MAX    19
2021 04 09 20 08 MIN     8
2021 04 10 01 53 MAX    23
2021 04 10 08 36 MIN     2
2021 04 10 14 44 MAX    20
2021 04 10 20 45 MIN     6
2021 04 11 02 36 MAX    23
2021 04 11 09 06 MIN     3
2021 04 11 15 02 MAX    21
2021 04 11 21 20 MIN     4
2021 04 12 03 16 MAX    23
2021 04 12 09 33 MIN     5
2021 04 12 15 22 MAX    23
2021 04 12 21 53 MIN     3
2021 04 13 03 56 MAX    22
2021 04 13 09 58 MIN     7
2021 04 13 15 44 MAX    24
2021 04 13 22 27 MIN     2
2021 04 14 04 38 MAX    22
2021 04 14 10 21 MIN     9
2021 04 14 16 07 MAX    24
2021 04 14 23 01 MIN     1
2021 04 15 05 21 MAX    20
2021 04 15 10 43 MIN    11
2021 04 15 16 30 MAX    25
2021 04 15 23 37 MIN     1
2021 04 16 06 11 MAX    19
2021 04 16 11 04 MIN    13
2021 04 16 16 56 MAX    25
2021 04 17 00 16 MIN     2
2021 04 17 07 16 MAX    18
2021 04 17 11 23 MIN    15
2021 04 17 17 22 MAX    25
2021 04 18 01 01 MIN     2
2021 04 18 08 54 MAX    17
2021 04 18 11 39 MIN    16
2021 04 18 17 52 MAX    25
2021 04 19 01 57 MIN     4
2021 04 19 18 30 MAX    24
2021 04 20 03 10 MIN     4
2021 04 20 19 27 MAX    23
2021 04 21 04 26 MIN     4
2021 04 21 13 12 MAX    20
2021 04 21 16 19 MIN    19
2021 04 21 20 56 MAX    22
2021 04 22 05 30 MIN     4
2021 04 22 13 16 MAX    21
2021 04 22 17 43 MIN    17
2021 04 22 22 41 MAX    22
2021 04 23 06 23 MIN     3
2021 04 23 13 26 MAX    21
2021 04 23 18 37 MIN    14
2021 04 24 00 05 MAX    23
2021 04 24 07 09 MIN     3
2021 04 24 13 42 MAX    23
2021 04 24 19 23 MIN    10
2021 04 25 01 09 MAX    25
2021 04 25 07 51 MIN     3
2021 04 25 14 03 MAX    24
2021 04 25 20 08 MIN     7
2021 04 26 02 06 MAX    26
2021 04 26 08 31 MIN     5
2021 04 26 14 27 MAX    26
2021 04 26 20 53 MIN     3
2021 04 27 03 00 MAX    26
2021 04 27 09 09 MIN     7
2021 04 27 14 56 MAX    28
2021 04 27 21 40 MIN    -1
2021 04 28 03 55 MAX    26
2021 04 28 09 46 MIN    10
2021 04 28 15 27 MAX    29
2021 04 28 22 29 MIN    -3
2021 04 29 04 57 MAX    24
2021 04 29 10 23 MIN    12
2021 04 29 16 03 MAX    31
2021 04 29 23 21 MIN    -4
2021 04 30 06 10 MAX    22
2021 04 30 10 58 MIN    15
2021 04 30 16 42 MAX    31
2021 05 01 00 18 MIN    -4
2021 05 01 07 43 MAX    21
2021 05 01 11 32 MIN    17
2021 05 01 17 25 MAX    31
2021 05 02 01 22 MIN    -2
2021 05 02 09 25 MAX    20
2021 05 02 12 09 MIN    19
2021 05 02 18 16 MAX    29
2021 05 03 02 33 MIN    -1
2021 05 03 19 19 MAX    27
2021 05 04 03 46 MIN     1
2021 05 04 12 35 MAX    21
2021 05 04 15 41 MIN    20
2021 05 04 20 39 MAX    25
2021 05 05 04 55 MIN     3
2021 05 05 13 01 MAX    22
2021 05 05 17 15 MIN    18
2021 05 05 22 11 MAX    24
2021 05 06 05 55 MIN     5
2021 05 06 13 17 MAX    22
2021 05 06 18 23 MIN    15
2021 05 06 23 39 MAX    23
2021 05 07 06 43 MIN     7
2021 05 07 13 29 MAX    23
2021 05 07 19 15 MIN    13
2021 05 08 00 51 MAX    23
2021 05 08 07 21 MIN     8
2021 05 08 13 41 MAX    24
2021 05 08 19 57 MIN    10
2021 05 09 01 47 MAX    23
2021 05 09 07 54 MIN    10
2021 05 09 13 57 MAX    26
2021 05 09 20 33 MIN     8
2021 05 10 02 35 MAX    24
2021 05 10 08 22 MIN    12
2021 05 10 14 16 MAX    27
2021 05 10 21 07 MIN     7
2021 05 11 03 18 MAX    24
2021 05 11 08 48 MIN    14
2021 05 11 14 37 MAX    29
2021 05 11 21 39 MIN     6
2021 05 12 04 01 MAX    24
2021 05 12 09 13 MIN    16
2021 05 12 15 01 MAX    30
2021 05 12 22 12 MIN     5
2021 05 13 04 46 MAX    24
2021 05 13 09 38 MIN    17
2021 05 13 15 26 MAX    31
2021 05 13 22 46 MIN     4
2021 05 14 05 34 MAX    24
2021 05 14 10 03 MIN    19
2021 05 14 15 54 MAX    32
2021 05 14 23 22 MIN     5
2021 05 15 06 30 MAX    24
2021 05 15 10 28 MIN    20
2021 05 15 16 23 MAX    32
2021 05 16 00 01 MIN     5
2021 05 16 07 38 MAX    23
2021 05 16 10 52 MIN    21
2021 05 16 16 55 MAX    31
2021 05 17 00 46 MIN     6
2021 05 17 08 56 MAX    23
2021 05 17 11 17 MIN    22
2021 05 17 17 30 MAX    31
2021 05 18 01 39 MIN     7
2021 05 18 18 14 MAX    30
2021 05 19 02 40 MIN     8
2021 05 19 19 13 MAX    28
2021 05 20 03 44 MIN     8
2021 05 20 11 58 MAX    25
2021 05 20 15 52 MIN    23
2021 05 20 20 34 MAX    27
2021 05 21 04 44 MIN     9
2021 05 21 12 11 MAX    26
2021 05 21 17 12 MIN    20
2021 05 21 22 11 MAX    26
2021 05 22 05 37 MIN    10
2021 05 22 12 26 MAX    27
2021 05 22 18 11 MIN    17
2021 05 22 23 43 MAX    27
2021 05 23 06 25 MIN    11
2021 05 23 12 46 MAX    29
2021 05 23 19 03 MIN    13
2021 05 24 01 00 MAX    28
2021 05 24 07 09 MIN    13
2021 05 24 13 11 MAX    31
2021 05 24 19 52 MIN     9
2021 05 25 02 06 MAX    28
2021 05 25 07 52 MIN    15
2021 05 25 13 42 MAX    33
2021 05 25 20 41 MIN     5
2021 05 26 03 09 MAX    29
2021 05 26 08 32 MIN    18
2021 05 26 14 16 MAX    36
2021 05 26 21 31 MIN     2
2021 05 27 04 13 MAX    29
2021 05 27 09 12 MIN    20
2021 05 27 14 55 MAX    38
2021 05 27 22 23 MIN     1
2021 05 28 05 24 MAX    28
2021 05 28 09 51 MIN    22
2021 05 28 15 37 MAX    39
2021 05 28 23 18 MIN     1
2021 05 29 06 42 MAX    27
2021 05 29 10 30 MIN    24
2021 05 29 16 22 MAX    39
2021 05 30 00 14 MIN     2
2021 05 30 08 00 MAX    27
2021 05 30 11 12 MIN    25
2021 05 30 17 12 MAX    38
2021 05 31 01 13 MIN     4
2021 05 31 09 18 MAX    26
2021 05 31 12 02 MIN    25
2021 05 31 18 05 MAX    36
2021 06 01 02 14 MIN     6
2021 06 01 10 34 MAX    26
2021 06 01 13 29 MIN    25
2021 06 01 19 06 MAX    33
2021 06 02 03 14 MIN     9
2021 06 02 11 26 MAX    27
2021 06 02 15 15 MIN    25
2021 06 02 20 15 MAX    30
2021 06 03 04 12 MIN    11
2021 06 03 11 55 MAX    27
2021 06 03 16 47 MIN    23
2021 06 03 21 39 MAX    28
2021 06 04 05 05 MIN    14
2021 06 04 12 13 MAX    29
2021 06 04 18 02 MIN    20
2021 06 04 23 13 MAX    27
2021 06 05 05 49 MIN    16
2021 06 05 12 28 MAX    30
2021 06 05 18 57 MIN    18
2021 06 06 00 43 MAX    27
2021 06 06 06 27 MIN    19
2021 06 06 12 46 MAX    32
2021 06 06 19 41 MIN    16
2021 06 07 01 52 MAX    27
2021 06 07 07 00 MIN    21
2021 06 07 13 06 MAX    34
2021 06 07 20 18 MIN    14
2021 06 08 02 47 MAX    28
2021 06 08 07 30 MIN    23
2021 06 08 13 29 MAX    35
2021 06 08 20 52 MIN    12
2021 06 09 03 33 MAX    29
2021 06 09 07 59 MIN    25
2021 06 09 13 56 MAX    37
2021 06 09 21 25 MIN    12
2021 06 10 04 16 MAX    30
2021 06 10 08 28 MIN    26
2021 06 10 14 25 MAX    38
2021 06 10 21 58 MIN    11
2021 06 11 04 59 MAX    30
2021 06 11 08 58 MIN    27
2021 06 11 14 56 MAX    39
2021 06 11 22 33 MIN    11
2021 06 12 05 41 MAX    30
2021 06 12 09 30 MIN    27
2021 06 12 15 30 MAX    40
2021 06 12 23 10 MIN    11
2021 06 13 06 28 MAX    30
2021 06 13 10 02 MIN    28
2021 06 13 16 04 MAX    40
2021 06 13 23 50 MIN    11
2021 06 14 07 22 MAX    30
2021 06 14 10 37 MIN    28
2021 06 14 16 42 MAX    39
2021 06 15 00 33 MIN    12
2021 06 15 08 19 MAX    30
2021 06 15 11 18 MIN    29
2021 06 15 17 22 MAX    39
2021 06 16 01 20 MIN    13
2021 06 16 09 14 MAX    30
2021 06 16 12 17 MIN    29
2021 06 16 18 09 MAX    37
2021 06 17 02 09 MIN    14
2021 06 17 09 56 MAX    30
2021 06 17 13 43 MIN    28
2021 06 17 19 06 MAX    35
2021 06 18 03 01 MIN    15
2021 06 18 10 25 MAX    31
2021 06 18 15 18 MIN    27
2021 06 18 20 20 MAX    33
2021 06 19 03 55 MIN    17
2021 06 19 10 49 MAX    33
2021 06 19 16 40 MIN    24
2021 06 19 21 53 MAX    32
2021 06 20 04 48 MIN    19
2021 06 20 11 15 MAX    34
2021 06 20 17 48 MIN    21
2021 06 20 23 38 MAX    31
2021 06 21 05 40 MIN    22
2021 06 21 11 47 MAX    37
2021 06 21 18 46 MIN    17
2021 06 22 01 12 MAX    32
2021 06 22 06 28 MIN    24
2021 06 22 12 23 MAX    39
2021 06 22 19 41 MIN    13
2021 06 23 02 29 MAX    33
2021 06 23 07 15 MIN    27
2021 06 23 13 04 MAX    42
2021 06 23 20 34 MIN    10
2021 06 24 03 36 MAX    34
2021 06 24 08 01 MIN    29
2021 06 24 13 49 MAX    44
2021 06 24 21 27 MIN     8
2021 06 25 04 37 MAX    34
2021 06 25 08 45 MIN    30
2021 06 25 14 36 MAX    46
2021 06 25 22 20 MIN     8
2021 06 26 05 36 MAX    34
2021 06 26 09 30 MIN    30
2021 06 26 15 25 MAX    46
2021 06 26 23 12 MIN     8
2021 06 27 06 35 MAX    33
2021 06 27 10 14 MIN    31
2021 06 27 16 14 MAX    46
2021 06 28 00 03 MIN     9
2021 06 28 07 31 MAX    33
2021 06 28 11 03 MIN    30
2021 06 28 17 03 MAX    44
2021 06 29 00 53 MIN    11
2021 06 29 08 23 MAX    32
2021 06 29 11 58 MIN    30
2021 06 29 17 53 MAX    42
2021 06 30 01 41 MIN    14
2021 06 30 09 08 MAX    32
2021 06 30 13 07 MIN    30
2021 06 30 18 45 MAX    39
2021 07 01 02 27 MIN    17
2021 07 01 09 46 MAX    33
2021 07 01 14 33 MIN    29
2021 07 01 19 44 MAX    36
2021 07 02 03 11 MIN    20
2021 07 02 10 16 MAX    34
2021 07 02 16 06 MIN    28
2021 07 02 21 02 MAX    33
2021 07 03 03 54 MIN    23
2021 07 03 10 44 MAX    35
2021 07 03 17 29 MIN    26
2021 07 03 22 53 MAX    31
2021 07 04 04 36 MIN    26
2021 07 04 11 12 MAX    37
2021 07 04 18 32 MIN    23
2021 07 05 00 58 MAX    31
2021 07 05 05 16 MIN    29
2021 07 05 11 40 MAX    39
2021 07 05 19 19 MIN    21
2021 07 06 02 19 MAX    33
2021 07 06 05 56 MIN    31
2021 07 06 12 12 MAX    40
2021 07 06 19 58 MIN    20
2021 07 07 03 10 MAX    34
2021 07 07 06 35 MIN    32
2021 07 07 12 45 MAX    42
2021 07 07 20 33 MIN    19
2021 07 08 03 46 MAX    35
2021 07 08 07 14 MIN    33
2021 07 08 13 22 MAX    44
2021 07 08 21 07 MIN    18
2021 07 09 04 17 MAX    36
2021 07 09 07 52 MIN    34
2021 07 09 13 59 MAX    45
2021 07 09 21 42 MIN    17
2021 07 10 04 46 MAX    36
2021 07 10 08 31 MIN    34
2021 07 10 14 37 MAX    46
2021 07 10 22 17 MIN    17
2021 07 11 05 17 MAX    36
2021 07 11 09 11 MIN    33
2021 07 11 15 15 MAX    47
2021 07 11 22 54 MIN    17
2021 07 12 05 50 MAX    36
2021 07 12 09 52 MIN    33
2021 07 12 15 53 MAX    47
2021 07 12 23 32 MIN    16
2021 07 13 06 26 MAX    36
2021 07 13 10 36 MIN    33
2021 07 13 16 33 MAX    46
2021 07 14 00 11 MIN    17
2021 07 14 07 03 MAX    36
2021 07 14 11 26 MIN    32
2021 07 14 17 16 MAX    45
2021 07 15 00 51 MIN    18
2021 07 15 07 39 MAX    36
2021 07 15 12 22 MIN    31
2021 07 15 18 04 MAX    43
2021 07 16 01 32 MIN    20
2021 07 16 08 14 MAX    36
2021 07 16 13 31 MIN    30
2021 07 16 19 01 MAX    40
2021 07 17 02 16 MIN    22
2021 07 17 08 47 MAX    37
2021 07 17 14 51 MIN    28
2021 07 17 20 15 MAX    37
2021 07 18 03 04 MIN    25
2021 07 18 09 25 MAX    39
2021 07 18 16 15 MIN    26
2021 07 18 21 59 MAX    35
2021 07 19 03 58 MIN    29
2021 07 19 10 07 MAX    41
2021 07 19 17 32 MIN    22
2021 07 20 00 22 MAX    35
2021 07 20 04 58 MIN    31
2021 07 20 10 55 MAX    43
2021 07 20 18 37 MIN    19
2021 07 21 02 02 MAX    36
2021 07 21 05 57 MIN    33
2021 07 21 11 48 MAX    45
2021 07 21 19 36 MIN    17
2021 07 22 03 04 MAX    38
2021 07 22 06 54 MIN    34
2021 07 22 12 43 MAX    47
2021 07 22 20 31 MIN    15
2021 07 23 03 51 MAX    38
2021 07 23 07 46 MIN    35
2021 07 23 13 38 MAX    49
2021 07 23 21 22 MIN    14
2021 07 24 04 32 MAX    38
2021 07 24 08 34 MIN    34
2021 07 24 14 30 MAX    50
2021 07 24 22 11 MIN    14
2021 07 25 05 09 MAX    38
2021 07 25 09 21 MIN    34
2021 07 25 15 19 MAX    50
2021 07 25 22 57 MIN    14
2021 07 26 05 45 MAX    37
2021 07 26 10 07 MIN    33
2021 07 26 16 05 MAX    49
2021 07 26 23 40 MIN    16
2021 07 27 06 19 MAX    37
2021 07 27 10 54 MIN    32
2021 07 27 16 50 MAX    48
2021 07 28 00 19 MIN    18
2021 07 28 06 52 MAX    36
2021 07 28 11 43 MIN    31
2021 07 28 17 34 MAX    45
2021 07 29 00 54 MIN    20
2021 07 29 07 24 MAX    37
2021 07 29 12 38 MIN    31
2021 07 29 18 21 MAX    41
2021 07 30 01 26 MIN    24
2021 07 30 07 56 MAX    37
2021 07 30 13 46 MIN    30
2021 07 30 19 15 MAX    38
2021 07 31 01 54 MIN    27
2021 07 31 08 28 MAX    38
2021 07 31 15 12 MIN    29
2021 07 31 20 35 MAX    35
2021 08 01 02 17 MIN    30
2021 08 01 09 02 MAX    39
2021 08 01 16 41 MIN    28
2021 08 01 23 07 MAX    34
2021 08 02 02 36 MIN    33
2021 08 02 09 40 MAX    41
2021 08 02 17 54 MIN    26
2021 08 03 10 25 MAX    42
2021 08 03 18 48 MIN    24
2021 08 04 03 06 MAX    37
2021 08 04 04 39 MIN    36
2021 08 04 11 16 MAX    43
2021 08 04 19 32 MIN    23
2021 08 05 03 18 MAX    38
2021 08 05 05 55 MIN    37
2021 08 05 12 08 MAX    45
2021 08 05 20 10 MIN    22
2021 08 06 03 32 MAX    38
2021 08 06 06 50 MIN    37
2021 08 06 12 57 MAX    46
2021 08 06 20 45 MIN    21
2021 08 07 03 48 MAX    39
2021 08 07 07 37 MIN    36
2021 08 07 13 42 MAX    47
2021 08 07 21 19 MIN    20
2021 08 08 04 07 MAX    39
2021 08 08 08 21 MIN    35
2021 08 08 14 23 MAX    48
2021 08 08 21 53 MIN    19
2021 08 09 04 29 MAX    39
2021 08 09 09 04 MIN    34
2021 08 09 15 03 MAX    49
2021 08 09 22 28 MIN    18
2021 08 10 04 55 MAX    39
2021 08 10 09 47 MIN    32
2021 08 10 15 43 MAX    49
2021 08 10 23 04 MIN    18
2021 08 11 05 22 MAX    39
2021 08 11 10 32 MIN    31
2021 08 11 16 25 MAX    48
2021 08 11 23 39 MIN    19
2021 08 12 05 52 MAX    39
2021 08 12 11 20 MIN    30
2021 08 12 17 10 MAX    46
2021 08 13 00 15 MIN    21
2021 08 13 06 23 MAX    39
2021 08 13 12 13 MIN    28
2021 08 13 18 00 MAX    43
2021 08 14 00 52 MIN    23
2021 08 14 06 57 MAX    40
2021 08 14 13 15 MIN    27
2021 08 14 19 02 MAX    39
2021 08 15 01 29 MIN    27
2021 08 15 07 34 MAX    40
2021 08 15 14 32 MIN    25
2021 08 15 20 28 MAX    36
2021 08 16 02 13 MIN    30
2021 08 16 08 19 MAX    42
2021 08 16 16 00 MIN    23
2021 08 16 23 20 MAX    35
2021 08 17 03 12 MIN    33
2021 08 17 09 15 MAX    43
2021 08 17 17 23 MIN    21
2021 08 18 01 35 MAX    36
2021 08 18 04 37 MIN    35
2021 08 18 10 22 MAX    44
2021 08 18 18 34 MIN    18
2021 08 19 02 32 MAX    38
2021 08 19 05 54 MIN    36
2021 08 19 11 34 MAX    45
2021 08 19 19 33 MIN    16
2021 08 20 03 07 MAX    38
2021 08 20 06 56 MIN    35
2021 08 20 12 41 MAX    47
2021 08 20 20 25 MIN    15
2021 08 21 03 33 MAX    38
2021 08 21 07 47 MIN    33
2021 08 21 13 38 MAX    48
2021 08 21 21 11 MIN    15
2021 08 22 03 56 MAX    38
2021 08 22 08 33 MIN    32
2021 08 22 14 28 MAX    49
2021 08 22 21 53 MIN    16
2021 08 23 04 18 MAX    37
2021 08 23 09 16 MIN    30
2021 08 23 15 13 MAX    48
2021 08 23 22 31 MIN    17
2021 08 24 04 42 MAX    37
2021 08 24 09 58 MIN    29
2021 08 24 15 55 MAX    47
2021 08 24 23 05 MIN    18
2021 08 25 05 06 MAX    37
2021 08 25 10 40 MIN    27
2021 08 25 16 35 MAX    45
2021 08 25 23 35 MIN    20
2021 08 26 05 32 MAX    37
2021 08 26 11 23 MIN    27
2021 08 26 17 17 MAX    42
2021 08 27 00 01 MIN    23
2021 08 27 05 58 MAX    37
2021 08 27 12 09 MIN    26
2021 08 27 18 02 MAX    39
2021 08 28 00 23 MIN    26
2021 08 28 06 24 MAX    38
2021 08 28 13 02 MIN    26
2021 08 28 18 58 MAX    35
2021 08 29 00 38 MIN    28
2021 08 29 06 51 MAX    38
2021 08 29 14 10 MIN    25
2021 08 29 20 33 MAX    33
2021 08 30 00 42 MIN    31
2021 08 30 07 22 MAX    39
2021 08 30 15 40 MIN    25
2021 08 31 08 02 MAX    39
2021 08 31 17 05 MIN    24
2021 09 01 09 02 MAX    39
2021 09 01 18 11 MIN    23
2021 09 02 10 23 MAX    40
2021 09 02 19 00 MIN    21
2021 09 03 02 53 MAX    36
2021 09 03 05 52 MIN    35
2021 09 03 11 40 MAX    41
2021 09 03 19 40 MIN    20
2021 09 04 02 54 MAX    36
2021 09 04 06 47 MIN    34
2021 09 04 12 39 MAX    42
2021 09 04 20 15 MIN    19
2021 09 05 03 04 MAX    36
2021 09 05 07 31 MIN    32
2021 09 05 13 27 MAX    44
2021 09 05 20 48 MIN    17
2021 09 06 03 19 MAX    37
2021 09 06 08 12 MIN    30
2021 09 06 14 09 MAX    45
2021 09 06 21 22 MIN    16
2021 09 07 03 38 MAX    37
2021 09 07 08 53 MIN    27
2021 09 07 14 51 MAX    45
2021 09 07 21 56 MIN    16
2021 09 08 04 01 MAX    37
2021 09 08 09 36 MIN    25
2021 09 08 15 33 MAX    45
2021 09 08 22 30 MIN    16
2021 09 09 04 27 MAX    37
2021 09 09 10 21 MIN    23
2021 09 09 16 17 MAX    43
2021 09 09 23 04 MIN    18
2021 09 10 04 55 MAX    38
2021 09 10 11 08 MIN    21
2021 09 10 17 06 MAX    41
2021 09 10 23 38 MIN    21
2021 09 11 05 25 MAX    38
2021 09 11 12 00 MIN    19
2021 09 11 18 03 MAX    37
2021 09 12 00 12 MIN    24
2021 09 12 05 59 MAX    39
2021 09 12 13 02 MIN    18
2021 09 12 19 19 MAX    34
2021 09 13 00 45 MIN    27
2021 09 13 06 40 MAX    39
2021 09 13 14 20 MIN    17
2021 09 13 21 54 MAX    31
2021 09 14 01 20 MIN    30
2021 09 14 07 31 MAX    39
2021 09 14 15 52 MIN    16
2021 09 15 08 43 MAX    39
2021 09 15 17 17 MIN    15
2021 09 16 01 53 MAX    33
2021 09 16 04 52 MIN    32
2021 09 16 10 12 MAX    39
2021 09 16 18 28 MIN    14
2021 09 17 02 19 MAX    33
2021 09 17 06 06 MIN    30
2021 09 17 11 37 MAX    40
2021 09 17 19 24 MIN    13
2021 09 18 02 39 MAX    33
2021 09 18 07 01 MIN    28
2021 09 18 12 45 MAX    40
2021 09 18 20 11 MIN    13
2021 09 19 02 54 MAX    33
2021 09 19 07 47 MIN    26
2021 09 19 13 39 MAX    41
2021 09 19 20 51 MIN    13
2021 09 20 03 09 MAX    33
2021 09 20 08 29 MIN    23
2021 09 20 14 24 MAX    41
2021 09 20 21 26 MIN    14
2021 09 21 03 27 MAX    33
2021 09 21 09 08 MIN    21
2021 09 21 15 05 MAX    40
2021 09 21 21 57 MIN    15
2021 09 22 03 46 MAX    33
2021 09 22 09 46 MIN    20
2021 09 22 15 44 MAX    39
2021 09 22 22 25 MIN    17
2021 09 23 04 08 MAX    34
2021 09 23 10 24 MIN    18
2021 09 23 16 24 MAX    37
2021 09 23 22 49 MIN    19
2021 09 24 04 31 MAX    34
2021 09 24 11 02 MIN    17
2021 09 24 17 06 MAX    34
2021 09 24 23 10 MIN    21
2021 09 25 04 54 MAX    35
2021 09 25 11 42 MIN    17
2021 09 25 17 54 MAX    32
2021 09 25 23 27 MIN    23
2021 09 26 05 18 MAX    35
2021 09 26 12 26 MIN    17
2021 09 26 18 58 MAX    29
2021 09 26 23 39 MIN    25
2021 09 27 05 42 MAX    35
2021 09 27 13 19 MIN    17
2021 09 27 21 06 MAX    28
2021 09 27 23 40 MIN    27
2021 09 28 06 10 MAX    35
2021 09 28 14 35 MIN    18
2021 09 29 06 47 MAX    34
2021 09 29 16 08 MIN    18
2021 09 30 07 48 MAX    33
2021 09 30 17 24 MIN    17
2021 10 01 09 34 MAX    33
2021 10 01 18 19 MIN    16
2021 10 02 02 05 MAX    30
2021 10 02 05 51 MIN    28
2021 10 02 11 12 MAX    33
2021 10 02 19 00 MIN    14
2021 10 03 02 05 MAX    30
2021 10 03 06 38 MIN    26
2021 10 03 12 18 MAX    34
2021 10 03 19 37 MIN    13
2021 10 04 02 14 MAX    31
2021 10 04 07 19 MIN    23
2021 10 04 13 09 MAX    36
2021 10 04 20 11 MIN    12
2021 10 05 02 28 MAX    31
2021 10 05 07 59 MIN    20
2021 10 05 13 55 MAX    37
2021 10 05 20 45 MIN    12
2021 10 06 02 48 MAX    32
2021 10 06 08 40 MIN    17
2021 10 06 14 40 MAX    37
2021 10 06 21 20 MIN    12
2021 10 07 03 11 MAX    32
2021 10 07 09 23 MIN    13
2021 10 07 15 27 MAX    36
2021 10 07 21 54 MIN    14
2021 10 08 03 37 MAX    33
2021 10 08 10 08 MIN    10
2021 10 08 16 17 MAX    34
2021 10 08 22 28 MIN    16
2021 10 09 04 07 MAX    34
2021 10 09 10 57 MIN     8
2021 10 09 17 13 MAX    32
2021 10 09 23 02 MIN    19
2021 10 10 04 40 MAX    35
2021 10 10 11 51 MIN     7
2021 10 10 18 24 MAX    29
2021 10 10 23 34 MIN    22
2021 10 11 05 18 MAX    35
2021 10 11 12 54 MIN     7
2021 10 11 20 26 MAX    26
2021 10 12 00 05 MIN    24
2021 10 12 06 04 MAX    34
2021 10 12 14 13 MIN     7
2021 10 13 07 04 MAX    33
2021 10 13 15 42 MIN     8
2021 10 14 08 29 MAX    32
2021 10 14 17 03 MIN     8
2021 10 15 01 24 MAX    27
2021 10 15 04 59 MIN    24
2021 10 15 10 09 MAX    31
2021 10 15 18 10 MIN     8
2021 10 16 01 42 MAX    26
2021 10 16 06 06 MIN    21
2021 10 16 11 36 MAX    31
2021 10 16 19 03 MIN     8
2021 10 17 01 57 MAX    26
2021 10 17 06 59 MIN    18
2021 10 17 12 44 MAX    31
2021 10 17 19 45 MIN     9
2021 10 18 02 09 MAX    27
2021 10 18 07 43 MIN    15
2021 10 18 13 36 MAX    31
2021 10 18 20 20 MIN    10
2021 10 19 02 22 MAX    27
2021 10 19 08 23 MIN    13
2021 10 19 14 21 MAX    30
2021 10 19 20 50 MIN    11
2021 10 20 02 38 MAX    28
2021 10 20 08 59 MIN    11
2021 10 20 15 02 MAX    30
2021 10 20 21 17 MIN    13
2021 10 21 02 57 MAX    29
2021 10 21 09 34 MIN     9
2021 10 21 15 42 MAX    29
2021 10 21 21 42 MIN    15
2021 10 22 03 19 MAX    29
2021 10 22 10 08 MIN     8
2021 10 22 16 24 MAX    28
2021 10 22 22 04 MIN    16
2021 10 23 03 42 MAX    30
2021 10 23 10 44 MIN     8
2021 10 23 17 09 MAX    26
2021 10 23 22 25 MIN    18
2021 10 24 04 06 MAX    30
2021 10 24 11 20 MIN     7
2021 10 24 18 03 MAX    24
2021 10 24 22 42 MIN    20
2021 10 25 04 31 MAX    30
2021 10 25 12 00 MIN     8
2021 10 25 19 19 MAX    23
2021 10 25 22 57 MIN    21
2021 10 26 04 58 MAX    30
2021 10 26 12 47 MIN     9
2021 10 26 21 08 MAX    22
2021 10 26 23 03 MIN    21
2021 10 27 05 29 MAX    29
2021 10 27 13 48 MIN    10
2021 10 28 06 08 MAX    28
2021 10 28 15 08 MIN    10
2021 10 29 07 07 MAX    26
2021 10 29 16 24 MIN    10
2021 10 30 01 17 MAX    23
2021 10 30 04 12 MIN    22
2021 10 30 08 44 MAX    25
2021 10 30 17 23 MIN     9
2021 10 31 01 04 MAX    23
2021 10 31 05 29 MIN    20
2021 10 31 10 30 MAX    25
2021 10 31 18 10 MIN     8
2021 11 01 01 09 MAX    24
2021 11 01 06 18 MIN    17
2021 11 01 11 50 MAX    25
2021 11 01 18 50 MIN     8
2021 11 02 01 19 MAX    25
2021 11 02 07 01 MIN    13
2021 11 02 12 51 MAX    26
2021 11 02 19 28 MIN     8
2021 11 03 01 36 MAX    26
2021 11 03 07 42 MIN     9
2021 11 03 13 46 MAX    27
2021 11 03 20 05 MIN     9
2021 11 04 01 58 MAX    27
2021 11 04 08 25 MIN     5
2021 11 04 14 37 MAX    27
2021 11 04 20 42 MIN    10
2021 11 05 02 24 MAX    29
2021 11 05 09 11 MIN     2
2021 11 05 15 31 MAX    27
2021 11 05 21 18 MIN    12
2021 11 06 02 55 MAX    30
2021 11 06 09 58 MIN    -1
2021 11 06 16 29 MAX    26
2021 11 06 21 54 MIN    15
2021 11 07 03 30 MAX    31
2021 11 07 10 50 MIN    -2
2021 11 07 17 38 MAX    24
2021 11 07 22 30 MIN    17
2021 11 08 04 09 MAX    32
2021 11 08 11 46 MIN    -3
2021 11 08 19 11 MAX    22
2021 11 08 23 05 MIN    18
2021 11 09 04 54 MAX    31
2021 11 09 12 50 MIN    -2
2021 11 09 20 57 MAX    20
2021 11 09 23 42 MIN    19
2021 11 10 05 46 MAX    30
2021 11 10 14 03 MIN    -1
2021 11 11 06 52 MAX    27
2021 11 11 15 19 MIN     1
2021 11 12 00 01 MAX    20
2021 11 12 03 08 MIN    19
2021 11 12 08 15 MAX    25
2021 11 12 16 31 MIN     2
2021 11 13 00 31 MAX    20
2021 11 13 04 44 MIN    16
2021 11 13 09 49 MAX    23
2021 11 13 17 33 MIN     4
2021 11 14 00 50 MAX    20
2021 11 14 05 55 MIN    13
2021 11 14 11 21 MAX    22
2021 11 14 18 23 MIN     5
2021 11 15 01 03 MAX    21
2021 11 15 06 51 MIN    10
2021 11 15 12 38 MAX    21
2021 11 15 19 04 MIN     7
2021 11 16 01 17 MAX    22
2021 11 16 07 36 MIN     7
2021 11 16 13 38 MAX    21
2021 11 16 19 37 MIN     9
2021 11 17 01 33 MAX    23
2021 11 17 08 15 MIN     5
2021 11 17 14 27 MAX    21
2021 11 17 20 06 MIN    10
2021 11 18 01 52 MAX    24
2021 11 18 08 51 MIN     3
2021 11 18 15 12 MAX    21
2021 11 18 20 33 MIN    12
2021 11 19 02 14 MAX    26
2021 11 19 09 24 MIN     2
2021 11 19 15 55 MAX    21
2021 11 19 20 58 MIN    13
2021 11 20 02 39 MAX    26
2021 11 20 09 56 MIN     1
2021 11 20 16 38 MAX    21
2021 11 20 21 23 MIN    15
2021 11 21 03 06 MAX    27
2021 11 21 10 30 MIN     0
2021 11 21 17 25 MAX    20
2021 11 21 21 47 MIN    16
2021 11 22 03 34 MAX    27
2021 11 22 11 06 MIN     0
2021 11 22 18 16 MAX    19
2021 11 22 22 11 MIN    16
2021 11 23 04 04 MAX    27
2021 11 23 11 45 MIN     1
2021 11 23 19 18 MAX    18
2021 11 23 22 34 MIN    17
2021 11 24 04 36 MAX    26
2021 11 24 12 29 MIN     2
2021 11 24 20 29 MAX    18
2021 11 24 22 59 MIN    17
2021 11 25 05 12 MAX    25
2021 11 25 13 18 MIN     3
2021 11 26 05 54 MAX    24
2021 11 26 14 15 MIN     3
2021 11 27 06 49 MAX    22
2021 11 27 15 16 MIN     4
2021 11 27 23 29 MAX    18
2021 11 28 03 24 MIN    16
2021 11 28 08 05 MAX    20
2021 11 28 16 14 MIN     4
2021 11 28 23 43 MAX    19
2021 11 29 04 51 MIN    14
2021 11 29 09 42 MAX    19
2021 11 29 17 07 MIN     5
2021 11 29 23 56 MAX    20
2021 11 30 05 51 MIN    10
2021 11 30 11 20 MAX    18
2021 11 30 17 56 MIN     6
2021 12 01 00 15 MAX    21
2021 12 01 06 40 MIN     6
2021 12 01 12 41 MAX    19
2021 12 01 18 40 MIN     7
2021 12 02 00 40 MAX    23
2021 12 02 07 28 MIN     1
2021 12 02 13 49 MAX    20
2021 12 02 19 23 MIN     9
2021 12 03 01 10 MAX    25
2021 12 03 08 15 MIN    -3
2021 12 03 14 51 MAX    21
2021 12 03 20 05 MIN    11
2021 12 04 01 45 MAX    27
2021 12 04 09 04 MIN    -6
2021 12 04 15 52 MAX    21
2021 12 04 20 46 MIN    13
2021 12 05 02 25 MAX    29
2021 12 05 09 55 MIN    -8
2021 12 05 16 56 MAX    20
2021 12 05 21 26 MIN    14
2021 12 06 03 08 MAX    30
2021 12 06 10 48 MIN    -9
2021 12 06 18 05 MAX    19
2021 12 06 22 07 MIN    15
2021 12 07 03 55 MAX    30
2021 12 07 11 43 MIN    -9
2021 12 07 19 16 MAX    18
2021 12 07 22 50 MIN    15
2021 12 08 04 45 MAX    29
2021 12 08 12 41 MIN    -7
2021 12 08 20 26 MAX    17
2021 12 08 23 43 MIN    15
2021 12 09 05 40 MAX    27
2021 12 09 13 40 MIN    -5
2021 12 09 21 32 MAX    16
2021 12 10 00 58 MIN    15
2021 12 10 06 39 MAX    24
2021 12 10 14 39 MIN    -2
2021 12 10 22 26 MAX    16
2021 12 11 02 35 MIN    13
2021 12 11 07 48 MAX    21
2021 12 11 15 37 MIN     0
2021 12 11 23 04 MAX    16
2021 12 12 04 12 MIN    11
2021 12 12 09 10 MAX    17
2021 12 12 16 31 MIN     3
2021 12 12 23 30 MAX    17
2021 12 13 05 34 MIN     8
2021 12 13 10 53 MAX    15
2021 12 13 17 20 MIN     6
2021 12 13 23 53 MAX    19
2021 12 14 06 37 MIN     5
2021 12 14 12 38 MAX    15
2021 12 14 18 03 MIN     8
2021 12 15 00 16 MAX    20
2021 12 15 07 25 MIN     2
2021 12 15 13 56 MAX    15
2021 12 15 18 41 MIN    10
2021 12 16 00 41 MAX    22
2021 12 16 08 05 MIN     0
2021 12 16 14 53 MAX    16
2021 12 16 19 15 MIN    12
2021 12 17 01 08 MAX    23
2021 12 17 08 40 MIN    -1
2021 12 17 15 36 MAX    17
2021 12 17 19 47 MIN    13
2021 12 18 01 37 MAX    25
2021 12 18 09 13 MIN    -2
2021 12 18 16 14 MAX    18
2021 12 18 20 19 MIN    14
2021 12 19 02 09 MAX    26
2021 12 19 09 46 MIN    -3
2021 12 19 16 50 MAX    18
2021 12 19 20 50 MIN    14
2021 12 20 02 42 MAX    26
2021 12 20 10 20 MIN    -3
2021 12 20 17 25 MAX    18
2021 12 20 21 22 MIN    14
2021 12 21 03 17 MAX    27
2021 12 21 10 55 MIN    -3
2021 12 21 18 02 MAX    17
2021 12 21 21 55 MIN    14
2021 12 22 03 53 MAX    26
2021 12 22 11 32 MIN    -3
2021 12 22 18 42 MAX    17
2021 12 22 22 31 MIN    14
2021 12 23 04 29 MAX    26
2021 12 23 12 10 MIN    -3
2021 12 23 19 25 MAX    16
2021 12 23 23 13 MIN    14
2021 12 24 05 07 MAX    24
2021 12 24 12 50 MIN    -2
2021 12 24 20 10 MAX    16
2021 12 25 00 05 MIN    13
2021 12 25 05 48 MAX    23
2021 12 25 13 32 MIN    -1
2021 12 25 20 51 MAX    16
2021 12 26 01 14 MIN    13
2021 12 26 06 38 MAX    20
2021 12 26 14 16 MIN     1
2021 12 26 21 26 MAX    17
2021 12 27 02 40 MIN    12
2021 12 27 07 42 MAX    18
2021 12 27 15 05 MIN     3
2021 12 27 21 58 MAX    18
2021 12 28 04 06 MIN     9
2021 12 28 09 09 MAX    15
2021 12 28 15 58 MIN     5
2021 12 28 22 31 MAX    19
2021 12 29 05 19 MIN     5
2021 12 29 11 06 MAX    14
2021 12 29 16 54 MIN     8
2021 12 29 23 06 MAX    21
2021 12 30 06 20 MIN     1
2021 12 30 12 59 MAX    15
2021 12 30 17 51 MIN    10
2021 12 30 23 46 MAX    23
2021 12 31 07 16 MIN    -3
2021 12 31 14 20 MAX    17
2021 12 31 18 44 MIN    12
