 <API - 조위예측극치자료>

대상조위관측소 : 순위도
위도(WGS84) : N 125.3333
경도(WGS84) : E 37.7500
관측기관 : 20201221 ~ 20220101

2020 12 21 04 40 MIN   130
2020 12 21 10 01 MAX   321
2020 12 21 15 58 MIN   112
2020 12 21 22 40 MAX   413
2020 12 22 05 30 MIN   137
2020 12 22 11 05 MAX   310
2020 12 22 16 55 MIN   152
2020 12 22 23 32 MAX   378
2020 12 23 06 26 MIN   137
2020 12 23 12 23 MAX   310
2020 12 23 18 15 MIN   181
2020 12 24 00 34 MAX   352
2020 12 24 07 25 MIN   130
2020 12 24 13 46 MAX   329
2020 12 24 19 51 MIN   191
2020 12 25 01 40 MAX   336
2020 12 25 08 19 MIN   114
2020 12 25 14 55 MAX   362
2020 12 25 21 11 MIN   183
2020 12 26 02 40 MAX   333
2020 12 26 09 06 MIN    93
2020 12 26 15 46 MAX   400
2020 12 26 22 09 MIN   165
2020 12 27 03 30 MAX   336
2020 12 27 09 46 MIN    73
2020 12 27 16 28 MAX   434
2020 12 27 22 55 MIN   147
2020 12 28 04 12 MAX   343
2020 12 28 10 24 MIN    52
2020 12 28 17 04 MAX   463
2020 12 28 23 34 MIN   133
2020 12 29 04 50 MAX   351
2020 12 29 11 00 MIN    33
2020 12 29 17 39 MAX   485
2020 12 30 00 11 MIN   121
2020 12 30 05 25 MAX   356
2020 12 30 11 36 MIN    19
2020 12 30 18 13 MAX   501
2020 12 31 00 48 MIN   111
2020 12 31 06 00 MAX   361
2020 12 31 12 12 MIN     9
2020 12 31 18 48 MAX   511
2021 01 01 01 24 MIN   104
2021 01 01 06 36 MAX   362
2021 01 01 12 49 MIN     3
2021 01 01 19 24 MAX   516
2021 01 02 02 03 MIN    99
2021 01 02 07 14 MAX   362
2021 01 02 13 28 MIN     4
2021 01 02 20 01 MAX   513
2021 01 03 02 42 MIN    98
2021 01 03 07 54 MAX   359
2021 01 03 14 08 MIN    13
2021 01 03 20 41 MAX   503
2021 01 04 03 23 MIN    98
2021 01 04 08 40 MAX   356
2021 01 04 14 52 MIN    30
2021 01 04 21 23 MAX   482
2021 01 05 04 06 MIN    99
2021 01 05 09 32 MAX   354
2021 01 05 15 42 MIN    58
2021 01 05 22 10 MAX   454
2021 01 06 04 53 MIN   101
2021 01 06 10 33 MAX   354
2021 01 06 16 42 MIN    93
2021 01 06 23 02 MAX   421
2021 01 07 05 47 MIN    98
2021 01 07 11 45 MAX   362
2021 01 07 17 58 MIN   128
2021 01 08 00 02 MAX   387
2021 01 08 06 46 MIN    89
2021 01 08 13 06 MAX   386
2021 01 08 19 29 MIN   149
2021 01 09 01 09 MAX   359
2021 01 09 07 48 MIN    71
2021 01 09 14 24 MAX   422
2021 01 09 20 59 MIN   147
2021 01 10 02 18 MAX   346
2021 01 10 08 50 MIN    48
2021 01 10 15 32 MAX   463
2021 01 10 22 14 MIN   133
2021 01 11 03 22 MAX   345
2021 01 11 09 47 MIN    23
2021 01 11 16 31 MAX   501
2021 01 11 23 13 MIN   114
2021 01 12 04 19 MAX   351
2021 01 12 10 41 MIN     1
2021 01 12 17 22 MAX   526
2021 01 13 00 04 MIN    98
2021 01 13 05 10 MAX   361
2021 01 13 11 31 MIN   -13
2021 01 13 18 08 MAX   538
2021 01 14 00 50 MIN    85
2021 01 14 05 58 MAX   371
2021 01 14 12 18 MIN   -19
2021 01 14 18 51 MAX   536
2021 01 15 01 30 MIN    77
2021 01 15 06 41 MAX   377
2021 01 15 13 00 MIN   -16
2021 01 15 19 31 MAX   525
2021 01 16 02 08 MIN    74
2021 01 16 07 24 MAX   378
2021 01 16 13 40 MIN    -2
2021 01 16 20 07 MAX   504
2021 01 17 02 43 MIN    76
2021 01 17 08 04 MAX   375
2021 01 17 14 16 MIN    20
2021 01 17 20 42 MAX   478
2021 01 18 03 16 MIN    82
2021 01 18 08 45 MAX   367
2021 01 18 14 51 MIN    51
2021 01 18 21 15 MAX   446
2021 01 19 03 47 MIN    89
2021 01 19 09 26 MAX   355
2021 01 19 15 28 MIN    87
2021 01 19 21 48 MAX   411
2021 01 20 04 21 MIN    99
2021 01 20 10 14 MAX   343
2021 01 20 16 09 MIN   130
2021 01 20 22 24 MAX   374
2021 01 21 05 00 MIN   109
2021 01 21 11 12 MAX   332
2021 01 21 17 04 MIN   171
2021 01 21 23 07 MAX   339
2021 01 22 05 49 MIN   118
2021 01 22 12 28 MAX   330
2021 01 22 18 27 MIN   203
2021 01 23 00 07 MAX   308
2021 01 23 06 52 MIN   120
2021 01 23 13 57 MAX   345
2021 01 23 20 18 MIN   212
2021 01 24 01 27 MAX   291
2021 01 24 08 00 MIN   111
2021 01 24 15 11 MAX   375
2021 01 24 21 45 MIN   196
2021 01 25 02 44 MAX   292
2021 01 25 09 01 MIN    92
2021 01 25 16 04 MAX   409
2021 01 25 22 40 MIN   171
2021 01 26 03 42 MAX   305
2021 01 26 09 53 MIN    67
2021 01 26 16 46 MAX   441
2021 01 26 23 21 MIN   145
2021 01 27 04 28 MAX   324
2021 01 27 10 38 MIN    41
2021 01 27 17 23 MAX   471
2021 01 27 23 58 MIN   121
2021 01 28 05 09 MAX   343
2021 01 28 11 21 MIN    16
2021 01 28 17 59 MAX   494
2021 01 29 00 34 MIN    98
2021 01 29 05 48 MAX   361
2021 01 29 12 02 MIN    -5
2021 01 29 18 33 MAX   511
2021 01 30 01 10 MIN    79
2021 01 30 06 26 MAX   377
2021 01 30 12 43 MIN   -19
2021 01 30 19 09 MAX   522
2021 01 31 01 45 MIN    64
2021 01 31 07 05 MAX   390
2021 01 31 13 23 MIN   -24
2021 01 31 19 45 MAX   522
2021 02 01 02 21 MIN    54
2021 02 01 07 46 MAX   402
2021 02 01 14 05 MIN   -15
2021 02 01 20 22 MAX   511
2021 02 02 02 57 MIN    49
2021 02 02 08 30 MAX   409
2021 02 02 14 48 MIN     7
2021 02 02 21 00 MAX   487
2021 02 03 03 34 MIN    51
2021 02 03 09 18 MAX   411
2021 02 03 15 34 MIN    45
2021 02 03 21 40 MAX   450
2021 02 04 04 13 MIN    57
2021 02 04 10 12 MAX   408
2021 02 04 16 28 MIN    93
2021 02 04 22 24 MAX   405
2021 02 05 04 58 MIN    67
2021 02 05 11 17 MAX   402
2021 02 05 17 37 MIN   143
2021 02 05 23 15 MAX   358
2021 02 06 05 53 MIN    77
2021 02 06 12 38 MAX   402
2021 02 06 19 11 MIN   178
2021 02 07 00 24 MAX   318
2021 02 07 07 04 MIN    82
2021 02 07 14 08 MAX   418
2021 02 07 20 59 MIN   180
2021 02 08 01 51 MAX   299
2021 02 08 08 24 MIN    73
2021 02 08 15 28 MAX   447
2021 02 08 22 20 MIN   155
2021 02 09 03 13 MAX   305
2021 02 09 09 38 MIN    51
2021 02 09 16 30 MAX   478
2021 02 09 23 15 MIN   126
2021 02 10 04 18 MAX   329
2021 02 10 10 39 MIN    26
2021 02 10 17 18 MAX   498
2021 02 10 23 59 MIN    99
2021 02 11 05 09 MAX   355
2021 02 11 11 30 MIN     6
2021 02 11 18 00 MAX   510
2021 02 12 00 37 MIN    77
2021 02 12 05 53 MAX   378
2021 02 12 12 14 MIN    -6
2021 02 12 18 37 MAX   510
2021 02 13 01 11 MIN    64
2021 02 13 06 32 MAX   396
2021 02 13 12 53 MIN    -6
2021 02 13 19 10 MAX   501
2021 02 14 01 41 MIN    55
2021 02 14 07 09 MAX   408
2021 02 14 13 27 MIN     3
2021 02 14 19 40 MAX   487
2021 02 15 02 09 MIN    52
2021 02 15 07 44 MAX   412
2021 02 15 13 59 MIN    22
2021 02 15 20 09 MAX   466
2021 02 16 02 34 MIN    55
2021 02 16 08 18 MAX   411
2021 02 16 14 30 MIN    48
2021 02 16 20 36 MAX   440
2021 02 17 02 59 MIN    61
2021 02 17 08 54 MAX   405
2021 02 17 15 02 MIN    83
2021 02 17 21 03 MAX   411
2021 02 18 03 26 MIN    71
2021 02 18 09 33 MAX   392
2021 02 18 15 37 MIN   124
2021 02 18 21 30 MAX   377
2021 02 19 03 55 MIN    86
2021 02 19 10 17 MAX   375
2021 02 19 16 19 MIN   169
2021 02 19 22 00 MAX   340
2021 02 20 04 33 MIN   105
2021 02 20 11 17 MAX   358
2021 02 20 17 22 MIN   210
2021 02 20 22 38 MAX   305
2021 02 21 05 27 MIN   123
2021 02 21 12 44 MAX   351
2021 02 21 19 15 MIN   234
2021 02 21 23 54 MAX   275
2021 02 22 06 47 MIN   131
2021 02 22 14 25 MAX   365
2021 02 22 21 25 MIN   219
2021 02 23 01 53 MAX   269
2021 02 23 08 14 MIN   121
2021 02 23 15 36 MAX   397
2021 02 23 22 25 MIN   185
2021 02 24 03 16 MAX   288
2021 02 24 09 25 MIN    93
2021 02 24 16 23 MAX   432
2021 02 24 23 04 MIN   150
2021 02 25 04 10 MAX   318
2021 02 25 10 20 MIN    57
2021 02 25 17 02 MAX   466
2021 02 25 23 39 MIN   115
2021 02 26 04 53 MAX   354
2021 02 26 11 07 MIN    23
2021 02 26 17 37 MAX   495
2021 02 27 00 12 MIN    83
2021 02 27 05 33 MAX   387
2021 02 27 11 51 MIN    -6
2021 02 27 18 12 MAX   517
2021 02 28 00 46 MIN    55
2021 02 28 06 12 MAX   418
2021 02 28 12 34 MIN   -25
2021 02 28 18 47 MAX   529
2021 03 01 01 19 MIN    35
2021 03 01 06 52 MAX   446
2021 03 01 13 15 MIN   -29
2021 03 01 19 22 MAX   526
2021 03 02 01 53 MIN    20
2021 03 02 07 33 MAX   466
2021 03 02 13 57 MIN   -16
2021 03 02 19 57 MAX   509
2021 03 03 02 27 MIN    16
2021 03 03 08 16 MAX   478
2021 03 03 14 40 MIN    14
2021 03 03 20 34 MAX   478
2021 03 04 03 01 MIN    20
2021 03 04 09 02 MAX   478
2021 03 04 15 26 MIN    61
2021 03 04 21 10 MAX   435
2021 03 05 03 37 MIN    35
2021 03 05 09 54 MAX   463
2021 03 05 16 18 MIN   118
2021 03 05 21 51 MAX   387
2021 03 06 04 18 MIN    57
2021 03 06 10 57 MAX   441
2021 03 06 17 26 MIN   172
2021 03 06 22 40 MAX   336
2021 03 07 05 11 MIN    85
2021 03 07 12 19 MAX   421
2021 03 07 19 10 MIN   206
2021 03 07 23 54 MAX   294
2021 03 08 06 31 MIN   108
2021 03 08 14 00 MAX   421
2021 03 08 21 08 MIN   194
2021 03 09 01 45 MAX   280
2021 03 09 08 13 MIN   109
2021 03 09 15 24 MAX   441
2021 03 09 22 20 MIN   161
2021 03 10 03 19 MAX   302
2021 03 10 09 38 MIN    87
2021 03 10 16 22 MAX   463
2021 03 10 23 05 MIN   126
2021 03 11 04 20 MAX   340
2021 03 11 10 39 MIN    58
2021 03 11 17 06 MAX   479
2021 03 11 23 41 MIN    96
2021 03 12 05 05 MAX   377
2021 03 12 11 26 MIN    36
2021 03 12 17 42 MAX   488
2021 03 13 00 13 MIN    73
2021 03 13 05 43 MAX   408
2021 03 13 12 04 MIN    23
2021 03 13 18 13 MAX   488
2021 03 14 00 42 MIN    58
2021 03 14 06 17 MAX   431
2021 03 14 12 39 MIN    22
2021 03 14 18 42 MAX   482
2021 03 15 01 07 MIN    49
2021 03 15 06 50 MAX   449
2021 03 15 13 10 MIN    29
2021 03 15 19 09 MAX   471
2021 03 16 01 31 MIN    45
2021 03 16 07 21 MAX   459
2021 03 16 13 40 MIN    45
2021 03 16 19 35 MAX   454
2021 03 17 01 53 MIN    47
2021 03 17 07 53 MAX   462
2021 03 17 14 10 MIN    70
2021 03 17 20 00 MAX   432
2021 03 18 02 16 MIN    51
2021 03 18 08 25 MAX   457
2021 03 18 14 41 MIN   102
2021 03 18 20 24 MAX   406
2021 03 19 02 40 MIN    63
2021 03 19 09 00 MAX   446
2021 03 19 15 14 MIN   140
2021 03 19 20 48 MAX   378
2021 03 20 03 08 MIN    79
2021 03 20 09 39 MAX   427
2021 03 20 15 53 MIN   181
2021 03 20 21 14 MAX   348
2021 03 21 03 40 MIN   101
2021 03 21 10 28 MAX   402
2021 03 21 16 46 MIN   221
2021 03 21 21 45 MAX   314
2021 03 22 04 24 MIN   127
2021 03 22 11 41 MAX   380
2021 03 22 18 24 MIN   245
2021 03 22 22 44 MAX   282
2021 03 23 05 38 MIN   149
2021 03 23 13 26 MAX   377
2021 03 23 20 49 MIN   232
2021 03 24 01 07 MAX   269
2021 03 24 07 26 MIN   150
2021 03 24 14 53 MAX   402
2021 03 24 21 54 MIN   194
2021 03 25 02 49 MAX   295
2021 03 25 08 55 MIN   123
2021 03 25 15 48 MAX   437
2021 03 25 22 33 MIN   152
2021 03 26 03 48 MAX   337
2021 03 26 09 58 MIN    83
2021 03 26 16 29 MAX   471
2021 03 26 23 06 MIN   111
2021 03 27 04 33 MAX   386
2021 03 27 10 50 MIN    44
2021 03 27 17 06 MAX   500
2021 03 27 23 40 MIN    74
2021 03 28 05 13 MAX   434
2021 03 28 11 35 MIN    13
2021 03 28 17 42 MAX   519
2021 03 29 00 13 MIN    42
2021 03 29 05 54 MAX   478
2021 03 29 12 19 MIN    -3
2021 03 29 18 18 MAX   525
2021 03 30 00 47 MIN    19
2021 03 30 06 35 MAX   514
2021 03 30 13 03 MIN    -3
2021 03 30 18 54 MAX   516
2021 03 31 01 21 MIN     4
2021 03 31 07 17 MAX   538
2021 03 31 13 47 MIN    16
2021 03 31 19 30 MAX   494
2021 04 01 01 55 MIN     1
2021 04 01 08 01 MAX   547
2021 04 01 14 32 MIN    52
2021 04 01 20 07 MAX   460
2021 04 02 02 30 MIN    11
2021 04 02 08 49 MAX   538
2021 04 02 15 19 MIN   101
2021 04 02 20 45 MAX   418
2021 04 03 03 07 MIN    33
2021 04 03 09 41 MAX   511
2021 04 03 16 15 MIN   152
2021 04 03 21 28 MAX   371
2021 04 04 03 49 MIN    68
2021 04 04 10 43 MAX   476
2021 04 04 17 26 MIN   197
2021 04 04 22 22 MAX   326
2021 04 05 04 45 MIN   108
2021 04 05 12 05 MAX   444
2021 04 05 19 12 MIN   215
2021 04 05 23 49 MAX   292
2021 04 06 06 13 MIN   142
2021 04 06 13 42 MAX   432
2021 04 06 20 54 MIN   196
2021 04 07 01 49 MAX   295
2021 04 07 08 06 MIN   147
2021 04 07 15 03 MAX   440
2021 04 07 21 55 MIN   161
2021 04 08 03 16 MAX   330
2021 04 08 09 30 MIN   126
2021 04 08 15 58 MAX   453
2021 04 08 22 37 MIN   128
2021 04 09 04 10 MAX   373
2021 04 09 10 27 MIN   101
2021 04 09 16 38 MAX   462
2021 04 09 23 10 MIN   101
2021 04 10 04 51 MAX   412
2021 04 10 11 11 MIN    82
2021 04 10 17 12 MAX   466
2021 04 10 23 39 MIN    80
2021 04 11 05 25 MAX   444
2021 04 11 11 48 MIN    70
2021 04 11 17 42 MAX   466
2021 04 12 00 05 MIN    67
2021 04 12 05 57 MAX   471
2021 04 12 12 20 MIN    68
2021 04 12 18 10 MAX   462
2021 04 13 00 29 MIN    58
2021 04 13 06 28 MAX   491
2021 04 13 12 52 MIN    74
2021 04 13 18 36 MAX   452
2021 04 14 00 52 MIN    54
2021 04 14 06 58 MAX   504
2021 04 14 13 22 MIN    89
2021 04 14 19 02 MAX   438
2021 04 15 01 14 MIN    54
2021 04 15 07 29 MAX   509
2021 04 15 13 53 MIN   109
2021 04 15 19 27 MAX   421
2021 04 16 01 39 MIN    58
2021 04 16 08 01 MAX   506
2021 04 16 14 25 MIN   136
2021 04 16 19 52 MAX   400
2021 04 17 02 04 MIN    68
2021 04 17 08 34 MAX   492
2021 04 17 15 00 MIN   165
2021 04 17 20 18 MAX   378
2021 04 18 02 32 MIN    86
2021 04 18 09 12 MAX   473
2021 04 18 15 39 MIN   197
2021 04 18 20 47 MAX   354
2021 04 19 03 05 MIN   108
2021 04 19 09 58 MAX   447
2021 04 19 16 32 MIN   225
2021 04 19 21 24 MAX   326
2021 04 20 03 48 MIN   136
2021 04 20 11 01 MAX   422
2021 04 20 17 56 MIN   242
2021 04 20 22 32 MAX   299
2021 04 21 04 56 MIN   162
2021 04 21 12 29 MAX   411
2021 04 21 19 48 MIN   229
2021 04 22 00 34 MAX   292
2021 04 22 06 42 MIN   171
2021 04 22 13 56 MAX   422
2021 04 22 21 00 MIN   194
2021 04 23 02 14 MAX   323
2021 04 23 08 19 MIN   150
2021 04 23 14 58 MAX   447
2021 04 23 21 46 MIN   153
2021 04 24 03 18 MAX   375
2021 04 24 09 30 MIN   115
2021 04 24 15 46 MAX   473
2021 04 24 22 23 MIN   111
2021 04 25 04 06 MAX   432
2021 04 25 10 26 MIN    80
2021 04 25 16 28 MAX   494
2021 04 25 23 00 MIN    73
2021 04 26 04 50 MAX   490
2021 04 26 11 16 MIN    55
2021 04 26 17 07 MAX   506
2021 04 26 23 35 MIN    39
2021 04 27 05 33 MAX   539
2021 04 27 12 04 MIN    44
2021 04 27 17 46 MAX   504
2021 04 28 00 11 MIN    17
2021 04 28 06 17 MAX   577
2021 04 28 12 51 MIN    48
2021 04 28 18 25 MAX   491
2021 04 29 00 48 MIN     4
2021 04 29 07 02 MAX   596
2021 04 29 13 38 MIN    68
2021 04 29 19 04 MAX   468
2021 04 30 01 25 MIN     6
2021 04 30 07 49 MAX   596
2021 04 30 14 26 MIN   101
2021 04 30 19 45 MAX   438
2021 05 01 02 04 MIN    22
2021 05 01 08 38 MAX   579
2021 05 01 15 16 MIN   137
2021 05 01 20 28 MAX   403
2021 05 02 02 45 MIN    51
2021 05 02 09 31 MAX   547
2021 05 02 16 14 MIN   174
2021 05 02 21 17 MAX   368
2021 05 03 03 32 MIN    90
2021 05 03 10 32 MAX   506
2021 05 03 17 24 MIN   202
2021 05 03 22 20 MAX   335
2021 05 04 04 30 MIN   134
2021 05 04 11 44 MAX   469
2021 05 04 18 49 MIN   207
2021 05 04 23 48 MAX   317
2021 05 05 05 56 MIN   171
2021 05 05 13 04 MAX   444
2021 05 05 20 10 MIN   191
2021 05 06 01 32 MAX   327
2021 05 06 07 41 MIN   183
2021 05 06 14 17 MAX   437
2021 05 06 21 10 MIN   165
2021 05 07 02 52 MAX   362
2021 05 07 09 04 MIN   172
2021 05 07 15 14 MAX   437
2021 05 07 21 53 MIN   139
2021 05 08 03 46 MAX   402
2021 05 08 10 02 MIN   155
2021 05 08 15 58 MAX   440
2021 05 08 22 28 MIN   115
2021 05 09 04 27 MAX   441
2021 05 09 10 48 MIN   139
2021 05 09 16 34 MAX   441
2021 05 09 22 57 MIN    98
2021 05 10 05 03 MAX   475
2021 05 10 11 26 MIN   128
2021 05 10 17 06 MAX   441
2021 05 10 23 24 MIN    86
2021 05 11 05 35 MAX   503
2021 05 11 12 01 MIN   126
2021 05 11 17 36 MAX   437
2021 05 11 23 49 MIN    77
2021 05 12 06 07 MAX   523
2021 05 12 12 34 MIN   128
2021 05 12 18 04 MAX   430
2021 05 13 00 14 MIN    71
2021 05 13 06 38 MAX   536
2021 05 13 13 07 MIN   136
2021 05 13 18 33 MAX   421
2021 05 14 00 41 MIN    71
2021 05 14 07 09 MAX   542
2021 05 14 13 40 MIN   149
2021 05 14 19 01 MAX   409
2021 05 15 01 09 MIN    74
2021 05 15 07 42 MAX   538
2021 05 15 14 15 MIN   165
2021 05 15 19 30 MAX   396
2021 05 16 01 38 MIN    83
2021 05 16 08 17 MAX   528
2021 05 16 14 52 MIN   184
2021 05 16 20 01 MAX   380
2021 05 17 02 11 MIN    98
2021 05 17 08 55 MAX   511
2021 05 17 15 34 MIN   202
2021 05 17 20 37 MAX   361
2021 05 18 02 47 MIN   117
2021 05 18 09 40 MAX   490
2021 05 18 16 25 MIN   218
2021 05 18 21 25 MAX   342
2021 05 19 03 33 MIN   142
2021 05 19 10 35 MAX   468
2021 05 19 17 33 MIN   222
2021 05 19 22 35 MAX   329
2021 05 20 04 37 MIN   166
2021 05 20 11 44 MAX   453
2021 05 20 18 49 MIN   212
2021 05 21 00 07 MAX   333
2021 05 21 06 07 MIN   181
2021 05 21 12 57 MAX   449
2021 05 21 19 56 MIN   185
2021 05 22 01 35 MAX   367
2021 05 22 07 41 MIN   175
2021 05 22 14 03 MAX   456
2021 05 22 20 49 MIN   149
2021 05 23 02 42 MAX   419
2021 05 23 08 59 MIN   155
2021 05 23 14 58 MAX   465
2021 05 23 21 34 MIN   112
2021 05 24 03 38 MAX   479
2021 05 24 10 03 MIN   130
2021 05 24 15 46 MAX   473
2021 05 24 22 16 MIN    76
2021 05 25 04 27 MAX   536
2021 05 25 10 59 MIN   112
2021 05 25 16 31 MAX   475
2021 05 25 22 57 MIN    47
2021 05 26 05 15 MAX   583
2021 05 26 11 52 MIN   104
2021 05 26 17 16 MAX   469
2021 05 26 23 38 MIN    26
2021 05 27 06 02 MAX   615
2021 05 27 12 42 MIN   106
2021 05 27 18 00 MAX   459
2021 05 28 00 20 MIN    17
2021 05 28 06 51 MAX   627
2021 05 28 13 32 MIN   118
2021 05 28 18 44 MAX   443
2021 05 29 01 03 MIN    22
2021 05 29 07 39 MAX   621
2021 05 29 14 21 MIN   136
2021 05 29 19 31 MAX   424
2021 05 30 01 48 MIN    39
2021 05 30 08 29 MAX   599
2021 05 30 15 12 MIN   155
2021 05 30 20 20 MAX   403
2021 05 31 02 33 MIN    68
2021 05 31 09 20 MAX   567
2021 05 31 16 05 MIN   172
2021 05 31 21 13 MAX   383
2021 06 01 03 22 MIN   108
2021 06 01 10 13 MAX   528
2021 06 01 17 03 MIN   185
2021 06 01 22 14 MAX   364
2021 06 02 04 18 MIN   150
2021 06 02 11 09 MAX   487
2021 06 02 18 05 MIN   190
2021 06 02 23 28 MAX   354
2021 06 03 05 27 MIN   190
2021 06 03 12 10 MAX   453
2021 06 03 19 08 MIN   184
2021 06 04 00 53 MAX   361
2021 06 04 06 53 MIN   215
2021 06 04 13 14 MAX   430
2021 06 04 20 06 MIN   171
2021 06 05 02 11 MAX   386
2021 06 05 08 20 MIN   219
2021 06 05 14 14 MAX   416
2021 06 05 20 55 MIN   153
2021 06 06 03 12 MAX   421
2021 06 06 09 29 MIN   210
2021 06 06 15 06 MAX   412
2021 06 06 21 36 MIN   137
2021 06 07 03 59 MAX   457
2021 06 07 10 22 MIN   197
2021 06 07 15 51 MAX   411
2021 06 07 22 10 MIN   121
2021 06 08 04 39 MAX   492
2021 06 08 11 06 MIN   185
2021 06 08 16 29 MAX   411
2021 06 08 22 42 MIN   108
2021 06 09 05 14 MAX   520
2021 06 09 11 44 MIN   177
2021 06 09 17 04 MAX   411
2021 06 09 23 13 MIN    96
2021 06 10 05 48 MAX   541
2021 06 10 12 21 MIN   172
2021 06 10 17 37 MAX   409
2021 06 10 23 44 MIN    89
2021 06 11 06 21 MAX   552
2021 06 11 12 56 MIN   172
2021 06 11 18 10 MAX   406
2021 06 12 00 16 MIN    86
2021 06 12 06 54 MAX   558
2021 06 12 13 31 MIN   174
2021 06 12 18 43 MAX   402
2021 06 13 00 49 MIN    86
2021 06 13 07 29 MAX   558
2021 06 13 14 08 MIN   178
2021 06 13 19 16 MAX   396
2021 06 14 01 24 MIN    90
2021 06 14 08 04 MAX   552
2021 06 14 14 46 MIN   183
2021 06 14 19 53 MAX   389
2021 06 15 02 00 MIN   101
2021 06 15 08 42 MAX   541
2021 06 15 15 27 MIN   188
2021 06 15 20 35 MAX   381
2021 06 16 02 40 MIN   117
2021 06 16 09 24 MAX   526
2021 06 16 16 12 MIN   191
2021 06 16 21 25 MAX   374
2021 06 17 03 28 MIN   139
2021 06 17 10 11 MAX   507
2021 06 17 17 03 MIN   190
2021 06 17 22 26 MAX   373
2021 06 18 04 26 MIN   164
2021 06 18 11 05 MAX   485
2021 06 18 17 59 MIN   183
2021 06 18 23 40 MAX   384
2021 06 19 05 41 MIN   187
2021 06 19 12 06 MAX   465
2021 06 19 18 57 MIN   166
2021 06 20 00 58 MAX   413
2021 06 20 07 07 MIN   199
2021 06 20 13 09 MAX   450
2021 06 20 19 53 MIN   143
2021 06 21 02 10 MAX   459
2021 06 21 08 32 MIN   196
2021 06 21 14 11 MAX   441
2021 06 21 20 45 MIN   114
2021 06 22 03 13 MAX   511
2021 06 22 09 46 MIN   183
2021 06 22 15 08 MAX   437
2021 06 22 21 35 MIN    85
2021 06 23 04 10 MAX   561
2021 06 23 10 49 MIN   168
2021 06 23 16 02 MAX   434
2021 06 23 22 25 MIN    61
2021 06 24 05 03 MAX   599
2021 06 24 11 46 MIN   155
2021 06 24 16 53 MAX   434
2021 06 24 23 15 MIN    44
2021 06 25 05 54 MAX   623
2021 06 25 12 39 MIN   147
2021 06 25 17 44 MAX   432
2021 06 26 00 04 MIN    35
2021 06 26 06 43 MAX   630
2021 06 26 13 28 MIN   145
2021 06 26 18 33 MAX   431
2021 06 27 00 52 MIN    38
2021 06 27 07 31 MAX   623
2021 06 27 14 14 MIN   145
2021 06 27 19 23 MAX   427
2021 06 28 01 39 MIN    52
2021 06 28 08 17 MAX   602
2021 06 28 14 59 MIN   147
2021 06 28 20 12 MAX   421
2021 06 29 02 25 MIN    79
2021 06 29 09 01 MAX   571
2021 06 29 15 43 MIN   153
2021 06 29 21 02 MAX   412
2021 06 30 03 10 MIN   114
2021 06 30 09 43 MAX   535
2021 06 30 16 27 MIN   161
2021 06 30 21 55 MAX   400
2021 07 01 03 56 MIN   155
2021 07 01 10 26 MAX   495
2021 07 01 17 11 MIN   166
2021 07 01 22 53 MAX   392
2021 07 02 04 48 MIN   197
2021 07 02 11 10 MAX   456
2021 07 02 17 59 MIN   172
2021 07 03 00 01 MAX   390
2021 07 03 05 54 MIN   235
2021 07 03 12 02 MAX   422
2021 07 03 18 51 MIN   174
2021 07 04 01 17 MAX   402
2021 07 04 07 21 MIN   257
2021 07 04 13 02 MAX   396
2021 07 04 19 45 MIN   169
2021 07 05 02 30 MAX   427
2021 07 05 08 50 MIN   259
2021 07 05 14 07 MAX   381
2021 07 05 20 36 MIN   159
2021 07 06 03 29 MAX   460
2021 07 06 10 00 MIN   245
2021 07 06 15 05 MAX   377
2021 07 06 21 22 MIN   145
2021 07 07 04 17 MAX   492
2021 07 07 10 51 MIN   228
2021 07 07 15 55 MAX   381
2021 07 07 22 04 MIN   128
2021 07 08 04 57 MAX   520
2021 07 08 11 33 MIN   212
2021 07 08 16 38 MAX   387
2021 07 08 22 44 MIN   114
2021 07 09 05 33 MAX   541
2021 07 09 12 10 MIN   197
2021 07 09 17 17 MAX   396
2021 07 09 23 22 MIN    99
2021 07 10 06 07 MAX   557
2021 07 10 12 46 MIN   185
2021 07 10 17 53 MAX   402
2021 07 11 00 00 MIN    89
2021 07 11 00 00 MIN    89
2021 07 11 06 41 MAX   566
2021 07 11 13 21 MIN   175
2021 07 11 18 30 MAX   408
2021 07 12 00 38 MIN    83
2021 07 12 07 16 MAX   570
2021 07 12 13 56 MIN   166
2021 07 12 19 07 MAX   412
2021 07 13 01 17 MIN    83
2021 07 13 07 51 MAX   570
2021 07 13 14 32 MIN   161
2021 07 13 19 46 MAX   415
2021 07 14 01 56 MIN    89
2021 07 14 08 26 MAX   563
2021 07 14 15 09 MIN   156
2021 07 14 20 29 MAX   418
2021 07 15 02 37 MIN   104
2021 07 15 09 04 MAX   549
2021 07 15 15 47 MIN   153
2021 07 15 21 15 MAX   421
2021 07 16 03 22 MIN   127
2021 07 16 09 44 MAX   526
2021 07 16 16 28 MIN   152
2021 07 16 22 09 MAX   425
2021 07 17 04 15 MIN   159
2021 07 17 10 28 MAX   495
2021 07 17 17 12 MIN   150
2021 07 17 23 12 MAX   435
2021 07 18 05 20 MIN   194
2021 07 18 11 20 MAX   460
2021 07 18 18 04 MIN   146
2021 07 19 00 26 MAX   453
2021 07 19 06 43 MIN   225
2021 07 19 12 21 MAX   427
2021 07 19 19 02 MIN   137
2021 07 20 01 45 MAX   484
2021 07 20 08 17 MIN   234
2021 07 20 13 30 MAX   403
2021 07 20 20 05 MIN   123
2021 07 21 02 59 MAX   522
2021 07 21 09 43 MIN   222
2021 07 21 14 42 MAX   393
2021 07 21 21 09 MIN   101
2021 07 22 04 03 MAX   561
2021 07 22 10 51 MIN   200
2021 07 22 15 47 MAX   397
2021 07 22 22 09 MIN    79
2021 07 23 05 00 MAX   592
2021 07 23 11 46 MIN   177
2021 07 23 16 45 MAX   409
2021 07 23 23 06 MIN    60
2021 07 24 05 49 MAX   609
2021 07 24 12 34 MIN   156
2021 07 24 17 39 MAX   425
2021 07 24 23 59 MIN    48
2021 07 25 06 35 MAX   614
2021 07 25 13 17 MIN   142
2021 07 25 18 27 MAX   438
2021 07 26 00 47 MIN    47
2021 07 26 07 17 MAX   605
2021 07 26 13 57 MIN   131
2021 07 26 19 13 MAX   447
2021 07 27 01 31 MIN    58
2021 07 27 07 56 MAX   586
2021 07 27 14 34 MIN   127
2021 07 27 19 57 MAX   450
2021 07 28 02 12 MIN    80
2021 07 28 08 32 MAX   560
2021 07 28 15 08 MIN   128
2021 07 28 20 40 MAX   447
2021 07 29 02 50 MIN   114
2021 07 29 09 06 MAX   526
2021 07 29 15 41 MIN   134
2021 07 29 21 24 MAX   440
2021 07 30 03 28 MIN   153
2021 07 30 09 39 MAX   490
2021 07 30 16 14 MIN   145
2021 07 30 22 11 MAX   428
2021 07 31 04 09 MIN   197
2021 07 31 10 12 MAX   450
2021 07 31 16 49 MIN   158
2021 07 31 23 06 MAX   418
2021 08 01 05 00 MIN   241
2021 08 01 10 51 MAX   412
2021 08 01 17 32 MIN   169
2021 08 02 00 16 MAX   413
2021 08 02 06 17 MIN   276
2021 08 02 11 42 MAX   375
2021 08 02 18 27 MIN   180
2021 08 03 01 41 MAX   424
2021 08 03 08 09 MIN   288
2021 08 03 12 59 MAX   351
2021 08 03 19 34 MIN   178
2021 08 04 02 59 MAX   449
2021 08 04 09 46 MIN   272
2021 08 04 14 24 MAX   345
2021 08 04 20 39 MIN   166
2021 08 05 03 56 MAX   479
2021 08 05 10 43 MIN   247
2021 08 05 15 30 MAX   355
2021 08 05 21 36 MIN   147
2021 08 06 04 40 MAX   509
2021 08 06 11 22 MIN   221
2021 08 06 16 21 MAX   373
2021 08 06 22 25 MIN   124
2021 08 07 05 18 MAX   532
2021 08 07 11 56 MIN   196
2021 08 07 17 02 MAX   392
2021 08 07 23 09 MIN   101
2021 08 08 05 51 MAX   551
2021 08 08 12 28 MIN   174
2021 08 08 17 40 MAX   411
2021 08 08 23 50 MIN    82
2021 08 09 06 24 MAX   566
2021 08 09 13 01 MIN   153
2021 08 09 18 17 MAX   428
2021 08 10 00 30 MIN    68
2021 08 10 06 56 MAX   574
2021 08 10 13 34 MIN   136
2021 08 10 18 54 MAX   443
2021 08 11 01 09 MIN    64
2021 08 11 07 30 MAX   576
2021 08 11 14 07 MIN   123
2021 08 11 19 33 MAX   457
2021 08 12 01 49 MIN    68
2021 08 12 08 03 MAX   568
2021 08 12 14 40 MIN   115
2021 08 12 20 14 MAX   469
2021 08 13 02 30 MIN    87
2021 08 13 08 38 MAX   549
2021 08 13 15 14 MIN   112
2021 08 13 20 59 MAX   476
2021 08 14 03 14 MIN   118
2021 08 14 09 15 MAX   517
2021 08 14 15 49 MIN   115
2021 08 14 21 49 MAX   479
2021 08 15 04 04 MIN   161
2021 08 15 09 54 MAX   478
2021 08 15 16 30 MIN   123
2021 08 15 22 48 MAX   478
2021 08 16 05 06 MIN   207
2021 08 16 10 41 MAX   431
2021 08 16 17 18 MIN   133
2021 08 17 00 02 MAX   476
2021 08 17 06 32 MIN   245
2021 08 17 11 42 MAX   389
2021 08 17 18 22 MIN   140
2021 08 18 01 31 MAX   488
2021 08 18 08 21 MIN   254
2021 08 18 13 07 MAX   359
2021 08 18 19 41 MIN   139
2021 08 19 02 56 MAX   514
2021 08 19 09 53 MIN   231
2021 08 19 14 37 MAX   358
2021 08 19 21 01 MIN   121
2021 08 20 04 04 MAX   545
2021 08 20 10 54 MIN   197
2021 08 20 15 51 MAX   380
2021 08 20 22 11 MIN    95
2021 08 21 04 56 MAX   568
2021 08 21 11 40 MIN   165
2021 08 21 16 48 MAX   409
2021 08 21 23 08 MIN    70
2021 08 22 05 41 MAX   582
2021 08 22 12 19 MIN   139
2021 08 22 17 35 MAX   438
2021 08 22 23 57 MIN    54
2021 08 23 06 20 MAX   583
2021 08 23 12 55 MIN   120
2021 08 23 18 18 MAX   462
2021 08 24 00 40 MIN    51
2021 08 24 06 55 MAX   573
2021 08 24 13 28 MIN   106
2021 08 24 18 58 MAX   476
2021 08 25 01 18 MIN    63
2021 08 25 07 27 MAX   555
2021 08 25 13 58 MIN   102
2021 08 25 19 35 MAX   484
2021 08 26 01 54 MIN    85
2021 08 26 07 58 MAX   530
2021 08 26 14 26 MIN   104
2021 08 26 20 13 MAX   482
2021 08 27 02 27 MIN   115
2021 08 27 08 26 MAX   501
2021 08 27 14 52 MIN   111
2021 08 27 20 49 MAX   475
2021 08 28 03 00 MIN   152
2021 08 28 08 53 MAX   469
2021 08 28 15 18 MIN   123
2021 08 28 21 29 MAX   463
2021 08 29 03 36 MIN   194
2021 08 29 09 20 MAX   432
2021 08 29 15 46 MIN   139
2021 08 29 22 15 MAX   446
2021 08 30 04 19 MIN   238
2021 08 30 09 50 MAX   394
2021 08 30 16 21 MIN   159
2021 08 30 23 14 MAX   427
2021 08 31 05 24 MIN   278
2021 08 31 10 27 MAX   356
2021 08 31 17 11 MIN   180
2021 09 01 00 41 MAX   418
2021 09 01 07 27 MIN   297
2021 09 01 11 42 MAX   323
2021 09 01 18 29 MIN   193
2021 09 02 02 22 MAX   431
2021 09 02 09 39 MIN   275
2021 09 02 13 49 MAX   316
2021 09 02 19 59 MIN   185
2021 09 03 03 31 MAX   459
2021 09 03 10 27 MIN   241
2021 09 03 15 13 MAX   336
2021 09 03 21 13 MIN   161
2021 09 04 04 17 MAX   488
2021 09 04 11 00 MIN   207
2021 09 04 16 06 MAX   367
2021 09 04 22 09 MIN   127
2021 09 05 04 53 MAX   516
2021 09 05 11 30 MIN   174
2021 09 05 16 46 MAX   399
2021 09 05 22 55 MIN    96
2021 09 06 05 25 MAX   538
2021 09 06 11 59 MIN   143
2021 09 06 17 23 MAX   431
2021 09 06 23 36 MIN    70
2021 09 07 05 57 MAX   555
2021 09 07 12 30 MIN   117
2021 09 07 17 59 MAX   462
2021 09 08 00 17 MIN    52
2021 09 08 06 28 MAX   566
2021 09 08 13 01 MIN    95
2021 09 08 18 36 MAX   488
2021 09 09 00 57 MIN    47
2021 09 09 07 01 MAX   564
2021 09 09 13 33 MIN    80
2021 09 09 19 14 MAX   511
2021 09 10 01 38 MIN    55
2021 09 10 07 35 MAX   549
2021 09 10 14 05 MIN    71
2021 09 10 19 55 MAX   526
2021 09 11 02 20 MIN    80
2021 09 11 08 09 MAX   522
2021 09 11 14 38 MIN    73
2021 09 11 20 39 MAX   530
2021 09 12 03 05 MIN   118
2021 09 12 08 45 MAX   484
2021 09 12 15 12 MIN    83
2021 09 12 21 29 MAX   522
2021 09 13 03 56 MIN   168
2021 09 13 09 24 MAX   438
2021 09 13 15 51 MIN   101
2021 09 13 22 29 MAX   504
2021 09 14 05 01 MIN   218
2021 09 14 10 11 MAX   389
2021 09 14 16 41 MIN   126
2021 09 14 23 47 MAX   484
2021 09 15 06 37 MIN   250
2021 09 15 11 21 MAX   345
2021 09 15 17 55 MIN   150
2021 09 16 01 24 MAX   481
2021 09 16 08 34 MIN   242
2021 09 16 13 10 MAX   326
2021 09 16 19 36 MIN   155
2021 09 17 02 53 MAX   497
2021 09 17 09 52 MIN   207
2021 09 17 14 50 MAX   346
2021 09 17 21 07 MIN   133
2021 09 18 03 56 MAX   519
2021 09 18 10 40 MIN   169
2021 09 18 15 56 MAX   386
2021 09 18 22 13 MIN   102
2021 09 19 04 43 MAX   533
2021 09 19 11 19 MIN   136
2021 09 19 16 45 MAX   425
2021 09 19 23 05 MIN    77
2021 09 20 05 21 MAX   539
2021 09 20 11 53 MIN   109
2021 09 20 17 25 MAX   460
2021 09 20 23 48 MIN    63
2021 09 21 05 54 MAX   536
2021 09 21 12 23 MIN    90
2021 09 21 18 02 MAX   487
2021 09 22 00 25 MIN    63
2021 09 22 06 25 MAX   526
2021 09 22 12 51 MIN    82
2021 09 22 18 37 MAX   503
2021 09 23 01 00 MIN    73
2021 09 23 06 54 MAX   510
2021 09 23 13 17 MIN    79
2021 09 23 19 10 MAX   511
2021 09 24 01 32 MIN    92
2021 09 24 07 20 MAX   488
2021 09 24 13 40 MIN    80
2021 09 24 19 43 MAX   511
2021 09 25 02 04 MIN   120
2021 09 25 07 47 MAX   463
2021 09 25 14 03 MIN    87
2021 09 25 20 16 MAX   506
2021 09 26 02 35 MIN   152
2021 09 26 08 12 MAX   434
2021 09 26 14 27 MIN   101
2021 09 26 20 52 MAX   490
2021 09 27 03 10 MIN   188
2021 09 27 08 37 MAX   403
2021 09 27 14 54 MIN   118
2021 09 27 21 32 MAX   468
2021 09 28 03 51 MIN   226
2021 09 28 09 03 MAX   370
2021 09 28 15 26 MIN   142
2021 09 28 22 22 MAX   441
2021 09 29 04 48 MIN   263
2021 09 29 09 34 MAX   336
2021 09 29 16 09 MIN   168
2021 09 29 23 38 MAX   416
2021 09 30 06 38 MIN   280
2021 09 30 10 40 MAX   302
2021 09 30 17 24 MIN   193
2021 10 01 01 24 MAX   413
2021 10 01 09 01 MIN   259
2021 10 01 13 15 MAX   294
2021 10 01 19 16 MIN   194
2021 10 02 02 47 MAX   432
2021 10 02 09 49 MIN   221
2021 10 02 14 50 MAX   323
2021 10 02 20 45 MIN   168
2021 10 03 03 37 MAX   462
2021 10 03 10 21 MIN   181
2021 10 03 15 42 MAX   365
2021 10 03 21 46 MIN   130
2021 10 04 04 15 MAX   490
2021 10 04 10 50 MIN   143
2021 10 04 16 22 MAX   411
2021 10 04 22 34 MIN    93
2021 10 05 04 49 MAX   513
2021 10 05 11 21 MIN   106
2021 10 05 16 59 MAX   457
2021 10 05 23 17 MIN    64
2021 10 06 05 22 MAX   529
2021 10 06 11 51 MIN    76
2021 10 06 17 36 MAX   498
2021 10 06 23 59 MIN    47
2021 10 07 05 55 MAX   535
2021 10 07 12 23 MIN    51
2021 10 07 18 14 MAX   535
2021 10 08 00 42 MIN    44
2021 10 08 06 29 MAX   528
2021 10 08 12 55 MIN    36
2021 10 08 18 54 MAX   561
2021 10 09 01 25 MIN    57
2021 10 09 07 04 MAX   507
2021 10 09 13 28 MIN    30
2021 10 09 19 37 MAX   573
2021 10 10 02 09 MIN    85
2021 10 10 07 40 MAX   476
2021 10 10 14 03 MIN    36
2021 10 10 20 23 MAX   567
2021 10 11 02 57 MIN   124
2021 10 11 08 18 MAX   437
2021 10 11 14 40 MIN    54
2021 10 11 21 15 MAX   547
2021 10 12 03 52 MIN   169
2021 10 12 09 02 MAX   392
2021 10 12 15 22 MIN    83
2021 10 12 22 16 MAX   514
2021 10 13 05 03 MIN   210
2021 10 13 09 56 MAX   348
2021 10 13 16 17 MIN   120
2021 10 13 23 35 MAX   481
2021 10 14 06 41 MIN   226
2021 10 14 11 21 MAX   313
2021 10 14 17 42 MIN   153
2021 10 15 01 09 MAX   465
2021 10 15 08 21 MIN   207
2021 10 15 13 19 MAX   314
2021 10 15 19 33 MIN   161
2021 10 16 02 32 MAX   468
2021 10 16 09 26 MIN   172
2021 10 16 14 50 MAX   349
2021 10 16 21 01 MIN   140
2021 10 17 03 31 MAX   476
2021 10 17 10 10 MIN   136
2021 10 17 15 48 MAX   394
2021 10 17 22 03 MIN   112
2021 10 18 04 15 MAX   482
2021 10 18 10 46 MIN   105
2021 10 18 16 31 MAX   437
2021 10 18 22 51 MIN    92
2021 10 19 04 51 MAX   484
2021 10 19 11 17 MIN    83
2021 10 19 17 08 MAX   472
2021 10 19 23 31 MIN    82
2021 10 20 05 22 MAX   479
2021 10 20 11 46 MIN    67
2021 10 20 17 42 MAX   498
2021 10 21 00 07 MIN    82
2021 10 21 05 51 MAX   469
2021 10 21 12 11 MIN    60
2021 10 21 18 14 MAX   516
2021 10 22 00 40 MIN    90
2021 10 22 06 19 MAX   456
2021 10 22 12 34 MIN    58
2021 10 22 18 45 MAX   525
2021 10 23 01 12 MIN   105
2021 10 23 06 45 MAX   438
2021 10 23 12 57 MIN    60
2021 10 23 19 17 MAX   526
2021 10 24 01 44 MIN   126
2021 10 24 07 12 MAX   418
2021 10 24 13 21 MIN    66
2021 10 24 19 48 MAX   520
2021 10 25 02 16 MIN   149
2021 10 25 07 38 MAX   396
2021 10 25 13 47 MIN    77
2021 10 25 20 23 MAX   504
2021 10 26 02 51 MIN   177
2021 10 26 08 05 MAX   371
2021 10 26 14 15 MIN    93
2021 10 26 21 00 MAX   481
2021 10 27 03 32 MIN   206
2021 10 27 08 34 MAX   345
2021 10 27 14 48 MIN   117
2021 10 27 21 45 MAX   452
2021 10 28 04 25 MIN   231
2021 10 28 09 12 MAX   317
2021 10 28 15 30 MIN   145
2021 10 28 22 47 MAX   422
2021 10 29 05 50 MIN   244
2021 10 29 10 20 MAX   291
2021 10 29 16 36 MIN   172
2021 10 30 00 13 MAX   406
2021 10 30 07 39 MIN   228
2021 10 30 12 27 MAX   285
2021 10 30 18 23 MIN   184
2021 10 31 01 39 MAX   412
2021 10 31 08 45 MIN   194
2021 10 31 14 07 MAX   316
2021 10 31 20 02 MIN   166
2021 11 01 02 40 MAX   431
2021 11 01 09 27 MIN   153
2021 11 01 15 06 MAX   365
2021 11 01 21 12 MIN   134
2021 11 02 03 26 MAX   454
2021 11 02 10 02 MIN   111
2021 11 02 15 50 MAX   421
2021 11 02 22 06 MIN    99
2021 11 03 04 05 MAX   472
2021 11 03 10 35 MIN    73
2021 11 03 16 31 MAX   476
2021 11 03 22 54 MIN    73
2021 11 04 04 43 MAX   484
2021 11 04 11 09 MIN    39
2021 11 04 17 11 MAX   526
2021 11 04 23 41 MIN    57
2021 11 05 05 19 MAX   485
2021 11 05 11 44 MIN    14
2021 11 05 17 53 MAX   566
2021 11 06 00 26 MIN    55
2021 11 06 05 58 MAX   475
2021 11 06 12 20 MIN    -2
2021 11 06 18 37 MAX   589
2021 11 07 01 13 MIN    68
2021 11 07 06 36 MAX   454
2021 11 07 12 57 MIN    -5
2021 11 07 19 23 MAX   595
2021 11 08 02 01 MIN    92
2021 11 08 07 17 MAX   427
2021 11 08 13 36 MIN     4
2021 11 08 20 11 MAX   580
2021 11 09 02 53 MIN   123
2021 11 09 08 01 MAX   393
2021 11 09 14 19 MIN    28
2021 11 09 21 05 MAX   551
2021 11 10 03 49 MIN   155
2021 11 10 08 51 MAX   359
2021 11 10 15 07 MIN    63
2021 11 10 22 04 MAX   511
2021 11 11 04 57 MIN   177
2021 11 11 09 53 MAX   327
2021 11 11 16 05 MIN   105
2021 11 11 23 14 MAX   472
2021 11 12 06 17 MIN   184
2021 11 12 11 18 MAX   307
2021 11 12 17 27 MIN   142
2021 11 13 00 33 MAX   443
2021 11 13 07 36 MIN   168
2021 11 13 13 00 MAX   314
2021 11 13 19 09 MIN   159
2021 11 14 01 47 MAX   427
2021 11 14 08 39 MIN   142
2021 11 14 14 25 MAX   348
2021 11 14 20 36 MIN   152
2021 11 15 02 47 MAX   422
2021 11 15 09 26 MIN   112
2021 11 15 15 24 MAX   390
2021 11 15 21 41 MIN   136
2021 11 16 03 34 MAX   419
2021 11 16 10 04 MIN    87
2021 11 16 16 09 MAX   430
2021 11 16 22 30 MIN   121
2021 11 17 04 13 MAX   418
2021 11 17 10 37 MIN    68
2021 11 17 16 47 MAX   465
2021 11 17 23 12 MIN   111
2021 11 18 04 47 MAX   415
2021 11 18 11 05 MIN    55
2021 11 18 17 21 MAX   491
2021 11 18 23 48 MIN   106
2021 11 19 05 18 MAX   409
2021 11 19 11 31 MIN    47
2021 11 19 17 53 MAX   510
2021 11 20 00 22 MIN   109
2021 11 20 05 47 MAX   402
2021 11 20 11 57 MIN    42
2021 11 20 18 24 MAX   520
2021 11 21 00 56 MIN   115
2021 11 21 06 17 MAX   392
2021 11 21 12 23 MIN    41
2021 11 21 18 56 MAX   522
2021 11 22 01 28 MIN   127
2021 11 22 06 45 MAX   378
2021 11 22 12 51 MIN    44
2021 11 22 19 29 MAX   516
2021 11 23 02 02 MIN   140
2021 11 23 07 15 MAX   364
2021 11 23 13 21 MIN    52
2021 11 23 20 02 MAX   503
2021 11 24 02 38 MIN   156
2021 11 24 07 46 MAX   348
2021 11 24 13 53 MIN    66
2021 11 24 20 39 MAX   482
2021 11 25 03 18 MIN   172
2021 11 25 08 21 MAX   330
2021 11 25 14 29 MIN    85
2021 11 25 21 21 MAX   459
2021 11 26 04 05 MIN   185
2021 11 26 09 05 MAX   311
2021 11 26 15 12 MIN   109
2021 11 26 22 11 MAX   434
2021 11 27 05 06 MIN   191
2021 11 27 10 08 MAX   297
2021 11 27 16 09 MIN   136
2021 11 27 23 14 MAX   412
2021 11 28 06 19 MIN   183
2021 11 28 11 36 MAX   295
2021 11 28 17 33 MIN   158
2021 11 29 00 25 MAX   402
2021 11 29 07 27 MIN   159
2021 11 29 13 08 MAX   320
2021 11 29 19 09 MIN   159
2021 11 30 01 32 MAX   403
2021 11 30 08 22 MIN   126
2021 11 30 14 19 MAX   368
2021 11 30 20 31 MIN   142
2021 12 01 02 30 MAX   412
2021 12 01 09 07 MIN    87
2021 12 01 15 15 MAX   425
2021 12 01 21 37 MIN   117
2021 12 02 03 19 MAX   419
2021 12 02 09 49 MIN    49
2021 12 02 16 04 MAX   484
2021 12 02 22 34 MIN    95
2021 12 03 04 04 MAX   425
2021 12 03 10 29 MIN    16
2021 12 03 16 51 MAX   533
2021 12 03 23 26 MIN    80
2021 12 04 04 48 MAX   424
2021 12 04 11 10 MIN   -10
2021 12 04 17 37 MAX   570
2021 12 05 00 16 MIN    76
2021 12 05 05 32 MAX   418
2021 12 05 11 53 MIN   -27
2021 12 05 18 25 MAX   589
2021 12 06 01 06 MIN    80
2021 12 06 06 17 MAX   406
2021 12 06 12 36 MIN   -29
2021 12 06 19 14 MAX   589
2021 12 07 01 56 MIN    90
2021 12 07 07 04 MAX   390
2021 12 07 13 22 MIN   -21
2021 12 07 20 04 MAX   571
2021 12 08 02 47 MIN   105
2021 12 08 07 52 MAX   373
2021 12 08 14 09 MIN     3
2021 12 08 20 54 MAX   541
2021 12 09 03 38 MIN   118
2021 12 09 08 45 MAX   354
2021 12 09 14 59 MIN    38
2021 12 09 21 46 MAX   501
2021 12 10 04 33 MIN   130
2021 12 10 09 44 MAX   335
2021 12 10 15 54 MIN    80
2021 12 10 22 41 MAX   459
2021 12 11 05 32 MIN   136
2021 12 11 10 54 MAX   321
2021 12 11 16 59 MIN   123
2021 12 11 23 39 MAX   418
2021 12 12 06 33 MIN   133
2021 12 12 12 15 MAX   321
2021 12 12 18 20 MIN   158
2021 12 13 00 42 MAX   386
2021 12 13 07 34 MIN   123
2021 12 13 13 39 MAX   339
2021 12 13 19 50 MIN   172
2021 12 14 01 45 MAX   367
2021 12 14 08 28 MIN   106
2021 12 14 14 49 MAX   371
2021 12 14 21 07 MIN   168
2021 12 15 02 42 MAX   356
2021 12 15 09 14 MIN    89
2021 12 15 15 42 MAX   406
2021 12 15 22 07 MIN   156
2021 12 16 03 31 MAX   354
2021 12 16 09 52 MIN    73
2021 12 16 16 25 MAX   440
2021 12 16 22 54 MIN   142
2021 12 17 04 12 MAX   354
2021 12 17 10 26 MIN    58
2021 12 17 17 02 MAX   468
2021 12 17 23 34 MIN   131
2021 12 18 04 50 MAX   355
2021 12 18 10 58 MIN    45
2021 12 18 17 36 MAX   488
2021 12 19 00 09 MIN   124
2021 12 19 05 24 MAX   356
2021 12 19 11 30 MIN    35
2021 12 19 18 09 MAX   500
2021 12 20 00 43 MIN   121
2021 12 20 05 57 MAX   356
2021 12 20 12 02 MIN    28
2021 12 20 18 42 MAX   506
2021 12 21 01 17 MIN   120
2021 12 21 06 29 MAX   354
2021 12 21 12 35 MIN    25
2021 12 21 19 15 MAX   504
2021 12 22 01 51 MIN   123
2021 12 22 07 02 MAX   351
2021 12 22 13 09 MIN    26
2021 12 22 19 49 MAX   497
2021 12 23 02 25 MIN   126
2021 12 23 07 36 MAX   345
2021 12 23 13 44 MIN    35
2021 12 23 20 24 MAX   484
2021 12 24 03 02 MIN   128
2021 12 24 08 14 MAX   337
2021 12 24 14 21 MIN    48
2021 12 24 21 01 MAX   468
2021 12 25 03 42 MIN   131
2021 12 25 08 57 MAX   330
2021 12 25 15 03 MIN    70
2021 12 25 21 42 MAX   447
2021 12 26 04 26 MIN   133
2021 12 26 09 50 MAX   324
2021 12 26 15 53 MIN    98
2021 12 26 22 28 MAX   424
2021 12 27 05 17 MIN   130
2021 12 27 10 55 MAX   326
2021 12 27 16 57 MIN   127
2021 12 27 23 23 MAX   400
2021 12 28 06 13 MIN   120
2021 12 28 12 12 MAX   342
2021 12 28 18 19 MIN   149
2021 12 29 00 26 MAX   380
2021 12 29 07 12 MIN   101
2021 12 29 13 31 MAX   377
2021 12 29 19 50 MIN   155
2021 12 30 01 31 MAX   367
2021 12 30 08 10 MIN    74
2021 12 30 14 41 MAX   425
2021 12 30 21 12 MIN   143
2021 12 31 02 35 MAX   362
2021 12 31 09 04 MIN    44
2021 12 31 15 42 MAX   476
2021 12 31 22 20 MIN   124
