 <API - 조위예측극치자료>

대상조위관측소 : 쌍정초
위도(WGS84) : N 130.9392
경도(WGS84) : E 37.5562
관측기관 : 20201221 ~ 20220101

2020 12 21 05 17 MAX    13
2020 12 21 14 59 MIN    -9
2020 12 21 22 22 MAX     6
2020 12 22 03 22 MIN     4
2020 12 22 05 51 MAX     7
2020 12 22 15 38 MIN    -6
2020 12 22 22 43 MAX     4
2020 12 23 04 13 MIN    -2
2020 12 23 10 18 MAX     1
2020 12 23 16 13 MIN    -4
2020 12 23 23 02 MAX     4
2020 12 24 04 59 MIN    -6
2020 12 24 14 25 MAX    -1
2020 12 24 16 43 MIN    -2
2020 12 24 23 21 MAX     4
2020 12 25 05 43 MIN   -10
2020 12 25 14 51 MAX     1
2020 12 25 17 07 MIN    -1
2020 12 25 23 43 MAX     6
2020 12 26 06 23 MIN   -12
2020 12 26 14 48 MAX     1
2020 12 26 17 28 MIN     0
2020 12 27 00 13 MAX     8
2020 12 27 07 01 MIN   -12
2020 12 27 14 20 MAX     3
2020 12 27 17 50 MIN     0
2020 12 28 00 48 MAX    12
2020 12 28 07 40 MIN   -12
2020 12 28 14 25 MAX     4
2020 12 28 18 11 MIN     0
2020 12 29 01 26 MAX    15
2020 12 29 08 25 MIN   -10
2020 12 29 14 54 MAX     5
2020 12 29 18 29 MIN     1
2020 12 30 02 01 MAX    17
2020 12 30 09 19 MIN    -9
2020 12 30 15 32 MAX     4
2020 12 30 18 37 MIN     2
2020 12 31 02 35 MAX    19
2020 12 31 10 29 MIN    -9
2021 01 01 03 08 MAX    20
2021 01 01 12 08 MIN   -10
2021 01 02 03 41 MAX    19
2021 01 02 13 03 MIN   -12
2021 01 03 04 17 MAX    17
2021 01 03 13 36 MIN   -13
2021 01 04 04 54 MAX    14
2021 01 04 13 53 MIN   -13
2021 01 04 21 27 MAX     5
2021 01 04 23 34 MIN     4
2021 01 05 05 35 MAX    11
2021 01 05 13 55 MIN   -13
2021 01 05 21 39 MAX     6
2021 01 06 02 47 MIN     1
2021 01 06 06 20 MAX     7
2021 01 06 14 11 MIN   -12
2021 01 06 21 58 MAX     7
2021 01 07 03 34 MIN    -2
2021 01 07 08 08 MAX     4
2021 01 07 14 52 MIN   -10
2021 01 07 22 24 MAX     7
2021 01 08 04 20 MIN    -4
2021 01 08 09 51 MAX     4
2021 01 08 15 45 MIN    -7
2021 01 08 22 58 MAX     8
2021 01 09 05 09 MIN    -5
2021 01 09 10 49 MAX     4
2021 01 09 16 40 MIN    -4
2021 01 09 23 39 MAX     8
2021 01 10 06 03 MIN    -6
2021 01 10 11 49 MAX     6
2021 01 10 17 36 MIN    -1
2021 01 11 00 26 MAX    10
2021 01 11 07 11 MIN    -6
2021 01 11 14 38 MAX     7
2021 01 11 18 28 MIN     2
2021 01 12 01 10 MAX    13
2021 01 12 08 19 MIN    -8
2021 01 12 15 27 MAX     8
2021 01 12 19 11 MIN     3
2021 01 13 01 43 MAX    16
2021 01 13 09 14 MIN   -10
2021 01 13 16 11 MAX     8
2021 01 13 19 43 MIN     4
2021 01 14 02 14 MAX    19
2021 01 14 10 07 MIN   -13
2021 01 14 17 31 MAX     5
2021 01 14 20 12 MIN     4
2021 01 15 02 46 MAX    20
2021 01 15 11 07 MIN   -15
2021 01 15 19 14 MAX     3
2021 01 15 20 41 MIN     2
2021 01 16 03 20 MAX    20
2021 01 16 12 11 MIN   -17
2021 01 17 03 54 MAX    16
2021 01 17 13 06 MIN   -17
2021 01 18 04 29 MAX    10
2021 01 18 13 50 MIN   -16
2021 01 18 21 16 MAX    -4
2021 01 18 23 20 MIN    -5
2021 01 19 05 05 MAX     3
2021 01 19 14 26 MIN   -13
2021 01 19 21 34 MAX    -5
2021 01 20 02 39 MIN   -10
2021 01 20 05 45 MAX    -5
2021 01 20 14 51 MIN   -11
2021 01 20 21 50 MAX    -5
2021 01 21 03 33 MIN   -15
2021 01 21 10 17 MAX    -8
2021 01 21 12 23 MIN    -9
2021 01 21 22 00 MAX    -4
2021 01 22 04 20 MIN   -18
2021 01 22 22 27 MAX    -2
2021 01 23 05 05 MIN   -19
2021 01 23 22 57 MAX     0
2021 01 24 05 50 MIN   -18
2021 01 24 14 09 MAX    -4
2021 01 24 16 32 MIN    -5
2021 01 24 23 34 MAX     2
2021 01 25 06 39 MIN   -17
2021 01 25 13 42 MAX    -2
2021 01 25 17 15 MIN    -4
2021 01 26 00 14 MAX     5
2021 01 26 07 31 MIN   -16
2021 01 26 14 17 MAX     0
2021 01 26 17 49 MIN    -3
2021 01 27 00 54 MAX     8
2021 01 27 08 25 MIN   -15
2021 01 27 15 01 MAX     1
2021 01 27 18 14 MIN    -2
2021 01 28 01 30 MAX    12
2021 01 28 09 21 MIN   -15
2021 01 28 15 52 MAX     0
2021 01 28 18 32 MIN    -1
2021 01 29 02 06 MAX    15
2021 01 29 10 20 MIN   -16
2021 01 30 02 43 MAX    16
2021 01 30 11 20 MIN   -17
2021 01 31 03 22 MAX    16
2021 01 31 12 08 MIN   -18
2021 02 01 04 04 MAX    13
2021 02 01 12 35 MIN   -18
2021 02 01 20 02 MAX    -1
2021 02 01 22 38 MIN    -4
2021 02 02 04 47 MAX     9
2021 02 02 12 43 MIN   -17
2021 02 02 20 18 MAX     0
2021 02 03 00 13 MIN    -7
2021 02 03 05 35 MAX     4
2021 02 03 12 49 MIN   -15
2021 02 03 20 42 MAX     1
2021 02 04 02 09 MIN    -9
2021 02 04 07 30 MAX    -1
2021 02 04 13 09 MIN   -13
2021 02 04 21 13 MAX     3
2021 02 05 03 09 MIN   -11
2021 02 05 09 11 MAX    -2
2021 02 05 13 39 MIN   -10
2021 02 05 21 51 MAX     3
2021 02 06 04 06 MIN   -11
2021 02 06 10 06 MAX    -2
2021 02 06 14 48 MIN    -6
2021 02 06 22 38 MAX     4
2021 02 07 05 30 MIN   -10
2021 02 07 11 03 MAX    -1
2021 02 07 16 12 MIN    -3
2021 02 07 23 15 MAX     5
2021 02 08 07 37 MIN   -10
2021 02 08 14 37 MAX     2
2021 02 08 20 19 MIN    -2
2021 02 09 00 36 MAX     7
2021 02 09 08 16 MIN   -12
2021 02 09 15 13 MAX     4
2021 02 09 20 32 MIN     0
2021 02 10 01 10 MAX    10
2021 02 10 08 51 MIN   -14
2021 02 10 15 51 MAX     5
2021 02 10 19 41 MIN     1
2021 02 11 01 31 MAX    13
2021 02 11 09 29 MIN   -16
2021 02 11 16 37 MAX     4
2021 02 11 19 45 MIN     0
2021 02 12 01 58 MAX    16
2021 02 12 10 10 MIN   -19
2021 02 12 17 37 MAX     1
2021 02 12 20 06 MIN    -1
2021 02 13 02 28 MAX    17
2021 02 13 10 57 MIN   -20
2021 02 13 18 42 MAX    -2
2021 02 13 20 38 MIN    -3
2021 02 14 03 02 MAX    16
2021 02 14 11 45 MIN   -20
2021 02 14 19 28 MAX    -4
2021 02 14 21 25 MIN    -6
2021 02 15 03 39 MAX    11
2021 02 15 12 30 MIN   -18
2021 02 15 19 57 MAX    -6
2021 02 15 22 32 MIN    -9
2021 02 16 04 18 MAX     3
2021 02 16 13 03 MIN   -15
2021 02 16 19 08 MAX    -7
2021 02 17 01 00 MIN   -12
2021 02 17 05 02 MAX    -4
2021 02 17 13 07 MIN   -12
2021 02 17 17 13 MAX    -5
2021 02 18 02 16 MIN   -17
2021 02 18 09 15 MAX    -8
2021 02 18 11 56 MIN   -10
2021 02 18 17 39 MAX    -3
2021 02 19 03 08 MIN   -20
2021 02 19 10 08 MAX    -9
2021 02 19 11 50 MIN   -10
2021 02 19 18 09 MAX    -2
2021 02 20 03 55 MIN   -20
2021 02 20 10 50 MAX    -8
2021 02 20 12 02 MIN    -9
2021 02 20 21 30 MAX    -1
2021 02 21 04 42 MIN   -19
2021 02 21 22 08 MAX     0
2021 02 22 05 34 MIN   -18
2021 02 22 22 47 MAX     2
2021 02 23 06 33 MIN   -16
2021 02 23 14 06 MAX     1
2021 02 23 16 56 MIN    -1
2021 02 23 23 25 MAX     5
2021 02 24 07 27 MIN   -16
2021 02 24 14 50 MAX     3
2021 02 24 17 52 MIN     1
2021 02 25 00 04 MAX     9
2021 02 25 08 15 MIN   -17
2021 02 25 15 36 MAX     4
2021 02 25 18 25 MIN     2
2021 02 26 00 46 MAX    13
2021 02 26 09 00 MIN   -18
2021 02 26 16 21 MAX     4
2021 02 26 18 59 MIN     2
2021 02 27 01 31 MAX    16
2021 02 27 09 42 MIN   -19
2021 02 27 17 02 MAX     3
2021 02 27 19 45 MIN     1
2021 02 28 02 18 MAX    18
2021 02 28 10 20 MIN   -18
2021 02 28 17 32 MAX     2
2021 02 28 20 42 MIN    -1
2021 03 01 03 07 MAX    17
2021 03 01 10 51 MIN   -17
2021 03 01 17 53 MAX     2
2021 03 01 21 47 MIN    -4
2021 03 02 03 57 MAX    14
2021 03 02 11 13 MIN   -14
2021 03 02 18 08 MAX     4
2021 03 02 23 02 MIN    -7
2021 03 03 04 53 MAX     9
2021 03 03 11 33 MIN   -11
2021 03 03 18 38 MAX     6
2021 03 04 00 36 MIN    -9
2021 03 04 06 41 MAX     4
2021 03 04 11 55 MIN    -8
2021 03 04 19 31 MAX     7
2021 03 05 01 56 MIN   -11
2021 03 05 08 26 MAX     2
2021 03 05 12 18 MIN    -5
2021 03 05 20 27 MAX     8
2021 03 06 03 04 MIN   -11
2021 03 06 09 30 MAX     1
2021 03 06 12 38 MIN    -2
2021 03 06 21 21 MAX     9
2021 03 07 04 34 MIN    -9
2021 03 07 10 35 MAX     2
2021 03 07 12 27 MIN     1
2021 03 07 22 16 MAX     9
2021 03 08 06 32 MIN    -9
2021 03 08 16 55 MAX     5
2021 03 08 19 29 MIN     3
2021 03 08 23 13 MAX    10
2021 03 09 07 23 MIN   -10
2021 03 09 14 52 MAX     8
2021 03 09 19 55 MIN     3
2021 03 10 00 06 MAX    11
2021 03 10 08 02 MIN   -12
2021 03 10 15 23 MAX     9
2021 03 10 20 07 MIN     4
2021 03 11 00 39 MAX    14
2021 03 11 08 38 MIN   -14
2021 03 11 16 00 MAX     9
2021 03 11 19 55 MIN     5
2021 03 12 01 06 MAX    17
2021 03 12 09 14 MIN   -16
2021 03 12 16 38 MAX     8
2021 03 12 19 52 MIN     4
2021 03 13 01 36 MAX    19
2021 03 13 09 52 MIN   -16
2021 03 13 17 15 MAX     5
2021 03 13 20 13 MIN     2
2021 03 14 02 11 MAX    19
2021 03 14 10 29 MIN   -15
2021 03 14 17 45 MAX     3
2021 03 14 20 51 MIN    -1
2021 03 15 02 51 MAX    16
2021 03 15 11 03 MIN   -13
2021 03 15 18 03 MAX     1
2021 03 15 21 48 MIN    -4
2021 03 16 03 34 MAX    10
2021 03 16 11 22 MIN    -9
2021 03 16 16 33 MAX     2
2021 03 16 23 12 MIN    -7
2021 03 17 04 25 MAX     4
2021 03 17 11 15 MIN    -6
2021 03 17 16 48 MAX     5
2021 03 18 00 54 MIN   -11
2021 03 18 07 50 MAX    -1
2021 03 18 11 07 MIN    -4
2021 03 18 17 17 MAX     7
2021 03 19 02 00 MIN   -13
2021 03 19 09 04 MAX    -2
2021 03 19 11 12 MIN    -4
2021 03 19 17 55 MAX     9
2021 03 20 02 52 MIN   -14
2021 03 20 18 48 MAX     9
2021 03 21 03 39 MIN   -13
2021 03 21 20 02 MAX     8
2021 03 22 04 25 MIN   -11
2021 03 22 20 59 MAX     8
2021 03 23 05 16 MIN    -9
2021 03 23 16 41 MAX     8
2021 03 23 18 51 MIN     7
2021 03 23 21 45 MAX    10
2021 03 24 06 09 MIN    -9
2021 03 24 14 22 MAX    11
2021 03 24 19 23 MIN     9
2021 03 24 22 29 MAX    12
2021 03 25 06 57 MIN   -10
2021 03 25 14 56 MAX    14
2021 03 25 19 25 MIN    11
2021 03 25 23 16 MAX    17
2021 03 26 07 40 MIN   -11
2021 03 26 15 26 MAX    15
2021 03 26 19 01 MIN    11
2021 03 27 00 08 MAX    21
2021 03 27 08 19 MIN   -11
2021 03 27 15 51 MAX    14
2021 03 27 19 21 MIN     9
2021 03 28 01 03 MAX    24
2021 03 28 08 54 MIN   -10
2021 03 28 16 09 MAX    14
2021 03 28 20 00 MIN     6
2021 03 29 02 01 MAX    26
2021 03 29 09 25 MIN    -8
2021 03 29 16 19 MAX    14
2021 03 29 20 50 MIN     3
2021 03 30 03 02 MAX    24
2021 03 30 09 52 MIN    -4
2021 03 30 16 23 MAX    16
2021 03 30 21 50 MIN     0
2021 03 31 04 08 MAX    21
2021 03 31 10 19 MIN     0
2021 03 31 16 41 MAX    19
2021 03 31 23 01 MIN    -2
2021 04 01 05 34 MAX    17
2021 04 01 10 46 MIN     4
2021 04 01 17 10 MAX    21
2021 04 02 00 22 MIN    -3
2021 04 02 07 21 MAX    14
2021 04 02 11 15 MIN     7
2021 04 02 17 52 MAX    22
2021 04 03 01 45 MIN    -3
2021 04 03 08 42 MAX    13
2021 04 03 11 45 MIN     9
2021 04 03 19 03 MAX    21
2021 04 04 03 06 MIN    -2
2021 04 04 09 50 MAX    13
2021 04 04 12 14 MIN    12
2021 04 04 20 38 MAX    20
2021 04 05 04 28 MIN    -1
2021 04 05 21 46 MAX    20
2021 04 06 05 44 MIN    -1
2021 04 06 14 44 MAX    17
2021 04 06 18 40 MIN    15
2021 04 06 22 41 MAX    19
2021 04 07 06 44 MIN    -1
2021 04 07 14 47 MAX    18
2021 04 07 19 12 MIN    14
2021 04 07 23 30 MAX    20
2021 04 08 07 33 MIN    -2
2021 04 08 15 14 MAX    19
2021 04 08 19 24 MIN    13
2021 04 09 00 10 MAX    22
2021 04 09 08 15 MIN    -4
2021 04 09 15 44 MAX    18
2021 04 09 19 30 MIN    12
2021 04 10 00 49 MAX    24
2021 04 10 08 54 MIN    -4
2021 04 10 16 09 MAX    16
2021 04 10 19 46 MIN    10
2021 04 11 01 30 MAX    25
2021 04 11 09 29 MIN    -3
2021 04 11 16 24 MAX    15
2021 04 11 20 15 MIN     8
2021 04 12 02 15 MAX    24
2021 04 12 09 55 MIN     0
2021 04 12 16 18 MAX    14
2021 04 12 20 57 MIN     5
2021 04 13 03 04 MAX    21
2021 04 13 10 06 MIN     3
2021 04 13 15 57 MAX    16
2021 04 13 21 55 MIN     3
2021 04 14 03 56 MAX    17
2021 04 14 10 03 MIN     6
2021 04 14 16 07 MAX    19
2021 04 14 23 09 MIN     1
2021 04 15 04 54 MAX    13
2021 04 15 10 04 MIN     8
2021 04 15 16 34 MAX    22
2021 04 16 00 32 MIN    -1
2021 04 16 06 24 MAX    11
2021 04 16 10 15 MIN     9
2021 04 16 17 07 MAX    24
2021 04 17 01 42 MIN    -1
2021 04 17 08 52 MAX    11
2021 04 17 10 41 MIN    10
2021 04 17 17 43 MAX    24
2021 04 18 02 35 MIN     0
2021 04 18 09 38 MAX    13
2021 04 18 11 21 MIN    12
2021 04 18 18 19 MAX    23
2021 04 19 03 17 MIN     2
2021 04 19 10 15 MAX    16
2021 04 19 12 06 MIN    15
2021 04 19 18 54 MAX    22
2021 04 20 03 54 MIN     3
2021 04 20 19 34 MAX    21
2021 04 21 04 32 MIN     4
2021 04 21 14 51 MAX    22
2021 04 21 18 06 MIN    20
2021 04 21 20 30 MAX    22
2021 04 22 05 16 MIN     4
2021 04 22 13 46 MAX    25
2021 04 22 18 29 MIN    21
2021 04 22 21 39 MAX    24
2021 04 23 06 01 MIN     3
2021 04 23 14 18 MAX    26
2021 04 23 18 27 MIN    21
2021 04 23 22 44 MAX    28
2021 04 24 06 45 MIN     3
2021 04 24 14 40 MAX    26
2021 04 24 18 37 MIN    19
2021 04 24 23 45 MAX    32
2021 04 25 07 25 MIN     4
2021 04 25 14 54 MAX    26
2021 04 25 19 07 MIN    16
2021 04 26 00 49 MAX    35
2021 04 26 08 01 MIN     7
2021 04 26 14 57 MAX    27
2021 04 26 19 47 MIN    13
2021 04 27 02 00 MAX    36
2021 04 27 08 34 MIN    11
2021 04 27 14 59 MAX    29
2021 04 27 20 37 MIN    10
2021 04 28 03 18 MAX    35
2021 04 28 09 05 MIN    16
2021 04 28 15 19 MAX    32
2021 04 28 21 35 MIN     8
2021 04 29 04 35 MAX    33
2021 04 29 09 36 MIN    20
2021 04 29 15 50 MAX    35
2021 04 29 22 41 MIN     8
2021 04 30 05 56 MAX    31
2021 04 30 10 10 MIN    23
2021 04 30 16 27 MAX    37
2021 04 30 23 56 MIN     8
2021 05 01 07 34 MAX    29
2021 05 01 10 48 MIN    25
2021 05 01 17 06 MAX    37
2021 05 02 01 26 MIN     8
2021 05 02 08 49 MAX    29
2021 05 02 11 28 MIN    26
2021 05 02 17 47 MAX    36
2021 05 03 02 43 MIN     9
2021 05 03 09 45 MAX    29
2021 05 03 12 08 MIN    27
2021 05 03 18 31 MAX    33
2021 05 04 03 45 MIN    11
2021 05 04 10 37 MAX    28
2021 05 04 15 56 MIN    27
2021 05 04 20 54 MAX    30
2021 05 05 04 44 MIN    12
2021 05 05 13 59 MAX    28
2021 05 05 17 07 MIN    25
2021 05 05 22 15 MAX    28
2021 05 06 05 47 MIN    12
2021 05 06 14 16 MAX    28
2021 05 06 17 58 MIN    23
2021 05 06 23 11 MAX    28
2021 05 07 06 57 MIN    13
2021 05 07 14 42 MAX    27
2021 05 07 18 33 MIN    21
2021 05 08 00 08 MAX    29
2021 05 08 08 03 MIN    13
2021 05 08 15 03 MAX    26
2021 05 08 18 59 MIN    19
2021 05 09 01 30 MAX    30
2021 05 09 08 47 MIN    14
2021 05 09 15 11 MAX    25
2021 05 09 19 28 MIN    16
2021 05 10 02 36 MAX    31
2021 05 10 09 11 MIN    16
2021 05 10 15 00 MAX    26
2021 05 10 20 03 MIN    14
2021 05 11 03 09 MAX    31
2021 05 11 09 09 MIN    19
2021 05 11 14 50 MAX    29
2021 05 11 20 46 MIN    12
2021 05 12 03 39 MAX    30
2021 05 12 08 55 MIN    22
2021 05 12 15 05 MAX    32
2021 05 12 21 39 MIN    11
2021 05 13 04 12 MAX    28
2021 05 13 08 52 MIN    23
2021 05 13 15 33 MAX    36
2021 05 13 22 42 MIN    12
2021 05 14 04 48 MAX    26
2021 05 14 08 59 MIN    24
2021 05 14 16 05 MAX    38
2021 05 15 00 01 MIN    13
2021 05 15 16 39 MAX    38
2021 05 16 01 22 MIN    13
2021 05 16 17 11 MAX    37
2021 05 17 02 11 MIN    14
2021 05 17 17 40 MAX    35
2021 05 18 02 43 MIN    15
2021 05 18 09 59 MAX    31
2021 05 18 11 57 MIN    30
2021 05 18 18 09 MAX    33
2021 05 19 03 00 MIN    15
2021 05 19 10 27 MAX    33
2021 05 19 16 26 MIN    31
2021 05 19 18 42 MAX    32
2021 05 20 03 11 MIN    15
2021 05 20 10 57 MAX    34
2021 05 20 16 58 MIN    30
2021 05 20 19 33 MAX    32
2021 05 21 03 56 MIN    16
2021 05 21 11 25 MAX    35
2021 05 21 17 15 MIN    29
2021 05 21 21 05 MAX    33
2021 05 22 04 47 MIN    17
2021 05 22 11 50 MAX    35
2021 05 22 17 33 MIN    27
2021 05 22 22 29 MAX    36
2021 05 23 05 36 MIN    19
2021 05 23 12 12 MAX    35
2021 05 23 18 02 MIN    25
2021 05 23 23 35 MAX    40
2021 05 24 06 22 MIN    22
2021 05 24 12 37 MAX    37
2021 05 24 18 40 MIN    21
2021 05 25 00 46 MAX    42
2021 05 25 07 06 MIN    26
2021 05 25 13 08 MAX    39
2021 05 25 19 25 MIN    19
2021 05 26 02 20 MAX    44
2021 05 26 07 45 MIN    30
2021 05 26 13 45 MAX    42
2021 05 26 20 17 MIN    18
2021 05 27 03 46 MAX    44
2021 05 27 08 23 MIN    34
2021 05 27 14 27 MAX    45
2021 05 27 21 17 MIN    17
2021 05 28 04 50 MAX    44
2021 05 28 09 01 MIN    36
2021 05 28 15 10 MAX    48
2021 05 28 22 22 MIN    17
2021 05 29 06 10 MAX    42
2021 05 29 09 42 MIN    38
2021 05 29 15 52 MAX    49
2021 05 29 23 33 MIN    18
2021 05 30 07 43 MAX    41
2021 05 30 10 27 MIN    38
2021 05 30 16 31 MAX    48
2021 05 31 01 00 MIN    18
2021 05 31 08 42 MAX    40
2021 05 31 11 13 MIN    37
2021 05 31 17 08 MAX    46
2021 06 01 02 07 MIN    19
2021 06 01 09 25 MAX    39
2021 06 01 11 59 MIN    36
2021 06 01 17 42 MAX    42
2021 06 02 03 00 MIN    20
2021 06 02 10 05 MAX    37
2021 06 02 15 23 MIN    33
2021 06 02 18 14 MAX    37
2021 06 03 03 50 MIN    22
2021 06 03 10 43 MAX    34
2021 06 03 16 17 MIN    30
2021 06 03 22 09 MAX    32
2021 06 04 04 42 MIN    24
2021 06 04 11 22 MAX    32
2021 06 04 17 04 MIN    26
2021 06 05 02 06 MAX    31
2021 06 05 08 17 MIN    26
2021 06 05 12 02 MAX    31
2021 06 05 17 48 MIN    23
2021 06 06 02 51 MAX    34
2021 06 06 08 59 MIN    27
2021 06 06 12 29 MAX    31
2021 06 06 18 27 MIN    21
2021 06 07 03 20 MAX    35
2021 06 07 09 24 MIN    29
2021 06 07 12 46 MAX    32
2021 06 07 19 04 MIN    19
2021 06 08 03 38 MAX    37
2021 06 08 09 24 MIN    32
2021 06 08 13 11 MAX    35
2021 06 08 19 44 MIN    18
2021 06 09 03 45 MAX    37
2021 06 09 07 29 MIN    33
2021 06 09 13 44 MAX    39
2021 06 09 20 29 MIN    18
2021 06 10 03 47 MAX    36
2021 06 10 07 24 MIN    33
2021 06 10 14 21 MAX    43
2021 06 10 21 21 MIN    19
2021 06 11 04 01 MAX    36
2021 06 11 07 27 MIN    33
2021 06 11 14 58 MAX    46
2021 06 11 22 22 MIN    20
2021 06 12 04 28 MAX    35
2021 06 12 07 12 MIN    34
2021 06 12 15 32 MAX    47
2021 06 12 23 50 MIN    22
2021 06 13 16 04 MAX    47
2021 06 14 01 03 MIN    22
2021 06 14 16 34 MAX    45
2021 06 15 01 42 MIN    21
2021 06 15 17 03 MAX    42
2021 06 16 01 56 MIN    21
2021 06 16 09 35 MAX    39
2021 06 16 11 47 MIN    37
2021 06 16 17 35 MAX    40
2021 06 17 00 53 MIN    20
2021 06 17 09 48 MAX    40
2021 06 17 15 33 MIN    35
2021 06 17 18 11 MAX    38
2021 06 18 01 17 MIN    20
2021 06 18 10 01 MAX    40
2021 06 18 15 56 MIN    33
2021 06 18 19 03 MAX    37
2021 06 19 02 01 MIN    22
2021 06 19 10 14 MAX    40
2021 06 19 16 20 MIN    31
2021 06 19 20 57 MAX    37
2021 06 20 03 22 MIN    25
2021 06 20 10 34 MAX    41
2021 06 20 16 53 MIN    28
2021 06 20 22 24 MAX    39
2021 06 21 04 28 MIN    29
2021 06 21 11 01 MAX    41
2021 06 21 17 32 MIN    26
2021 06 21 23 29 MAX    41
2021 06 22 05 22 MIN    33
2021 06 22 11 35 MAX    43
2021 06 22 18 18 MIN    25
2021 06 23 00 47 MAX    44
2021 06 23 06 13 MIN    37
2021 06 23 12 17 MAX    45
2021 06 23 19 11 MIN    24
2021 06 24 03 25 MAX    46
2021 06 24 07 01 MIN    41
2021 06 24 13 05 MAX    48
2021 06 24 20 12 MIN    23
2021 06 25 04 15 MAX    48
2021 06 25 07 45 MIN    43
2021 06 25 13 56 MAX    51
2021 06 25 21 18 MIN    23
2021 06 26 05 12 MAX    47
2021 06 26 08 29 MIN    43
2021 06 26 14 43 MAX    54
2021 06 26 22 23 MIN    22
2021 06 27 06 35 MAX    45
2021 06 27 09 13 MIN    43
2021 06 27 15 24 MAX    55
2021 06 27 23 33 MIN    21
2021 06 28 07 44 MAX    43
2021 06 28 09 59 MIN    41
2021 06 28 16 01 MAX    53
2021 06 29 00 43 MIN    20
2021 06 29 08 30 MAX    41
2021 06 29 10 47 MIN    39
2021 06 29 16 36 MAX    49
2021 06 30 01 37 MIN    21
2021 06 30 09 07 MAX    39
2021 06 30 11 39 MIN    36
2021 06 30 17 09 MAX    43
2021 07 01 02 21 MIN    23
2021 07 01 09 37 MAX    36
2021 07 01 14 47 MIN    32
2021 07 01 17 42 MAX    37
2021 07 02 03 00 MIN    26
2021 07 02 10 03 MAX    34
2021 07 02 15 38 MIN    27
2021 07 02 22 12 MAX    31
2021 07 03 03 34 MIN    30
2021 07 03 10 23 MAX    32
2021 07 03 16 25 MIN    23
2021 07 04 06 13 MAX    34
2021 07 04 08 53 MIN    31
2021 07 04 10 37 MAX    32
2021 07 04 17 11 MIN    20
2021 07 05 06 24 MAX    36
2021 07 05 09 20 MIN    33
2021 07 05 10 54 MAX    34
2021 07 05 17 56 MIN    19
2021 07 06 06 52 MAX    37
2021 07 06 09 27 MIN    35
2021 07 06 11 24 MAX    36
2021 07 06 18 43 MIN    18
2021 07 07 12 07 MAX    39
2021 07 07 19 34 MIN    19
2021 07 08 03 47 MAX    37
2021 07 08 05 43 MIN    36
2021 07 08 12 58 MAX    43
2021 07 08 20 27 MIN    21
2021 07 09 03 41 MAX    37
2021 07 09 06 04 MIN    36
2021 07 09 13 44 MAX    46
2021 07 09 21 24 MIN    22
2021 07 10 03 56 MAX    37
2021 07 10 06 12 MIN    36
2021 07 10 14 23 MAX    49
2021 07 10 22 30 MIN    22
2021 07 11 14 57 MAX    49
2021 07 11 23 43 MIN    22
2021 07 12 15 29 MAX    49
2021 07 13 00 34 MIN    21
2021 07 13 16 01 MAX    47
2021 07 14 01 02 MIN    21
2021 07 14 08 52 MAX    38
2021 07 14 10 22 MIN    37
2021 07 14 16 36 MAX    44
2021 07 15 00 39 MIN    20
2021 07 15 08 55 MAX    38
2021 07 15 11 48 MIN    35
2021 07 15 17 13 MAX    41
2021 07 16 00 25 MIN    20
2021 07 16 09 02 MAX    39
2021 07 16 14 30 MIN    32
2021 07 16 17 54 MAX    38
2021 07 17 00 43 MIN    21
2021 07 17 09 10 MAX    39
2021 07 17 15 04 MIN    29
2021 07 17 18 50 MAX    35
2021 07 18 01 08 MIN    23
2021 07 18 09 26 MAX    40
2021 07 18 15 42 MIN    27
2021 07 18 21 19 MAX    35
2021 07 19 01 32 MIN    27
2021 07 19 09 54 MAX    40
2021 07 19 16 25 MIN    26
2021 07 19 22 22 MAX    36
2021 07 20 01 40 MIN    32
2021 07 20 10 30 MAX    41
2021 07 20 17 16 MIN    27
2021 07 20 23 23 MAX    38
2021 07 21 04 27 MIN    37
2021 07 21 11 13 MAX    42
2021 07 21 18 20 MIN    27
2021 07 22 03 20 MAX    41
2021 07 22 05 33 MIN    40
2021 07 22 12 03 MAX    45
2021 07 22 19 52 MIN    26
2021 07 23 03 54 MAX    44
2021 07 23 06 32 MIN    41
2021 07 23 12 55 MAX    48
2021 07 23 20 57 MIN    24
2021 07 24 04 36 MAX    44
2021 07 24 07 22 MIN    42
2021 07 24 13 41 MAX    52
2021 07 24 21 49 MIN    21
2021 07 25 05 33 MAX    43
2021 07 25 08 03 MIN    41
2021 07 25 14 22 MAX    54
2021 07 25 22 41 MIN    19
2021 07 26 06 40 MAX    41
2021 07 26 08 43 MIN    39
2021 07 26 14 59 MAX    54
2021 07 26 23 35 MIN    18
2021 07 27 07 34 MAX    38
2021 07 27 09 28 MIN    37
2021 07 27 15 35 MAX    51
2021 07 28 00 27 MIN    18
2021 07 28 08 13 MAX    35
2021 07 28 10 20 MIN    33
2021 07 28 16 11 MAX    45
2021 07 29 01 12 MIN    20
2021 07 29 08 42 MAX    32
2021 07 29 11 28 MIN    30
2021 07 29 16 47 MAX    38
2021 07 30 01 45 MIN    23
2021 07 30 09 03 MAX    30
2021 07 30 14 10 MIN    24
2021 07 30 17 25 MAX    30
2021 07 31 01 00 MIN    26
2021 07 31 05 23 MAX    31
2021 07 31 15 04 MIN    19
2021 08 01 05 33 MAX    33
2021 08 01 08 25 MIN    29
2021 08 01 09 22 MAX    30
2021 08 01 15 51 MIN    16
2021 08 02 05 48 MAX    34
2021 08 02 16 38 MIN    15
2021 08 03 06 08 MAX    35
2021 08 03 17 29 MIN    16
2021 08 04 06 36 MAX    35
2021 08 04 08 45 MIN    34
2021 08 04 10 42 MAX    35
2021 08 04 18 33 MIN    17
2021 08 05 11 31 MAX    38
2021 08 05 19 37 MIN    18
2021 08 06 03 25 MAX    34
2021 08 06 04 53 MIN    33
2021 08 06 12 21 MAX    40
2021 08 06 20 29 MIN    19
2021 08 07 13 06 MAX    43
2021 08 07 21 20 MIN    19
2021 08 08 13 45 MAX    46
2021 08 08 22 11 MIN    18
2021 08 09 14 21 MAX    47
2021 08 09 23 00 MIN    17
2021 08 10 14 59 MAX    46
2021 08 10 23 38 MIN    17
2021 08 11 07 31 MAX    33
2021 08 11 09 04 MIN    32
2021 08 11 15 40 MAX    44
2021 08 11 23 50 MIN    17
2021 08 12 07 36 MAX    33
2021 08 12 10 25 MIN    30
2021 08 12 16 22 MAX    41
2021 08 12 23 43 MIN    18
2021 08 13 07 42 MAX    34
2021 08 13 11 51 MIN    27
2021 08 13 17 08 MAX    36
2021 08 13 23 54 MIN    19
2021 08 14 07 48 MAX    35
2021 08 14 13 33 MIN    24
2021 08 14 18 08 MAX    32
2021 08 15 00 13 MIN    21
2021 08 15 08 07 MAX    36
2021 08 15 14 28 MIN    22
2021 08 15 20 35 MAX    31
2021 08 16 00 33 MIN    24
2021 08 16 08 46 MAX    37
2021 08 16 15 18 MIN    22
2021 08 16 21 35 MAX    31
2021 08 17 00 45 MIN    27
2021 08 17 09 31 MAX    37
2021 08 17 16 16 MIN    23
2021 08 17 22 29 MAX    32
2021 08 18 00 39 MIN    31
2021 08 18 10 20 MAX    37
2021 08 18 18 59 MIN    24
2021 08 19 06 18 MAX    37
2021 08 19 08 23 MIN    35
2021 08 19 11 11 MAX    39
2021 08 19 19 30 MIN    23
2021 08 20 03 25 MAX    38
2021 08 20 08 39 MIN    36
2021 08 20 12 03 MAX    41
2021 08 20 20 31 MIN    21
2021 08 21 03 54 MAX    39
2021 08 21 08 27 MIN    36
2021 08 21 12 48 MAX    44
2021 08 21 21 09 MIN    18
2021 08 22 04 33 MAX    38
2021 08 22 07 34 MIN    36
2021 08 22 13 26 MAX    47
2021 08 22 21 47 MIN    16
2021 08 23 05 21 MAX    36
2021 08 23 07 58 MIN    34
2021 08 23 14 02 MAX    48
2021 08 23 22 30 MIN    14
2021 08 24 06 11 MAX    33
2021 08 24 08 32 MIN    31
2021 08 24 14 39 MAX    47
2021 08 24 23 15 MIN    14
2021 08 25 06 55 MAX    29
2021 08 25 09 15 MIN    27
2021 08 25 15 18 MAX    43
2021 08 26 00 00 MIN    16
2021 08 26 00 00 MIN    16
2021 08 26 07 26 MAX    27
2021 08 26 10 15 MIN    24
2021 08 26 16 00 MAX    36
2021 08 27 00 34 MIN    19
2021 08 27 04 23 MAX    26
2021 08 27 11 51 MIN    19
2021 08 27 16 48 MAX    29
2021 08 28 00 05 MIN    23
2021 08 28 04 34 MAX    28
2021 08 28 13 36 MIN    14
2021 08 28 21 15 MAX    25
2021 08 29 00 00 MIN    24
2021 08 29 00 00 MIN    24
2021 08 29 04 50 MAX    30
2021 08 29 14 33 MIN    11
2021 08 30 05 08 MAX    31
2021 08 30 15 20 MIN    10
2021 08 31 05 26 MAX    32
2021 08 31 16 06 MIN    11
2021 09 01 05 36 MAX    31
2021 09 01 16 59 MIN    13
2021 09 02 05 35 MAX    30
2021 09 02 07 55 MIN    29
2021 09 02 09 58 MAX    30
2021 09 02 18 05 MIN    15
2021 09 03 05 30 MAX    30
2021 09 03 07 55 MIN    29
2021 09 03 10 50 MAX    32
2021 09 03 19 05 MIN    15
2021 09 04 02 39 MAX    32
2021 09 04 08 01 MIN    30
2021 09 04 11 36 MAX    34
2021 09 04 19 53 MIN    15
2021 09 05 03 15 MAX    33
2021 09 05 07 05 MIN    30
2021 09 05 12 20 MAX    37
2021 09 05 20 36 MIN    14
2021 09 06 03 52 MAX    32
2021 09 06 07 03 MIN    30
2021 09 06 13 05 MAX    40
2021 09 06 21 14 MIN    13
2021 09 07 04 23 MAX    31
2021 09 07 07 37 MIN    28
2021 09 07 13 53 MAX    42
2021 09 07 21 46 MIN    13
2021 09 08 04 40 MAX    30
2021 09 08 08 25 MIN    25
2021 09 08 14 43 MAX    41
2021 09 08 22 09 MIN    15
2021 09 09 04 28 MAX    30
2021 09 09 09 22 MIN    22
2021 09 09 15 36 MAX    39
2021 09 09 22 28 MIN    17
2021 09 10 04 29 MAX    31
2021 09 10 10 28 MIN    19
2021 09 10 16 36 MAX    35
2021 09 10 22 48 MIN    19
2021 09 11 04 47 MAX    33
2021 09 11 11 42 MIN    16
2021 09 11 18 13 MAX    31
2021 09 11 23 12 MIN    21
2021 09 12 05 10 MAX    35
2021 09 12 12 59 MIN    14
2021 09 12 20 05 MAX    29
2021 09 12 23 36 MIN    24
2021 09 13 05 31 MAX    35
2021 09 13 14 06 MIN    14
2021 09 13 21 09 MAX    29
2021 09 14 00 00 MIN    26
2021 09 14 00 00 MIN    26
2021 09 14 05 32 MAX    35
2021 09 14 15 13 MIN    16
2021 09 14 22 06 MAX    29
2021 09 15 00 16 MIN    28
2021 09 15 06 30 MAX    33
2021 09 15 16 55 MIN    18
2021 09 16 04 49 MAX    33
2021 09 16 07 35 MIN    31
2021 09 16 10 07 MAX    33
2021 09 16 18 35 MIN    18
2021 09 17 02 39 MAX    33
2021 09 17 07 55 MIN    29
2021 09 17 11 04 MAX    33
2021 09 17 19 24 MIN    17
2021 09 18 02 58 MAX    35
2021 09 18 08 09 MIN    29
2021 09 18 11 52 MAX    35
2021 09 18 20 04 MIN    15
2021 09 19 03 30 MAX    35
2021 09 19 08 07 MIN    29
2021 09 19 12 32 MAX    37
2021 09 19 20 42 MIN    13
2021 09 20 04 04 MAX    33
2021 09 20 07 55 MIN    27
2021 09 20 13 09 MAX    39
2021 09 20 21 19 MIN    12
2021 09 21 04 36 MAX    30
2021 09 21 08 08 MIN    25
2021 09 21 13 48 MAX    39
2021 09 21 21 56 MIN    12
2021 09 22 04 57 MAX    26
2021 09 22 08 38 MIN    21
2021 09 22 14 33 MAX    37
2021 09 22 22 29 MIN    14
2021 09 23 03 31 MAX    24
2021 09 23 09 23 MIN    17
2021 09 23 15 23 MAX    32
2021 09 23 22 44 MIN    18
2021 09 24 03 30 MAX    25
2021 09 24 10 25 MIN    13
2021 09 24 16 27 MAX    26
2021 09 24 22 34 MIN    21
2021 09 25 03 44 MAX    27
2021 09 25 11 47 MIN     9
2021 09 25 20 25 MAX    24
2021 09 25 22 24 MIN    23
2021 09 26 04 06 MAX    29
2021 09 26 13 07 MIN     6
2021 09 27 04 34 MAX    30
2021 09 27 14 05 MIN     5
2021 09 28 05 01 MAX    30
2021 09 28 14 52 MIN     5
2021 09 29 05 05 MAX    28
2021 09 29 15 34 MIN     7
2021 09 30 03 40 MAX    27
2021 09 30 16 18 MIN    10
2021 09 30 23 59 MAX    28
2021 10 01 17 07 MIN    11
2021 10 02 00 55 MAX    30
2021 10 02 07 38 MIN    24
2021 10 02 09 45 MAX    25
2021 10 02 17 58 MIN    11
2021 10 03 01 49 MAX    32
2021 10 03 07 44 MIN    24
2021 10 03 10 43 MAX    27
2021 10 03 18 44 MIN    10
2021 10 04 02 27 MAX    32
2021 10 04 07 36 MIN    24
2021 10 04 11 39 MAX    31
2021 10 04 19 23 MIN     9
2021 10 05 02 51 MAX    31
2021 10 05 07 28 MIN    22
2021 10 05 12 35 MAX    34
2021 10 05 19 57 MIN    10
2021 10 06 02 55 MAX    30
2021 10 06 07 50 MIN    18
2021 10 06 13 37 MAX    35
2021 10 06 20 27 MIN    12
2021 10 07 02 50 MAX    30
2021 10 07 08 28 MIN    14
2021 10 07 14 44 MAX    35
2021 10 07 20 55 MIN    16
2021 10 08 03 00 MAX    31
2021 10 08 09 18 MIN    11
2021 10 08 15 59 MAX    33
2021 10 08 21 22 MIN    19
2021 10 09 03 22 MAX    34
2021 10 09 10 18 MIN     8
2021 10 09 17 33 MAX    30
2021 10 09 21 51 MIN    23
2021 10 10 03 49 MAX    36
2021 10 10 11 25 MIN     7
2021 10 10 19 22 MAX    29
2021 10 10 22 22 MIN    25
2021 10 11 04 20 MAX    37
2021 10 11 12 39 MIN     7
2021 10 11 20 49 MAX    28
2021 10 11 22 56 MIN    27
2021 10 12 04 50 MAX    36
2021 10 12 14 00 MIN     8
2021 10 12 21 53 MAX    29
2021 10 12 23 35 MIN    28
2021 10 13 05 05 MAX    33
2021 10 13 15 21 MIN    10
2021 10 14 03 18 MAX    31
2021 10 14 16 33 MIN    11
2021 10 15 01 55 MAX    30
2021 10 15 07 22 MIN    26
2021 10 15 09 34 MAX    27
2021 10 15 17 35 MIN    12
2021 10 16 01 47 MAX    31
2021 10 16 07 33 MIN    24
2021 10 16 10 41 MAX    26
2021 10 16 18 31 MIN    11
2021 10 17 02 24 MAX    31
2021 10 17 07 44 MIN    22
2021 10 17 11 31 MAX    26
2021 10 17 19 19 MIN    10
2021 10 18 02 57 MAX    30
2021 10 18 07 45 MIN    20
2021 10 18 12 16 MAX    27
2021 10 18 20 02 MIN    10
2021 10 19 03 22 MAX    27
2021 10 19 07 49 MIN    17
2021 10 19 13 05 MAX    28
2021 10 19 20 37 MIN    11
2021 10 20 03 28 MAX    25
2021 10 20 08 08 MIN    14
2021 10 20 14 00 MAX    27
2021 10 20 20 59 MIN    13
2021 10 21 02 43 MAX    23
2021 10 21 08 39 MIN    10
2021 10 21 15 02 MAX    26
2021 10 21 21 03 MIN    16
2021 10 22 02 38 MAX    25
2021 10 22 09 24 MIN     6
2021 10 22 16 13 MAX    23
2021 10 22 21 00 MIN    19
2021 10 23 02 54 MAX    27
2021 10 23 10 22 MIN     3
2021 10 24 03 22 MAX    30
2021 10 24 11 31 MIN     2
2021 10 25 03 56 MAX    31
2021 10 25 12 48 MIN     1
2021 10 26 04 33 MAX    30
2021 10 26 13 53 MIN     1
2021 10 27 05 08 MAX    28
2021 10 27 14 37 MIN     2
2021 10 28 02 25 MAX    25
2021 10 28 15 06 MIN     4
2021 10 28 23 06 MAX    25
2021 10 29 00 47 MIN    24
2021 10 29 02 08 MAX    25
2021 10 29 15 21 MIN     4
2021 10 29 23 33 MAX    27
2021 10 30 15 55 MIN     4
2021 10 31 00 08 MAX    28
2021 10 31 07 07 MIN    18
2021 10 31 08 18 MAX    19
2021 10 31 16 46 MIN     4
2021 11 01 00 45 MAX    29
2021 11 01 06 57 MIN    18
2021 11 01 10 01 MAX    21
2021 11 01 17 34 MIN     4
2021 11 02 01 07 MAX    28
2021 11 02 06 50 MIN    16
2021 11 02 11 12 MAX    24
2021 11 02 18 16 MIN     5
2021 11 03 01 11 MAX    28
2021 11 03 07 01 MIN    12
2021 11 03 12 18 MAX    27
2021 11 03 18 54 MIN     8
2021 11 04 01 18 MAX    28
2021 11 04 07 31 MIN     7
2021 11 04 13 30 MAX    28
2021 11 04 19 28 MIN    12
2021 11 05 01 36 MAX    30
2021 11 05 08 11 MIN     4
2021 11 05 14 58 MAX    28
2021 11 05 19 58 MIN    16
2021 11 06 02 02 MAX    33
2021 11 06 09 02 MIN     1
2021 11 06 16 25 MAX    27
2021 11 06 20 27 MIN    20
2021 11 07 02 35 MAX    35
2021 11 07 10 02 MIN     0
2021 11 07 18 00 MAX    26
2021 11 07 20 57 MIN    23
2021 11 08 03 16 MAX    37
2021 11 08 11 10 MIN     0
2021 11 09 04 00 MAX    36
2021 11 09 12 31 MIN     1
2021 11 09 21 16 MAX    26
2021 11 09 22 23 MIN    25
2021 11 10 04 44 MAX    34
2021 11 10 14 04 MIN     2
2021 11 10 21 56 MAX    26
2021 11 10 23 21 MIN    25
2021 11 11 05 23 MAX    30
2021 11 11 15 05 MIN     3
2021 11 11 22 33 MAX    26
2021 11 12 04 13 MIN    24
2021 11 12 05 56 MAX    25
2021 11 12 15 57 MIN     4
2021 11 12 23 16 MAX    25
2021 11 13 16 46 MIN     4
2021 11 14 00 26 MAX    24
2021 11 14 17 38 MIN     5
2021 11 15 01 47 MAX    23
2021 11 15 07 22 MIN    13
2021 11 15 11 24 MAX    16
2021 11 15 18 31 MIN     6
2021 11 16 02 18 MAX    21
2021 11 16 07 16 MIN     9
2021 11 16 14 30 MAX    16
2021 11 16 19 20 MIN     7
2021 11 17 02 27 MAX    19
2021 11 17 07 30 MIN     6
2021 11 17 15 09 MAX    17
2021 11 17 19 43 MIN     9
2021 11 18 01 56 MAX    19
2021 11 18 07 55 MIN     3
2021 11 18 15 33 MAX    17
2021 11 18 19 43 MIN    11
2021 11 19 01 51 MAX    20
2021 11 19 08 30 MIN     0
2021 11 19 15 53 MAX    16
2021 11 19 19 39 MIN    13
2021 11 20 02 09 MAX    24
2021 11 20 09 16 MIN    -2
2021 11 20 16 15 MAX    14
2021 11 20 19 20 MIN    13
2021 11 21 02 39 MAX    27
2021 11 21 10 12 MIN    -3
2021 11 22 03 15 MAX    29
2021 11 22 11 25 MIN    -3
2021 11 23 03 51 MAX    29
2021 11 23 13 03 MIN    -3
2021 11 24 04 26 MAX    26
2021 11 24 13 57 MIN    -3
2021 11 25 04 57 MAX    22
2021 11 25 14 30 MIN    -3
2021 11 26 01 36 MAX    19
2021 11 26 14 46 MIN    -3
2021 11 26 22 44 MAX    19
2021 11 27 13 46 MIN    -4
2021 11 27 23 01 MAX    20
2021 11 28 14 37 MIN    -4
2021 11 28 23 20 MAX    21
2021 11 29 05 34 MIN    11
2021 11 29 07 42 MAX    12
2021 11 29 15 50 MIN    -4
2021 11 29 23 35 MAX    20
2021 11 30 05 40 MIN     9
2021 11 30 09 46 MAX    13
2021 11 30 16 42 MIN    -2
2021 11 30 23 46 MAX    20
2021 12 01 05 56 MIN     5
2021 12 01 11 01 MAX    16
2021 12 01 17 28 MIN     1
2021 12 02 00 02 MAX    21
2021 12 02 06 25 MIN     1
2021 12 02 12 07 MAX    19
2021 12 02 18 09 MIN     5
2021 12 03 00 25 MAX    23
2021 12 03 07 04 MIN    -2
2021 12 03 13 25 MAX    20
2021 12 03 18 45 MIN    10
2021 12 04 00 55 MAX    26
2021 12 04 07 52 MIN    -4
2021 12 04 15 07 MAX    21
2021 12 04 19 18 MIN    13
2021 12 05 01 34 MAX    29
2021 12 05 08 49 MIN    -5
2021 12 05 16 24 MAX    20
2021 12 05 19 49 MIN    16
2021 12 06 02 20 MAX    32
2021 12 06 09 54 MIN    -5
2021 12 06 18 09 MAX    18
2021 12 06 20 21 MIN    17
2021 12 07 03 09 MAX    33
2021 12 07 11 09 MIN    -5
2021 12 07 20 09 MAX    18
2021 12 07 21 06 MIN    17
2021 12 08 03 55 MAX    32
2021 12 08 12 45 MIN    -6
2021 12 09 04 36 MAX    28
2021 12 09 13 52 MIN    -6
2021 12 09 21 31 MAX    16
2021 12 09 23 08 MIN    15
2021 12 10 05 12 MAX    23
2021 12 10 14 42 MIN    -6
2021 12 10 22 05 MAX    15
2021 12 11 03 06 MIN    13
2021 12 11 05 43 MAX    16
2021 12 11 15 26 MIN    -5
2021 12 11 22 43 MAX    13
2021 12 12 04 05 MIN     9
2021 12 12 06 10 MAX    10
2021 12 12 16 10 MIN    -3
2021 12 12 23 25 MAX    11
2021 12 13 05 00 MIN     4
2021 12 13 10 35 MAX     6
2021 12 13 16 58 MIN    -1
2021 12 14 00 17 MAX     9
2021 12 14 05 47 MIN     0
2021 12 14 14 25 MAX     5
2021 12 14 20 12 MIN     1
2021 12 15 00 55 MAX     8
2021 12 15 06 29 MIN    -3
2021 12 15 15 01 MAX     7
2021 12 15 20 43 MIN     3
2021 12 16 00 52 MAX     9
2021 12 16 07 03 MIN    -6
2021 12 16 15 24 MAX     8
2021 12 16 18 40 MIN     5
2021 12 17 01 01 MAX    11
2021 12 17 07 40 MIN    -8
2021 12 17 15 34 MAX     8
2021 12 17 18 38 MIN     5
2021 12 18 01 23 MAX    15
2021 12 18 08 23 MIN    -9
2021 12 18 15 21 MAX     7
2021 12 18 18 37 MIN     5
2021 12 19 01 56 MAX    19
2021 12 19 09 15 MIN    -9
2021 12 19 15 27 MAX     5
2021 12 19 18 29 MIN     4
2021 12 20 02 31 MAX    22
2021 12 20 10 21 MIN    -8
2021 12 20 15 52 MAX     4
2021 12 20 18 09 MIN     2
2021 12 21 03 07 MAX    23
2021 12 21 11 55 MIN    -8
2021 12 21 16 26 MAX     2
2021 12 21 17 59 MIN     1
2021 12 22 03 40 MAX    22
2021 12 22 13 03 MIN    -9
2021 12 23 04 11 MAX    19
2021 12 23 13 43 MIN   -10
2021 12 24 04 40 MAX    14
2021 12 24 14 08 MIN   -10
2021 12 25 05 08 MAX    11
2021 12 25 14 13 MIN   -11
2021 12 25 22 06 MAX     9
2021 12 26 03 30 MIN     5
2021 12 26 05 41 MAX     7
2021 12 26 13 24 MIN   -12
2021 12 26 22 16 MAX     9
2021 12 27 03 56 MIN     3
2021 12 27 06 25 MAX     5
2021 12 27 14 00 MIN   -12
2021 12 27 22 27 MAX     9
2021 12 28 04 16 MIN     0
2021 12 28 07 47 MAX     4
2021 12 28 15 02 MIN   -10
2021 12 28 22 39 MAX     9
2021 12 29 04 40 MIN    -3
2021 12 29 09 55 MAX     6
2021 12 29 15 59 MIN    -6
2021 12 29 22 56 MAX    10
2021 12 30 05 14 MIN    -5
2021 12 30 10 58 MAX     9
2021 12 30 16 50 MIN    -2
2021 12 30 23 23 MAX    12
2021 12 31 05 55 MIN    -7
2021 12 31 12 00 MAX    11
2021 12 31 17 36 MIN     2
2021 12 31 23 58 MAX    14
