 <API - 조위예측극치자료>

대상조위관측소 : 안마도
위도(WGS84) : N 126.0161
경도(WGS84) : E 35.3456
관측기관 : 20201221 ~ 20220101

2020 12 21 01 15 MIN   149
2020 12 21 06 58 MAX   398
2020 12 21 12 56 MIN   129
2020 12 21 19 40 MAX   450
2020 12 22 02 06 MIN   160
2020 12 22 07 55 MAX   378
2020 12 22 13 54 MIN   163
2020 12 22 20 33 MAX   418
2020 12 23 03 05 MIN   165
2020 12 23 09 04 MAX   368
2020 12 23 15 10 MIN   187
2020 12 23 21 36 MAX   395
2020 12 24 04 09 MIN   160
2020 12 24 10 24 MAX   377
2020 12 24 16 39 MIN   193
2020 12 24 22 44 MAX   385
2020 12 25 05 10 MIN   146
2020 12 25 11 37 MAX   403
2020 12 25 17 53 MIN   182
2020 12 25 23 46 MAX   389
2020 12 26 06 01 MIN   125
2020 12 26 12 34 MAX   436
2020 12 26 18 49 MIN   164
2020 12 27 00 35 MAX   400
2020 12 27 06 44 MIN   103
2020 12 27 13 19 MAX   468
2020 12 27 19 34 MIN   147
2020 12 28 01 17 MAX   414
2020 12 28 07 23 MIN    83
2020 12 28 13 59 MAX   493
2020 12 28 20 12 MIN   135
2020 12 29 01 54 MAX   428
2020 12 29 07 58 MIN    67
2020 12 29 14 35 MAX   513
2020 12 29 20 48 MIN   126
2020 12 30 02 29 MAX   441
2020 12 30 08 33 MIN    54
2020 12 30 15 10 MAX   526
2020 12 30 21 23 MIN   121
2020 12 31 03 04 MAX   450
2020 12 31 09 07 MIN    43
2020 12 31 15 45 MAX   536
2020 12 31 21 59 MIN   116
2021 01 01 03 41 MAX   456
2021 01 01 09 43 MIN    37
2021 01 01 16 21 MAX   542
2021 01 01 22 36 MIN   112
2021 01 02 04 19 MAX   457
2021 01 02 10 21 MIN    35
2021 01 02 16 59 MAX   543
2021 01 02 23 15 MIN   109
2021 01 03 05 00 MAX   455
2021 01 03 11 01 MIN    40
2021 01 03 17 40 MAX   536
2021 01 03 23 57 MIN   108
2021 01 04 05 45 MAX   448
2021 01 04 11 45 MIN    54
2021 01 04 18 22 MAX   520
2021 01 05 00 42 MIN   109
2021 01 05 06 34 MAX   438
2021 01 05 12 35 MIN    77
2021 01 05 19 08 MAX   496
2021 01 06 01 31 MIN   112
2021 01 06 07 30 MAX   429
2021 01 06 13 34 MIN   108
2021 01 06 20 02 MAX   466
2021 01 07 02 27 MIN   114
2021 01 07 08 37 MAX   424
2021 01 07 14 47 MIN   138
2021 01 07 21 03 MAX   438
2021 01 08 03 31 MIN   111
2021 01 08 09 54 MAX   431
2021 01 08 16 14 MIN   155
2021 01 08 22 12 MAX   419
2021 01 09 04 40 MIN    99
2021 01 09 11 13 MAX   454
2021 01 09 17 38 MIN   153
2021 01 09 23 24 MAX   415
2021 01 10 05 45 MIN    79
2021 01 10 12 25 MAX   488
2021 01 10 18 49 MIN   138
2021 01 11 00 28 MAX   425
2021 01 11 06 44 MIN    55
2021 01 11 13 26 MAX   523
2021 01 11 19 47 MIN   121
2021 01 12 01 25 MAX   442
2021 01 12 07 38 MIN    34
2021 01 12 14 19 MAX   550
2021 01 12 20 38 MIN   107
2021 01 13 02 16 MAX   459
2021 01 13 08 27 MIN    21
2021 01 13 15 07 MAX   565
2021 01 13 21 24 MIN    99
2021 01 14 03 03 MAX   471
2021 01 14 09 12 MIN    16
2021 01 14 15 50 MAX   569
2021 01 14 22 06 MIN    95
2021 01 15 03 46 MAX   476
2021 01 15 09 53 MIN    21
2021 01 15 16 30 MAX   561
2021 01 15 22 45 MIN    95
2021 01 16 04 28 MAX   473
2021 01 16 10 32 MIN    34
2021 01 16 17 07 MAX   546
2021 01 16 23 21 MIN    99
2021 01 17 05 07 MAX   465
2021 01 17 11 08 MIN    53
2021 01 17 17 42 MAX   524
2021 01 17 23 55 MIN   105
2021 01 18 05 46 MAX   452
2021 01 18 11 43 MIN    78
2021 01 18 18 16 MAX   497
2021 01 19 00 29 MIN   114
2021 01 19 06 25 MAX   435
2021 01 19 12 20 MIN   108
2021 01 19 18 51 MAX   465
2021 01 20 01 05 MIN   126
2021 01 20 07 08 MAX   416
2021 01 20 13 03 MIN   142
2021 01 20 19 28 MAX   430
2021 01 21 01 47 MIN   141
2021 01 21 07 59 MAX   398
2021 01 21 13 58 MIN   179
2021 01 21 20 15 MAX   395
2021 01 22 02 40 MIN   155
2021 01 22 09 05 MAX   385
2021 01 22 15 16 MIN   209
2021 01 22 21 17 MAX   366
2021 01 23 03 46 MIN   163
2021 01 23 10 28 MAX   387
2021 01 23 16 54 MIN   219
2021 01 23 22 36 MAX   354
2021 01 24 04 58 MIN   158
2021 01 24 11 50 MAX   408
2021 01 24 18 16 MIN   207
2021 01 24 23 49 MAX   361
2021 01 25 06 01 MIN   140
2021 01 25 12 51 MAX   438
2021 01 25 19 12 MIN   186
2021 01 26 00 45 MAX   382
2021 01 26 06 53 MIN   114
2021 01 26 13 38 MAX   470
2021 01 26 19 55 MIN   163
2021 01 27 01 30 MAX   407
2021 01 27 07 37 MIN    87
2021 01 27 14 18 MAX   499
2021 01 27 20 33 MIN   141
2021 01 28 02 11 MAX   433
2021 01 28 08 17 MIN    61
2021 01 28 14 55 MAX   524
2021 01 28 21 09 MIN   120
2021 01 29 02 51 MAX   456
2021 01 29 08 56 MIN    38
2021 01 29 15 31 MAX   545
2021 01 29 21 45 MIN   100
2021 01 30 03 30 MAX   476
2021 01 30 09 34 MIN    22
2021 01 30 16 08 MAX   560
2021 01 30 22 21 MIN    83
2021 01 31 04 10 MAX   491
2021 01 31 10 13 MIN    14
2021 01 31 16 44 MAX   566
2021 01 31 22 58 MIN    71
2021 02 01 04 51 MAX   500
2021 02 01 10 54 MIN    17
2021 02 01 17 21 MAX   560
2021 02 01 23 35 MIN    64
2021 02 02 05 34 MAX   501
2021 02 02 11 36 MIN    33
2021 02 02 18 00 MAX   541
2021 02 03 00 13 MIN    65
2021 02 03 06 18 MAX   495
2021 02 03 12 22 MIN    62
2021 02 03 18 41 MAX   510
2021 02 04 00 55 MIN    74
2021 02 04 07 08 MAX   481
2021 02 04 13 13 MIN   104
2021 02 04 19 26 MAX   470
2021 02 05 01 42 MIN    90
2021 02 05 08 06 MAX   461
2021 02 05 14 18 MIN   150
2021 02 05 20 20 MAX   427
2021 02 06 02 42 MIN   108
2021 02 06 09 19 MAX   445
2021 02 06 15 45 MIN   186
2021 02 06 21 30 MAX   392
2021 02 07 03 58 MIN   120
2021 02 07 10 50 MAX   445
2021 02 07 17 26 MIN   194
2021 02 07 22 56 MAX   380
2021 02 08 05 23 MIN   114
2021 02 08 12 17 MAX   469
2021 02 08 18 48 MIN   175
2021 02 09 00 17 MAX   394
2021 02 09 06 37 MIN    92
2021 02 09 13 24 MAX   503
2021 02 09 19 48 MIN   148
2021 02 10 01 20 MAX   423
2021 02 10 07 36 MIN    66
2021 02 10 14 16 MAX   532
2021 02 10 20 34 MIN   123
2021 02 11 02 12 MAX   452
2021 02 11 08 24 MIN    45
2021 02 11 14 59 MAX   550
2021 02 11 21 14 MIN   103
2021 02 12 02 56 MAX   476
2021 02 12 09 05 MIN    34
2021 02 12 15 36 MAX   557
2021 02 12 21 49 MIN    89
2021 02 13 03 35 MAX   491
2021 02 13 09 41 MIN    33
2021 02 13 16 10 MAX   555
2021 02 13 22 21 MIN    80
2021 02 14 04 12 MAX   498
2021 02 14 10 14 MIN    39
2021 02 14 16 41 MAX   546
2021 02 14 22 50 MIN    76
2021 02 15 04 46 MAX   499
2021 02 15 10 46 MIN    52
2021 02 15 17 10 MAX   530
2021 02 15 23 18 MIN    77
2021 02 16 05 20 MAX   493
2021 02 16 11 17 MIN    71
2021 02 16 17 39 MAX   508
2021 02 16 23 46 MIN    83
2021 02 17 05 54 MAX   482
2021 02 17 11 51 MIN    97
2021 02 17 18 08 MAX   480
2021 02 18 00 15 MIN    96
2021 02 18 06 30 MAX   465
2021 02 18 12 27 MIN   131
2021 02 18 18 38 MAX   446
2021 02 19 00 48 MIN   116
2021 02 19 07 10 MAX   442
2021 02 19 13 10 MIN   171
2021 02 19 19 14 MAX   409
2021 02 20 01 28 MIN   141
2021 02 20 08 00 MAX   417
2021 02 20 14 07 MIN   213
2021 02 20 20 00 MAX   372
2021 02 21 02 22 MIN   166
2021 02 21 09 10 MAX   397
2021 02 21 15 40 MIN   242
2021 02 21 21 13 MAX   344
2021 02 22 03 43 MIN   180
2021 02 22 10 50 MAX   396
2021 02 22 17 34 MIN   239
2021 02 22 22 53 MAX   341
2021 02 23 05 13 MIN   171
2021 02 23 12 17 MAX   423
2021 02 23 18 47 MIN   211
2021 02 24 00 14 MAX   365
2021 02 24 06 23 MIN   141
2021 02 24 13 13 MAX   460
2021 02 24 19 34 MIN   176
2021 02 25 01 10 MAX   403
2021 02 25 07 16 MIN   102
2021 02 25 13 56 MAX   499
2021 02 25 20 12 MIN   139
2021 02 26 01 55 MAX   443
2021 02 26 08 00 MIN    64
2021 02 26 14 34 MAX   533
2021 02 26 20 48 MIN   104
2021 02 27 02 36 MAX   482
2021 02 27 08 41 MIN    32
2021 02 27 15 10 MAX   561
2021 02 27 21 23 MIN    72
2021 02 28 03 16 MAX   515
2021 02 28 09 22 MIN    10
2021 02 28 15 46 MAX   579
2021 02 28 21 58 MIN    48
2021 03 01 03 57 MAX   541
2021 03 01 10 02 MIN     1
2021 03 01 16 22 MAX   583
2021 03 01 22 33 MIN    32
2021 03 02 04 37 MAX   557
2021 03 02 10 42 MIN     8
2021 03 02 16 58 MAX   573
2021 03 02 23 08 MIN    26
2021 03 03 05 18 MAX   560
2021 03 03 11 24 MIN    30
2021 03 03 17 35 MAX   549
2021 03 03 23 44 MIN    32
2021 03 04 06 01 MAX   550
2021 03 04 12 08 MIN    67
2021 03 04 18 14 MAX   512
2021 03 05 00 23 MIN    51
2021 03 05 06 48 MAX   526
2021 03 05 12 58 MIN   117
2021 03 05 18 57 MAX   466
2021 03 06 01 08 MIN    80
2021 03 06 07 43 MAX   492
2021 03 06 14 00 MIN   170
2021 03 06 19 49 MAX   417
2021 03 07 02 05 MIN   115
2021 03 07 08 56 MAX   457
2021 03 07 15 31 MIN   212
2021 03 07 21 01 MAX   375
2021 03 08 03 29 MIN   144
2021 03 08 10 36 MAX   443
2021 03 08 17 24 MIN   216
2021 03 08 22 43 MAX   362
2021 03 09 05 13 MIN   145
2021 03 09 12 12 MAX   462
2021 03 09 18 46 MIN   188
2021 03 10 00 14 MAX   386
2021 03 10 06 35 MIN   120
2021 03 10 13 16 MAX   494
2021 03 10 19 39 MIN   152
2021 03 11 01 17 MAX   426
2021 03 11 07 31 MIN    90
2021 03 11 14 03 MAX   520
2021 03 11 20 19 MIN   120
2021 03 12 02 03 MAX   463
2021 03 12 08 15 MIN    67
2021 03 12 14 40 MAX   537
2021 03 12 20 53 MIN    95
2021 03 13 02 43 MAX   493
2021 03 13 08 51 MIN    54
2021 03 13 15 12 MAX   545
2021 03 13 21 22 MIN    77
2021 03 14 03 18 MAX   514
2021 03 14 09 24 MIN    50
2021 03 14 15 42 MAX   545
2021 03 14 21 50 MIN    64
2021 03 15 03 51 MAX   526
2021 03 15 09 54 MIN    52
2021 03 15 16 10 MAX   539
2021 03 15 22 15 MIN    58
2021 03 16 04 23 MAX   532
2021 03 16 10 24 MIN    61
2021 03 16 16 37 MAX   527
2021 03 16 22 41 MIN    58
2021 03 17 04 54 MAX   531
2021 03 17 10 54 MIN    78
2021 03 17 17 04 MAX   509
2021 03 17 23 07 MIN    65
2021 03 18 05 25 MAX   522
2021 03 18 11 26 MIN   102
2021 03 18 17 31 MAX   484
2021 03 18 23 34 MIN    79
2021 03 19 05 58 MAX   505
2021 03 19 12 00 MIN   134
2021 03 19 17 59 MAX   454
2021 03 20 00 04 MIN   101
2021 03 20 06 34 MAX   481
2021 03 20 12 38 MIN   172
2021 03 20 18 31 MAX   420
2021 03 21 00 38 MIN   128
2021 03 21 07 16 MAX   451
2021 03 21 13 27 MIN   212
2021 03 21 19 11 MAX   384
2021 03 22 01 24 MIN   158
2021 03 22 08 16 MAX   422
2021 03 22 14 44 MIN   245
2021 03 22 20 13 MAX   352
2021 03 23 02 37 MIN   183
2021 03 23 09 48 MAX   407
2021 03 23 16 44 MIN   248
2021 03 23 21 59 MAX   340
2021 03 24 04 23 MIN   185
2021 03 24 11 30 MAX   424
2021 03 24 18 11 MIN   216
2021 03 24 23 40 MAX   365
2021 03 25 05 50 MIN   154
2021 03 25 12 36 MAX   461
2021 03 25 19 02 MIN   171
2021 03 26 00 44 MAX   412
2021 03 26 06 50 MIN   110
2021 03 26 13 23 MAX   503
2021 03 26 19 41 MIN   123
2021 03 27 01 33 MAX   464
2021 03 27 07 39 MIN    67
2021 03 27 14 03 MAX   539
2021 03 27 20 18 MIN    80
2021 03 28 02 16 MAX   514
2021 03 28 08 22 MIN    32
2021 03 28 14 41 MAX   566
2021 03 28 20 53 MIN    44
2021 03 29 02 57 MAX   556
2021 03 29 09 04 MIN    11
2021 03 29 15 18 MAX   580
2021 03 29 21 27 MIN    18
2021 03 30 03 38 MAX   587
2021 03 30 09 46 MIN     6
2021 03 30 15 55 MAX   580
2021 03 30 22 03 MIN     4
2021 03 31 04 18 MAX   603
2021 03 31 10 28 MIN    18
2021 03 31 16 33 MAX   565
2021 03 31 22 39 MIN     4
2021 04 01 05 00 MAX   603
2021 04 01 11 11 MIN    46
2021 04 01 17 11 MAX   538
2021 04 01 23 17 MIN    17
2021 04 02 05 44 MAX   585
2021 04 02 11 57 MIN    88
2021 04 02 17 51 MAX   500
2021 04 02 23 57 MIN    44
2021 04 03 06 33 MAX   552
2021 04 03 12 48 MIN   137
2021 04 03 18 35 MAX   454
2021 04 04 00 44 MIN    83
2021 04 04 07 29 MAX   508
2021 04 04 13 53 MIN   187
2021 04 04 19 30 MAX   406
2021 04 05 01 44 MIN   127
2021 04 05 08 43 MAX   466
2021 04 05 15 25 MIN   219
2021 04 05 20 47 MAX   369
2021 04 06 03 14 MIN   161
2021 04 06 10 21 MAX   447
2021 04 06 17 11 MIN   214
2021 04 06 22 34 MAX   364
2021 04 07 05 02 MIN   164
2021 04 07 11 51 MAX   458
2021 04 07 18 26 MIN   183
2021 04 08 00 03 MAX   394
2021 04 08 06 21 MIN   141
2021 04 08 12 52 MAX   481
2021 04 08 19 14 MIN   147
2021 04 09 01 02 MAX   435
2021 04 09 07 15 MIN   114
2021 04 09 13 35 MAX   501
2021 04 09 19 51 MIN   114
2021 04 10 01 45 MAX   474
2021 04 10 07 56 MIN    92
2021 04 10 14 10 MAX   514
2021 04 10 20 21 MIN    88
2021 04 11 02 22 MAX   506
2021 04 11 08 30 MIN    79
2021 04 11 14 41 MAX   521
2021 04 11 20 49 MIN    69
2021 04 12 02 56 MAX   529
2021 04 12 09 01 MIN    73
2021 04 12 15 10 MAX   523
2021 04 12 21 15 MIN    58
2021 04 13 03 27 MAX   544
2021 04 13 09 32 MIN    74
2021 04 13 15 37 MAX   519
2021 04 13 21 40 MIN    52
2021 04 14 03 58 MAX   552
2021 04 14 10 03 MIN    82
2021 04 14 16 05 MAX   510
2021 04 14 22 06 MIN    54
2021 04 15 04 29 MAX   551
2021 04 15 10 34 MIN    97
2021 04 15 16 32 MAX   495
2021 04 15 22 33 MIN    62
2021 04 16 05 00 MAX   543
2021 04 16 11 06 MIN   118
2021 04 16 17 01 MAX   476
2021 04 16 23 01 MIN    76
2021 04 17 05 32 MAX   527
2021 04 17 11 40 MIN   145
2021 04 17 17 30 MAX   452
2021 04 17 23 31 MIN    95
2021 04 18 06 07 MAX   504
2021 04 18 12 18 MIN   176
2021 04 18 18 03 MAX   424
2021 04 19 00 06 MIN   119
2021 04 19 06 49 MAX   477
2021 04 19 13 05 MIN   207
2021 04 19 18 44 MAX   394
2021 04 20 00 52 MIN   147
2021 04 20 07 45 MAX   448
2021 04 20 14 15 MIN   231
2021 04 20 19 47 MAX   365
2021 04 21 02 01 MIN   173
2021 04 21 09 05 MAX   431
2021 04 21 15 55 MIN   231
2021 04 21 21 23 MAX   354
2021 04 22 03 40 MIN   180
2021 04 22 10 36 MAX   437
2021 04 22 17 21 MIN   200
2021 04 22 23 02 MAX   379
2021 04 23 05 13 MIN   156
2021 04 23 11 49 MAX   466
2021 04 23 18 18 MIN   154
2021 04 24 00 12 MAX   429
2021 04 24 06 20 MIN   116
2021 04 24 12 42 MAX   499
2021 04 24 19 01 MIN   105
2021 04 25 01 05 MAX   486
2021 04 25 07 13 MIN    77
2021 04 25 13 27 MAX   529
2021 04 25 19 40 MIN    62
2021 04 26 01 50 MAX   540
2021 04 26 07 59 MIN    47
2021 04 26 14 08 MAX   550
2021 04 26 20 18 MIN    27
2021 04 27 02 34 MAX   584
2021 04 27 08 44 MIN    32
2021 04 27 14 48 MAX   559
2021 04 27 20 55 MIN     5
2021 04 28 03 17 MAX   613
2021 04 28 09 29 MIN    33
2021 04 28 15 28 MAX   555
2021 04 28 21 33 MIN    -4
2021 04 29 04 00 MAX   625
2021 04 29 10 14 MIN    48
2021 04 29 16 08 MAX   540
2021 04 29 22 13 MIN     2
2021 04 30 04 45 MAX   619
2021 04 30 11 00 MIN    76
2021 04 30 16 50 MAX   515
2021 04 30 22 55 MIN    21
2021 05 01 05 31 MAX   596
2021 05 01 11 50 MIN   112
2021 05 01 17 34 MAX   482
2021 05 01 23 40 MIN    52
2021 05 02 06 22 MAX   559
2021 05 02 12 44 MIN   152
2021 05 02 18 22 MAX   443
2021 05 03 00 30 MIN    93
2021 05 03 07 20 MAX   515
2021 05 03 13 49 MIN   187
2021 05 03 19 20 MAX   405
2021 05 04 01 32 MIN   136
2021 05 04 08 29 MAX   476
2021 05 04 15 09 MIN   206
2021 05 04 20 37 MAX   378
2021 05 05 02 57 MIN   169
2021 05 05 09 50 MAX   452
2021 05 05 16 36 MIN   201
2021 05 05 22 11 MAX   376
2021 05 06 04 33 MIN   178
2021 05 06 11 09 MAX   449
2021 05 06 17 44 MIN   176
2021 05 06 23 34 MAX   401
2021 05 07 05 51 MIN   165
2021 05 07 12 09 MAX   458
2021 05 07 18 33 MIN   146
2021 05 08 00 33 MAX   438
2021 05 08 06 46 MIN   144
2021 05 08 12 55 MAX   470
2021 05 08 19 11 MIN   117
2021 05 09 01 18 MAX   475
2021 05 09 07 29 MIN   126
2021 05 09 13 33 MAX   480
2021 05 09 19 42 MIN    94
2021 05 10 01 56 MAX   507
2021 05 10 08 05 MIN   113
2021 05 10 14 06 MAX   488
2021 05 10 20 12 MIN    77
2021 05 11 02 31 MAX   531
2021 05 11 08 39 MIN   106
2021 05 11 14 36 MAX   491
2021 05 11 20 40 MIN    67
2021 05 12 03 04 MAX   546
2021 05 12 09 11 MIN   106
2021 05 12 15 06 MAX   490
2021 05 12 21 08 MIN    63
2021 05 13 03 36 MAX   553
2021 05 13 09 44 MIN   113
2021 05 13 15 36 MAX   485
2021 05 13 21 36 MIN    65
2021 05 14 04 07 MAX   553
2021 05 14 10 17 MIN   125
2021 05 14 16 06 MAX   476
2021 05 14 22 05 MIN    72
2021 05 15 04 39 MAX   546
2021 05 15 10 51 MIN   140
2021 05 15 16 36 MAX   463
2021 05 15 22 35 MIN    82
2021 05 16 05 13 MAX   534
2021 05 16 11 26 MIN   158
2021 05 16 17 09 MAX   447
2021 05 16 23 09 MIN    95
2021 05 17 05 50 MAX   518
2021 05 17 12 06 MIN   176
2021 05 17 17 47 MAX   427
2021 05 17 23 47 MIN   113
2021 05 18 06 33 MAX   498
2021 05 18 12 54 MIN   193
2021 05 18 18 33 MAX   406
2021 05 19 00 35 MIN   134
2021 05 19 07 26 MAX   477
2021 05 19 13 56 MIN   203
2021 05 19 19 35 MAX   387
2021 05 20 01 40 MIN   156
2021 05 20 08 32 MAX   461
2021 05 20 15 12 MIN   198
2021 05 20 20 56 MAX   383
2021 05 21 03 05 MIN   167
2021 05 21 09 46 MAX   457
2021 05 21 16 26 MIN   174
2021 05 21 22 22 MAX   405
2021 05 22 04 33 MIN   157
2021 05 22 10 57 MAX   467
2021 05 22 17 27 MIN   137
2021 05 22 23 34 MAX   450
2021 05 23 05 46 MIN   132
2021 05 23 11 57 MAX   485
2021 05 23 18 17 MIN    96
2021 05 24 00 33 MAX   503
2021 05 24 06 45 MIN   104
2021 05 24 12 48 MAX   503
2021 05 24 19 01 MIN    59
2021 05 25 01 24 MAX   553
2021 05 25 07 37 MIN    83
2021 05 25 13 35 MAX   517
2021 05 25 19 44 MIN    30
2021 05 26 02 12 MAX   592
2021 05 26 08 27 MIN    73
2021 05 26 14 20 MAX   523
2021 05 26 20 26 MIN    13
2021 05 27 02 59 MAX   616
2021 05 27 09 15 MIN    75
2021 05 27 15 04 MAX   521
2021 05 27 21 09 MIN     9
2021 05 28 03 46 MAX   623
2021 05 28 10 04 MIN    87
2021 05 28 15 49 MAX   512
2021 05 28 21 54 MIN    17
2021 05 29 04 34 MAX   614
2021 05 29 10 53 MIN   107
2021 05 29 16 35 MAX   495
2021 05 29 22 40 MIN    36
2021 05 30 05 23 MAX   592
2021 05 30 11 45 MIN   129
2021 05 30 17 22 MAX   472
2021 05 30 23 28 MIN    65
2021 05 31 06 13 MAX   561
2021 05 31 12 37 MIN   152
2021 05 31 18 13 MAX   446
2021 06 01 00 20 MIN   100
2021 06 01 07 05 MAX   524
2021 06 01 13 33 MIN   172
2021 06 01 19 09 MAX   420
2021 06 02 01 16 MIN   138
2021 06 02 08 02 MAX   488
2021 06 02 14 35 MIN   184
2021 06 02 20 14 MAX   400
2021 06 03 02 23 MIN   171
2021 06 03 09 03 MAX   457
2021 06 03 15 41 MIN   185
2021 06 03 21 29 MAX   394
2021 06 04 03 44 MIN   192
2021 06 04 10 09 MAX   438
2021 06 04 16 44 MIN   174
2021 06 04 22 47 MAX   407
2021 06 05 05 03 MIN   194
2021 06 05 11 12 MAX   432
2021 06 05 17 38 MIN   155
2021 06 05 23 53 MAX   435
2021 06 06 06 07 MIN   183
2021 06 06 12 06 MAX   435
2021 06 06 18 22 MIN   134
2021 06 07 00 44 MAX   467
2021 06 07 06 57 MIN   168
2021 06 07 12 51 MAX   443
2021 06 07 19 00 MIN   115
2021 06 08 01 28 MAX   497
2021 06 08 07 40 MIN   155
2021 06 08 13 30 MAX   451
2021 06 08 19 35 MIN   100
2021 06 09 02 06 MAX   521
2021 06 09 08 18 MIN   147
2021 06 09 14 05 MAX   458
2021 06 09 20 08 MIN    90
2021 06 10 02 42 MAX   537
2021 06 10 08 54 MIN   144
2021 06 10 14 39 MAX   462
2021 06 10 20 39 MIN    85
2021 06 11 03 16 MAX   545
2021 06 11 09 29 MIN   146
2021 06 11 15 12 MAX   464
2021 06 11 21 12 MIN    83
2021 06 12 03 50 MAX   548
2021 06 12 10 04 MIN   150
2021 06 12 15 45 MAX   462
2021 06 12 21 44 MIN    83
2021 06 13 04 24 MAX   547
2021 06 13 10 40 MIN   155
2021 06 13 16 20 MAX   459
2021 06 13 22 19 MIN    86
2021 06 14 05 00 MAX   543
2021 06 14 11 17 MIN   160
2021 06 14 16 57 MAX   452
2021 06 14 22 56 MIN    92
2021 06 15 05 38 MAX   536
2021 06 15 11 57 MIN   164
2021 06 15 17 38 MAX   442
2021 06 15 23 37 MIN   103
2021 06 16 06 20 MAX   525
2021 06 16 12 42 MIN   166
2021 06 16 18 26 MAX   432
2021 06 17 00 25 MIN   120
2021 06 17 07 07 MAX   509
2021 06 17 13 33 MIN   166
2021 06 17 19 22 MAX   424
2021 06 18 01 22 MIN   140
2021 06 18 08 00 MAX   491
2021 06 18 14 31 MIN   161
2021 06 18 20 29 MAX   424
2021 06 19 02 33 MIN   159
2021 06 19 09 01 MAX   474
2021 06 19 15 33 MIN   148
2021 06 19 21 43 MAX   438
2021 06 20 03 54 MIN   167
2021 06 20 10 07 MAX   464
2021 06 20 16 34 MIN   127
2021 06 20 22 56 MAX   469
2021 06 21 05 13 MIN   161
2021 06 21 11 11 MAX   464
2021 06 21 17 32 MIN   101
2021 06 22 00 03 MAX   509
2021 06 22 06 21 MIN   147
2021 06 22 12 12 MAX   470
2021 06 22 18 26 MIN    74
2021 06 23 01 02 MAX   550
2021 06 23 07 21 MIN   133
2021 06 23 13 07 MAX   480
2021 06 23 19 16 MIN    52
2021 06 24 01 57 MAX   583
2021 06 24 08 16 MIN   123
2021 06 24 13 58 MAX   490
2021 06 24 20 06 MIN    38
2021 06 25 02 49 MAX   604
2021 06 25 09 08 MIN   119
2021 06 25 14 48 MAX   495
2021 06 25 20 56 MIN    33
2021 06 26 03 38 MAX   611
2021 06 26 09 58 MIN   119
2021 06 26 15 37 MAX   496
2021 06 26 21 44 MIN    38
2021 06 27 04 26 MAX   607
2021 06 27 10 47 MIN   124
2021 06 27 16 25 MAX   492
2021 06 27 22 32 MIN    52
2021 06 28 05 13 MAX   591
2021 06 28 11 34 MIN   131
2021 06 28 17 12 MAX   481
2021 06 28 23 18 MIN    74
2021 06 29 05 57 MAX   567
2021 06 29 12 18 MIN   140
2021 06 29 17 59 MAX   466
2021 06 30 00 02 MIN   103
2021 06 30 06 40 MAX   536
2021 06 30 13 03 MIN   150
2021 06 30 18 47 MAX   449
2021 07 01 00 48 MIN   137
2021 07 01 07 23 MAX   502
2021 07 01 13 48 MIN   160
2021 07 01 19 39 MAX   431
2021 07 02 01 39 MIN   171
2021 07 02 08 09 MAX   467
2021 07 02 14 36 MIN   168
2021 07 02 20 39 MAX   419
2021 07 03 02 42 MIN   202
2021 07 03 09 01 MAX   436
2021 07 03 15 32 MIN   173
2021 07 03 21 48 MAX   417
2021 07 04 04 00 MIN   222
2021 07 04 10 02 MAX   414
2021 07 04 16 30 MIN   170
2021 07 04 23 02 MAX   430
2021 07 05 05 20 MIN   224
2021 07 05 11 07 MAX   406
2021 07 05 17 27 MIN   161
2021 07 06 00 07 MAX   455
2021 07 06 06 26 MIN   214
2021 07 06 12 07 MAX   409
2021 07 06 18 17 MIN   147
2021 07 07 01 01 MAX   482
2021 07 07 07 19 MIN   200
2021 07 07 12 56 MAX   420
2021 07 07 19 02 MIN   131
2021 07 08 01 46 MAX   507
2021 07 08 08 02 MIN   187
2021 07 08 13 38 MAX   434
2021 07 08 19 42 MIN   117
2021 07 09 02 25 MAX   526
2021 07 09 08 40 MIN   177
2021 07 09 14 17 MAX   447
2021 07 09 20 19 MIN   104
2021 07 10 03 02 MAX   540
2021 07 10 09 16 MIN   169
2021 07 10 14 53 MAX   458
2021 07 10 20 55 MIN    93
2021 07 11 03 37 MAX   551
2021 07 11 09 52 MIN   161
2021 07 11 15 30 MAX   467
2021 07 11 21 31 MIN    85
2021 07 12 04 12 MAX   559
2021 07 12 10 28 MIN   152
2021 07 12 16 09 MAX   474
2021 07 12 22 09 MIN    81
2021 07 13 04 47 MAX   564
2021 07 13 11 04 MIN   144
2021 07 13 16 48 MAX   477
2021 07 13 22 47 MIN    81
2021 07 14 05 23 MAX   563
2021 07 14 11 42 MIN   136
2021 07 14 17 30 MAX   478
2021 07 14 23 28 MIN    89
2021 07 15 06 02 MAX   555
2021 07 15 12 21 MIN   131
2021 07 15 18 15 MAX   477
2021 07 16 00 13 MIN   105
2021 07 16 06 43 MAX   538
2021 07 16 13 03 MIN   129
2021 07 16 19 04 MAX   473
2021 07 17 01 04 MIN   131
2021 07 17 07 28 MAX   512
2021 07 17 13 50 MIN   130
2021 07 17 20 01 MAX   470
2021 07 18 02 05 MIN   161
2021 07 18 08 20 MAX   482
2021 07 18 14 44 MIN   131
2021 07 18 21 08 MAX   471
2021 07 19 03 20 MIN   188
2021 07 19 09 21 MAX   455
2021 07 19 15 47 MIN   129
2021 07 19 22 24 MAX   482
2021 07 20 04 47 MIN   200
2021 07 20 10 32 MAX   439
2021 07 20 16 56 MIN   120
2021 07 20 23 42 MAX   507
2021 07 21 06 09 MIN   194
2021 07 21 11 45 MAX   439
2021 07 21 18 02 MIN   102
2021 07 22 00 52 MAX   539
2021 07 22 07 17 MIN   177
2021 07 22 12 51 MAX   453
2021 07 22 19 04 MIN    82
2021 07 23 01 52 MAX   571
2021 07 23 08 15 MIN   158
2021 07 23 13 49 MAX   472
2021 07 23 20 00 MIN    64
2021 07 24 02 45 MAX   593
2021 07 24 09 05 MIN   141
2021 07 24 14 41 MAX   490
2021 07 24 20 51 MIN    53
2021 07 25 03 32 MAX   605
2021 07 25 09 51 MIN   129
2021 07 25 15 29 MAX   503
2021 07 25 21 38 MIN    52
2021 07 26 04 15 MAX   604
2021 07 26 10 33 MIN   122
2021 07 26 16 14 MAX   509
2021 07 26 22 20 MIN    61
2021 07 27 04 54 MAX   593
2021 07 27 11 11 MIN   119
2021 07 27 16 57 MAX   508
2021 07 27 23 00 MIN    78
2021 07 28 05 31 MAX   573
2021 07 28 11 47 MIN   120
2021 07 28 17 37 MAX   499
2021 07 28 23 37 MIN   103
2021 07 29 06 05 MAX   546
2021 07 29 12 22 MIN   126
2021 07 29 18 18 MAX   486
2021 07 30 00 15 MIN   134
2021 07 30 06 39 MAX   514
2021 07 30 12 56 MIN   137
2021 07 30 19 00 MAX   470
2021 07 31 00 56 MIN   168
2021 07 31 07 15 MAX   479
2021 07 31 13 34 MIN   152
2021 07 31 19 48 MAX   452
2021 08 01 01 46 MIN   206
2021 08 01 07 56 MAX   442
2021 08 01 14 19 MIN   169
2021 08 01 20 46 MAX   436
2021 08 02 02 53 MIN   239
2021 08 02 08 49 MAX   408
2021 08 02 15 17 MIN   184
2021 08 02 22 01 MAX   430
2021 08 03 04 25 MIN   258
2021 08 03 10 01 MAX   386
2021 08 03 16 27 MIN   189
2021 08 03 23 26 MAX   441
2021 08 04 05 55 MIN   253
2021 08 04 11 21 MAX   384
2021 08 04 17 36 MIN   180
2021 08 05 00 36 MAX   466
2021 08 05 07 00 MIN   234
2021 08 05 12 27 MAX   400
2021 08 05 18 34 MIN   160
2021 08 06 01 28 MAX   495
2021 08 06 07 47 MIN   212
2021 08 06 13 17 MAX   423
2021 08 06 19 22 MIN   136
2021 08 07 02 09 MAX   522
2021 08 07 08 25 MIN   189
2021 08 07 14 00 MAX   448
2021 08 07 20 04 MIN   111
2021 08 08 02 45 MAX   545
2021 08 08 09 00 MIN   167
2021 08 08 14 39 MAX   472
2021 08 08 20 42 MIN    90
2021 08 09 03 19 MAX   565
2021 08 09 09 34 MIN   146
2021 08 09 15 17 MAX   493
2021 08 09 21 20 MIN    73
2021 08 10 03 53 MAX   580
2021 08 10 10 08 MIN   126
2021 08 10 15 56 MAX   511
2021 08 10 21 58 MIN    63
2021 08 11 04 27 MAX   588
2021 08 11 10 42 MIN   109
2021 08 11 16 35 MAX   524
2021 08 11 22 36 MIN    63
2021 08 12 05 02 MAX   587
2021 08 12 11 17 MIN    98
2021 08 12 17 15 MAX   531
2021 08 12 23 16 MIN    73
2021 08 13 05 38 MAX   575
2021 08 13 11 52 MIN    94
2021 08 13 17 57 MAX   532
2021 08 13 23 59 MIN    96
2021 08 14 06 16 MAX   551
2021 08 14 12 30 MIN    97
2021 08 14 18 43 MAX   524
2021 08 15 00 46 MIN   130
2021 08 15 06 57 MAX   517
2021 08 15 13 12 MIN   108
2021 08 15 19 36 MAX   510
2021 08 16 01 43 MIN   173
2021 08 16 07 45 MAX   476
2021 08 16 14 04 MIN   126
2021 08 16 20 40 MAX   492
2021 08 17 02 59 MIN   213
2021 08 17 08 47 MAX   438
2021 08 17 15 12 MIN   142
2021 08 17 22 03 MAX   484
2021 08 18 04 39 MIN   233
2021 08 18 10 08 MAX   414
2021 08 18 16 36 MIN   145
2021 08 18 23 36 MAX   499
2021 08 19 06 12 MIN   221
2021 08 19 11 36 MAX   417
2021 08 19 17 59 MIN   129
2021 08 20 00 53 MAX   531
2021 08 20 07 20 MIN   192
2021 08 20 12 50 MAX   443
2021 08 20 19 06 MIN   102
2021 08 21 01 50 MAX   563
2021 08 21 08 12 MIN   160
2021 08 21 13 47 MAX   476
2021 08 21 20 00 MIN    77
2021 08 22 02 37 MAX   587
2021 08 22 08 55 MIN   134
2021 08 22 14 36 MAX   506
2021 08 22 20 46 MIN    61
2021 08 23 03 18 MAX   597
2021 08 23 09 33 MIN   114
2021 08 23 15 19 MAX   526
2021 08 23 21 26 MIN    58
2021 08 24 03 54 MAX   597
2021 08 24 10 07 MIN   102
2021 08 24 15 58 MAX   538
2021 08 24 22 03 MIN    65
2021 08 25 04 27 MAX   587
2021 08 25 10 39 MIN    95
2021 08 25 16 35 MAX   540
2021 08 25 22 37 MIN    80
2021 08 26 04 58 MAX   569
2021 08 26 11 08 MIN    96
2021 08 26 17 10 MAX   535
2021 08 26 23 10 MIN   101
2021 08 27 05 27 MAX   546
2021 08 27 11 37 MIN   102
2021 08 27 17 46 MAX   524
2021 08 27 23 44 MIN   129
2021 08 28 05 57 MAX   516
2021 08 28 12 06 MIN   116
2021 08 28 18 22 MAX   506
2021 08 29 00 21 MIN   163
2021 08 29 06 28 MAX   482
2021 08 29 12 38 MIN   137
2021 08 29 19 02 MAX   483
2021 08 30 01 03 MIN   203
2021 08 30 07 03 MAX   443
2021 08 30 13 17 MIN   163
2021 08 30 19 51 MAX   456
2021 08 31 01 59 MIN   243
2021 08 31 07 47 MAX   405
2021 08 31 14 09 MIN   190
2021 08 31 21 00 MAX   434
2021 09 01 03 29 MIN   273
2021 09 01 08 56 MAX   374
2021 09 01 15 26 MIN   208
2021 09 01 22 37 MAX   430
2021 09 02 05 22 MIN   272
2021 09 02 10 36 MAX   366
2021 09 02 16 57 MIN   203
2021 09 03 00 07 MAX   452
2021 09 03 06 38 MIN   246
2021 09 03 12 01 MAX   388
2021 09 03 18 10 MIN   177
2021 09 04 01 04 MAX   486
2021 09 04 07 24 MIN   211
2021 09 04 12 58 MAX   423
2021 09 04 19 03 MIN   141
2021 09 05 01 45 MAX   519
2021 09 05 08 00 MIN   175
2021 09 05 13 42 MAX   461
2021 09 05 19 46 MIN   105
2021 09 06 02 20 MAX   550
2021 09 06 08 34 MIN   140
2021 09 06 14 22 MAX   499
2021 09 06 20 26 MIN    74
2021 09 07 02 53 MAX   575
2021 09 07 09 06 MIN   109
2021 09 07 15 00 MAX   531
2021 09 07 21 04 MIN    53
2021 09 08 03 27 MAX   592
2021 09 08 09 39 MIN    83
2021 09 08 15 38 MAX   558
2021 09 08 21 42 MIN    43
2021 09 09 04 01 MAX   598
2021 09 09 10 12 MIN    65
2021 09 09 16 16 MAX   576
2021 09 09 22 21 MIN    46
2021 09 10 04 35 MAX   592
2021 09 10 10 45 MIN    56
2021 09 10 16 56 MAX   583
2021 09 10 23 02 MIN    63
2021 09 11 05 11 MAX   573
2021 09 11 11 20 MIN    58
2021 09 11 17 37 MAX   579
2021 09 11 23 44 MIN    93
2021 09 12 05 49 MAX   542
2021 09 12 11 57 MIN    71
2021 09 12 18 22 MAX   561
2021 09 13 00 32 MIN   137
2021 09 13 06 30 MAX   501
2021 09 13 12 40 MIN    95
2021 09 13 19 15 MAX   531
2021 09 14 01 30 MIN   186
2021 09 14 07 19 MAX   455
2021 09 14 13 34 MIN   127
2021 09 14 20 23 MAX   498
2021 09 15 02 54 MIN   229
2021 09 15 08 26 MAX   411
2021 09 15 14 52 MIN   157
2021 09 15 21 55 MAX   478
2021 09 16 04 44 MIN   240
2021 09 16 10 02 MAX   391
2021 09 16 16 34 MIN   164
2021 09 16 23 36 MAX   491
2021 09 17 06 14 MIN   213
2021 09 17 11 40 MAX   409
2021 09 17 18 03 MIN   140
2021 09 18 00 47 MAX   522
2021 09 18 07 12 MIN   174
2021 09 18 12 50 MAX   449
2021 09 18 19 06 MIN   108
2021 09 19 01 38 MAX   550
2021 09 19 07 56 MIN   137
2021 09 19 13 41 MAX   491
2021 09 19 19 54 MIN    81
2021 09 20 02 18 MAX   568
2021 09 20 08 32 MIN   108
2021 09 20 14 23 MAX   524
2021 09 20 20 34 MIN    66
2021 09 21 02 53 MAX   576
2021 09 21 09 04 MIN    87
2021 09 21 15 01 MAX   548
2021 09 21 21 09 MIN    63
2021 09 22 03 25 MAX   574
2021 09 22 09 33 MIN    74
2021 09 22 15 36 MAX   560
2021 09 22 21 41 MIN    68
2021 09 23 03 54 MAX   565
2021 09 23 10 01 MIN    69
2021 09 23 16 10 MAX   564
2021 09 23 22 13 MIN    81
2021 09 24 04 23 MAX   550
2021 09 24 10 28 MIN    71
2021 09 24 16 42 MAX   560
2021 09 24 22 44 MIN   100
2021 09 25 04 51 MAX   529
2021 09 25 10 54 MIN    81
2021 09 25 17 15 MAX   548
2021 09 25 23 17 MIN   126
2021 09 26 05 19 MAX   502
2021 09 26 11 22 MIN    98
2021 09 26 17 48 MAX   529
2021 09 26 23 52 MIN   158
2021 09 27 05 48 MAX   470
2021 09 27 11 52 MIN   121
2021 09 27 18 25 MAX   502
2021 09 28 00 31 MIN   196
2021 09 28 06 21 MAX   435
2021 09 28 12 27 MIN   150
2021 09 28 19 08 MAX   470
2021 09 29 01 21 MIN   235
2021 09 29 07 01 MAX   398
2021 09 29 13 14 MIN   181
2021 09 29 20 09 MAX   439
2021 09 30 02 41 MIN   265
2021 09 30 08 04 MAX   365
2021 09 30 14 28 MIN   207
2021 09 30 21 42 MAX   423
2021 10 01 04 39 MIN   266
2021 10 01 09 52 MAX   353
2021 10 01 16 15 MIN   208
2021 10 01 23 22 MAX   438
2021 10 02 06 01 MIN   233
2021 10 02 11 32 MAX   379
2021 10 02 17 40 MIN   179
2021 10 03 00 25 MAX   472
2021 10 03 06 49 MIN   189
2021 10 03 12 33 MAX   424
2021 10 03 18 38 MIN   136
2021 10 04 01 08 MAX   508
2021 10 04 07 25 MIN   144
2021 10 04 13 18 MAX   474
2021 10 04 19 23 MIN    94
2021 10 05 01 46 MAX   541
2021 10 05 07 59 MIN   101
2021 10 05 13 59 MAX   522
2021 10 05 20 04 MIN    61
2021 10 06 02 21 MAX   566
2021 10 06 08 32 MIN    65
2021 10 06 14 37 MAX   563
2021 10 06 20 44 MIN    39
2021 10 07 02 56 MAX   580
2021 10 07 09 04 MIN    38
2021 10 07 15 16 MAX   595
2021 10 07 21 24 MIN    31
2021 10 08 03 32 MAX   582
2021 10 08 09 38 MIN    23
2021 10 08 15 55 MAX   613
2021 10 08 22 04 MIN    39
2021 10 09 04 08 MAX   572
2021 10 09 10 13 MIN    20
2021 10 09 16 36 MAX   617
2021 10 09 22 47 MIN    61
2021 10 10 04 46 MAX   549
2021 10 10 10 50 MIN    29
2021 10 10 17 19 MAX   604
2021 10 10 23 33 MIN    97
2021 10 11 05 25 MAX   515
2021 10 11 11 30 MIN    52
2021 10 11 18 07 MAX   574
2021 10 12 00 24 MIN   142
2021 10 12 06 10 MAX   472
2021 10 12 12 17 MIN    86
2021 10 12 19 02 MAX   534
2021 10 13 01 28 MIN   188
2021 10 13 07 04 MAX   427
2021 10 13 13 17 MIN   127
2021 10 13 20 14 MAX   492
2021 10 14 02 55 MIN   220
2021 10 14 08 19 MAX   389
2021 10 14 14 44 MIN   161
2021 10 14 21 48 MAX   470
2021 10 15 04 38 MIN   217
2021 10 15 10 02 MAX   379
2021 10 15 16 32 MIN   166
2021 10 15 23 20 MAX   477
2021 10 16 05 57 MIN   185
2021 10 16 11 35 MAX   408
2021 10 16 17 55 MIN   142
2021 10 17 00 25 MAX   497
2021 10 17 06 49 MIN   146
2021 10 17 12 38 MAX   452
2021 10 17 18 53 MIN   113
2021 10 18 01 11 MAX   516
2021 10 18 07 28 MIN   110
2021 10 18 13 25 MAX   494
2021 10 18 19 37 MIN    91
2021 10 19 01 49 MAX   529
2021 10 19 08 01 MIN    82
2021 10 19 14 04 MAX   527
2021 10 19 20 14 MIN    78
2021 10 20 02 22 MAX   534
2021 10 20 08 30 MIN    63
2021 10 20 14 40 MAX   551
2021 10 20 20 48 MIN    74
2021 10 21 02 52 MAX   533
2021 10 21 08 58 MIN    52
2021 10 21 15 13 MAX   564
2021 10 21 21 19 MIN    78
2021 10 22 03 21 MAX   526
2021 10 22 09 24 MIN    50
2021 10 22 15 45 MAX   568
2021 10 22 21 50 MIN    88
2021 10 23 03 50 MAX   515
2021 10 23 09 51 MIN    55
2021 10 23 16 16 MAX   564
2021 10 23 22 22 MIN   104
2021 10 24 04 18 MAX   498
2021 10 24 10 18 MIN    65
2021 10 24 16 48 MAX   552
2021 10 24 22 55 MIN   126
2021 10 25 04 47 MAX   476
2021 10 25 10 46 MIN    82
2021 10 25 17 20 MAX   533
2021 10 25 23 29 MIN   153
2021 10 26 05 17 MAX   450
2021 10 26 11 17 MIN   103
2021 10 26 17 56 MAX   507
2021 10 27 00 08 MIN   184
2021 10 27 05 50 MAX   421
2021 10 27 11 52 MIN   129
2021 10 27 18 37 MAX   477
2021 10 28 00 56 MIN   214
2021 10 28 06 31 MAX   389
2021 10 28 12 36 MIN   158
2021 10 28 19 32 MAX   446
2021 10 29 02 06 MIN   236
2021 10 29 07 32 MAX   360
2021 10 29 13 44 MIN   185
2021 10 29 20 50 MAX   426
2021 10 30 03 43 MIN   235
2021 10 30 09 09 MAX   349
2021 10 30 15 25 MIN   194
2021 10 30 22 21 MAX   429
2021 10 31 05 07 MIN   205
2021 10 31 10 49 MAX   373
2021 10 31 16 59 MIN   172
2021 10 31 23 31 MAX   453
2021 11 01 06 02 MIN   160
2021 11 01 11 57 MAX   421
2021 11 01 18 04 MIN   133
2021 11 02 00 23 MAX   483
2021 11 02 06 43 MIN   112
2021 11 02 12 47 MAX   477
2021 11 02 18 55 MIN    93
2021 11 03 01 06 MAX   512
2021 11 03 07 19 MIN    68
2021 11 03 13 31 MAX   530
2021 11 03 19 40 MIN    62
2021 11 04 01 45 MAX   533
2021 11 04 07 55 MIN    32
2021 11 04 14 12 MAX   575
2021 11 04 20 23 MIN    42
2021 11 05 02 24 MAX   545
2021 11 05 08 30 MIN     7
2021 11 05 14 53 MAX   607
2021 11 05 21 05 MIN    38
2021 11 06 03 03 MAX   545
2021 11 06 09 07 MIN    -5
2021 11 06 15 36 MAX   623
2021 11 06 21 50 MIN    48
2021 11 07 03 43 MAX   535
2021 11 07 09 46 MIN    -4
2021 11 07 16 19 MAX   621
2021 11 07 22 36 MIN    71
2021 11 08 04 25 MAX   514
2021 11 08 10 28 MIN    11
2021 11 08 17 06 MAX   602
2021 11 08 23 25 MIN   102
2021 11 09 05 09 MAX   484
2021 11 09 11 14 MIN    38
2021 11 09 17 57 MAX   569
2021 11 10 00 20 MIN   138
2021 11 10 05 57 MAX   447
2021 11 10 12 04 MIN    75
2021 11 10 18 54 MAX   528
2021 11 11 01 24 MIN   171
2021 11 11 06 56 MAX   410
2021 11 11 13 07 MIN   117
2021 11 11 20 02 MAX   487
2021 11 12 02 42 MIN   189
2021 11 12 08 10 MAX   381
2021 11 12 14 30 MIN   151
2021 11 12 21 21 MAX   459
2021 11 13 04 07 MIN   185
2021 11 13 09 42 MAX   376
2021 11 13 16 07 MIN   164
2021 11 13 22 40 MAX   450
2021 11 14 05 18 MIN   161
2021 11 14 11 09 MAX   400
2021 11 14 17 29 MIN   153
2021 11 14 23 45 MAX   455
2021 11 15 06 11 MIN   129
2021 11 15 12 13 MAX   438
2021 11 15 18 28 MIN   133
2021 11 16 00 34 MAX   465
2021 11 16 06 52 MIN    99
2021 11 16 13 01 MAX   476
2021 11 16 19 14 MIN   115
2021 11 17 01 14 MAX   473
2021 11 17 07 26 MIN    74
2021 11 17 13 41 MAX   509
2021 11 17 19 52 MIN   102
2021 11 18 01 49 MAX   480
2021 11 18 07 56 MIN    58
2021 11 18 14 17 MAX   532
2021 11 18 20 27 MIN    96
2021 11 19 02 21 MAX   482
2021 11 19 08 25 MIN    48
2021 11 19 14 51 MAX   546
2021 11 19 21 00 MIN    96
2021 11 20 02 52 MAX   481
2021 11 20 08 54 MIN    46
2021 11 20 15 23 MAX   551
2021 11 20 21 33 MIN   103
2021 11 21 03 22 MAX   475
2021 11 21 09 22 MIN    50
2021 11 21 15 55 MAX   549
2021 11 21 22 05 MIN   114
2021 11 22 03 52 MAX   465
2021 11 22 09 51 MIN    58
2021 11 22 16 28 MAX   539
2021 11 22 22 38 MIN   130
2021 11 23 04 22 MAX   451
2021 11 23 10 21 MIN    69
2021 11 23 17 00 MAX   525
2021 11 23 23 13 MIN   147
2021 11 24 04 54 MAX   434
2021 11 24 10 53 MIN    83
2021 11 24 17 36 MAX   506
2021 11 24 23 52 MIN   165
2021 11 25 05 30 MAX   413
2021 11 25 11 30 MIN   102
2021 11 25 18 17 MAX   484
2021 11 26 00 37 MIN   182
2021 11 26 06 14 MAX   390
2021 11 26 12 14 MIN   124
2021 11 26 19 05 MAX   460
2021 11 27 01 34 MIN   192
2021 11 27 07 11 MAX   370
2021 11 27 13 13 MIN   149
2021 11 27 20 06 MAX   440
2021 11 28 02 46 MIN   191
2021 11 28 08 28 MAX   361
2021 11 28 14 34 MIN   166
2021 11 28 21 18 MAX   430
2021 11 29 04 01 MIN   171
2021 11 29 09 55 MAX   376
2021 11 29 16 06 MIN   163
2021 11 29 22 29 MAX   434
2021 11 30 05 03 MIN   137
2021 11 30 11 11 MAX   416
2021 11 30 17 23 MIN   140
2021 11 30 23 31 MAX   450
2021 12 01 05 53 MIN    96
2021 12 01 12 10 MAX   468
2021 12 01 18 23 MIN   110
2021 12 02 00 23 MAX   469
2021 12 02 06 37 MIN    57
2021 12 02 13 01 MAX   520
2021 12 02 19 15 MIN    84
2021 12 03 01 10 MAX   486
2021 12 03 07 19 MIN    24
2021 12 03 13 49 MAX   564
2021 12 03 20 04 MIN    68
2021 12 04 01 55 MAX   498
2021 12 04 08 01 MIN     0
2021 12 04 14 35 MAX   595
2021 12 04 20 52 MIN    63
2021 12 05 02 39 MAX   503
2021 12 05 08 45 MIN   -11
2021 12 05 15 22 MAX   609
2021 12 05 21 40 MIN    69
2021 12 06 03 24 MAX   499
2021 12 06 09 30 MIN   -10
2021 12 06 16 10 MAX   607
2021 12 06 22 29 MIN    82
2021 12 07 04 10 MAX   487
2021 12 07 10 16 MIN     3
2021 12 07 16 59 MAX   590
2021 12 07 23 20 MIN   101
2021 12 08 04 58 MAX   468
2021 12 08 11 05 MIN    27
2021 12 08 17 49 MAX   561
2021 12 09 00 12 MIN   121
2021 12 09 05 49 MAX   443
2021 12 09 11 56 MIN    60
2021 12 09 18 41 MAX   525
2021 12 10 01 07 MIN   140
2021 12 10 06 44 MAX   417
2021 12 10 12 52 MIN    98
2021 12 10 19 36 MAX   486
2021 12 11 02 08 MIN   153
2021 12 11 07 46 MAX   393
2021 12 11 13 57 MIN   137
2021 12 11 20 35 MAX   450
2021 12 12 03 13 MIN   157
2021 12 12 09 00 MAX   381
2021 12 12 15 16 MIN   165
2021 12 12 21 41 MAX   423
2021 12 13 04 19 MIN   149
2021 12 13 10 20 MAX   388
2021 12 13 16 41 MIN   174
2021 12 13 22 47 MAX   409
2021 12 14 05 17 MIN   133
2021 12 14 11 33 MAX   412
2021 12 14 17 52 MIN   167
2021 12 14 23 45 MAX   409
2021 12 15 06 06 MIN   112
2021 12 15 12 30 MAX   444
2021 12 15 18 47 MIN   153
2021 12 16 00 35 MAX   416
2021 12 16 06 48 MIN    93
2021 12 16 13 16 MAX   475
2021 12 16 19 31 MIN   138
2021 12 17 01 16 MAX   426
2021 12 17 07 24 MIN    77
2021 12 17 13 56 MAX   500
2021 12 17 20 10 MIN   128
2021 12 18 01 54 MAX   435
2021 12 18 07 58 MIN    65
2021 12 18 14 33 MAX   516
2021 12 18 20 45 MIN   123
2021 12 19 02 28 MAX   442
2021 12 19 08 30 MIN    58
2021 12 19 15 08 MAX   525
2021 12 19 21 19 MIN   123
2021 12 20 03 01 MAX   445
2021 12 20 09 02 MIN    55
2021 12 20 15 41 MAX   528
2021 12 20 21 52 MIN   126
2021 12 21 03 33 MAX   445
2021 12 21 09 34 MIN    54
2021 12 21 16 14 MAX   526
2021 12 21 22 26 MIN   130
2021 12 22 04 06 MAX   441
2021 12 22 10 06 MIN    56
2021 12 22 16 47 MAX   521
2021 12 22 23 01 MIN   134
2021 12 23 04 41 MAX   435
2021 12 23 10 40 MIN    62
2021 12 23 17 22 MAX   513
2021 12 23 23 37 MIN   137
2021 12 24 05 19 MAX   425
2021 12 24 11 17 MIN    73
2021 12 24 17 59 MAX   501
2021 12 25 00 17 MIN   140
2021 12 25 06 02 MAX   413
2021 12 25 12 00 MIN    90
2021 12 25 18 40 MAX   483
2021 12 26 01 02 MIN   142
2021 12 26 06 51 MAX   402
2021 12 26 12 49 MIN   112
2021 12 26 19 28 MAX   462
2021 12 27 01 53 MIN   142
2021 12 27 07 51 MAX   395
2021 12 27 13 52 MIN   137
2021 12 27 20 23 MAX   440
2021 12 28 02 53 MIN   136
2021 12 28 09 02 MAX   399
2021 12 28 15 11 MIN   156
2021 12 28 21 27 MAX   424
2021 12 29 03 57 MIN   122
2021 12 29 10 19 MAX   420
2021 12 29 16 37 MIN   158
2021 12 29 22 36 MAX   418
2021 12 30 05 00 MIN    98
2021 12 30 11 32 MAX   457
2021 12 30 17 53 MIN   144
2021 12 30 23 42 MAX   425
2021 12 31 05 58 MIN    69
2021 12 31 12 36 MAX   500
2021 12 31 18 57 MIN   124
