 <API - 조위예측극치자료>

대상조위관측소 : 안산
위도(WGS84) : N 126.6472
경도(WGS84) : E 37.1922
관측기관 : 20201221 ~ 20220101

2020 12 21 03 15 MIN   195
2020 12 21 09 01 MAX   612
2020 12 21 15 08 MIN   167
2020 12 21 21 26 MAX   662
2020 12 22 04 01 MIN   225
2020 12 22 09 56 MAX   580
2020 12 22 16 00 MIN   225
2020 12 22 22 18 MAX   616
2020 12 23 04 58 MIN   246
2020 12 23 11 06 MAX   561
2020 12 23 17 07 MIN   271
2020 12 23 23 23 MAX   581
2020 12 24 06 07 MIN   249
2020 12 24 12 27 MAX   569
2020 12 24 18 32 MIN   288
2020 12 25 00 39 MAX   569
2020 12 25 07 15 MIN   227
2020 12 25 13 38 MAX   603
2020 12 25 19 50 MIN   272
2020 12 26 01 45 MAX   581
2020 12 26 08 09 MIN   191
2020 12 26 14 31 MAX   649
2020 12 26 20 48 MIN   238
2020 12 27 02 37 MAX   605
2020 12 27 08 53 MIN   149
2020 12 27 15 15 MAX   693
2020 12 27 21 34 MIN   203
2020 12 28 03 20 MAX   631
2020 12 28 09 32 MIN   110
2020 12 28 15 53 MAX   730
2020 12 28 22 15 MIN   173
2020 12 29 03 59 MAX   654
2020 12 29 10 10 MIN    75
2020 12 29 16 30 MAX   758
2020 12 29 22 54 MIN   149
2020 12 30 04 37 MAX   672
2020 12 30 10 48 MIN    48
2020 12 30 17 06 MAX   778
2020 12 30 23 33 MIN   133
2020 12 31 05 14 MAX   683
2020 12 31 11 26 MIN    30
2020 12 31 17 43 MAX   789
2021 01 01 00 10 MIN   123
2021 01 01 05 51 MAX   690
2021 01 01 12 05 MIN    20
2021 01 01 18 19 MAX   794
2021 01 02 00 48 MIN   119
2021 01 02 06 28 MAX   691
2021 01 02 12 43 MIN    21
2021 01 02 18 56 MAX   791
2021 01 03 01 25 MIN   119
2021 01 03 07 07 MAX   687
2021 01 03 13 23 MIN    34
2021 01 03 19 35 MAX   780
2021 01 04 02 04 MIN   124
2021 01 04 07 47 MAX   677
2021 01 04 14 05 MIN    60
2021 01 04 20 15 MAX   759
2021 01 05 02 45 MIN   133
2021 01 05 08 33 MAX   663
2021 01 05 14 50 MIN    98
2021 01 05 21 00 MAX   727
2021 01 06 03 32 MIN   146
2021 01 06 09 28 MAX   645
2021 01 06 15 44 MIN   146
2021 01 06 21 53 MAX   688
2021 01 07 04 27 MIN   158
2021 01 07 10 34 MAX   634
2021 01 07 16 49 MIN   192
2021 01 07 22 58 MAX   650
2021 01 08 05 33 MIN   161
2021 01 08 11 53 MAX   640
2021 01 08 18 12 MIN   219
2021 01 09 00 15 MAX   628
2021 01 09 06 48 MIN   145
2021 01 09 13 13 MAX   671
2021 01 09 19 39 MIN   213
2021 01 10 01 32 MAX   629
2021 01 10 07 58 MIN   111
2021 01 10 14 24 MAX   716
2021 01 10 20 53 MIN   183
2021 01 11 02 40 MAX   648
2021 01 11 08 59 MIN    71
2021 01 11 15 24 MAX   761
2021 01 11 21 55 MIN   148
2021 01 12 03 38 MAX   673
2021 01 12 09 54 MIN    35
2021 01 12 16 18 MAX   795
2021 01 12 22 48 MIN   118
2021 01 13 04 30 MAX   695
2021 01 13 10 44 MIN     8
2021 01 13 17 07 MAX   815
2021 01 13 23 36 MIN    99
2021 01 14 05 16 MAX   711
2021 01 14 11 30 MIN    -6
2021 01 14 17 51 MAX   820
2021 01 15 00 19 MIN    89
2021 01 15 05 59 MAX   719
2021 01 15 12 13 MIN    -6
2021 01 15 18 30 MAX   814
2021 01 16 00 58 MIN    89
2021 01 16 06 39 MAX   719
2021 01 16 12 52 MIN     7
2021 01 16 19 06 MAX   797
2021 01 17 01 33 MIN    98
2021 01 17 07 17 MAX   710
2021 01 17 13 28 MIN    34
2021 01 17 19 39 MAX   772
2021 01 18 02 06 MIN   115
2021 01 18 07 52 MAX   692
2021 01 18 14 03 MIN    75
2021 01 18 20 10 MAX   738
2021 01 19 02 37 MIN   138
2021 01 19 08 29 MAX   665
2021 01 19 14 37 MIN   126
2021 01 19 20 42 MAX   695
2021 01 20 03 09 MIN   167
2021 01 20 09 09 MAX   632
2021 01 20 15 14 MIN   186
2021 01 20 21 17 MAX   646
2021 01 21 03 45 MIN   199
2021 01 21 09 57 MAX   597
2021 01 21 15 59 MIN   248
2021 01 21 22 01 MAX   594
2021 01 22 04 33 MIN   229
2021 01 22 11 02 MAX   572
2021 01 22 17 04 MIN   300
2021 01 22 23 04 MAX   549
2021 01 23 05 42 MIN   246
2021 01 23 12 25 MAX   571
2021 01 23 18 39 MIN   321
2021 01 24 00 30 MAX   528
2021 01 24 07 03 MIN   235
2021 01 24 13 43 MAX   601
2021 01 24 20 09 MIN   299
2021 01 25 01 52 MAX   543
2021 01 25 08 09 MIN   197
2021 01 25 14 44 MAX   648
2021 01 25 21 11 MIN   256
2021 01 26 02 51 MAX   578
2021 01 26 09 02 MIN   149
2021 01 26 15 31 MAX   696
2021 01 26 21 58 MIN   209
2021 01 27 03 39 MAX   619
2021 01 27 09 49 MIN    99
2021 01 27 16 13 MAX   740
2021 01 27 22 40 MIN   166
2021 01 28 04 22 MAX   658
2021 01 28 10 33 MIN    54
2021 01 28 16 53 MAX   776
2021 01 28 23 20 MIN   128
2021 01 29 05 02 MAX   691
2021 01 29 11 15 MIN    18
2021 01 29 17 31 MAX   803
2021 01 29 23 58 MIN    97
2021 01 30 05 41 MAX   717
2021 01 30 11 56 MIN    -7
2021 01 30 18 08 MAX   820
2021 01 31 00 36 MIN    73
2021 01 31 06 20 MAX   734
2021 01 31 12 37 MIN   -17
2021 01 31 18 45 MAX   825
2021 02 01 01 12 MIN    57
2021 02 01 06 58 MAX   743
2021 02 01 13 16 MIN   -10
2021 02 01 19 22 MAX   817
2021 02 02 01 48 MIN    53
2021 02 02 07 38 MAX   741
2021 02 02 13 56 MIN    17
2021 02 02 19 59 MAX   793
2021 02 03 02 25 MIN    61
2021 02 03 08 20 MAX   728
2021 02 03 14 37 MIN    63
2021 02 03 20 38 MAX   753
2021 02 04 03 05 MIN    82
2021 02 04 09 06 MAX   703
2021 02 04 15 23 MIN   126
2021 02 04 21 22 MAX   699
2021 02 05 03 50 MIN   115
2021 02 05 10 03 MAX   672
2021 02 05 16 19 MIN   196
2021 02 05 22 17 MAX   638
2021 02 06 04 49 MIN   150
2021 02 06 11 17 MAX   645
2021 02 06 17 39 MIN   255
2021 02 06 23 33 MAX   585
2021 02 07 06 07 MIN   172
2021 02 07 12 48 MAX   644
2021 02 07 19 22 MIN   269
2021 02 08 01 09 MAX   568
2021 02 08 07 34 MIN   160
2021 02 08 14 15 MAX   677
2021 02 08 20 51 MIN   234
2021 02 09 02 32 MAX   595
2021 02 09 08 48 MIN   120
2021 02 09 15 23 MAX   725
2021 02 09 21 54 MIN   182
2021 02 10 03 35 MAX   641
2021 02 10 09 48 MIN    73
2021 02 10 16 16 MAX   768
2021 02 10 22 44 MIN   135
2021 02 11 04 26 MAX   686
2021 02 11 10 38 MIN    33
2021 02 11 17 00 MAX   797
2021 02 11 23 26 MIN    99
2021 02 12 05 09 MAX   721
2021 02 12 11 22 MIN     7
2021 02 12 17 38 MAX   810
2021 02 13 00 04 MIN    77
2021 02 13 05 47 MAX   743
2021 02 13 12 00 MIN    -2
2021 02 13 18 12 MAX   810
2021 02 14 00 37 MIN    67
2021 02 14 06 22 MAX   752
2021 02 14 12 35 MIN     4
2021 02 14 18 42 MAX   800
2021 02 15 01 06 MIN    67
2021 02 15 06 55 MAX   749
2021 02 15 13 07 MIN    25
2021 02 15 19 10 MAX   781
2021 02 16 01 33 MIN    76
2021 02 16 07 26 MAX   736
2021 02 16 13 37 MIN    60
2021 02 16 19 36 MAX   754
2021 02 17 01 58 MIN    93
2021 02 17 07 56 MAX   714
2021 02 17 14 06 MIN   106
2021 02 17 20 02 MAX   717
2021 02 18 02 23 MIN   119
2021 02 18 08 27 MAX   682
2021 02 18 14 36 MIN   163
2021 02 18 20 30 MAX   669
2021 02 19 02 51 MIN   154
2021 02 19 09 03 MAX   644
2021 02 19 15 11 MIN   227
2021 02 19 21 03 MAX   614
2021 02 20 03 25 MIN   195
2021 02 20 09 51 MAX   604
2021 02 20 15 58 MIN   292
2021 02 20 21 46 MAX   555
2021 02 21 04 16 MIN   238
2021 02 21 11 03 MAX   572
2021 02 21 17 17 MIN   343
2021 02 21 23 03 MAX   506
2021 02 22 05 42 MIN   264
2021 02 22 12 43 MAX   573
2021 02 22 19 23 MIN   343
2021 02 23 01 00 MAX   500
2021 02 23 07 22 MIN   244
2021 02 23 14 10 MAX   614
2021 02 23 20 47 MIN   292
2021 02 24 02 25 MAX   543
2021 02 24 08 34 MIN   188
2021 02 24 15 08 MAX   673
2021 02 24 21 39 MIN   228
2021 02 25 03 21 MAX   605
2021 02 25 09 29 MIN   123
2021 02 25 15 53 MAX   731
2021 02 25 22 22 MIN   165
2021 02 26 04 05 MAX   666
2021 02 26 10 17 MIN    60
2021 02 26 16 34 MAX   781
2021 02 26 23 01 MIN   107
2021 02 27 04 46 MAX   720
2021 02 27 11 02 MIN     9
2021 02 27 17 12 MAX   819
2021 02 27 23 39 MIN    59
2021 02 28 05 26 MAX   762
2021 02 28 11 44 MIN   -25
2021 02 28 17 50 MAX   841
2021 03 01 00 15 MIN    22
2021 03 01 06 05 MAX   791
2021 03 01 12 24 MIN   -39
2021 03 01 18 26 MAX   847
2021 03 02 00 51 MIN     1
2021 03 02 06 43 MAX   804
2021 03 02 13 03 MIN   -30
2021 03 02 19 02 MAX   834
2021 03 03 01 26 MIN    -3
2021 03 03 07 22 MAX   802
2021 03 03 13 42 MIN     4
2021 03 03 19 38 MAX   802
2021 03 04 02 01 MIN    13
2021 03 04 08 02 MAX   782
2021 03 04 14 21 MIN    61
2021 03 04 20 14 MAX   752
2021 03 05 02 37 MIN    47
2021 03 05 08 46 MAX   745
2021 03 05 15 04 MIN   136
2021 03 05 20 55 MAX   687
2021 03 06 03 18 MIN    99
2021 03 06 09 38 MAX   695
2021 03 06 15 58 MIN   220
2021 03 06 21 46 MAX   613
2021 03 07 04 13 MIN   160
2021 03 07 10 50 MAX   643
2021 03 07 17 19 MIN   292
2021 03 07 23 04 MAX   546
2021 03 08 05 37 MIN   209
2021 03 08 12 33 MAX   623
2021 03 08 19 21 MIN   304
2021 03 09 01 01 MAX   530
2021 03 09 07 22 MIN   207
2021 03 09 14 14 MAX   654
2021 03 09 20 51 MIN   252
2021 03 10 02 33 MAX   577
2021 03 10 08 43 MIN   159
2021 03 10 15 20 MAX   707
2021 03 10 21 48 MIN   187
2021 03 11 03 32 MAX   643
2021 03 11 09 41 MIN   103
2021 03 11 16 07 MAX   752
2021 03 11 22 30 MIN   132
2021 03 12 04 16 MAX   702
2021 03 12 10 28 MIN    57
2021 03 12 16 44 MAX   781
2021 03 12 23 06 MIN    92
2021 03 13 04 54 MAX   744
2021 03 13 11 07 MIN    29
2021 03 13 17 17 MAX   795
2021 03 13 23 39 MIN    67
2021 03 14 05 28 MAX   769
2021 03 14 11 42 MIN    18
2021 03 14 17 45 MAX   796
2021 03 15 00 07 MIN    54
2021 03 15 05 59 MAX   779
2021 03 15 12 14 MIN    23
2021 03 15 18 13 MAX   788
2021 03 16 00 33 MIN    51
2021 03 16 06 29 MAX   778
2021 03 16 12 43 MIN    41
2021 03 16 18 38 MAX   773
2021 03 17 00 58 MIN    57
2021 03 17 06 56 MAX   768
2021 03 17 13 11 MIN    70
2021 03 17 19 03 MAX   749
2021 03 18 01 20 MIN    70
2021 03 18 07 23 MAX   749
2021 03 18 13 38 MIN   110
2021 03 18 19 27 MAX   717
2021 03 19 01 44 MIN    93
2021 03 19 07 51 MAX   722
2021 03 19 14 06 MIN   160
2021 03 19 19 53 MAX   674
2021 03 20 02 09 MIN   126
2021 03 20 08 22 MAX   687
2021 03 20 14 37 MIN   219
2021 03 20 20 21 MAX   624
2021 03 21 02 39 MIN   169
2021 03 21 09 01 MAX   643
2021 03 21 15 16 MIN   282
2021 03 21 20 57 MAX   567
2021 03 22 03 20 MIN   220
2021 03 22 09 59 MAX   598
2021 03 22 16 19 MIN   339
2021 03 22 21 59 MAX   511
2021 03 23 04 33 MIN   267
2021 03 23 11 36 MAX   573
2021 03 23 18 25 MIN   357
2021 03 24 00 04 MAX   488
2021 03 24 06 30 MIN   272
2021 03 24 13 24 MAX   600
2021 03 24 20 12 MIN   306
2021 03 25 01 54 MAX   535
2021 03 25 08 03 MIN   218
2021 03 25 14 35 MAX   660
2021 03 25 21 09 MIN   230
2021 03 26 02 56 MAX   612
2021 03 26 09 06 MIN   143
2021 03 26 15 24 MAX   726
2021 03 26 21 52 MIN   153
2021 03 27 03 42 MAX   691
2021 03 27 09 57 MIN    72
2021 03 27 16 06 MAX   782
2021 03 27 22 32 MIN    83
2021 03 28 04 24 MAX   758
2021 03 28 10 42 MIN    14
2021 03 28 16 46 MAX   822
2021 03 28 23 10 MIN    26
2021 03 29 05 05 MAX   809
2021 03 29 11 25 MIN   -21
2021 03 29 17 24 MAX   842
2021 03 29 23 48 MIN   -13
2021 03 30 05 44 MAX   841
2021 03 30 12 07 MIN   -32
2021 03 30 18 02 MAX   842
2021 03 31 00 24 MIN   -32
2021 03 31 06 24 MAX   852
2021 03 31 12 47 MIN   -16
2021 03 31 18 39 MAX   821
2021 04 01 01 00 MIN   -29
2021 04 01 07 04 MAX   843
2021 04 01 13 27 MIN    25
2021 04 01 19 16 MAX   783
2021 04 02 01 35 MIN    -4
2021 04 02 07 44 MAX   814
2021 04 02 14 07 MIN    87
2021 04 02 19 54 MAX   728
2021 04 03 02 12 MIN    42
2021 04 03 08 28 MAX   767
2021 04 03 14 51 MIN   164
2021 04 03 20 35 MAX   661
2021 04 04 02 54 MIN   106
2021 04 04 09 20 MAX   706
2021 04 04 15 47 MIN   245
2021 04 04 21 28 MAX   589
2021 04 05 03 49 MIN   179
2021 04 05 10 32 MAX   646
2021 04 05 17 13 MIN   306
2021 04 05 22 52 MAX   531
2021 04 06 05 17 MIN   237
2021 04 06 12 18 MAX   618
2021 04 06 19 11 MIN   305
2021 04 07 00 53 MAX   530
2021 04 07 07 08 MIN   237
2021 04 07 13 58 MAX   644
2021 04 07 20 32 MIN   250
2021 04 08 02 21 MAX   588
2021 04 08 08 29 MIN   191
2021 04 08 14 59 MAX   690
2021 04 08 21 23 MIN   188
2021 04 09 03 15 MAX   659
2021 04 09 09 24 MIN   137
2021 04 09 15 42 MAX   728
2021 04 09 22 02 MIN   135
2021 04 10 03 56 MAX   717
2021 04 10 10 07 MIN    95
2021 04 10 16 16 MAX   753
2021 04 10 22 36 MIN    96
2021 04 11 04 31 MAX   758
2021 04 11 10 44 MIN    70
2021 04 11 16 46 MAX   765
2021 04 11 23 05 MIN    72
2021 04 12 05 02 MAX   782
2021 04 12 11 18 MIN    61
2021 04 12 17 14 MAX   767
2021 04 12 23 33 MIN    58
2021 04 13 05 32 MAX   792
2021 04 13 11 48 MIN    64
2021 04 13 17 41 MAX   761
2021 04 13 23 58 MIN    53
2021 04 14 06 00 MAX   792
2021 04 14 12 18 MIN    77
2021 04 14 18 07 MAX   749
2021 04 15 00 23 MIN    56
2021 04 15 06 28 MAX   785
2021 04 15 12 46 MIN   100
2021 04 15 18 33 MAX   730
2021 04 16 00 47 MIN    66
2021 04 16 06 55 MAX   770
2021 04 16 13 14 MIN   132
2021 04 16 18 59 MAX   703
2021 04 17 01 12 MIN    86
2021 04 17 07 23 MAX   749
2021 04 17 13 43 MIN   172
2021 04 17 19 26 MAX   669
2021 04 18 01 39 MIN   115
2021 04 18 07 54 MAX   719
2021 04 18 14 14 MIN   220
2021 04 18 19 55 MAX   628
2021 04 19 02 10 MIN   154
2021 04 19 08 31 MAX   680
2021 04 19 14 53 MIN   271
2021 04 19 20 32 MAX   582
2021 04 20 02 51 MIN   203
2021 04 20 09 23 MAX   637
2021 04 20 15 51 MIN   317
2021 04 20 21 32 MAX   535
2021 04 21 03 57 MIN   253
2021 04 21 10 45 MAX   604
2021 04 21 17 31 MIN   336
2021 04 21 23 20 MAX   513
2021 04 22 05 43 MIN   271
2021 04 22 12 29 MAX   611
2021 04 22 19 17 MIN   295
2021 04 23 01 10 MAX   556
2021 04 23 07 23 MIN   232
2021 04 23 13 49 MAX   660
2021 04 23 20 24 MIN   220
2021 04 24 02 20 MAX   636
2021 04 24 08 34 MIN   163
2021 04 24 14 46 MAX   720
2021 04 24 21 13 MIN   139
2021 04 25 03 11 MAX   720
2021 04 25 09 29 MIN    95
2021 04 25 15 32 MAX   772
2021 04 25 21 56 MIN    67
2021 04 26 03 56 MAX   792
2021 04 26 10 18 MIN    42
2021 04 26 16 15 MAX   806
2021 04 26 22 37 MIN    12
2021 04 27 04 39 MAX   843
2021 04 27 11 03 MIN    12
2021 04 27 16 56 MAX   820
2021 04 27 23 17 MIN   -23
2021 04 28 05 21 MAX   871
2021 04 28 11 48 MIN     7
2021 04 28 17 37 MAX   813
2021 04 28 23 57 MIN   -35
2021 04 29 06 03 MAX   876
2021 04 29 12 30 MIN    26
2021 04 29 18 17 MAX   790
2021 04 30 00 35 MIN   -26
2021 04 30 06 46 MAX   861
2021 04 30 13 13 MIN    66
2021 04 30 18 57 MAX   752
2021 05 01 01 14 MIN     4
2021 05 01 07 30 MAX   828
2021 05 01 13 57 MIN   121
2021 05 01 19 39 MAX   704
2021 05 02 01 54 MIN    53
2021 05 02 08 16 MAX   779
2021 05 02 14 44 MIN   185
2021 05 02 20 25 MAX   648
2021 05 03 02 39 MIN   117
2021 05 03 09 09 MAX   721
2021 05 03 15 41 MIN   247
2021 05 03 21 21 MAX   592
2021 05 04 03 35 MIN   186
2021 05 04 10 15 MAX   665
2021 05 04 16 58 MIN   289
2021 05 04 22 40 MAX   552
2021 05 05 04 55 MIN   242
2021 05 05 11 43 MAX   631
2021 05 05 18 32 MIN   290
2021 05 06 00 22 MAX   554
2021 05 06 06 33 MIN   256
2021 05 06 13 13 MAX   636
2021 05 06 19 49 MIN   251
2021 05 07 01 47 MAX   602
2021 05 07 07 55 MIN   229
2021 05 07 14 17 MAX   662
2021 05 07 20 42 MIN   201
2021 05 08 02 43 MAX   663
2021 05 08 08 53 MIN   189
2021 05 08 15 02 MAX   690
2021 05 08 21 23 MIN   155
2021 05 09 03 25 MAX   716
2021 05 09 09 37 MIN   155
2021 05 09 15 38 MAX   712
2021 05 09 21 57 MIN   119
2021 05 10 04 01 MAX   755
2021 05 10 10 16 MIN   131
2021 05 10 16 10 MAX   725
2021 05 10 22 27 MIN    93
2021 05 11 04 33 MAX   779
2021 05 11 10 50 MIN   119
2021 05 11 16 40 MAX   731
2021 05 11 22 56 MIN    76
2021 05 12 05 03 MAX   792
2021 05 12 11 23 MIN   117
2021 05 12 17 09 MAX   730
2021 05 12 23 24 MIN    67
2021 05 13 05 33 MAX   796
2021 05 13 11 54 MIN   123
2021 05 13 17 39 MAX   723
2021 05 13 23 52 MIN    66
2021 05 14 06 03 MAX   793
2021 05 14 12 25 MIN   137
2021 05 14 18 08 MAX   710
2021 05 15 00 20 MIN    71
2021 05 15 06 32 MAX   784
2021 05 15 12 56 MIN   158
2021 05 15 18 37 MAX   692
2021 05 16 00 49 MIN    85
2021 05 16 07 03 MAX   770
2021 05 16 13 28 MIN   185
2021 05 16 19 08 MAX   669
2021 05 17 01 21 MIN   107
2021 05 17 07 37 MAX   748
2021 05 17 14 03 MIN   216
2021 05 17 19 42 MAX   641
2021 05 18 01 56 MIN   139
2021 05 18 08 16 MAX   719
2021 05 18 14 44 MIN   249
2021 05 18 20 24 MAX   610
2021 05 19 02 40 MIN   180
2021 05 19 09 05 MAX   686
2021 05 19 15 39 MIN   277
2021 05 19 21 23 MAX   579
2021 05 20 03 41 MIN   223
2021 05 20 10 13 MAX   656
2021 05 20 16 53 MIN   286
2021 05 20 22 49 MAX   568
2021 05 21 05 06 MIN   247
2021 05 21 11 36 MAX   649
2021 05 21 18 18 MIN   258
2021 05 22 00 22 MAX   600
2021 05 22 06 38 MIN   233
2021 05 22 12 56 MAX   672
2021 05 22 19 31 MIN   200
2021 05 23 01 38 MAX   668
2021 05 23 07 55 MIN   187
2021 05 23 14 01 MAX   712
2021 05 23 20 29 MIN   130
2021 05 24 02 36 MAX   744
2021 05 24 08 58 MIN   135
2021 05 24 14 55 MAX   750
2021 05 24 21 18 MIN    67
2021 05 25 03 27 MAX   809
2021 05 25 09 52 MIN    93
2021 05 25 15 43 MAX   775
2021 05 25 22 05 MIN    19
2021 05 26 04 15 MAX   854
2021 05 26 10 42 MIN    70
2021 05 26 16 30 MAX   783
2021 05 26 22 49 MIN    -9
2021 05 27 05 01 MAX   877
2021 05 27 11 31 MIN    66
2021 05 27 17 15 MAX   777
2021 05 27 23 33 MIN   -18
2021 05 28 05 47 MAX   879
2021 05 28 12 18 MIN    79
2021 05 28 17 59 MAX   760
2021 05 29 00 16 MIN    -8
2021 05 29 06 34 MAX   865
2021 05 29 13 04 MIN   105
2021 05 29 18 44 MAX   734
2021 05 30 00 59 MIN    18
2021 05 30 07 20 MAX   838
2021 05 30 13 49 MIN   140
2021 05 30 19 29 MAX   703
2021 05 31 01 42 MIN    58
2021 05 31 08 06 MAX   799
2021 05 31 14 37 MIN   180
2021 05 31 20 17 MAX   668
2021 06 01 02 28 MIN   111
2021 06 01 08 54 MAX   752
2021 06 01 15 27 MIN   220
2021 06 01 21 10 MAX   631
2021 06 02 03 20 MIN   171
2021 06 02 09 47 MAX   702
2021 06 02 16 25 MIN   251
2021 06 02 22 13 MAX   601
2021 06 03 04 21 MIN   228
2021 06 03 10 50 MAX   659
2021 06 03 17 32 MIN   266
2021 06 03 23 31 MAX   591
2021 06 04 05 37 MIN   266
2021 06 04 12 03 MAX   635
2021 06 04 18 44 MIN   255
2021 06 05 00 52 MAX   612
2021 06 05 06 59 MIN   273
2021 06 05 13 13 MAX   634
2021 06 05 19 45 MIN   225
2021 06 06 01 57 MAX   653
2021 06 06 08 08 MIN   254
2021 06 06 14 09 MAX   648
2021 06 06 20 33 MIN   188
2021 06 07 02 47 MAX   698
2021 06 07 09 01 MIN   227
2021 06 07 14 54 MAX   667
2021 06 07 21 12 MIN   153
2021 06 08 03 27 MAX   737
2021 06 08 09 44 MIN   201
2021 06 08 15 33 MAX   684
2021 06 08 21 48 MIN   124
2021 06 09 04 04 MAX   766
2021 06 09 10 23 MIN   182
2021 06 09 16 08 MAX   697
2021 06 09 22 21 MIN   101
2021 06 10 04 38 MAX   786
2021 06 10 11 00 MIN   170
2021 06 10 16 43 MAX   705
2021 06 10 22 54 MIN    84
2021 06 11 05 11 MAX   797
2021 06 11 11 35 MIN   164
2021 06 11 17 16 MAX   708
2021 06 11 23 28 MIN    75
2021 06 12 05 44 MAX   802
2021 06 12 12 10 MIN   165
2021 06 12 17 50 MAX   705
2021 06 13 00 02 MIN    72
2021 06 13 06 18 MAX   803
2021 06 13 12 44 MIN   171
2021 06 13 18 24 MAX   699
2021 06 14 00 36 MIN    76
2021 06 14 06 52 MAX   797
2021 06 14 13 19 MIN   181
2021 06 14 18 59 MAX   689
2021 06 15 01 12 MIN    89
2021 06 15 07 27 MAX   786
2021 06 15 13 56 MIN   193
2021 06 15 19 36 MAX   676
2021 06 16 01 51 MIN   112
2021 06 16 08 06 MAX   769
2021 06 16 14 37 MIN   206
2021 06 16 20 19 MAX   660
2021 06 17 02 35 MIN   145
2021 06 17 08 51 MAX   744
2021 06 17 15 24 MIN   218
2021 06 17 21 13 MAX   643
2021 06 18 03 29 MIN   183
2021 06 18 09 46 MAX   716
2021 06 18 16 21 MIN   222
2021 06 18 22 21 MAX   636
2021 06 19 04 35 MIN   217
2021 06 19 10 51 MAX   693
2021 06 19 17 28 MIN   211
2021 06 19 23 39 MAX   652
2021 06 20 05 54 MIN   233
2021 06 20 12 05 MAX   685
2021 06 20 18 40 MIN   180
2021 06 21 00 57 MAX   694
2021 06 21 07 16 MIN   221
2021 06 21 13 17 MAX   695
2021 06 21 19 46 MIN   134
2021 06 22 02 04 MAX   751
2021 06 22 08 29 MIN   191
2021 06 22 14 21 MAX   715
2021 06 22 20 44 MIN    86
2021 06 23 03 03 MAX   804
2021 06 23 09 31 MIN   159
2021 06 23 15 17 MAX   733
2021 06 23 21 38 MIN    46
2021 06 24 03 57 MAX   844
2021 06 24 10 28 MIN   134
2021 06 24 16 10 MAX   746
2021 06 24 22 28 MIN    19
2021 06 25 04 48 MAX   868
2021 06 25 11 20 MIN   119
2021 06 25 17 01 MAX   752
2021 06 25 23 17 MIN     6
2021 06 26 05 37 MAX   876
2021 06 26 12 09 MIN   115
2021 06 26 17 49 MAX   751
2021 06 27 00 04 MIN     7
2021 06 27 06 24 MAX   871
2021 06 27 12 55 MIN   119
2021 06 27 18 34 MAX   745
2021 06 28 00 48 MIN    21
2021 06 28 07 08 MAX   855
2021 06 28 13 38 MIN   132
2021 06 28 19 19 MAX   733
2021 06 29 01 31 MIN    49
2021 06 29 07 50 MAX   827
2021 06 29 14 19 MIN   151
2021 06 29 20 02 MAX   714
2021 06 30 02 13 MIN    91
2021 06 30 08 29 MAX   790
2021 06 30 14 59 MIN   177
2021 06 30 20 47 MAX   689
2021 07 01 02 55 MIN   145
2021 07 01 09 10 MAX   745
2021 07 01 15 41 MIN   205
2021 07 01 21 36 MAX   659
2021 07 02 03 41 MIN   206
2021 07 02 09 54 MAX   696
2021 07 02 16 28 MIN   232
2021 07 02 22 34 MAX   634
2021 07 03 04 36 MIN   265
2021 07 03 10 47 MAX   650
2021 07 03 17 25 MIN   249
2021 07 03 23 45 MAX   623
2021 07 04 05 47 MIN   306
2021 07 04 11 53 MAX   618
2021 07 04 18 32 MIN   249
2021 07 05 00 59 MAX   638
2021 07 05 07 10 MIN   316
2021 07 05 13 05 MAX   609
2021 07 05 19 35 MIN   229
2021 07 06 02 03 MAX   671
2021 07 06 08 21 MIN   297
2021 07 06 14 08 MAX   622
2021 07 06 20 27 MIN   197
2021 07 07 02 55 MAX   711
2021 07 07 09 16 MIN   266
2021 07 07 14 59 MAX   644
2021 07 07 21 12 MIN   161
2021 07 08 03 38 MAX   748
2021 07 08 10 01 MIN   235
2021 07 08 15 42 MAX   669
2021 07 08 21 53 MIN   127
2021 07 09 04 17 MAX   779
2021 07 09 10 41 MIN   208
2021 07 09 16 22 MAX   691
2021 07 09 22 32 MIN    98
2021 07 10 04 54 MAX   803
2021 07 10 11 20 MIN   186
2021 07 10 17 00 MAX   709
2021 07 10 23 11 MIN    75
2021 07 11 05 30 MAX   820
2021 07 11 11 57 MIN   169
2021 07 11 17 37 MAX   722
2021 07 11 23 49 MIN    59
2021 07 12 06 05 MAX   831
2021 07 12 12 33 MIN   156
2021 07 12 18 13 MAX   730
2021 07 13 00 27 MIN    53
2021 07 13 06 41 MAX   836
2021 07 13 13 09 MIN   147
2021 07 13 18 50 MAX   734
2021 07 14 01 06 MIN    58
2021 07 14 07 16 MAX   833
2021 07 14 13 45 MIN   143
2021 07 14 19 28 MAX   732
2021 07 15 01 45 MIN    75
2021 07 15 07 53 MAX   820
2021 07 15 14 22 MIN   144
2021 07 15 20 09 MAX   725
2021 07 16 02 26 MIN   107
2021 07 16 08 33 MAX   796
2021 07 16 15 02 MIN   151
2021 07 16 20 57 MAX   713
2021 07 17 03 12 MIN   151
2021 07 17 09 18 MAX   760
2021 07 17 15 49 MIN   163
2021 07 17 21 53 MAX   698
2021 07 18 04 07 MIN   202
2021 07 18 10 13 MAX   717
2021 07 18 16 45 MIN   175
2021 07 18 23 02 MAX   691
2021 07 19 05 17 MIN   248
2021 07 19 11 20 MAX   679
2021 07 19 17 54 MIN   177
2021 07 20 00 22 MAX   703
2021 07 20 06 44 MIN   268
2021 07 20 12 39 MAX   660
2021 07 20 19 10 MIN   159
2021 07 21 01 40 MAX   737
2021 07 21 08 11 MIN   252
2021 07 21 13 57 MAX   667
2021 07 21 20 20 MIN   124
2021 07 22 02 50 MAX   782
2021 07 22 09 22 MIN   215
2021 07 22 15 05 MAX   692
2021 07 22 21 22 MIN    84
2021 07 23 03 49 MAX   825
2021 07 23 10 22 MIN   175
2021 07 23 16 02 MAX   723
2021 07 23 22 17 MIN    48
2021 07 24 04 42 MAX   858
2021 07 24 11 13 MIN   141
2021 07 24 16 53 MAX   750
2021 07 24 23 08 MIN    22
2021 07 25 05 29 MAX   876
2021 07 25 11 59 MIN   118
2021 07 25 17 39 MAX   770
2021 07 25 23 54 MIN    10
2021 07 26 06 12 MAX   880
2021 07 26 12 40 MIN   105
2021 07 26 18 22 MAX   780
2021 07 27 00 36 MIN    15
2021 07 27 06 50 MAX   870
2021 07 27 13 18 MIN   104
2021 07 27 19 01 MAX   779
2021 07 28 01 14 MIN    36
2021 07 28 07 25 MAX   848
2021 07 28 13 52 MIN   113
2021 07 28 19 39 MAX   767
2021 07 29 01 50 MIN    74
2021 07 29 07 57 MAX   816
2021 07 29 14 23 MIN   133
2021 07 29 20 16 MAX   744
2021 07 30 02 25 MIN   126
2021 07 30 08 29 MAX   773
2021 07 30 14 55 MIN   160
2021 07 30 20 55 MAX   711
2021 07 31 03 01 MIN   189
2021 07 31 09 02 MAX   722
2021 07 31 15 29 MIN   195
2021 07 31 21 40 MAX   674
2021 08 01 03 43 MIN   257
2021 08 01 09 41 MAX   666
2021 08 01 16 11 MIN   232
2021 08 01 22 37 MAX   640
2021 08 02 04 38 MIN   320
2021 08 02 10 35 MAX   611
2021 08 02 17 10 MIN   262
2021 08 02 23 53 MAX   625
2021 08 03 06 03 MIN   360
2021 08 03 11 53 MAX   574
2021 08 03 18 29 MIN   270
2021 08 04 01 17 MAX   640
2021 08 04 07 42 MIN   353
2021 08 04 13 23 MAX   574
2021 08 04 19 44 MIN   245
2021 08 05 02 25 MAX   680
2021 08 05 08 53 MIN   313
2021 08 05 14 32 MAX   605
2021 08 05 20 43 MIN   202
2021 08 06 03 16 MAX   727
2021 08 06 09 43 MIN   265
2021 08 06 15 23 MAX   648
2021 08 06 21 31 MIN   152
2021 08 07 03 58 MAX   772
2021 08 07 10 25 MIN   219
2021 08 07 16 06 MAX   690
2021 08 07 22 15 MIN   106
2021 08 08 04 36 MAX   811
2021 08 08 11 03 MIN   177
2021 08 08 16 45 MAX   728
2021 08 08 22 57 MIN    66
2021 08 09 05 13 MAX   841
2021 08 09 11 40 MIN   141
2021 08 09 17 23 MAX   758
2021 08 09 23 37 MIN    38
2021 08 10 05 49 MAX   861
2021 08 10 12 16 MIN   112
2021 08 10 18 00 MAX   780
2021 08 11 00 16 MIN    23
2021 08 11 06 24 MAX   870
2021 08 11 12 51 MIN    91
2021 08 11 18 37 MAX   792
2021 08 12 00 55 MIN    24
2021 08 12 06 58 MAX   867
2021 08 12 13 25 MIN    79
2021 08 12 19 14 MAX   796
2021 08 13 01 33 MIN    44
2021 08 13 07 33 MAX   849
2021 08 13 13 59 MIN    80
2021 08 13 19 54 MAX   788
2021 08 14 02 12 MIN    84
2021 08 14 08 10 MAX   816
2021 08 14 14 36 MIN    95
2021 08 14 20 37 MAX   769
2021 08 15 02 54 MIN   141
2021 08 15 08 50 MAX   767
2021 08 15 15 17 MIN   123
2021 08 15 21 27 MAX   738
2021 08 16 03 43 MIN   210
2021 08 16 09 39 MAX   706
2021 08 16 16 08 MIN   161
2021 08 16 22 32 MAX   705
2021 08 17 04 50 MIN   277
2021 08 17 10 44 MAX   644
2021 08 17 17 18 MIN   195
2021 08 17 23 57 MAX   689
2021 08 18 06 29 MIN   313
2021 08 18 12 17 MAX   608
2021 08 18 18 47 MIN   200
2021 08 19 01 31 MAX   709
2021 08 19 08 10 MIN   291
2021 08 19 13 52 MAX   621
2021 08 19 20 10 MIN   167
2021 08 20 02 49 MAX   758
2021 08 20 09 23 MIN   234
2021 08 20 15 04 MAX   670
2021 08 20 21 17 MIN   115
2021 08 21 03 48 MAX   810
2021 08 21 10 17 MIN   175
2021 08 21 16 00 MAX   726
2021 08 21 22 12 MIN    64
2021 08 22 04 35 MAX   850
2021 08 22 11 02 MIN   127
2021 08 22 16 46 MAX   772
2021 08 22 22 59 MIN    28
2021 08 23 05 16 MAX   871
2021 08 23 11 42 MIN    94
2021 08 23 17 26 MAX   803
2021 08 23 23 41 MIN    12
2021 08 24 05 52 MAX   875
2021 08 24 12 17 MIN    76
2021 08 24 18 04 MAX   818
2021 08 25 00 18 MIN    14
2021 08 25 06 24 MAX   866
2021 08 25 12 49 MIN    72
2021 08 25 18 38 MAX   818
2021 08 26 00 52 MIN    36
2021 08 26 06 54 MAX   845
2021 08 26 13 17 MIN    79
2021 08 26 19 11 MAX   806
2021 08 27 01 24 MIN    72
2021 08 27 07 21 MAX   814
2021 08 27 13 44 MIN    97
2021 08 27 19 43 MAX   782
2021 08 28 01 54 MIN   122
2021 08 28 07 49 MAX   774
2021 08 28 14 10 MIN   125
2021 08 28 20 15 MAX   748
2021 08 29 02 25 MIN   182
2021 08 29 08 17 MAX   723
2021 08 29 14 37 MIN   163
2021 08 29 20 51 MAX   706
2021 08 30 02 59 MIN   250
2021 08 30 08 49 MAX   664
2021 08 30 15 10 MIN   210
2021 08 30 21 37 MAX   659
2021 08 31 03 43 MIN   319
2021 08 31 09 30 MAX   600
2021 08 31 15 56 MIN   261
2021 08 31 22 43 MAX   619
2021 09 01 04 57 MIN   376
2021 09 01 10 41 MAX   544
2021 09 01 17 16 MIN   298
2021 09 02 00 23 MAX   610
2021 09 02 07 04 MIN   383
2021 09 02 12 40 MAX   530
2021 09 02 19 00 MIN   289
2021 09 03 01 53 MAX   646
2021 09 03 08 34 MIN   333
2021 09 03 14 11 MAX   572
2021 09 03 20 17 MIN   237
2021 09 04 02 53 MAX   703
2021 09 04 09 23 MIN   269
2021 09 04 15 06 MAX   635
2021 09 04 21 12 MIN   171
2021 09 05 03 36 MAX   760
2021 09 05 10 03 MIN   204
2021 09 05 15 48 MAX   699
2021 09 05 21 58 MIN   108
2021 09 06 04 14 MAX   810
2021 09 06 10 40 MIN   145
2021 09 06 16 27 MAX   756
2021 09 06 22 40 MIN    55
2021 09 07 04 50 MAX   848
2021 09 07 11 15 MIN    94
2021 09 07 17 04 MAX   800
2021 09 07 23 21 MIN    18
2021 09 08 05 26 MAX   872
2021 09 08 11 50 MIN    55
2021 09 08 17 41 MAX   831
2021 09 09 00 01 MIN     1
2021 09 09 06 01 MAX   879
2021 09 09 12 25 MIN    30
2021 09 09 18 19 MAX   847
2021 09 10 00 39 MIN     6
2021 09 10 06 35 MAX   869
2021 09 10 12 59 MIN    21
2021 09 10 18 56 MAX   848
2021 09 11 01 17 MIN    33
2021 09 11 07 10 MAX   841
2021 09 11 13 33 MIN    30
2021 09 11 19 34 MAX   832
2021 09 12 01 56 MIN    83
2021 09 12 07 46 MAX   796
2021 09 12 14 09 MIN    59
2021 09 12 20 16 MAX   799
2021 09 13 02 37 MIN   151
2021 09 13 08 25 MAX   735
2021 09 13 14 48 MIN   106
2021 09 13 21 05 MAX   751
2021 09 14 03 26 MIN   231
2021 09 14 09 12 MAX   662
2021 09 14 15 37 MIN   167
2021 09 14 22 10 MAX   697
2021 09 15 04 38 MIN   306
2021 09 15 10 22 MAX   591
2021 09 15 16 52 MIN   224
2021 09 15 23 46 MAX   664
2021 09 16 06 33 MIN   332
2021 09 16 12 14 MAX   560
2021 09 16 18 38 MIN   237
2021 09 17 01 32 MAX   684
2021 09 17 08 15 MIN   286
2021 09 17 13 58 MAX   601
2021 09 17 20 09 MIN   193
2021 09 18 02 47 MAX   739
2021 09 18 09 18 MIN   214
2021 09 18 15 04 MAX   674
2021 09 18 21 13 MIN   129
2021 09 19 03 38 MAX   792
2021 09 19 10 03 MIN   149
2021 09 19 15 52 MAX   743
2021 09 19 22 03 MIN    74
2021 09 20 04 18 MAX   827
2021 09 20 10 41 MIN    99
2021 09 20 16 31 MAX   795
2021 09 20 22 45 MIN    39
2021 09 21 04 53 MAX   845
2021 09 21 11 15 MIN    67
2021 09 21 17 07 MAX   826
2021 09 21 23 22 MIN    25
2021 09 22 05 25 MAX   845
2021 09 22 11 47 MIN    51
2021 09 22 17 40 MAX   838
2021 09 22 23 56 MIN    31
2021 09 23 05 53 MAX   833
2021 09 23 12 14 MIN    49
2021 09 23 18 12 MAX   835
2021 09 24 00 28 MIN    52
2021 09 24 06 20 MAX   813
2021 09 24 12 40 MIN    57
2021 09 24 18 41 MAX   821
2021 09 25 00 57 MIN    86
2021 09 25 06 47 MAX   784
2021 09 25 13 05 MIN    75
2021 09 25 19 10 MAX   797
2021 09 26 01 25 MIN   130
2021 09 26 07 12 MAX   747
2021 09 26 13 29 MIN   102
2021 09 26 19 38 MAX   765
2021 09 27 01 54 MIN   182
2021 09 27 07 39 MAX   700
2021 09 27 13 54 MIN   140
2021 09 27 20 09 MAX   724
2021 09 28 02 25 MIN   242
2021 09 28 08 07 MAX   646
2021 09 28 14 23 MIN   188
2021 09 28 20 47 MAX   675
2021 09 29 03 03 MIN   306
2021 09 29 08 43 MAX   586
2021 09 29 15 02 MIN   244
2021 09 29 21 43 MAX   625
2021 09 30 04 05 MIN   364
2021 09 30 09 42 MAX   527
2021 09 30 16 10 MIN   297
2021 09 30 23 17 MAX   593
2021 10 01 06 12 MIN   382
2021 10 01 11 51 MAX   502
2021 10 01 18 10 MIN   310
2021 10 02 01 09 MAX   615
2021 10 02 07 59 MIN   330
2021 10 02 13 41 MAX   550
2021 10 02 19 46 MIN   259
2021 10 03 02 18 MAX   673
2021 10 03 08 51 MIN   255
2021 10 03 14 41 MAX   629
2021 10 03 20 47 MIN   184
2021 10 04 03 04 MAX   736
2021 10 04 09 31 MIN   178
2021 10 04 15 24 MAX   709
2021 10 04 21 35 MIN   111
2021 10 05 03 44 MAX   792
2021 10 05 10 08 MIN   106
2021 10 05 16 03 MAX   779
2021 10 05 22 19 MIN    52
2021 10 06 04 21 MAX   832
2021 10 06 10 44 MIN    48
2021 10 06 16 41 MAX   833
2021 10 06 23 01 MIN    13
2021 10 07 04 58 MAX   854
2021 10 07 11 21 MIN     6
2021 10 07 17 19 MAX   867
2021 10 07 23 42 MIN    -1
2021 10 08 05 35 MAX   855
2021 10 08 11 57 MIN   -17
2021 10 08 17 57 MAX   880
2021 10 09 00 22 MIN     9
2021 10 09 06 12 MAX   837
2021 10 09 12 32 MIN   -18
2021 10 09 18 36 MAX   873
2021 10 10 01 01 MIN    43
2021 10 10 06 48 MAX   801
2021 10 10 13 08 MIN     2
2021 10 10 19 16 MAX   847
2021 10 11 01 42 MIN    98
2021 10 11 07 26 MAX   749
2021 10 11 13 45 MIN    43
2021 10 11 19 59 MAX   803
2021 10 12 02 26 MIN   168
2021 10 12 08 08 MAX   685
2021 10 12 14 26 MIN   103
2021 10 12 20 50 MAX   744
2021 10 13 03 20 MIN   244
2021 10 13 08 59 MAX   615
2021 10 13 15 18 MIN   174
2021 10 13 21 58 MAX   682
2021 10 14 04 38 MIN   305
2021 10 14 10 18 MAX   554
2021 10 14 16 39 MIN   237
2021 10 14 23 38 MAX   646
2021 10 15 06 32 MIN   311
2021 10 15 12 15 MAX   545
2021 10 15 18 30 MIN   249
2021 10 16 01 22 MAX   664
2021 10 16 08 00 MIN   257
2021 10 16 13 52 MAX   603
2021 10 16 19 58 MIN   204
2021 10 17 02 29 MAX   710
2021 10 17 08 55 MIN   189
2021 10 17 14 50 MAX   680
2021 10 17 20 58 MIN   145
2021 10 18 03 15 MAX   752
2021 10 18 09 36 MIN   129
2021 10 18 15 33 MAX   748
2021 10 18 21 45 MIN    97
2021 10 19 03 52 MAX   779
2021 10 19 10 12 MIN    84
2021 10 19 16 10 MAX   795
2021 10 19 22 24 MIN    68
2021 10 20 04 24 MAX   791
2021 10 20 10 44 MIN    56
2021 10 20 16 44 MAX   821
2021 10 20 23 00 MIN    59
2021 10 21 04 54 MAX   790
2021 10 21 11 13 MIN    43
2021 10 21 17 15 MAX   830
2021 10 21 23 32 MIN    65
2021 10 22 05 22 MAX   780
2021 10 22 11 40 MIN    42
2021 10 22 17 44 MAX   826
2021 10 23 00 03 MIN    82
2021 10 23 05 50 MAX   762
2021 10 23 12 06 MIN    49
2021 10 23 18 13 MAX   812
2021 10 24 00 32 MIN   109
2021 10 24 06 17 MAX   738
2021 10 24 12 30 MIN    64
2021 10 24 18 41 MAX   792
2021 10 25 01 01 MIN   143
2021 10 25 06 44 MAX   708
2021 10 25 12 56 MIN    88
2021 10 25 19 09 MAX   764
2021 10 26 01 30 MIN   184
2021 10 26 07 11 MAX   670
2021 10 26 13 23 MIN   120
2021 10 26 19 39 MAX   730
2021 10 27 02 02 MIN   231
2021 10 27 07 41 MAX   627
2021 10 27 13 53 MIN   163
2021 10 27 20 15 MAX   688
2021 10 28 02 39 MIN   280
2021 10 28 08 17 MAX   579
2021 10 28 14 31 MIN   214
2021 10 28 21 03 MAX   641
2021 10 29 03 34 MIN   326
2021 10 29 09 12 MAX   530
2021 10 29 15 32 MIN   267
2021 10 29 22 20 MAX   602
2021 10 30 05 10 MIN   346
2021 10 30 10 58 MAX   505
2021 10 30 17 15 MIN   294
2021 10 31 00 04 MAX   601
2021 10 31 06 56 MIN   308
2021 10 31 12 52 MAX   545
2021 10 31 19 00 MIN   262
2021 11 01 01 27 MAX   644
2021 11 01 08 02 MIN   235
2021 11 01 14 01 MAX   624
2021 11 01 20 12 MIN   194
2021 11 02 02 23 MAX   701
2021 11 02 08 49 MIN   154
2021 11 02 14 51 MAX   710
2021 11 02 21 06 MIN   124
2021 11 03 03 08 MAX   754
2021 11 03 09 31 MIN    79
2021 11 03 15 34 MAX   786
2021 11 03 21 54 MIN    68
2021 11 04 03 50 MAX   791
2021 11 04 10 10 MIN    19
2021 11 04 16 15 MAX   841
2021 11 04 22 38 MIN    32
2021 11 05 04 30 MAX   809
2021 11 05 10 50 MIN   -20
2021 11 05 16 56 MAX   874
2021 11 05 23 22 MIN    21
2021 11 06 05 10 MAX   806
2021 11 06 11 29 MIN   -38
2021 11 06 17 37 MAX   883
2021 11 07 00 06 MIN    33
2021 11 07 05 51 MAX   786
2021 11 07 12 09 MIN   -33
2021 11 07 18 20 MAX   871
2021 11 08 00 49 MIN    65
2021 11 08 06 31 MAX   751
2021 11 08 12 49 MIN    -8
2021 11 08 19 04 MAX   840
2021 11 09 01 34 MIN   113
2021 11 09 07 14 MAX   706
2021 11 09 13 30 MIN    35
2021 11 09 19 51 MAX   795
2021 11 10 02 22 MIN   169
2021 11 10 08 01 MAX   653
2021 11 10 14 16 MIN    94
2021 11 10 20 43 MAX   739
2021 11 11 03 18 MIN   225
2021 11 11 08 56 MAX   600
2021 11 11 15 11 MIN   161
2021 11 11 21 48 MAX   683
2021 11 12 04 30 MIN   266
2021 11 12 10 12 MAX   559
2021 11 12 16 25 MIN   219
2021 11 12 23 11 MAX   644
2021 11 13 05 59 MIN   270
2021 11 13 11 51 MAX   556
2021 11 13 18 00 MIN   241
2021 11 14 00 41 MAX   640
2021 11 14 07 19 MIN   235
2021 11 14 13 20 MAX   601
2021 11 14 19 27 MIN   220
2021 11 15 01 50 MAX   662
2021 11 15 08 16 MIN   184
2021 11 15 14 21 MAX   665
2021 11 15 20 30 MIN   180
2021 11 16 02 39 MAX   689
2021 11 16 09 00 MIN   134
2021 11 16 15 06 MAX   722
2021 11 16 21 18 MIN   144
2021 11 17 03 19 MAX   710
2021 11 17 09 37 MIN    95
2021 11 17 15 44 MAX   764
2021 11 17 21 59 MIN   120
2021 11 18 03 53 MAX   722
2021 11 18 10 09 MIN    69
2021 11 18 16 18 MAX   788
2021 11 18 22 36 MIN   109
2021 11 19 04 24 MAX   725
2021 11 19 10 39 MIN    54
2021 11 19 16 50 MAX   798
2021 11 19 23 10 MIN   109
2021 11 20 04 55 MAX   722
2021 11 20 11 08 MIN    49
2021 11 20 17 20 MAX   798
2021 11 20 23 42 MIN   117
2021 11 21 05 25 MAX   712
2021 11 21 11 37 MIN    51
2021 11 21 17 50 MAX   790
2021 11 22 00 13 MIN   132
2021 11 22 05 55 MAX   697
2021 11 22 12 06 MIN    59
2021 11 22 18 20 MAX   777
2021 11 23 00 44 MIN   153
2021 11 23 06 25 MAX   677
2021 11 23 12 35 MIN    75
2021 11 23 18 50 MAX   759
2021 11 24 01 15 MIN   178
2021 11 24 06 55 MAX   653
2021 11 24 13 06 MIN    98
2021 11 24 19 22 MAX   735
2021 11 25 01 49 MIN   208
2021 11 25 07 27 MAX   624
2021 11 25 13 40 MIN   130
2021 11 25 19 58 MAX   705
2021 11 26 02 27 MIN   238
2021 11 26 08 06 MAX   593
2021 11 26 14 20 MIN   170
2021 11 26 20 42 MAX   670
2021 11 27 03 16 MIN   265
2021 11 27 08 58 MAX   562
2021 11 27 15 14 MIN   214
2021 11 27 21 42 MAX   636
2021 11 28 04 22 MIN   278
2021 11 28 10 15 MAX   544
2021 11 28 16 31 MIN   247
2021 11 28 23 00 MAX   617
2021 11 29 05 45 MIN   261
2021 11 29 11 50 MAX   564
2021 11 29 18 03 MIN   246
2021 11 30 00 24 MAX   629
2021 11 30 07 00 MIN   210
2021 11 30 13 11 MAX   624
2021 11 30 19 26 MIN   208
2021 12 01 01 33 MAX   663
2021 12 01 08 00 MIN   141
2021 12 01 14 12 MAX   700
2021 12 01 20 32 MIN   155
2021 12 02 02 29 MAX   702
2021 12 02 08 51 MIN    74
2021 12 02 15 03 MAX   770
2021 12 02 21 28 MIN   107
2021 12 03 03 18 MAX   733
2021 12 03 09 38 MIN    19
2021 12 03 15 50 MAX   822
2021 12 03 22 18 MIN    75
2021 12 04 04 05 MAX   749
2021 12 04 10 23 MIN   -17
2021 12 04 16 37 MAX   853
2021 12 04 23 07 MIN    62
2021 12 05 04 51 MAX   751
2021 12 05 11 08 MIN   -34
2021 12 05 17 23 MAX   862
2021 12 05 23 55 MIN    65
2021 12 06 05 37 MAX   740
2021 12 06 11 53 MIN   -33
2021 12 06 18 11 MAX   854
2021 12 07 00 42 MIN    82
2021 12 07 06 23 MAX   720
2021 12 07 12 38 MIN   -15
2021 12 07 18 58 MAX   832
2021 12 08 01 30 MIN   108
2021 12 08 07 09 MAX   693
2021 12 08 13 23 MIN    18
2021 12 08 19 45 MAX   797
2021 12 09 02 17 MIN   140
2021 12 09 07 57 MAX   662
2021 12 09 14 10 MIN    65
2021 12 09 20 33 MAX   753
2021 12 10 03 06 MIN   175
2021 12 10 08 49 MAX   629
2021 12 10 15 01 MIN   121
2021 12 10 21 25 MAX   704
2021 12 11 04 01 MIN   205
2021 12 11 09 49 MAX   599
2021 12 11 15 59 MIN   179
2021 12 11 22 25 MAX   656
2021 12 12 05 04 MIN   224
2021 12 12 11 03 MAX   583
2021 12 12 17 10 MIN   226
2021 12 12 23 34 MAX   621
2021 12 13 06 14 MIN   223
2021 12 13 12 24 MAX   594
2021 12 13 18 32 MIN   246
2021 12 14 00 47 MAX   609
2021 12 14 07 20 MIN   200
2021 12 14 13 36 MAX   630
2021 12 14 19 47 MIN   236
2021 12 15 01 49 MAX   616
2021 12 15 08 14 MIN   166
2021 12 15 14 31 MAX   673
2021 12 15 20 46 MIN   211
2021 12 16 02 39 MAX   632
2021 12 16 08 57 MIN   132
2021 12 16 15 16 MAX   711
2021 12 16 21 34 MIN   186
2021 12 17 03 21 MAX   649
2021 12 17 09 36 MIN   103
2021 12 17 15 54 MAX   739
2021 12 17 22 14 MIN   167
2021 12 18 03 58 MAX   662
2021 12 18 10 10 MIN    81
2021 12 18 16 29 MAX   757
2021 12 18 22 51 MIN   154
2021 12 19 04 33 MAX   671
2021 12 19 10 44 MIN    66
2021 12 19 17 03 MAX   766
2021 12 19 23 26 MIN   147
2021 12 20 05 07 MAX   675
2021 12 20 11 17 MIN    57
2021 12 20 17 35 MAX   770
2021 12 21 00 00 MIN   146
2021 12 21 00 00 MIN   146
2021 12 21 05 41 MAX   675
2021 12 21 11 50 MIN    53
2021 12 21 18 07 MAX   769
2021 12 22 00 33 MIN   150
2021 12 22 06 13 MAX   670
2021 12 22 12 24 MIN    56
2021 12 22 18 39 MAX   763
2021 12 23 01 07 MIN   156
2021 12 23 06 46 MAX   662
2021 12 23 12 58 MIN    66
2021 12 23 19 12 MAX   753
2021 12 24 01 40 MIN   166
2021 12 24 07 20 MAX   650
2021 12 24 13 34 MIN    86
2021 12 24 19 47 MAX   736
2021 12 25 02 16 MIN   177
2021 12 25 07 59 MAX   635
2021 12 25 14 14 MIN   115
2021 12 25 20 26 MAX   712
2021 12 26 02 57 MIN   188
2021 12 26 08 44 MAX   618
2021 12 26 15 00 MIN   153
2021 12 26 21 13 MAX   682
2021 12 27 03 46 MIN   197
2021 12 27 09 43 MAX   604
2021 12 27 15 58 MIN   194
2021 12 27 22 11 MAX   651
2021 12 28 04 46 MIN   198
2021 12 28 10 57 MAX   604
2021 12 28 17 11 MIN   224
2021 12 28 23 22 MAX   629
2021 12 29 05 58 MIN   181
2021 12 29 12 18 MAX   631
2021 12 29 18 37 MIN   228
2021 12 30 00 39 MAX   626
2021 12 30 07 10 MIN   143
2021 12 30 13 33 MAX   681
2021 12 30 19 59 MIN   202
2021 12 31 01 51 MAX   643
2021 12 31 08 15 MIN    95
2021 12 31 14 36 MAX   737
2021 12 31 21 07 MIN   164
