 <API - 조위예측극치자료>

대상조위관측소 : 안흥
위도(WGS84) : N 126.1322
경도(WGS84) : E 36.6736
관측기관 : 20201221 ~ 20220101

2020 12 21 02 35 MIN   175
2020 12 21 08 12 MAX   476
2020 12 21 14 22 MIN   151
2020 12 21 20 48 MAX   536
2020 12 22 03 26 MIN   195
2020 12 22 09 12 MAX   453
2020 12 22 15 19 MIN   193
2020 12 22 21 44 MAX   498
2020 12 23 04 26 MIN   207
2020 12 23 10 26 MAX   443
2020 12 23 16 35 MIN   225
2020 12 23 22 51 MAX   470
2020 12 24 05 34 MIN   202
2020 12 24 11 48 MAX   453
2020 12 24 18 02 MIN   235
2020 12 25 00 03 MAX   460
2020 12 25 06 37 MIN   182
2020 12 25 12 59 MAX   484
2020 12 25 19 15 MIN   222
2020 12 26 01 04 MAX   467
2020 12 26 07 28 MIN   153
2020 12 26 13 53 MAX   521
2020 12 26 20 11 MIN   199
2020 12 27 01 53 MAX   482
2020 12 27 08 11 MIN   122
2020 12 27 14 36 MAX   556
2020 12 27 20 55 MIN   176
2020 12 28 02 34 MAX   500
2020 12 28 08 49 MIN    94
2020 12 28 15 13 MAX   585
2020 12 28 21 34 MIN   156
2020 12 29 03 11 MAX   516
2020 12 29 09 26 MIN    72
2020 12 29 15 48 MAX   607
2020 12 29 22 11 MIN   140
2020 12 30 03 47 MAX   529
2020 12 30 10 01 MIN    56
2020 12 30 16 22 MAX   622
2020 12 30 22 47 MIN   129
2020 12 31 04 22 MAX   538
2020 12 31 10 38 MIN    45
2020 12 31 16 56 MAX   633
2020 12 31 23 24 MIN   121
2021 01 01 04 57 MAX   542
2021 01 01 11 14 MIN    40
2021 01 01 17 31 MAX   638
2021 01 02 00 01 MIN   117
2021 01 02 05 33 MAX   544
2021 01 02 11 52 MIN    39
2021 01 02 18 08 MAX   638
2021 01 03 00 39 MIN   117
2021 01 03 06 12 MAX   542
2021 01 03 12 32 MIN    46
2021 01 03 18 46 MAX   630
2021 01 04 01 18 MIN   120
2021 01 04 06 54 MAX   537
2021 01 04 13 13 MIN    64
2021 01 04 19 28 MAX   613
2021 01 05 02 01 MIN   126
2021 01 05 07 41 MAX   527
2021 01 05 14 00 MIN    92
2021 01 05 20 14 MAX   587
2021 01 06 02 48 MIN   134
2021 01 06 08 38 MAX   516
2021 01 06 14 56 MIN   130
2021 01 06 21 08 MAX   555
2021 01 07 03 43 MIN   140
2021 01 07 09 46 MAX   508
2021 01 07 16 04 MIN   169
2021 01 07 22 11 MAX   523
2021 01 08 04 49 MIN   139
2021 01 08 11 07 MAX   513
2021 01 08 17 28 MIN   195
2021 01 08 23 23 MAX   502
2021 01 09 06 01 MIN   125
2021 01 09 12 28 MAX   537
2021 01 09 18 55 MIN   194
2021 01 10 00 37 MAX   499
2021 01 10 07 09 MIN    98
2021 01 10 13 40 MAX   574
2021 01 10 20 09 MIN   174
2021 01 11 01 44 MAX   510
2021 01 11 08 11 MIN    68
2021 01 11 14 41 MAX   611
2021 01 11 21 10 MIN   148
2021 01 12 02 42 MAX   527
2021 01 12 09 05 MIN    42
2021 01 12 15 33 MAX   639
2021 01 12 22 03 MIN   124
2021 01 13 03 33 MAX   542
2021 01 13 09 54 MIN    24
2021 01 13 16 19 MAX   656
2021 01 13 22 50 MIN   108
2021 01 14 04 20 MAX   553
2021 01 14 10 39 MIN    17
2021 01 14 17 02 MAX   660
2021 01 14 23 32 MIN    99
2021 01 15 05 03 MAX   557
2021 01 15 11 22 MIN    20
2021 01 15 17 41 MAX   654
2021 01 16 00 11 MIN    98
2021 01 16 05 43 MAX   555
2021 01 16 12 01 MIN    32
2021 01 16 18 17 MAX   640
2021 01 17 00 47 MIN   104
2021 01 17 06 22 MAX   547
2021 01 17 12 37 MIN    53
2021 01 17 18 51 MAX   618
2021 01 18 01 21 MIN   116
2021 01 18 07 00 MAX   533
2021 01 18 13 13 MIN    82
2021 01 18 19 25 MAX   588
2021 01 19 01 54 MIN   133
2021 01 19 07 39 MAX   514
2021 01 19 13 49 MIN   120
2021 01 19 20 00 MAX   552
2021 01 20 02 28 MIN   153
2021 01 20 08 22 MAX   492
2021 01 20 14 29 MIN   165
2021 01 20 20 38 MAX   511
2021 01 21 03 07 MIN   174
2021 01 21 09 15 MAX   469
2021 01 21 15 20 MIN   213
2021 01 21 21 26 MAX   469
2021 01 22 03 59 MIN   193
2021 01 22 10 24 MAX   453
2021 01 22 16 32 MIN   252
2021 01 22 22 30 MAX   436
2021 01 23 05 09 MIN   201
2021 01 23 11 50 MAX   456
2021 01 23 18 10 MIN   266
2021 01 23 23 52 MAX   422
2021 01 24 06 25 MIN   190
2021 01 24 13 08 MAX   482
2021 01 24 19 34 MIN   250
2021 01 25 01 07 MAX   433
2021 01 25 07 28 MIN   162
2021 01 25 14 07 MAX   518
2021 01 25 20 31 MIN   220
2021 01 26 02 04 MAX   458
2021 01 26 08 19 MIN   128
2021 01 26 14 51 MAX   555
2021 01 26 21 16 MIN   187
2021 01 27 02 50 MAX   487
2021 01 27 09 04 MIN    94
2021 01 27 15 31 MAX   588
2021 01 27 21 56 MIN   155
2021 01 28 03 30 MAX   516
2021 01 28 09 45 MIN    63
2021 01 28 16 07 MAX   616
2021 01 28 22 34 MIN   127
2021 01 29 04 09 MAX   541
2021 01 29 10 26 MIN    37
2021 01 29 16 43 MAX   639
2021 01 29 23 11 MIN   103
2021 01 30 04 46 MAX   562
2021 01 30 11 06 MIN    18
2021 01 30 17 19 MAX   653
2021 01 30 23 48 MIN    84
2021 01 31 05 24 MAX   578
2021 01 31 11 45 MIN     9
2021 01 31 17 54 MAX   659
2021 02 01 00 24 MIN    71
2021 02 01 06 02 MAX   587
2021 02 01 12 25 MIN    13
2021 02 01 18 31 MAX   653
2021 02 02 01 00 MIN    66
2021 02 02 06 43 MAX   589
2021 02 02 13 05 MIN    33
2021 02 02 19 08 MAX   634
2021 02 03 01 37 MIN    71
2021 02 03 07 27 MAX   582
2021 02 03 13 47 MIN    70
2021 02 03 19 48 MAX   601
2021 02 04 02 17 MIN    85
2021 02 04 08 16 MAX   563
2021 02 04 14 35 MIN   122
2021 02 04 20 32 MAX   557
2021 02 05 03 03 MIN   107
2021 02 05 09 15 MAX   538
2021 02 05 15 33 MIN   181
2021 02 05 21 26 MAX   509
2021 02 06 04 02 MIN   132
2021 02 06 10 31 MAX   516
2021 02 06 16 55 MIN   229
2021 02 06 22 39 MAX   466
2021 02 07 05 20 MIN   148
2021 02 07 12 05 MAX   516
2021 02 07 18 40 MIN   241
2021 02 08 00 11 MAX   450
2021 02 08 06 47 MIN   140
2021 02 08 13 33 MAX   542
2021 02 08 20 08 MIN   213
2021 02 09 01 37 MAX   466
2021 02 09 08 01 MIN   111
2021 02 09 14 40 MAX   580
2021 02 09 21 10 MIN   173
2021 02 10 02 42 MAX   498
2021 02 10 09 01 MIN    77
2021 02 10 15 31 MAX   613
2021 02 10 21 59 MIN   135
2021 02 11 03 33 MAX   531
2021 02 11 09 51 MIN    50
2021 02 11 16 14 MAX   634
2021 02 11 22 40 MIN   106
2021 02 12 04 16 MAX   556
2021 02 12 10 34 MIN    32
2021 02 12 16 50 MAX   644
2021 02 12 23 17 MIN    88
2021 02 13 04 54 MAX   572
2021 02 13 11 12 MIN    27
2021 02 13 17 23 MAX   643
2021 02 13 23 50 MIN    79
2021 02 14 05 28 MAX   579
2021 02 14 11 46 MIN    32
2021 02 14 17 52 MAX   635
2021 02 15 00 20 MIN    79
2021 02 15 06 01 MAX   578
2021 02 15 12 18 MIN    47
2021 02 15 18 21 MAX   619
2021 02 16 00 46 MIN    85
2021 02 16 06 33 MAX   571
2021 02 16 12 48 MIN    71
2021 02 16 18 48 MAX   595
2021 02 17 01 12 MIN    97
2021 02 17 07 06 MAX   558
2021 02 17 13 18 MIN   105
2021 02 17 19 17 MAX   565
2021 02 18 01 39 MIN   115
2021 02 18 07 40 MAX   538
2021 02 18 13 51 MIN   148
2021 02 18 19 47 MAX   527
2021 02 19 02 09 MIN   138
2021 02 19 08 20 MAX   511
2021 02 19 14 29 MIN   198
2021 02 19 20 21 MAX   484
2021 02 20 02 46 MIN   168
2021 02 20 09 12 MAX   481
2021 02 20 15 19 MIN   250
2021 02 20 21 07 MAX   440
2021 02 21 03 39 MIN   198
2021 02 21 10 29 MAX   458
2021 02 21 16 46 MIN   289
2021 02 21 22 24 MAX   405
2021 02 22 05 04 MIN   215
2021 02 22 12 09 MAX   462
2021 02 22 18 48 MIN   286
2021 02 23 00 14 MAX   401
2021 02 23 06 40 MIN   200
2021 02 23 13 31 MAX   495
2021 02 23 20 07 MIN   249
2021 02 24 01 34 MAX   432
2021 02 24 07 49 MIN   160
2021 02 24 14 26 MAX   539
2021 02 24 20 55 MIN   202
2021 02 25 02 28 MAX   476
2021 02 25 08 43 MIN   113
2021 02 25 15 08 MAX   583
2021 02 25 21 36 MIN   155
2021 02 26 03 12 MAX   522
2021 02 26 09 29 MIN    66
2021 02 26 15 46 MAX   622
2021 02 26 22 13 MIN   111
2021 02 27 03 52 MAX   565
2021 02 27 10 12 MIN    27
2021 02 27 16 23 MAX   652
2021 02 27 22 50 MIN    72
2021 02 28 04 31 MAX   601
2021 02 28 10 52 MIN     1
2021 02 28 16 58 MAX   670
2021 02 28 23 26 MIN    43
2021 03 01 05 10 MAX   627
2021 03 01 11 33 MIN    -9
2021 03 01 17 33 MAX   675
2021 03 02 00 01 MIN    25
2021 03 02 05 48 MAX   643
2021 03 02 12 13 MIN    -1
2021 03 02 18 08 MAX   664
2021 03 03 00 36 MIN    20
2021 03 03 06 29 MAX   644
2021 03 03 12 52 MIN    28
2021 03 03 18 44 MAX   638
2021 03 04 01 11 MIN    29
2021 03 04 07 11 MAX   631
2021 03 04 13 33 MIN    75
2021 03 04 19 21 MAX   599
2021 03 05 01 48 MIN    54
2021 03 05 07 57 MAX   602
2021 03 05 14 17 MIN   137
2021 03 05 20 01 MAX   548
2021 03 06 02 30 MIN    93
2021 03 06 08 52 MAX   561
2021 03 06 15 13 MIN   203
2021 03 06 20 52 MAX   490
2021 03 07 03 25 MIN   139
2021 03 07 10 06 MAX   520
2021 03 07 16 37 MIN   258
2021 03 07 22 08 MAX   438
2021 03 08 04 49 MIN   177
2021 03 08 11 50 MAX   504
2021 03 08 18 38 MIN   264
2021 03 09 00 03 MAX   422
2021 03 09 06 35 MIN   178
2021 03 09 13 30 MAX   528
2021 03 09 20 07 MIN   223
2021 03 10 01 40 MAX   453
2021 03 10 07 58 MIN   144
2021 03 10 14 35 MAX   566
2021 03 10 21 03 MIN   172
2021 03 11 02 42 MAX   501
2021 03 11 08 57 MIN   102
2021 03 11 15 21 MAX   599
2021 03 11 21 45 MIN   128
2021 03 12 03 28 MAX   544
2021 03 12 09 42 MIN    69
2021 03 12 15 58 MAX   620
2021 03 12 22 21 MIN    96
2021 03 13 04 05 MAX   575
2021 03 13 10 21 MIN    49
2021 03 13 16 29 MAX   629
2021 03 13 22 52 MIN    75
2021 03 14 04 38 MAX   595
2021 03 14 10 55 MIN    42
2021 03 14 16 57 MAX   630
2021 03 14 23 21 MIN    64
2021 03 15 05 08 MAX   606
2021 03 15 11 26 MIN    45
2021 03 15 17 23 MAX   623
2021 03 15 23 46 MIN    61
2021 03 16 05 38 MAX   609
2021 03 16 11 55 MIN    58
2021 03 16 17 48 MAX   611
2021 03 17 00 10 MIN    64
2021 03 17 06 06 MAX   606
2021 03 17 12 23 MIN    79
2021 03 17 18 14 MAX   593
2021 03 18 00 34 MIN    73
2021 03 18 06 36 MAX   597
2021 03 18 12 52 MIN   109
2021 03 18 18 41 MAX   567
2021 03 19 00 59 MIN    90
2021 03 19 07 07 MAX   579
2021 03 19 13 22 MIN   148
2021 03 19 19 08 MAX   534
2021 03 20 01 26 MIN   114
2021 03 20 07 42 MAX   552
2021 03 20 13 56 MIN   193
2021 03 20 19 39 MAX   495
2021 03 21 01 58 MIN   146
2021 03 21 08 25 MAX   519
2021 03 21 14 39 MIN   243
2021 03 21 20 16 MAX   452
2021 03 22 02 42 MIN   184
2021 03 22 09 27 MAX   485
2021 03 22 15 47 MIN   286
2021 03 22 21 19 MAX   412
2021 03 23 03 54 MIN   217
2021 03 23 11 04 MAX   470
2021 03 23 17 52 MIN   296
2021 03 23 23 18 MAX   396
2021 03 24 05 45 MIN   219
2021 03 24 12 44 MAX   492
2021 03 24 19 29 MIN   257
2021 03 25 00 59 MAX   429
2021 03 25 07 15 MIN   180
2021 03 25 13 49 MAX   538
2021 03 25 20 23 MIN   200
2021 03 26 02 01 MAX   485
2021 03 26 08 16 MIN   125
2021 03 26 14 36 MAX   586
2021 03 26 21 05 MIN   142
2021 03 27 02 48 MAX   545
2021 03 27 09 06 MIN    71
2021 03 27 15 16 MAX   628
2021 03 27 21 43 MIN    87
2021 03 28 03 30 MAX   601
2021 03 28 09 51 MIN    29
2021 03 28 15 54 MAX   659
2021 03 28 22 20 MIN    41
2021 03 29 04 10 MAX   646
2021 03 29 10 34 MIN     4
2021 03 29 16 30 MAX   674
2021 03 29 22 57 MIN     9
2021 03 30 04 51 MAX   676
2021 03 30 11 16 MIN    -1
2021 03 30 17 07 MAX   672
2021 03 30 23 33 MIN    -8
2021 03 31 05 31 MAX   690
2021 03 31 11 57 MIN    14
2021 03 31 17 43 MAX   655
2021 04 01 00 09 MIN    -7
2021 04 01 06 12 MAX   686
2021 04 01 12 38 MIN    49
2021 04 01 18 20 MAX   624
2021 04 02 00 45 MIN    11
2021 04 02 06 55 MAX   664
2021 04 02 13 20 MIN   100
2021 04 02 18 58 MAX   582
2021 04 03 01 23 MIN    46
2021 04 03 07 42 MAX   626
2021 04 03 14 07 MIN   160
2021 04 03 19 41 MAX   530
2021 04 04 02 06 MIN    96
2021 04 04 08 37 MAX   577
2021 04 04 15 05 MIN   221
2021 04 04 20 35 MAX   474
2021 04 05 03 02 MIN   153
2021 04 05 09 52 MAX   530
2021 04 05 16 33 MIN   264
2021 04 05 21 59 MAX   429
2021 04 06 04 32 MIN   198
2021 04 06 11 35 MAX   510
2021 04 06 18 27 MIN   258
2021 04 06 23 59 MAX   425
2021 04 07 06 23 MIN   199
2021 04 07 13 10 MAX   526
2021 04 07 19 47 MIN   214
2021 04 08 01 31 MAX   466
2021 04 08 07 44 MIN   165
2021 04 08 14 12 MAX   557
2021 04 08 20 38 MIN   165
2021 04 09 02 28 MAX   517
2021 04 09 08 40 MIN   126
2021 04 09 14 55 MAX   583
2021 04 09 21 17 MIN   123
2021 04 10 03 10 MAX   561
2021 04 10 09 24 MIN    95
2021 04 10 15 29 MAX   600
2021 04 10 21 50 MIN    92
2021 04 11 03 44 MAX   593
2021 04 11 10 00 MIN    77
2021 04 11 15 58 MAX   607
2021 04 11 22 20 MIN    72
2021 04 12 04 16 MAX   614
2021 04 12 10 32 MIN    71
2021 04 12 16 25 MAX   608
2021 04 12 22 46 MIN    60
2021 04 13 04 44 MAX   627
2021 04 13 11 03 MIN    74
2021 04 13 16 51 MAX   604
2021 04 13 23 11 MIN    56
2021 04 14 05 13 MAX   632
2021 04 14 11 32 MIN    84
2021 04 14 17 18 MAX   594
2021 04 14 23 36 MIN    58
2021 04 15 05 42 MAX   630
2021 04 15 12 02 MIN   101
2021 04 15 17 44 MAX   579
2021 04 16 00 01 MIN    67
2021 04 16 06 11 MAX   622
2021 04 16 12 31 MIN   126
2021 04 16 18 12 MAX   558
2021 04 17 00 28 MIN    83
2021 04 17 06 42 MAX   607
2021 04 17 13 02 MIN   158
2021 04 17 18 41 MAX   531
2021 04 18 00 56 MIN   106
2021 04 18 07 16 MAX   584
2021 04 18 13 37 MIN   195
2021 04 18 19 13 MAX   499
2021 04 19 01 29 MIN   136
2021 04 19 07 57 MAX   554
2021 04 19 14 19 MIN   234
2021 04 19 19 53 MAX   463
2021 04 20 02 12 MIN   172
2021 04 20 08 53 MAX   522
2021 04 20 15 22 MIN   268
2021 04 20 20 56 MAX   430
2021 04 21 03 18 MIN   205
2021 04 21 10 16 MAX   501
2021 04 21 17 02 MIN   276
2021 04 21 22 38 MAX   418
2021 04 22 04 59 MIN   215
2021 04 22 11 50 MAX   511
2021 04 22 18 36 MIN   242
2021 04 23 00 17 MAX   450
2021 04 23 06 34 MIN   186
2021 04 23 13 02 MAX   546
2021 04 23 19 37 MIN   186
2021 04 24 01 26 MAX   510
2021 04 24 07 43 MIN   136
2021 04 24 13 55 MAX   588
2021 04 24 20 24 MIN   124
2021 04 25 02 18 MAX   576
2021 04 25 08 39 MIN    87
2021 04 25 14 39 MAX   624
2021 04 25 21 06 MIN    68
2021 04 26 03 03 MAX   635
2021 04 26 09 28 MIN    51
2021 04 26 15 21 MAX   648
2021 04 26 21 46 MIN    23
2021 04 27 03 47 MAX   681
2021 04 27 10 14 MIN    33
2021 04 27 16 00 MAX   656
2021 04 27 22 26 MIN    -6
2021 04 28 04 30 MAX   708
2021 04 28 10 59 MIN    33
2021 04 28 16 40 MAX   650
2021 04 28 23 05 MIN   -16
2021 04 29 05 13 MAX   716
2021 04 29 11 42 MIN    52
2021 04 29 17 20 MAX   630
2021 04 29 23 44 MIN    -9
2021 04 30 05 57 MAX   706
2021 04 30 12 27 MIN    84
2021 04 30 18 01 MAX   600
2021 05 01 00 24 MIN    16
2021 05 01 06 43 MAX   680
2021 05 01 13 12 MIN   127
2021 05 01 18 44 MAX   562
2021 05 02 01 05 MIN    56
2021 05 02 07 32 MAX   641
2021 05 02 14 02 MIN   174
2021 05 02 19 32 MAX   518
2021 05 03 01 52 MIN   107
2021 05 03 08 28 MAX   594
2021 05 03 15 02 MIN   218
2021 05 03 20 32 MAX   475
2021 05 04 02 51 MIN   161
2021 05 04 09 38 MAX   550
2021 05 04 16 21 MIN   244
2021 05 04 21 55 MAX   444
2021 05 05 04 15 MIN   203
2021 05 05 11 04 MAX   524
2021 05 05 17 52 MIN   238
2021 05 05 23 36 MAX   446
2021 05 06 05 54 MIN   211
2021 05 06 12 28 MAX   525
2021 05 06 19 05 MIN   207
2021 05 07 01 00 MAX   481
2021 05 07 07 13 MIN   190
2021 05 07 13 31 MAX   540
2021 05 07 19 57 MIN   167
2021 05 08 01 58 MAX   527
2021 05 08 08 11 MIN   160
2021 05 08 14 16 MAX   557
2021 05 08 20 38 MIN   131
2021 05 09 02 42 MAX   568
2021 05 09 08 56 MIN   136
2021 05 09 14 52 MAX   569
2021 05 09 21 12 MIN   103
2021 05 10 03 17 MAX   600
2021 05 10 09 34 MIN   120
2021 05 10 15 24 MAX   577
2021 05 10 21 42 MIN    83
2021 05 11 03 50 MAX   622
2021 05 11 10 08 MIN   113
2021 05 11 15 53 MAX   580
2021 05 11 22 11 MIN    71
2021 05 12 04 20 MAX   636
2021 05 12 10 40 MIN   113
2021 05 12 16 22 MAX   579
2021 05 12 22 38 MIN    65
2021 05 13 04 50 MAX   642
2021 05 13 11 11 MIN   119
2021 05 13 16 51 MAX   573
2021 05 13 23 06 MIN    67
2021 05 14 05 20 MAX   641
2021 05 14 11 43 MIN   130
2021 05 14 17 21 MAX   562
2021 05 14 23 35 MIN    75
2021 05 15 05 51 MAX   635
2021 05 15 12 15 MIN   146
2021 05 15 17 52 MAX   547
2021 05 16 00 06 MIN    88
2021 05 16 06 24 MAX   624
2021 05 16 12 49 MIN   168
2021 05 16 18 24 MAX   528
2021 05 17 00 38 MIN   107
2021 05 17 06 59 MAX   607
2021 05 17 13 26 MIN   192
2021 05 17 19 00 MAX   506
2021 05 18 01 14 MIN   130
2021 05 18 07 41 MAX   586
2021 05 18 14 10 MIN   216
2021 05 18 19 45 MAX   483
2021 05 19 02 00 MIN   157
2021 05 19 08 34 MAX   562
2021 05 19 15 07 MIN   235
2021 05 19 20 46 MAX   463
2021 05 20 03 02 MIN   184
2021 05 20 09 42 MAX   543
2021 05 20 16 22 MIN   237
2021 05 20 22 08 MAX   460
2021 05 21 04 24 MIN   199
2021 05 21 10 59 MAX   540
2021 05 21 17 40 MIN   212
2021 05 21 23 35 MAX   488
2021 05 22 05 52 MIN   187
2021 05 22 12 10 MAX   556
2021 05 22 18 46 MIN   166
2021 05 23 00 47 MAX   540
2021 05 23 07 07 MIN   156
2021 05 23 13 10 MAX   580
2021 05 23 19 40 MIN   113
2021 05 24 01 46 MAX   600
2021 05 24 08 10 MIN   122
2021 05 24 14 01 MAX   603
2021 05 24 20 28 MIN    64
2021 05 25 02 37 MAX   654
2021 05 25 09 04 MIN    96
2021 05 25 14 48 MAX   618
2021 05 25 21 13 MIN    26
2021 05 26 03 26 MAX   694
2021 05 26 09 55 MIN    83
2021 05 26 15 33 MAX   623
2021 05 26 21 57 MIN     5
2021 05 27 04 13 MAX   716
2021 05 27 10 44 MIN    83
2021 05 27 16 18 MAX   616
2021 05 27 22 42 MIN    -1
2021 05 28 05 00 MAX   720
2021 05 28 11 31 MIN    95
2021 05 28 17 02 MAX   602
2021 05 28 23 26 MIN    10
2021 05 29 05 47 MAX   709
2021 05 29 12 19 MIN   114
2021 05 29 17 49 MAX   581
2021 05 30 00 09 MIN    33
2021 05 30 06 34 MAX   686
2021 05 30 13 06 MIN   140
2021 05 30 18 37 MAX   555
2021 05 31 00 55 MIN    68
2021 05 31 07 23 MAX   653
2021 05 31 13 56 MIN   167
2021 05 31 19 28 MAX   527
2021 06 01 01 43 MIN   110
2021 06 01 08 15 MAX   614
2021 06 01 14 50 MIN   194
2021 06 01 20 25 MAX   499
2021 06 02 02 38 MIN   156
2021 06 02 09 12 MAX   574
2021 06 02 15 51 MIN   213
2021 06 02 21 34 MAX   477
2021 06 03 03 45 MIN   197
2021 06 03 10 17 MAX   541
2021 06 03 17 00 MIN   218
2021 06 03 22 53 MAX   473
2021 06 04 05 06 MIN   222
2021 06 04 11 28 MAX   521
2021 06 04 18 07 MIN   206
2021 06 05 00 12 MAX   491
2021 06 05 06 26 MIN   222
2021 06 05 12 34 MAX   516
2021 06 05 19 05 MIN   182
2021 06 06 01 17 MAX   525
2021 06 06 07 32 MIN   208
2021 06 06 13 27 MAX   522
2021 06 06 19 51 MIN   154
2021 06 07 02 07 MAX   561
2021 06 07 08 24 MIN   189
2021 06 07 14 11 MAX   532
2021 06 07 20 31 MIN   128
2021 06 08 02 48 MAX   593
2021 06 08 09 07 MIN   172
2021 06 08 14 49 MAX   542
2021 06 08 21 05 MIN   107
2021 06 09 03 25 MAX   617
2021 06 09 09 44 MIN   161
2021 06 09 15 24 MAX   551
2021 06 09 21 39 MIN    93
2021 06 10 03 58 MAX   633
2021 06 10 10 20 MIN   154
2021 06 10 15 58 MAX   555
2021 06 10 22 11 MIN    85
2021 06 11 04 31 MAX   641
2021 06 11 10 55 MIN   152
2021 06 11 16 31 MAX   556
2021 06 11 22 44 MIN    83
2021 06 12 05 04 MAX   645
2021 06 12 11 30 MIN   153
2021 06 12 17 05 MAX   553
2021 06 12 23 18 MIN    85
2021 06 13 05 37 MAX   645
2021 06 13 12 04 MIN   158
2021 06 13 17 39 MAX   547
2021 06 13 23 52 MIN    91
2021 06 14 06 11 MAX   641
2021 06 14 12 40 MIN   166
2021 06 14 18 14 MAX   539
2021 06 15 00 28 MIN   101
2021 06 15 06 48 MAX   633
2021 06 15 13 18 MIN   175
2021 06 15 18 53 MAX   530
2021 06 16 01 07 MIN   115
2021 06 16 07 29 MAX   620
2021 06 16 14 00 MIN   184
2021 06 16 19 38 MAX   520
2021 06 17 01 52 MIN   135
2021 06 17 08 15 MAX   603
2021 06 17 14 48 MIN   191
2021 06 17 20 32 MAX   512
2021 06 18 02 47 MIN   160
2021 06 18 09 10 MAX   582
2021 06 18 15 45 MIN   191
2021 06 18 21 40 MAX   512
2021 06 19 03 54 MIN   184
2021 06 19 10 13 MAX   564
2021 06 19 16 49 MIN   179
2021 06 19 22 55 MAX   528
2021 06 20 05 13 MIN   197
2021 06 20 11 20 MAX   556
2021 06 20 17 56 MIN   153
2021 06 21 00 11 MAX   562
2021 06 21 06 33 MIN   192
2021 06 21 12 26 MAX   558
2021 06 21 18 58 MIN   118
2021 06 22 01 18 MAX   607
2021 06 22 07 44 MIN   175
2021 06 22 13 26 MAX   568
2021 06 22 19 54 MIN    82
2021 06 23 02 17 MAX   651
2021 06 23 08 47 MIN   155
2021 06 23 14 22 MAX   578
2021 06 23 20 47 MIN    52
2021 06 24 03 11 MAX   685
2021 06 24 09 43 MIN   138
2021 06 24 15 14 MAX   585
2021 06 24 21 38 MIN    34
2021 06 25 04 02 MAX   705
2021 06 25 10 35 MIN   128
2021 06 25 16 05 MAX   589
2021 06 25 22 27 MIN    27
2021 06 26 04 52 MAX   711
2021 06 26 11 25 MIN   124
2021 06 26 16 54 MAX   587
2021 06 26 23 14 MIN    32
2021 06 27 05 39 MAX   706
2021 06 27 12 12 MIN   125
2021 06 27 17 42 MAX   581
2021 06 28 00 00 MIN    47
2021 06 28 00 00 MIN    47
2021 06 28 06 24 MAX   691
2021 06 28 12 57 MIN   133
2021 06 28 18 29 MAX   570
2021 06 29 00 45 MIN    72
2021 06 29 07 08 MAX   667
2021 06 29 13 40 MIN   146
2021 06 29 19 16 MAX   554
2021 06 30 01 29 MIN   105
2021 06 30 07 50 MAX   634
2021 06 30 14 23 MIN   164
2021 06 30 20 04 MAX   535
2021 07 01 02 15 MIN   145
2021 07 01 08 34 MAX   596
2021 07 01 15 08 MIN   183
2021 07 01 20 57 MAX   515
2021 07 02 03 05 MIN   189
2021 07 02 09 22 MAX   556
2021 07 02 15 59 MIN   200
2021 07 02 22 00 MAX   500
2021 07 03 04 07 MIN   231
2021 07 03 10 18 MAX   519
2021 07 03 16 57 MIN   208
2021 07 03 23 13 MAX   498
2021 07 04 05 24 MIN   257
2021 07 04 11 23 MAX   494
2021 07 04 18 00 MIN   204
2021 07 05 00 27 MAX   514
2021 07 05 06 45 MIN   260
2021 07 05 12 31 MAX   486
2021 07 05 18 59 MIN   187
2021 07 06 01 30 MAX   543
2021 07 06 07 51 MIN   246
2021 07 06 13 29 MAX   493
2021 07 06 19 49 MIN   164
2021 07 07 02 21 MAX   575
2021 07 07 08 43 MIN   226
2021 07 07 14 18 MAX   508
2021 07 07 20 33 MIN   140
2021 07 08 03 03 MAX   602
2021 07 08 09 25 MIN   205
2021 07 08 15 00 MAX   525
2021 07 08 21 13 MIN   120
2021 07 09 03 41 MAX   624
2021 07 09 10 04 MIN   187
2021 07 09 15 39 MAX   541
2021 07 09 21 51 MIN   104
2021 07 10 04 16 MAX   640
2021 07 10 10 41 MIN   172
2021 07 10 16 16 MAX   553
2021 07 10 22 28 MIN    92
2021 07 11 04 50 MAX   652
2021 07 11 11 17 MIN   160
2021 07 11 16 52 MAX   562
2021 07 11 23 05 MIN    83
2021 07 12 05 24 MAX   660
2021 07 12 11 53 MIN   150
2021 07 12 17 27 MAX   567
2021 07 12 23 42 MIN    79
2021 07 13 05 58 MAX   665
2021 07 13 12 28 MIN   144
2021 07 13 18 04 MAX   571
2021 07 14 00 20 MIN    80
2021 07 14 06 34 MAX   664
2021 07 14 13 05 MIN   140
2021 07 14 18 42 MAX   573
2021 07 15 00 59 MIN    90
2021 07 15 07 11 MAX   654
2021 07 15 13 42 MIN   140
2021 07 15 19 24 MAX   571
2021 07 16 01 41 MIN   111
2021 07 16 07 51 MAX   635
2021 07 16 14 23 MIN   144
2021 07 16 20 13 MAX   566
2021 07 17 02 28 MIN   144
2021 07 17 08 36 MAX   607
2021 07 17 15 09 MIN   151
2021 07 17 21 11 MAX   559
2021 07 18 03 25 MIN   184
2021 07 18 09 29 MAX   573
2021 07 18 16 04 MIN   156
2021 07 18 22 20 MAX   557
2021 07 19 04 38 MIN   222
2021 07 19 10 33 MAX   542
2021 07 19 17 11 MIN   155
2021 07 19 23 40 MAX   567
2021 07 20 06 05 MIN   240
2021 07 20 11 48 MAX   523
2021 07 20 18 23 MIN   142
2021 07 21 00 59 MAX   595
2021 07 21 07 30 MIN   231
2021 07 21 13 03 MAX   524
2021 07 21 19 32 MIN   117
2021 07 22 02 08 MAX   632
2021 07 22 08 41 MIN   204
2021 07 22 14 10 MAX   540
2021 07 22 20 34 MIN    89
2021 07 23 03 07 MAX   666
2021 07 23 09 40 MIN   173
2021 07 23 15 08 MAX   562
2021 07 23 21 30 MIN    65
2021 07 24 03 59 MAX   690
2021 07 24 10 31 MIN   146
2021 07 24 16 01 MAX   581
2021 07 24 22 21 MIN    49
2021 07 25 04 45 MAX   703
2021 07 25 11 17 MIN   126
2021 07 25 16 49 MAX   595
2021 07 25 23 07 MIN    44
2021 07 26 05 28 MAX   704
2021 07 26 11 58 MIN   115
2021 07 26 17 33 MAX   600
2021 07 26 23 50 MIN    51
2021 07 27 06 06 MAX   694
2021 07 27 12 36 MIN   114
2021 07 27 18 14 MAX   598
2021 07 28 00 30 MIN    69
2021 07 28 06 42 MAX   674
2021 07 28 13 12 MIN   121
2021 07 28 18 53 MAX   588
2021 07 29 01 07 MIN    98
2021 07 29 07 16 MAX   645
2021 07 29 13 45 MIN   136
2021 07 29 19 33 MAX   573
2021 07 30 01 44 MIN   137
2021 07 30 07 50 MAX   608
2021 07 30 14 19 MIN   156
2021 07 30 20 15 MAX   552
2021 07 31 02 23 MIN   184
2021 07 31 08 26 MAX   566
2021 07 31 14 55 MIN   180
2021 07 31 21 04 MAX   528
2021 08 01 03 09 MIN   234
2021 08 01 09 09 MAX   520
2021 08 01 15 41 MIN   204
2021 08 01 22 07 MAX   508
2021 08 02 04 14 MIN   281
2021 08 02 10 06 MAX   479
2021 08 02 16 42 MIN   222
2021 08 02 23 28 MAX   503
2021 08 03 05 47 MIN   305
2021 08 03 11 25 MAX   455
2021 08 03 17 59 MIN   223
2021 08 04 00 51 MAX   520
2021 08 04 07 20 MIN   295
2021 08 04 12 48 MAX   457
2021 08 04 19 10 MIN   204
2021 08 05 01 55 MAX   551
2021 08 05 08 23 MIN   266
2021 08 05 13 52 MAX   479
2021 08 05 20 06 MIN   175
2021 08 06 02 44 MAX   586
2021 08 06 09 09 MIN   233
2021 08 06 14 41 MAX   509
2021 08 06 20 53 MIN   142
2021 08 07 03 23 MAX   617
2021 08 07 09 48 MIN   200
2021 08 07 15 22 MAX   539
2021 08 07 21 34 MIN   112
2021 08 08 03 58 MAX   643
2021 08 08 10 24 MIN   170
2021 08 08 16 00 MAX   566
2021 08 08 22 14 MIN    86
2021 08 09 04 32 MAX   665
2021 08 09 10 59 MIN   143
2021 08 09 16 36 MAX   589
2021 08 09 22 52 MIN    66
2021 08 10 05 05 MAX   681
2021 08 10 11 33 MIN   120
2021 08 10 17 11 MAX   606
2021 08 10 23 30 MIN    54
2021 08 11 05 39 MAX   689
2021 08 11 12 07 MIN   104
2021 08 11 17 48 MAX   619
2021 08 12 00 08 MIN    54
2021 08 12 06 12 MAX   688
2021 08 12 12 41 MIN    94
2021 08 12 18 25 MAX   626
2021 08 13 00 45 MIN    68
2021 08 13 06 46 MAX   674
2021 08 13 13 16 MIN    94
2021 08 13 19 06 MAX   625
2021 08 14 01 25 MIN    98
2021 08 14 07 23 MAX   648
2021 08 14 13 52 MIN   103
2021 08 14 19 50 MAX   613
2021 08 15 02 09 MIN   144
2021 08 15 08 03 MAX   609
2021 08 15 14 33 MIN   122
2021 08 15 20 44 MAX   592
2021 08 16 03 01 MIN   200
2021 08 16 08 50 MAX   561
2021 08 16 15 25 MIN   148
2021 08 16 21 51 MAX   568
2021 08 17 04 11 MIN   255
2021 08 17 09 54 MAX   513
2021 08 17 16 34 MIN   172
2021 08 17 23 19 MAX   557
2021 08 18 05 52 MIN   282
2021 08 18 11 23 MAX   483
2021 08 18 18 02 MIN   176
2021 08 19 00 54 MAX   574
2021 08 19 07 32 MIN   263
2021 08 19 12 59 MAX   489
2021 08 19 19 26 MIN   153
2021 08 20 02 10 MAX   613
2021 08 20 08 43 MIN   219
2021 08 20 14 14 MAX   523
2021 08 20 20 33 MIN   116
2021 08 21 03 07 MAX   651
2021 08 21 09 36 MIN   172
2021 08 21 15 11 MAX   563
2021 08 21 21 28 MIN    81
2021 08 22 03 53 MAX   679
2021 08 22 10 21 MIN   134
2021 08 22 15 57 MAX   596
2021 08 22 22 15 MIN    58
2021 08 23 04 32 MAX   694
2021 08 23 10 59 MIN   107
2021 08 23 16 38 MAX   618
2021 08 23 22 56 MIN    48
2021 08 24 05 07 MAX   695
2021 08 24 11 35 MIN    93
2021 08 24 17 16 MAX   628
2021 08 24 23 33 MIN    53
2021 08 25 05 39 MAX   685
2021 08 25 12 06 MIN    90
2021 08 25 17 51 MAX   628
2021 08 26 00 08 MIN    69
2021 08 26 06 09 MAX   667
2021 08 26 12 35 MIN    96
2021 08 26 18 24 MAX   621
2021 08 27 00 39 MIN    97
2021 08 27 06 37 MAX   640
2021 08 27 13 02 MIN   110
2021 08 27 18 58 MAX   607
2021 08 28 01 11 MIN   134
2021 08 28 07 06 MAX   606
2021 08 28 13 29 MIN   130
2021 08 28 19 33 MAX   585
2021 08 29 01 44 MIN   180
2021 08 29 07 36 MAX   565
2021 08 29 13 59 MIN   157
2021 08 29 20 14 MAX   557
2021 08 30 02 22 MIN   232
2021 08 30 08 10 MAX   519
2021 08 30 14 34 MIN   189
2021 08 30 21 06 MAX   524
2021 08 31 03 13 MIN   285
2021 08 31 08 55 MAX   472
2021 08 31 15 25 MIN   224
2021 08 31 22 21 MAX   498
2021 09 01 04 39 MIN   326
2021 09 01 10 12 MAX   432
2021 09 01 16 49 MIN   248
2021 09 02 00 03 MAX   498
2021 09 02 06 47 MIN   322
2021 09 02 12 06 MAX   426
2021 09 02 18 28 MIN   238
2021 09 03 01 26 MAX   528
2021 09 03 08 03 MIN   283
2021 09 03 13 28 MAX   458
2021 09 03 19 40 MIN   200
2021 09 04 02 19 MAX   569
2021 09 04 08 48 MIN   236
2021 09 04 14 21 MAX   502
2021 09 04 20 32 MIN   154
2021 09 05 02 59 MAX   610
2021 09 05 09 24 MIN   189
2021 09 05 15 02 MAX   549
2021 09 05 21 15 MIN   109
2021 09 06 03 33 MAX   646
2021 09 06 09 58 MIN   145
2021 09 06 15 39 MAX   591
2021 09 06 21 55 MIN    71
2021 09 07 04 06 MAX   675
2021 09 07 10 32 MIN   106
2021 09 07 16 15 MAX   627
2021 09 07 22 34 MIN    44
2021 09 08 04 39 MAX   693
2021 09 08 11 05 MIN    75
2021 09 08 16 51 MAX   654
2021 09 08 23 13 MIN    31
2021 09 09 05 11 MAX   700
2021 09 09 11 39 MIN    55
2021 09 09 17 27 MAX   671
2021 09 09 23 51 MIN    36
2021 09 10 05 45 MAX   692
2021 09 10 12 12 MIN    47
2021 09 10 18 05 MAX   677
2021 09 11 00 29 MIN    59
2021 09 11 06 19 MAX   670
2021 09 11 12 46 MIN    52
2021 09 11 18 45 MAX   668
2021 09 12 01 09 MIN   101
2021 09 12 06 54 MAX   634
2021 09 12 13 21 MIN    72
2021 09 12 19 29 MAX   644
2021 09 13 01 52 MIN   157
2021 09 13 07 33 MAX   587
2021 09 13 14 01 MIN   106
2021 09 13 20 21 MAX   607
2021 09 14 02 43 MIN   220
2021 09 14 08 20 MAX   531
2021 09 14 14 52 MIN   151
2021 09 14 21 31 MAX   565
2021 09 15 04 00 MIN   277
2021 09 15 09 29 MAX   476
2021 09 15 16 08 MIN   194
2021 09 15 23 10 MAX   542
2021 09 16 05 56 MIN   294
2021 09 16 11 22 MAX   450
2021 09 16 17 55 MIN   204
2021 09 17 00 55 MAX   559
2021 09 17 07 35 MIN   255
2021 09 17 13 08 MAX   477
2021 09 17 19 27 MIN   172
2021 09 18 02 07 MAX   599
2021 09 18 08 36 MIN   199
2021 09 18 14 17 MAX   529
2021 09 18 20 31 MIN   126
2021 09 19 02 56 MAX   636
2021 09 19 09 21 MIN   147
2021 09 19 15 06 MAX   579
2021 09 19 21 20 MIN    87
2021 09 20 03 36 MAX   660
2021 09 20 09 59 MIN   107
2021 09 20 15 46 MAX   616
2021 09 20 22 02 MIN    64
2021 09 21 04 09 MAX   671
2021 09 21 10 33 MIN    81
2021 09 21 16 21 MAX   639
2021 09 21 22 39 MIN    55
2021 09 22 04 39 MAX   670
2021 09 22 11 03 MIN    69
2021 09 22 16 53 MAX   650
2021 09 22 23 12 MIN    61
2021 09 23 05 07 MAX   660
2021 09 23 11 30 MIN    67
2021 09 23 17 24 MAX   651
2021 09 23 23 42 MIN    77
2021 09 24 05 33 MAX   643
2021 09 24 11 56 MIN    73
2021 09 24 17 54 MAX   645
2021 09 25 00 12 MIN   102
2021 09 25 05 59 MAX   619
2021 09 25 12 20 MIN    86
2021 09 25 18 24 MAX   631
2021 09 26 00 42 MIN   135
2021 09 26 06 27 MAX   589
2021 09 26 12 46 MIN   106
2021 09 26 18 56 MAX   610
2021 09 27 01 13 MIN   176
2021 09 27 06 55 MAX   552
2021 09 27 13 13 MIN   134
2021 09 27 19 33 MAX   580
2021 09 28 01 47 MIN   224
2021 09 28 07 27 MAX   510
2021 09 28 13 45 MIN   170
2021 09 28 20 16 MAX   542
2021 09 29 02 31 MIN   273
2021 09 29 08 05 MAX   464
2021 09 29 14 28 MIN   211
2021 09 29 21 19 MAX   505
2021 09 30 03 43 MIN   316
2021 09 30 09 10 MAX   422
2021 09 30 15 40 MIN   248
2021 09 30 23 00 MAX   488
2021 10 01 05 55 MIN   320
2021 10 01 11 17 MAX   408
2021 10 01 17 37 MIN   252
2021 10 02 00 39 MAX   509
2021 10 02 07 24 MIN   278
2021 10 02 12 55 MAX   444
2021 10 02 19 06 MIN   212
2021 10 03 01 40 MAX   552
2021 10 03 08 11 MIN   222
2021 10 03 13 53 MAX   501
2021 10 03 20 04 MIN   157
2021 10 04 02 22 MAX   597
2021 10 04 08 49 MIN   164
2021 10 04 14 35 MAX   561
2021 10 04 20 50 MIN   104
2021 10 05 02 58 MAX   638
2021 10 05 09 23 MIN   109
2021 10 05 15 13 MAX   616
2021 10 05 21 32 MIN    62
2021 10 06 03 33 MAX   668
2021 10 06 09 58 MIN    63
2021 10 06 15 50 MAX   662
2021 10 06 22 12 MIN    35
2021 10 07 04 07 MAX   684
2021 10 07 10 32 MIN    29
2021 10 07 16 27 MAX   694
2021 10 07 22 52 MIN    26
2021 10 08 04 42 MAX   684
2021 10 08 11 07 MIN    10
2021 10 08 17 06 MAX   711
2021 10 08 23 33 MIN    38
2021 10 09 05 16 MAX   670
2021 10 09 11 42 MIN     8
2021 10 09 17 46 MAX   710
2021 10 10 00 13 MIN    68
2021 10 10 05 52 MAX   641
2021 10 10 12 18 MIN    22
2021 10 10 18 27 MAX   691
2021 10 11 00 55 MIN   113
2021 10 11 06 30 MAX   601
2021 10 11 12 55 MIN    53
2021 10 11 19 13 MAX   656
2021 10 12 01 41 MIN   169
2021 10 12 07 12 MAX   551
2021 10 12 13 38 MIN   100
2021 10 12 20 07 MAX   609
2021 10 13 02 38 MIN   227
2021 10 13 08 05 MAX   496
2021 10 13 14 33 MIN   155
2021 10 13 21 20 MAX   560
2021 10 14 04 01 MIN   270
2021 10 14 09 26 MAX   449
2021 10 14 15 57 MIN   204
2021 10 14 23 01 MAX   533
2021 10 15 05 52 MIN   269
2021 10 15 11 27 MAX   440
2021 10 15 17 49 MIN   212
2021 10 16 00 39 MAX   546
2021 10 16 07 17 MIN   225
2021 10 16 13 04 MAX   481
2021 10 16 19 17 MIN   178
2021 10 17 01 45 MAX   576
2021 10 17 08 12 MIN   170
2021 10 17 14 06 MAX   537
2021 10 17 20 17 MIN   135
2021 10 18 02 32 MAX   605
2021 10 18 08 54 MIN   122
2021 10 18 14 50 MAX   587
2021 10 18 21 03 MIN   101
2021 10 19 03 08 MAX   622
2021 10 19 09 29 MIN    87
2021 10 19 15 27 MAX   623
2021 10 19 21 42 MIN    81
2021 10 20 03 39 MAX   629
2021 10 20 10 00 MIN    64
2021 10 20 15 59 MAX   645
2021 10 20 22 16 MIN    75
2021 10 21 04 07 MAX   627
2021 10 21 10 28 MIN    54
2021 10 21 16 29 MAX   655
2021 10 21 22 48 MIN    80
2021 10 22 04 34 MAX   619
2021 10 22 10 54 MIN    52
2021 10 22 16 58 MAX   657
2021 10 22 23 19 MIN    93
2021 10 23 05 01 MAX   605
2021 10 23 11 19 MIN    58
2021 10 23 17 27 MAX   652
2021 10 23 23 48 MIN   113
2021 10 24 05 28 MAX   586
2021 10 24 11 45 MIN    70
2021 10 24 17 57 MAX   640
2021 10 25 00 18 MIN   140
2021 10 25 05 57 MAX   561
2021 10 25 12 11 MIN    90
2021 10 25 18 28 MAX   620
2021 10 26 00 50 MIN   172
2021 10 26 06 26 MAX   531
2021 10 26 12 40 MIN   116
2021 10 26 19 03 MAX   592
2021 10 27 01 25 MIN   209
2021 10 27 06 58 MAX   496
2021 10 27 13 12 MIN   149
2021 10 27 19 43 MAX   558
2021 10 28 02 06 MIN   248
2021 10 28 07 38 MAX   459
2021 10 28 13 54 MIN   187
2021 10 28 20 37 MAX   522
2021 10 29 03 09 MIN   280
2021 10 29 08 39 MAX   424
2021 10 29 14 57 MIN   223
2021 10 29 21 58 MAX   497
2021 10 30 04 48 MIN   288
2021 10 30 10 23 MAX   411
2021 10 30 16 39 MIN   238
2021 10 30 23 33 MAX   502
2021 10 31 06 22 MIN   254
2021 10 31 12 06 MAX   442
2021 10 31 18 18 MIN   211
2021 11 01 00 45 MAX   534
2021 11 01 07 20 MIN   198
2021 11 01 13 12 MAX   501
2021 11 01 19 25 MIN   161
2021 11 02 01 36 MAX   574
2021 11 02 08 04 MIN   137
2021 11 02 14 01 MAX   568
2021 11 02 20 18 MIN   111
2021 11 03 02 18 MAX   611
2021 11 03 08 43 MIN    79
2021 11 03 14 43 MAX   630
2021 11 03 21 05 MIN    72
2021 11 04 02 57 MAX   637
2021 11 04 09 21 MIN    31
2021 11 04 15 24 MAX   679
2021 11 04 21 49 MIN    49
2021 11 05 03 35 MAX   649
2021 11 05 09 58 MIN    -1
2021 11 05 16 05 MAX   711
2021 11 05 22 33 MIN    44
2021 11 06 04 13 MAX   646
2021 11 06 10 37 MIN   -16
2021 11 06 16 47 MAX   723
2021 11 06 23 17 MIN    57
2021 11 07 04 52 MAX   629
2021 11 07 11 16 MIN   -13
2021 11 07 17 30 MAX   716
2021 11 08 00 01 MIN    85
2021 11 08 05 32 MAX   602
2021 11 08 11 56 MIN     8
2021 11 08 18 15 MAX   692
2021 11 09 00 47 MIN   122
2021 11 09 06 15 MAX   565
2021 11 09 12 38 MIN    44
2021 11 09 19 04 MAX   654
2021 11 10 01 37 MIN   165
2021 11 10 07 04 MAX   524
2021 11 10 13 26 MIN    92
2021 11 10 19 59 MAX   608
2021 11 11 02 36 MIN   206
2021 11 11 08 03 MAX   480
2021 11 11 14 24 MIN   146
2021 11 11 21 07 MAX   561
2021 11 12 03 51 MIN   233
2021 11 12 09 25 MAX   448
2021 11 12 15 44 MIN   192
2021 11 12 22 33 MAX   530
2021 11 13 05 20 MIN   230
2021 11 13 11 07 MAX   446
2021 11 13 17 23 MIN   207
2021 11 13 23 59 MAX   525
2021 11 14 06 36 MIN   198
2021 11 14 12 36 MAX   479
2021 11 14 18 47 MIN   189
2021 11 15 01 06 MAX   538
2021 11 15 07 33 MIN   156
2021 11 15 13 39 MAX   527
2021 11 15 19 50 MIN   159
2021 11 16 01 55 MAX   554
2021 11 16 08 17 MIN   117
2021 11 16 14 25 MAX   571
2021 11 16 20 38 MIN   132
2021 11 17 02 34 MAX   566
2021 11 17 08 53 MIN    86
2021 11 17 15 02 MAX   605
2021 11 17 21 18 MIN   115
2021 11 18 03 07 MAX   573
2021 11 18 09 25 MIN    65
2021 11 18 15 35 MAX   628
2021 11 18 21 54 MIN   107
2021 11 19 03 37 MAX   575
2021 11 19 09 54 MIN    54
2021 11 19 16 06 MAX   641
2021 11 19 22 26 MIN   108
2021 11 20 04 06 MAX   572
2021 11 20 10 22 MIN    51
2021 11 20 16 36 MAX   644
2021 11 20 22 58 MIN   114
2021 11 21 04 36 MAX   564
2021 11 21 10 50 MIN    54
2021 11 21 17 06 MAX   641
2021 11 21 23 29 MIN   126
2021 11 22 05 06 MAX   552
2021 11 22 11 19 MIN    64
2021 11 22 17 37 MAX   632
2021 11 23 00 01 MIN   142
2021 11 23 05 37 MAX   536
2021 11 23 11 49 MIN    79
2021 11 23 18 09 MAX   617
2021 11 24 00 34 MIN   162
2021 11 24 06 08 MAX   515
2021 11 24 12 20 MIN    98
2021 11 24 18 43 MAX   598
2021 11 25 01 10 MIN   185
2021 11 25 06 43 MAX   492
2021 11 25 12 55 MIN   122
2021 11 25 19 22 MAX   573
2021 11 26 01 51 MIN   209
2021 11 26 07 24 MAX   468
2021 11 26 13 37 MIN   150
2021 11 26 20 09 MAX   546
2021 11 27 02 43 MIN   228
2021 11 27 08 18 MAX   446
2021 11 27 14 32 MIN   180
2021 11 27 21 10 MAX   522
2021 11 28 03 51 MIN   234
2021 11 28 09 36 MAX   436
2021 11 28 15 49 MIN   201
2021 11 28 22 26 MAX   511
2021 11 29 05 10 MIN   215
2021 11 29 11 06 MAX   455
2021 11 29 17 20 MIN   199
2021 11 29 23 40 MAX   520
2021 11 30 06 18 MIN   174
2021 11 30 12 22 MAX   503
2021 11 30 18 39 MIN   172
2021 12 01 00 43 MAX   542
2021 12 01 07 13 MIN   121
2021 12 01 13 22 MAX   563
2021 12 01 19 44 MIN   137
2021 12 02 01 35 MAX   567
2021 12 02 08 01 MIN    69
2021 12 02 14 14 MAX   622
2021 12 02 20 39 MIN   106
2021 12 03 02 22 MAX   586
2021 12 03 08 46 MIN    25
2021 12 03 15 01 MAX   669
2021 12 03 21 30 MIN    86
2021 12 04 03 06 MAX   597
2021 12 04 09 30 MIN    -4
2021 12 04 15 47 MAX   698
2021 12 04 22 18 MIN    79
2021 12 05 03 51 MAX   597
2021 12 05 10 14 MIN   -17
2021 12 05 16 33 MAX   709
2021 12 05 23 06 MIN    83
2021 12 06 04 36 MAX   588
2021 12 06 10 59 MIN   -14
2021 12 06 17 20 MAX   702
2021 12 06 23 54 MIN    97
2021 12 07 05 22 MAX   571
2021 12 07 11 44 MIN     4
2021 12 07 18 08 MAX   682
2021 12 08 00 42 MIN   117
2021 12 08 06 10 MAX   548
2021 12 08 12 30 MIN    34
2021 12 08 18 57 MAX   651
2021 12 09 01 31 MIN   140
2021 12 09 07 01 MAX   522
2021 12 09 13 20 MIN    74
2021 12 09 19 48 MAX   613
2021 12 10 02 24 MIN   164
2021 12 10 07 57 MAX   494
2021 12 10 14 13 MIN   120
2021 12 10 20 43 MAX   570
2021 12 11 03 22 MIN   184
2021 12 11 09 03 MAX   469
2021 12 11 15 17 MIN   166
2021 12 11 21 46 MAX   531
2021 12 12 04 28 MIN   193
2021 12 12 10 22 MAX   457
2021 12 12 16 34 MIN   200
2021 12 12 22 57 MAX   503
2021 12 13 05 38 MIN   186
2021 12 13 11 45 MAX   468
2021 12 13 17 59 MIN   210
2021 12 14 00 07 MAX   491
2021 12 14 06 41 MIN   165
2021 12 14 12 57 MAX   499
2021 12 14 19 12 MIN   200
2021 12 15 01 07 MAX   493
2021 12 15 07 32 MIN   137
2021 12 15 13 53 MAX   536
2021 12 15 20 09 MIN   181
2021 12 16 01 56 MAX   502
2021 12 16 08 15 MIN   111
2021 12 16 14 37 MAX   569
2021 12 16 20 55 MIN   162
2021 12 17 02 36 MAX   513
2021 12 17 08 52 MIN    88
2021 12 17 15 14 MAX   594
2021 12 17 21 34 MIN   149
2021 12 18 03 11 MAX   523
2021 12 18 09 26 MIN    73
2021 12 18 15 48 MAX   610
2021 12 18 22 09 MIN   140
2021 12 19 03 45 MAX   530
2021 12 19 09 59 MIN    63
2021 12 19 16 20 MAX   619
2021 12 19 22 43 MIN   136
2021 12 20 04 19 MAX   533
2021 12 20 10 31 MIN    60
2021 12 20 16 52 MAX   622
2021 12 20 23 16 MIN   135
2021 12 21 04 51 MAX   532
2021 12 21 11 03 MIN    61
2021 12 21 17 23 MAX   620
2021 12 21 23 49 MIN   138
2021 12 22 05 24 MAX   527
2021 12 22 11 36 MIN    65
2021 12 22 17 56 MAX   616
2021 12 23 00 23 MIN   143
2021 12 23 05 57 MAX   519
2021 12 23 12 10 MIN    74
2021 12 23 18 29 MAX   607
2021 12 24 00 58 MIN   151
2021 12 24 06 32 MAX   510
2021 12 24 12 46 MIN    87
2021 12 24 19 05 MAX   595
2021 12 25 01 35 MIN   159
2021 12 25 07 10 MAX   500
2021 12 25 13 26 MIN   106
2021 12 25 19 45 MAX   577
2021 12 26 02 17 MIN   167
2021 12 26 07 58 MAX   489
2021 12 26 14 13 MIN   132
2021 12 26 20 33 MAX   554
2021 12 27 03 06 MIN   172
2021 12 27 08 57 MAX   481
2021 12 27 15 12 MIN   162
2021 12 27 21 30 MAX   530
2021 12 28 04 06 MIN   168
2021 12 28 10 10 MAX   485
2021 12 28 16 26 MIN   186
2021 12 28 22 36 MAX   512
2021 12 29 05 13 MIN   152
2021 12 29 11 30 MAX   508
2021 12 29 17 51 MIN   194
2021 12 29 23 46 MAX   506
2021 12 30 06 21 MIN   122
2021 12 30 12 44 MAX   548
2021 12 30 19 11 MIN   180
2021 12 31 00 53 MAX   514
2021 12 31 07 23 MIN    84
2021 12 31 13 49 MAX   595
2021 12 31 20 19 MIN   156
