 <API - 조위예측극치자료>

대상조위관측소 : 양포항
위도(WGS84) : N 129.5275
경도(WGS84) : E 35.8814
관측기관 : 20201221 ~ 20220101

2020 12 21 03 41 MIN     6
2020 12 21 08 07 MAX    11
2020 12 21 16 29 MIN    -2
2020 12 21 23 24 MAX     8
2020 12 22 04 36 MIN     4
2020 12 22 09 17 MAX     9
2020 12 22 17 08 MIN    -1
2020 12 23 00 17 MAX     7
2020 12 23 05 31 MIN     2
2020 12 23 11 13 MAX     7
2020 12 23 17 42 MIN     1
2020 12 24 01 03 MAX     7
2020 12 24 06 36 MIN     1
2020 12 24 13 55 MAX     6
2020 12 24 18 10 MIN     3
2020 12 25 01 35 MAX     6
2020 12 25 08 00 MIN    -1
2020 12 25 15 03 MAX     6
2020 12 25 18 29 MIN     5
2020 12 26 01 48 MAX     6
2020 12 26 09 11 MIN    -2
2020 12 27 01 41 MAX     6
2020 12 27 09 57 MIN    -4
2020 12 27 17 17 MAX     7
2020 12 27 22 55 MIN     6
2020 12 28 01 40 MAX     7
2020 12 28 10 30 MIN    -5
2020 12 29 02 00 MAX     7
2020 12 29 11 02 MIN    -6
2020 12 29 19 05 MAX     8
2020 12 29 22 36 MIN     7
2020 12 30 02 29 MAX     8
2020 12 30 11 36 MIN    -7
2020 12 30 19 35 MAX     8
2020 12 30 23 03 MIN     7
2020 12 31 03 01 MAX     9
2020 12 31 12 15 MIN    -8
2020 12 31 20 05 MAX     8
2020 12 31 23 30 MIN     7
2021 01 01 03 36 MAX     9
2021 01 01 12 57 MIN    -9
2021 01 01 20 36 MAX     8
2021 01 01 23 43 MIN     7
2021 01 02 04 16 MAX     9
2021 01 02 13 43 MIN    -9
2021 01 02 21 05 MAX     7
2021 01 02 23 47 MIN     6
2021 01 03 05 01 MAX     9
2021 01 03 14 28 MIN    -8
2021 01 03 21 34 MAX     7
2021 01 04 00 16 MIN     5
2021 01 04 05 53 MAX     8
2021 01 04 15 11 MIN    -7
2021 01 04 22 00 MAX     6
2021 01 05 03 03 MIN     4
2021 01 05 06 53 MAX     7
2021 01 05 15 53 MIN    -5
2021 01 05 22 26 MAX     5
2021 01 06 03 54 MIN     2
2021 01 06 08 09 MAX     6
2021 01 06 16 34 MIN    -3
2021 01 06 22 53 MAX     6
2021 01 07 04 45 MIN     0
2021 01 07 10 53 MAX     5
2021 01 07 17 15 MIN     0
2021 01 07 23 22 MAX     6
2021 01 08 05 43 MIN    -2
2021 01 08 13 30 MAX     6
2021 01 08 18 02 MIN     3
2021 01 08 23 57 MAX     7
2021 01 09 06 56 MIN    -4
2021 01 09 14 54 MAX     7
2021 01 09 19 09 MIN     5
2021 01 10 00 35 MAX     8
2021 01 10 08 25 MIN    -6
2021 01 10 16 22 MAX     8
2021 01 10 21 04 MIN     7
2021 01 11 01 13 MAX     9
2021 01 11 09 40 MIN    -8
2021 01 11 18 20 MAX     9
2021 01 11 22 21 MIN     8
2021 01 12 01 50 MAX    10
2021 01 12 10 40 MIN    -9
2021 01 12 19 14 MAX    10
2021 01 12 23 11 MIN     8
2021 01 13 02 29 MAX    11
2021 01 13 11 34 MIN   -10
2021 01 13 19 45 MAX     9
2021 01 13 23 48 MIN     8
2021 01 14 03 11 MAX    11
2021 01 14 12 22 MIN   -11
2021 01 14 20 09 MAX     8
2021 01 15 00 22 MIN     7
2021 01 15 03 58 MAX    11
2021 01 15 13 09 MIN   -11
2021 01 15 20 33 MAX     7
2021 01 16 00 59 MIN     5
2021 01 16 04 52 MAX    10
2021 01 16 13 52 MIN   -10
2021 01 16 20 58 MAX     6
2021 01 17 01 45 MIN     3
2021 01 17 05 54 MAX     8
2021 01 17 14 32 MIN    -9
2021 01 17 21 23 MAX     5
2021 01 18 02 34 MIN     1
2021 01 18 07 03 MAX     7
2021 01 18 15 08 MIN    -7
2021 01 18 21 50 MAX     4
2021 01 19 03 22 MIN    -1
2021 01 19 08 10 MAX     5
2021 01 19 15 39 MIN    -5
2021 01 19 22 15 MAX     4
2021 01 20 04 10 MIN    -2
2021 01 20 09 19 MAX     4
2021 01 20 16 03 MIN    -2
2021 01 20 22 32 MAX     4
2021 01 21 05 01 MIN    -3
2021 01 21 11 40 MAX     2
2021 01 21 16 18 MIN     0
2021 01 21 22 18 MAX     4
2021 01 22 06 00 MIN    -3
2021 01 22 13 48 MAX     3
2021 01 22 16 28 MIN     2
2021 01 22 21 54 MAX     5
2021 01 23 07 11 MIN    -4
2021 01 23 21 38 MAX     6
2021 01 24 08 18 MIN    -5
2021 01 24 21 41 MAX     6
2021 01 25 09 10 MIN    -6
2021 01 25 22 25 MAX     7
2021 01 26 09 52 MIN    -7
2021 01 26 18 53 MAX     7
2021 01 26 21 28 MIN     6
2021 01 27 01 03 MAX     7
2021 01 27 10 33 MIN    -9
2021 01 27 19 04 MAX     7
2021 01 27 22 23 MIN     6
2021 01 28 01 57 MAX     7
2021 01 28 11 15 MIN   -10
2021 01 28 19 25 MAX     6
2021 01 28 23 07 MIN     5
2021 01 29 02 42 MAX     7
2021 01 29 11 58 MIN   -11
2021 01 29 19 48 MAX     6
2021 01 29 23 51 MIN     4
2021 01 30 03 28 MAX     6
2021 01 30 12 42 MIN   -12
2021 01 30 20 10 MAX     5
2021 01 31 00 36 MIN     3
2021 01 31 04 18 MAX     6
2021 01 31 13 25 MIN   -11
2021 01 31 20 31 MAX     4
2021 02 01 01 20 MIN     1
2021 02 01 05 15 MAX     5
2021 02 01 14 05 MIN   -10
2021 02 01 20 52 MAX     4
2021 02 02 02 04 MIN     0
2021 02 02 06 22 MAX     5
2021 02 02 14 44 MIN    -8
2021 02 02 21 12 MAX     4
2021 02 03 02 49 MIN    -2
2021 02 03 07 56 MAX     4
2021 02 03 15 20 MIN    -5
2021 02 03 21 30 MAX     5
2021 02 04 03 37 MIN    -4
2021 02 04 09 51 MAX     4
2021 02 04 15 54 MIN    -2
2021 02 04 21 45 MAX     6
2021 02 05 04 31 MIN    -4
2021 02 05 11 49 MAX     5
2021 02 05 16 23 MIN     2
2021 02 05 22 00 MAX     8
2021 02 06 05 35 MIN    -5
2021 02 06 13 39 MAX     6
2021 02 06 16 35 MIN     5
2021 02 06 22 27 MAX     9
2021 02 07 06 55 MIN    -6
2021 02 07 23 16 MAX    10
2021 02 08 08 19 MIN    -6
2021 02 09 00 28 MAX    11
2021 02 09 09 35 MIN    -8
2021 02 09 19 09 MAX    10
2021 02 09 21 59 MIN     9
2021 02 10 01 27 MAX    11
2021 02 10 10 36 MIN    -9
2021 02 10 19 10 MAX     9
2021 02 10 23 00 MIN     8
2021 02 11 02 19 MAX    10
2021 02 11 11 28 MIN   -10
2021 02 11 19 16 MAX     8
2021 02 11 23 41 MIN     6
2021 02 12 03 10 MAX     9
2021 02 12 12 12 MIN   -10
2021 02 12 19 32 MAX     6
2021 02 13 00 17 MIN     3
2021 02 13 04 04 MAX     8
2021 02 13 12 53 MIN   -10
2021 02 13 19 53 MAX     5
2021 02 14 00 55 MIN     1
2021 02 14 05 03 MAX     7
2021 02 14 13 29 MIN    -9
2021 02 14 20 15 MAX     4
2021 02 15 01 34 MIN    -1
2021 02 15 06 11 MAX     5
2021 02 15 14 01 MIN    -8
2021 02 15 20 37 MAX     3
2021 02 16 02 14 MIN    -3
2021 02 16 07 22 MAX     4
2021 02 16 14 27 MIN    -6
2021 02 16 20 54 MAX     3
2021 02 17 02 54 MIN    -4
2021 02 17 08 29 MAX     4
2021 02 17 14 43 MIN    -3
2021 02 17 20 57 MAX     4
2021 02 18 03 35 MIN    -4
2021 02 18 09 40 MAX     4
2021 02 18 14 54 MIN     0
2021 02 18 20 47 MAX     5
2021 02 19 04 19 MIN    -4
2021 02 19 11 20 MAX     4
2021 02 19 15 04 MIN     2
2021 02 19 20 41 MAX     6
2021 02 20 05 10 MIN    -4
2021 02 20 13 10 MAX     5
2021 02 20 15 11 MIN     4
2021 02 20 20 42 MAX     8
2021 02 21 06 13 MIN    -3
2021 02 21 20 50 MAX     9
2021 02 22 07 17 MIN    -4
2021 02 22 21 07 MAX     9
2021 02 23 08 15 MIN    -5
2021 02 23 21 26 MAX     8
2021 02 24 09 10 MIN    -6
2021 02 24 18 20 MAX     8
2021 02 25 10 03 MIN    -8
2021 02 25 18 33 MAX     7
2021 02 26 10 55 MIN    -9
2021 02 26 18 49 MAX     6
2021 02 26 23 28 MIN     4
2021 02 27 02 48 MAX     6
2021 02 27 11 43 MIN   -10
2021 02 27 19 05 MAX     5
2021 02 27 23 56 MIN     2
2021 02 28 03 47 MAX     5
2021 02 28 12 28 MIN   -10
2021 02 28 19 21 MAX     4
2021 03 01 00 29 MIN     0
2021 03 01 04 52 MAX     5
2021 03 01 13 08 MIN    -9
2021 03 01 19 39 MAX     3
2021 03 02 01 07 MIN    -3
2021 03 02 06 29 MAX     5
2021 03 02 13 46 MIN    -7
2021 03 02 19 56 MAX     4
2021 03 03 01 47 MIN    -4
2021 03 03 08 02 MAX     6
2021 03 03 14 21 MIN    -4
2021 03 03 20 10 MAX     6
2021 03 04 02 32 MIN    -5
2021 03 04 09 15 MAX     7
2021 03 04 14 52 MIN     0
2021 03 04 20 16 MAX     8
2021 03 05 03 21 MIN    -6
2021 03 05 10 30 MAX     7
2021 03 05 15 18 MIN     4
2021 03 05 20 24 MAX    10
2021 03 06 04 19 MIN    -5
2021 03 06 11 57 MAX     8
2021 03 06 14 55 MIN     7
2021 03 06 20 46 MAX    12
2021 03 07 05 28 MIN    -4
2021 03 07 21 14 MAX    13
2021 03 08 06 44 MIN    -4
2021 03 08 21 52 MAX    13
2021 03 09 08 02 MIN    -4
2021 03 09 23 56 MAX    12
2021 03 10 09 19 MIN    -5
2021 03 11 01 27 MAX    11
2021 03 11 10 25 MIN    -6
2021 03 11 18 06 MAX     9
2021 03 11 22 54 MIN     7
2021 03 12 02 31 MAX    10
2021 03 12 11 17 MIN    -6
2021 03 12 18 20 MAX     7
2021 03 12 23 32 MIN     4
2021 03 13 03 30 MAX     8
2021 03 13 12 00 MIN    -7
2021 03 13 18 40 MAX     6
2021 03 14 00 08 MIN     1
2021 03 14 04 32 MAX     7
2021 03 14 12 37 MIN    -6
2021 03 14 19 04 MAX     4
2021 03 15 00 43 MIN    -2
2021 03 15 05 42 MAX     6
2021 03 15 13 10 MIN    -5
2021 03 15 19 26 MAX     4
2021 03 16 01 17 MIN    -4
2021 03 16 06 55 MAX     5
2021 03 16 13 34 MIN    -3
2021 03 16 19 41 MAX     4
2021 03 17 01 50 MIN    -5
2021 03 17 07 58 MAX     6
2021 03 17 13 49 MIN    -1
2021 03 17 19 38 MAX     5
2021 03 18 02 23 MIN    -5
2021 03 18 08 55 MAX     6
2021 03 18 13 55 MIN     1
2021 03 18 19 27 MAX     6
2021 03 19 02 59 MIN    -4
2021 03 19 09 50 MAX     7
2021 03 19 14 07 MIN     4
2021 03 19 19 30 MAX     8
2021 03 20 03 40 MIN    -3
2021 03 20 10 49 MAX     8
2021 03 20 14 22 MIN     6
2021 03 20 19 39 MAX    10
2021 03 21 04 30 MIN    -2
2021 03 21 12 01 MAX     9
2021 03 21 14 28 MIN     8
2021 03 21 19 52 MAX    11
2021 03 22 05 29 MIN    -2
2021 03 22 20 08 MAX    11
2021 03 23 06 30 MIN    -2
2021 03 23 20 24 MAX    11
2021 03 24 07 29 MIN    -2
2021 03 24 20 30 MAX    10
2021 03 25 08 30 MIN    -3
2021 03 25 17 25 MAX     9
2021 03 26 09 37 MIN    -4
2021 03 26 17 35 MAX     8
2021 03 26 23 08 MIN     5
2021 03 27 02 11 MAX     7
2021 03 27 10 41 MIN    -5
2021 03 27 17 44 MAX     6
2021 03 27 23 10 MIN     3
2021 03 28 03 30 MAX     6
2021 03 28 11 32 MIN    -6
2021 03 28 17 55 MAX     5
2021 03 28 23 36 MIN     0
2021 03 29 04 57 MAX     7
2021 03 29 12 15 MIN    -5
2021 03 29 18 08 MAX     4
2021 03 30 00 10 MIN    -3
2021 03 30 06 25 MAX     8
2021 03 30 12 53 MIN    -3
2021 03 30 18 17 MAX     5
2021 03 31 00 48 MIN    -5
2021 03 31 07 34 MAX     9
2021 03 31 13 29 MIN    -1
2021 03 31 18 15 MAX     7
2021 04 01 01 31 MIN    -6
2021 04 01 08 36 MAX    10
2021 04 01 14 03 MIN     3
2021 04 01 18 28 MAX    10
2021 04 02 02 19 MIN    -6
2021 04 02 09 36 MAX    11
2021 04 02 14 32 MIN     6
2021 04 02 18 55 MAX    13
2021 04 03 03 12 MIN    -5
2021 04 03 10 39 MAX    12
2021 04 03 14 42 MIN    10
2021 04 03 19 27 MAX    15
2021 04 04 04 13 MIN    -4
2021 04 04 11 56 MAX    12
2021 04 04 13 25 MIN    11
2021 04 04 20 04 MAX    16
2021 04 05 05 21 MIN    -3
2021 04 05 20 45 MAX    16
2021 04 06 06 27 MIN    -2
2021 04 06 21 36 MAX    15
2021 04 07 07 34 MIN    -1
2021 04 07 16 38 MAX    12
2021 04 07 19 23 MIN    11
2021 04 08 00 13 MAX    13
2021 04 08 08 49 MIN    -1
2021 04 08 16 37 MAX    11
2021 04 08 21 35 MIN     9
2021 04 09 01 51 MAX    11
2021 04 09 10 05 MIN    -2
2021 04 09 16 53 MAX     9
2021 04 09 22 37 MIN     5
2021 04 10 03 08 MAX     9
2021 04 10 11 02 MIN    -2
2021 04 10 17 16 MAX     8
2021 04 10 23 19 MIN     1
2021 04 11 04 19 MAX     8
2021 04 11 11 46 MIN    -2
2021 04 11 17 41 MAX     6
2021 04 11 23 54 MIN    -1
2021 04 12 05 26 MAX     7
2021 04 12 12 23 MIN    -1
2021 04 12 18 04 MAX     6
2021 04 13 00 28 MIN    -3
2021 04 13 06 31 MAX     7
2021 04 13 12 52 MIN     0
2021 04 13 18 14 MAX     6
2021 04 14 00 58 MIN    -4
2021 04 14 07 29 MAX     8
2021 04 14 13 09 MIN     2
2021 04 14 17 51 MAX     6
2021 04 15 01 27 MIN    -4
2021 04 15 08 18 MAX     9
2021 04 15 13 14 MIN     4
2021 04 15 17 54 MAX     8
2021 04 16 01 58 MIN    -4
2021 04 16 09 01 MAX    10
2021 04 16 13 22 MIN     6
2021 04 16 18 11 MAX    10
2021 04 17 02 34 MIN    -3
2021 04 17 09 43 MAX    11
2021 04 17 13 40 MIN     8
2021 04 17 18 31 MAX    12
2021 04 18 03 17 MIN    -2
2021 04 18 10 27 MAX    12
2021 04 18 13 58 MIN    10
2021 04 18 18 50 MAX    13
2021 04 19 04 07 MIN    -1
2021 04 19 11 22 MAX    12
2021 04 19 13 48 MIN    11
2021 04 19 19 10 MAX    14
2021 04 20 05 01 MIN    -1
2021 04 20 19 31 MAX    13
2021 04 21 05 56 MIN     0
2021 04 21 19 53 MAX    12
2021 04 22 06 51 MIN     0
2021 04 22 20 12 MAX    11
2021 04 23 07 53 MIN    -1
2021 04 23 16 15 MAX    10
2021 04 24 09 12 MIN    -1
2021 04 24 16 10 MAX     8
2021 04 24 22 13 MIN     5
2021 04 25 03 11 MAX     8
2021 04 25 10 25 MIN    -1
2021 04 25 16 11 MAX     7
2021 04 25 22 35 MIN     1
2021 04 26 04 31 MAX     9
2021 04 26 11 16 MIN     0
2021 04 26 16 14 MAX     7
2021 04 26 23 11 MIN    -2
2021 04 27 05 43 MAX    10
2021 04 27 11 58 MIN     1
2021 04 27 16 19 MAX     8
2021 04 27 23 51 MIN    -5
2021 04 28 06 50 MAX    12
2021 04 28 12 36 MIN     3
2021 04 28 16 35 MAX    10
2021 04 29 00 35 MIN    -6
2021 04 29 07 52 MAX    13
2021 04 29 13 11 MIN     6
2021 04 29 17 01 MAX    12
2021 04 30 01 21 MIN    -6
2021 04 30 08 48 MAX    14
2021 04 30 13 43 MIN     9
2021 04 30 17 34 MAX    15
2021 05 01 02 13 MIN    -6
2021 05 01 09 41 MAX    15
2021 05 01 14 11 MIN    12
2021 05 01 18 13 MAX    17
2021 05 02 03 09 MIN    -4
2021 05 02 10 37 MAX    15
2021 05 02 12 56 MIN    14
2021 05 02 18 58 MAX    18
2021 05 03 04 09 MIN    -3
2021 05 03 19 48 MAX    18
2021 05 04 05 07 MIN    -1
2021 05 04 20 45 MAX    17
2021 05 05 06 04 MIN     0
2021 05 05 15 01 MAX    14
2021 05 05 17 55 MIN    12
2021 05 05 22 09 MAX    15
2021 05 06 06 59 MIN     1
2021 05 06 15 03 MAX    13
2021 05 06 19 11 MIN    10
2021 05 07 00 37 MAX    12
2021 05 07 08 03 MIN     2
2021 05 07 15 23 MAX    12
2021 05 07 21 05 MIN     7
2021 05 08 02 28 MAX    11
2021 05 08 09 31 MIN     2
2021 05 08 15 49 MAX    11
2021 05 08 22 16 MIN     3
2021 05 09 03 42 MAX    10
2021 05 09 10 42 MIN     3
2021 05 09 16 14 MAX    10
2021 05 09 23 01 MIN     1
2021 05 10 04 46 MAX    10
2021 05 10 11 29 MIN     4
2021 05 10 16 34 MAX     9
2021 05 10 23 38 MIN    -1
2021 05 11 05 51 MAX    10
2021 05 11 12 03 MIN     5
2021 05 11 16 37 MAX     9
2021 05 12 00 10 MIN    -2
2021 05 12 06 51 MAX    10
2021 05 12 12 23 MIN     6
2021 05 12 16 29 MAX     9
2021 05 13 00 39 MIN    -3
2021 05 13 07 40 MAX    11
2021 05 13 12 28 MIN     7
2021 05 13 16 38 MAX    11
2021 05 14 01 08 MIN    -3
2021 05 14 08 19 MAX    12
2021 05 14 12 33 MIN     9
2021 05 14 16 58 MAX    12
2021 05 15 01 40 MIN    -2
2021 05 15 08 55 MAX    13
2021 05 15 12 51 MIN    10
2021 05 15 17 23 MAX    14
2021 05 16 02 19 MIN    -2
2021 05 16 09 32 MAX    14
2021 05 16 13 13 MIN    12
2021 05 16 17 48 MAX    15
2021 05 17 03 03 MIN    -1
2021 05 17 10 13 MAX    14
2021 05 17 13 20 MIN    13
2021 05 17 18 13 MAX    16
2021 05 18 03 51 MIN    -1
2021 05 18 18 41 MAX    16
2021 05 19 04 39 MIN     0
2021 05 19 19 13 MAX    15
2021 05 20 05 26 MIN     1
2021 05 20 19 50 MAX    13
2021 05 21 06 15 MIN     2
2021 05 21 15 00 MAX    12
2021 05 22 07 12 MIN     3
2021 05 22 14 40 MAX    11
2021 05 22 19 20 MIN     8
2021 05 23 02 11 MAX    10
2021 05 23 08 33 MIN     4
2021 05 23 14 41 MAX    10
2021 05 23 21 01 MIN     4
2021 05 24 03 34 MAX    12
2021 05 24 09 56 MIN     5
2021 05 24 14 51 MAX    11
2021 05 24 22 02 MIN     1
2021 05 25 04 42 MAX    13
2021 05 25 10 50 MIN     6
2021 05 25 15 05 MAX    12
2021 05 25 22 50 MIN    -2
2021 05 26 05 54 MAX    15
2021 05 26 11 34 MIN     8
2021 05 26 15 26 MAX    14
2021 05 26 23 37 MIN    -4
2021 05 27 07 03 MAX    16
2021 05 27 12 11 MIN    10
2021 05 27 15 52 MAX    16
2021 05 28 00 26 MIN    -5
2021 05 28 08 02 MAX    17
2021 05 28 12 45 MIN    13
2021 05 28 16 25 MAX    18
2021 05 29 01 17 MIN    -5
2021 05 29 08 52 MAX    17
2021 05 29 13 15 MIN    15
2021 05 29 17 05 MAX    20
2021 05 30 02 10 MIN    -4
2021 05 30 09 38 MAX    17
2021 05 30 13 39 MIN    16
2021 05 30 17 52 MAX    21
2021 05 31 03 03 MIN    -3
2021 05 31 18 48 MAX    21
2021 06 01 03 55 MIN    -1
2021 06 01 11 15 MAX    16
2021 06 01 15 31 MIN    15
2021 06 01 19 51 MAX    20
2021 06 02 04 45 MIN     0
2021 06 02 12 22 MAX    15
2021 06 02 16 33 MIN    14
2021 06 02 20 58 MAX    18
2021 06 03 05 32 MIN     2
2021 06 03 13 16 MAX    15
2021 06 03 17 36 MIN    12
2021 06 03 22 23 MAX    15
2021 06 04 06 18 MIN     4
2021 06 04 13 53 MAX    14
2021 06 04 18 48 MIN     9
2021 06 05 01 04 MAX    13
2021 06 05 07 08 MIN     6
2021 06 05 14 26 MAX    14
2021 06 05 20 31 MIN     7
2021 06 06 02 40 MAX    13
2021 06 06 08 27 MIN     8
2021 06 06 14 55 MAX    14
2021 06 06 21 51 MIN     5
2021 06 07 03 46 MAX    13
2021 06 07 10 07 MIN     9
2021 06 07 15 17 MAX    13
2021 06 07 22 40 MIN     3
2021 06 08 04 51 MAX    13
2021 06 08 10 57 MIN    10
2021 06 08 15 28 MAX    13
2021 06 08 23 16 MIN     1
2021 06 09 06 05 MAX    13
2021 06 09 11 19 MIN    11
2021 06 09 15 29 MAX    14
2021 06 09 23 47 MIN     1
2021 06 10 07 02 MAX    14
2021 06 10 11 21 MIN    12
2021 06 10 15 38 MAX    15
2021 06 11 00 16 MIN     0
2021 06 11 07 40 MAX    15
2021 06 11 11 25 MIN    13
2021 06 11 15 57 MAX    16
2021 06 12 00 48 MIN     0
2021 06 12 08 13 MAX    16
2021 06 12 11 45 MIN    14
2021 06 12 16 21 MAX    17
2021 06 13 01 23 MIN     0
2021 06 13 08 46 MAX    16
2021 06 13 12 10 MIN    14
2021 06 13 16 48 MAX    18
2021 06 14 02 04 MIN     0
2021 06 14 09 20 MAX    17
2021 06 14 12 23 MIN    15
2021 06 14 17 17 MAX    18
2021 06 15 02 47 MIN     0
2021 06 15 17 51 MAX    19
2021 06 16 03 29 MIN     1
2021 06 16 10 39 MAX    16
2021 06 16 12 10 MIN    15
2021 06 16 18 30 MAX    18
2021 06 17 04 12 MIN     2
2021 06 17 19 18 MAX    17
2021 06 18 04 53 MIN     4
2021 06 18 12 15 MAX    14
2021 06 18 16 42 MIN    13
2021 06 18 20 19 MAX    16
2021 06 19 05 37 MIN     6
2021 06 19 12 43 MAX    14
2021 06 19 17 35 MIN    11
2021 06 19 23 37 MAX    14
2021 06 20 06 27 MIN     8
2021 06 20 13 07 MAX    15
2021 06 20 18 42 MIN     9
2021 06 21 02 16 MAX    15
2021 06 21 07 36 MIN    10
2021 06 21 13 31 MAX    16
2021 06 21 20 17 MIN     7
2021 06 22 03 29 MAX    17
2021 06 22 09 07 MIN    13
2021 06 22 13 55 MAX    17
2021 06 22 21 36 MIN     4
2021 06 23 04 47 MAX    18
2021 06 23 10 12 MIN    15
2021 06 23 14 21 MAX    19
2021 06 23 22 35 MIN     2
2021 06 24 06 14 MAX    19
2021 06 24 10 59 MIN    16
2021 06 24 14 50 MAX    21
2021 06 24 23 28 MIN     0
2021 06 25 07 20 MAX    20
2021 06 25 11 36 MIN    18
2021 06 25 15 24 MAX    23
2021 06 26 00 19 MIN     0
2021 06 26 08 08 MAX    20
2021 06 26 12 05 MIN    19
2021 06 26 16 03 MAX    24
2021 06 27 01 10 MIN    -1
2021 06 27 08 46 MAX    20
2021 06 27 11 47 MIN    19
2021 06 27 16 49 MAX    24
2021 06 28 02 00 MIN     0
2021 06 28 09 20 MAX    19
2021 06 28 11 38 MIN    18
2021 06 28 17 44 MAX    24
2021 06 29 02 47 MIN     1
2021 06 29 09 53 MAX    18
2021 06 29 14 05 MIN    17
2021 06 29 18 47 MAX    23
2021 06 30 03 32 MIN     2
2021 06 30 10 28 MAX    18
2021 06 30 15 11 MIN    16
2021 06 30 19 53 MAX    22
2021 07 01 04 13 MIN     5
2021 07 01 11 10 MAX    17
2021 07 01 16 08 MIN    14
2021 07 01 20 58 MAX    20
2021 07 02 04 51 MIN     7
2021 07 02 12 00 MAX    17
2021 07 02 17 07 MIN    13
2021 07 02 22 24 MAX    17
2021 07 03 05 27 MIN    10
2021 07 03 12 50 MAX    18
2021 07 03 18 16 MIN    11
2021 07 04 01 08 MAX    16
2021 07 04 05 57 MIN    12
2021 07 04 13 29 MAX    18
2021 07 04 19 47 MIN    10
2021 07 05 02 31 MAX    17
2021 07 05 06 16 MIN    15
2021 07 05 13 57 MAX    19
2021 07 05 21 10 MIN     9
2021 07 06 03 37 MAX    17
2021 07 06 06 27 MIN    16
2021 07 06 14 15 MAX    19
2021 07 06 22 04 MIN     8
2021 07 07 14 24 MAX    20
2021 07 07 22 42 MIN     7
2021 07 08 14 37 MAX    21
2021 07 08 23 15 MIN     6
2021 07 09 07 04 MAX    19
2021 07 09 09 45 MIN    18
2021 07 09 14 57 MAX    21
2021 07 09 23 47 MIN     5
2021 07 10 07 32 MAX    19
2021 07 10 10 21 MIN    18
2021 07 10 15 22 MAX    22
2021 07 11 00 22 MIN     4
2021 07 11 08 01 MAX    20
2021 07 11 10 52 MIN    19
2021 07 11 15 50 MAX    22
2021 07 12 01 01 MIN     4
2021 07 12 08 30 MAX    20
2021 07 12 11 15 MIN    19
2021 07 12 16 22 MAX    22
2021 07 13 01 41 MIN     3
2021 07 13 09 00 MAX    19
2021 07 13 11 27 MIN    18
2021 07 13 17 01 MAX    22
2021 07 14 02 21 MIN     4
2021 07 14 09 27 MAX    19
2021 07 14 11 46 MIN    18
2021 07 14 17 46 MAX    22
2021 07 15 03 00 MIN     5
2021 07 15 09 53 MAX    18
2021 07 15 14 04 MIN    17
2021 07 15 18 39 MAX    22
2021 07 16 03 38 MIN     7
2021 07 16 10 18 MAX    19
2021 07 16 15 15 MIN    16
2021 07 16 19 45 MAX    21
2021 07 17 04 16 MIN    10
2021 07 17 10 43 MAX    19
2021 07 17 16 09 MIN    15
2021 07 17 21 30 MAX    20
2021 07 18 04 55 MIN    13
2021 07 18 11 12 MAX    20
2021 07 18 17 07 MIN    14
2021 07 19 00 27 MAX    20
2021 07 19 05 37 MIN    16
2021 07 19 11 47 MAX    22
2021 07 19 18 20 MIN    12
2021 07 20 02 07 MAX    22
2021 07 20 06 29 MIN    19
2021 07 20 12 27 MAX    24
2021 07 20 19 53 MIN    11
2021 07 21 03 32 MAX    23
2021 07 21 07 48 MIN    22
2021 07 21 13 05 MAX    25
2021 07 21 21 16 MIN     9
2021 07 22 05 44 MAX    24
2021 07 22 09 06 MIN    23
2021 07 22 13 43 MAX    27
2021 07 22 22 21 MIN     8
2021 07 23 06 57 MAX    25
2021 07 23 09 57 MIN    24
2021 07 23 14 22 MAX    28
2021 07 23 23 18 MIN     6
2021 07 24 15 04 MAX    29
2021 07 25 00 09 MIN     6
2021 07 25 15 49 MAX    29
2021 07 26 00 57 MIN     5
2021 07 26 08 18 MAX    22
2021 07 26 10 39 MIN    21
2021 07 26 16 42 MAX    28
2021 07 27 01 41 MIN     6
2021 07 27 08 42 MAX    21
2021 07 27 11 40 MIN    20
2021 07 27 17 40 MAX    27
2021 07 28 02 22 MIN     7
2021 07 28 09 08 MAX    21
2021 07 28 13 44 MIN    18
2021 07 28 18 45 MAX    26
2021 07 29 02 59 MIN     9
2021 07 29 09 36 MAX    20
2021 07 29 14 42 MIN    16
2021 07 29 19 51 MAX    24
2021 07 30 03 33 MIN    11
2021 07 30 10 05 MAX    21
2021 07 30 15 35 MIN    16
2021 07 30 20 57 MAX    23
2021 07 31 04 00 MIN    14
2021 07 31 10 36 MAX    21
2021 07 31 16 29 MIN    15
2021 07 31 22 32 MAX    22
2021 08 01 04 17 MIN    17
2021 08 01 11 06 MAX    22
2021 08 01 17 32 MIN    15
2021 08 02 00 48 MAX    22
2021 08 02 04 24 MIN    20
2021 08 02 11 29 MAX    23
2021 08 02 18 51 MIN    16
2021 08 03 11 48 MAX    24
2021 08 03 20 07 MIN    15
2021 08 04 12 35 MAX    25
2021 08 04 21 05 MIN    14
2021 08 05 13 12 MAX    26
2021 08 05 21 52 MIN    13
2021 08 06 13 46 MAX    27
2021 08 06 22 32 MIN    12
2021 08 07 14 19 MAX    27
2021 08 07 23 12 MIN    10
2021 08 08 07 10 MAX    24
2021 08 08 09 30 MIN    23
2021 08 08 14 53 MAX    26
2021 08 08 23 53 MIN     9
2021 08 09 07 34 MAX    23
2021 08 09 10 02 MIN    22
2021 08 09 15 30 MAX    26
2021 08 10 00 33 MIN     8
2021 08 10 07 56 MAX    22
2021 08 10 10 30 MIN    21
2021 08 10 16 13 MAX    26
2021 08 11 01 13 MIN     8
2021 08 11 08 16 MAX    21
2021 08 11 11 06 MIN    20
2021 08 11 17 01 MAX    26
2021 08 12 01 51 MIN     9
2021 08 12 08 35 MAX    21
2021 08 12 12 08 MIN    19
2021 08 12 17 59 MAX    25
2021 08 13 02 27 MIN    11
2021 08 13 08 53 MAX    22
2021 08 13 13 46 MIN    18
2021 08 13 19 12 MAX    25
2021 08 14 03 02 MIN    14
2021 08 14 09 10 MAX    23
2021 08 14 14 47 MIN    17
2021 08 14 20 54 MAX    25
2021 08 15 03 36 MIN    17
2021 08 15 09 25 MAX    25
2021 08 15 15 45 MIN    17
2021 08 15 22 44 MAX    26
2021 08 16 04 07 MIN    21
2021 08 16 09 42 MAX    27
2021 08 16 16 50 MIN    17
2021 08 17 00 31 MAX    26
2021 08 17 04 30 MIN    24
2021 08 17 10 14 MAX    29
2021 08 17 18 10 MIN    16
2021 08 18 11 09 MAX    31
2021 08 18 19 37 MIN    16
2021 08 19 12 16 MAX    32
2021 08 19 20 57 MIN    15
2021 08 20 13 14 MAX    32
2021 08 20 22 08 MIN    13
2021 08 21 14 06 MAX    32
2021 08 21 23 05 MIN    12
2021 08 22 14 56 MAX    32
2021 08 22 23 54 MIN    11
2021 08 23 07 09 MAX    25
2021 08 23 09 39 MIN    24
2021 08 23 15 47 MAX    31
2021 08 24 00 37 MIN    11
2021 08 24 07 29 MAX    23
2021 08 24 10 39 MIN    21
2021 08 24 16 42 MAX    29
2021 08 25 01 16 MIN    12
2021 08 25 07 51 MAX    22
2021 08 25 12 15 MIN    19
2021 08 25 17 42 MAX    28
2021 08 26 01 51 MIN    13
2021 08 26 08 14 MAX    22
2021 08 26 13 18 MIN    18
2021 08 26 18 48 MAX    27
2021 08 27 02 20 MIN    15
2021 08 27 08 31 MAX    23
2021 08 27 14 08 MIN    17
2021 08 27 19 58 MAX    26
2021 08 28 02 39 MIN    18
2021 08 28 08 28 MAX    24
2021 08 28 14 55 MIN    17
2021 08 28 21 09 MAX    26
2021 08 29 02 44 MIN    21
2021 08 29 08 14 MAX    25
2021 08 29 15 46 MIN    18
2021 08 29 22 32 MAX    26
2021 08 30 02 50 MIN    23
2021 08 30 08 25 MAX    27
2021 08 30 16 45 MIN    19
2021 08 31 00 04 MAX    26
2021 08 31 03 03 MIN    25
2021 08 31 08 45 MAX    29
2021 08 31 17 55 MIN    19
2021 09 01 01 30 MAX    27
2021 09 01 03 15 MIN    26
2021 09 01 09 13 MAX    30
2021 09 01 19 03 MIN    19
2021 09 02 09 51 MAX    30
2021 09 02 20 02 MIN    18
2021 09 03 10 54 MAX    29
2021 09 03 20 55 MIN    17
2021 09 04 12 53 MAX    29
2021 09 04 21 46 MIN    15
2021 09 05 06 05 MAX    26
2021 09 05 08 08 MIN    25
2021 09 05 13 52 MAX    28
2021 09 05 22 37 MIN    14
2021 09 06 14 41 MAX    27
2021 09 06 23 25 MIN    13
2021 09 07 06 36 MAX    23
2021 09 07 09 27 MIN    22
2021 09 07 15 30 MAX    27
2021 09 08 00 08 MIN    12
2021 09 08 06 50 MAX    22
2021 09 08 10 13 MIN    20
2021 09 08 16 23 MAX    27
2021 09 09 00 47 MIN    13
2021 09 09 07 03 MAX    21
2021 09 09 11 13 MIN    18
2021 09 09 17 25 MAX    27
2021 09 10 01 23 MIN    14
2021 09 10 07 13 MAX    22
2021 09 10 12 27 MIN    17
2021 09 10 19 01 MAX    27
2021 09 11 01 57 MIN    17
2021 09 11 07 07 MAX    24
2021 09 11 13 30 MIN    16
2021 09 11 20 32 MAX    28
2021 09 12 02 27 MIN    20
2021 09 12 07 12 MAX    27
2021 09 12 14 29 MIN    16
2021 09 12 21 46 MAX    28
2021 09 13 02 51 MIN    24
2021 09 13 07 39 MAX    30
2021 09 13 15 33 MIN    17
2021 09 13 23 03 MAX    29
2021 09 14 02 34 MIN    27
2021 09 14 08 14 MAX    32
2021 09 14 16 47 MIN    17
2021 09 15 08 55 MAX    33
2021 09 15 18 06 MIN    18
2021 09 16 09 50 MAX    34
2021 09 16 19 23 MIN    17
2021 09 17 11 39 MAX    33
2021 09 17 20 38 MIN    17
2021 09 18 13 04 MAX    32
2021 09 18 21 52 MIN    16
2021 09 19 05 37 MAX    27
2021 09 19 07 53 MIN    26
2021 09 19 14 08 MAX    31
2021 09 19 22 52 MIN    15
2021 09 20 05 44 MAX    25
2021 09 20 08 50 MIN    23
2021 09 20 15 04 MAX    30
2021 09 20 23 39 MIN    14
2021 09 21 06 01 MAX    23
2021 09 21 09 56 MIN    20
2021 09 21 15 58 MAX    28
2021 09 22 00 19 MIN    14
2021 09 22 06 21 MAX    22
2021 09 22 11 23 MIN    18
2021 09 22 16 54 MAX    27
2021 09 23 00 54 MIN    15
2021 09 23 06 33 MAX    21
2021 09 23 12 14 MIN    16
2021 09 23 18 00 MAX    26
2021 09 24 01 21 MIN    17
2021 09 24 05 41 MAX    21
2021 09 24 12 55 MIN    15
2021 09 24 19 16 MAX    25
2021 09 25 01 30 MIN    19
2021 09 25 05 51 MAX    23
2021 09 25 13 34 MIN    15
2021 09 25 20 23 MAX    26
2021 09 26 01 17 MIN    21
2021 09 26 06 14 MAX    25
2021 09 26 14 17 MIN    16
2021 09 26 21 21 MAX    26
2021 09 27 01 27 MIN    23
2021 09 27 06 42 MAX    27
2021 09 27 15 07 MIN    17
2021 09 27 22 15 MAX    26
2021 09 28 01 47 MIN    25
2021 09 28 07 15 MAX    28
2021 09 28 16 09 MIN    18
2021 09 28 23 14 MAX    27
2021 09 29 02 06 MIN    26
2021 09 29 07 48 MAX    29
2021 09 29 17 16 MIN    18
2021 09 30 08 21 MAX    29
2021 09 30 18 18 MIN    18
2021 10 01 08 55 MAX    29
2021 10 01 19 13 MIN    17
2021 10 02 09 36 MAX    27
2021 10 02 20 08 MIN    16
2021 10 03 04 50 MAX    25
2021 10 03 06 54 MIN    24
2021 10 03 12 08 MAX    26
2021 10 03 21 08 MIN    15
2021 10 04 04 51 MAX    23
2021 10 04 07 37 MIN    22
2021 10 04 13 51 MAX    25
2021 10 04 22 13 MIN    14
2021 10 05 04 45 MAX    21
2021 10 05 08 20 MIN    19
2021 10 05 14 56 MAX    24
2021 10 05 23 06 MIN    13
2021 10 06 04 35 MAX    19
2021 10 06 09 11 MIN    16
2021 10 06 15 57 MAX    24
2021 10 06 23 48 MIN    13
2021 10 07 04 23 MAX    19
2021 10 07 10 15 MIN    14
2021 10 07 17 10 MAX    25
2021 10 08 00 25 MIN    14
2021 10 08 04 32 MAX    20
2021 10 08 11 25 MIN    12
2021 10 08 18 43 MAX    25
2021 10 09 01 00 MIN    17
2021 10 09 04 55 MAX    22
2021 10 09 12 26 MIN    11
2021 10 09 19 58 MAX    26
2021 10 10 01 31 MIN    19
2021 10 10 05 26 MAX    25
2021 10 10 13 23 MIN    11
2021 10 10 21 01 MAX    27
2021 10 11 01 53 MIN    22
2021 10 11 06 03 MAX    28
2021 10 11 14 26 MIN    12
2021 10 11 22 02 MAX    27
2021 10 12 01 13 MIN    25
2021 10 12 06 44 MAX    30
2021 10 12 15 36 MIN    13
2021 10 12 23 08 MAX    27
2021 10 13 01 00 MIN    26
2021 10 13 07 29 MAX    31
2021 10 13 16 49 MIN    14
2021 10 14 08 21 MAX    31
2021 10 14 17 58 MIN    14
2021 10 15 09 28 MAX    30
2021 10 15 19 04 MIN    14
2021 10 16 11 38 MAX    28
2021 10 16 20 10 MIN    14
2021 10 17 04 04 MAX    23
2021 10 17 07 07 MIN    22
2021 10 17 13 18 MAX    27
2021 10 17 21 29 MIN    14
2021 10 18 04 08 MAX    22
2021 10 18 08 10 MIN    19
2021 10 18 14 32 MAX    25
2021 10 18 22 37 MIN    13
2021 10 19 04 22 MAX    20
2021 10 19 09 41 MIN    16
2021 10 19 15 34 MAX    24
2021 10 19 23 26 MIN    13
2021 10 20 04 30 MAX    18
2021 10 20 10 50 MIN    13
2021 10 20 16 32 MAX    22
2021 10 21 00 05 MIN    14
2021 10 21 04 10 MAX    18
2021 10 21 11 33 MIN    11
2021 10 21 17 35 MAX    21
2021 10 22 00 35 MIN    15
2021 10 22 04 06 MAX    18
2021 10 22 12 08 MIN    10
2021 10 22 18 46 MAX    21
2021 10 23 00 46 MIN    16
2021 10 23 04 20 MAX    19
2021 10 23 12 39 MIN    10
2021 10 23 19 47 MAX    21
2021 10 24 00 15 MIN    18
2021 10 24 04 44 MAX    21
2021 10 24 13 14 MIN    10
2021 10 24 20 36 MAX    22
2021 10 25 00 19 MIN    19
2021 10 25 05 14 MAX    22
2021 10 25 13 55 MIN    11
2021 10 25 21 17 MAX    22
2021 10 26 00 43 MIN    20
2021 10 26 05 49 MAX    23
2021 10 26 14 48 MIN    12
2021 10 26 21 59 MAX    23
2021 10 27 01 06 MIN    21
2021 10 27 06 25 MAX    24
2021 10 27 15 49 MIN    12
2021 10 28 07 01 MAX    24
2021 10 28 16 48 MIN    12
2021 10 28 23 43 MAX    22
2021 10 29 01 07 MIN    21
2021 10 29 07 34 MAX    24
2021 10 29 17 42 MIN    12
2021 10 30 08 11 MAX    22
2021 10 30 18 33 MIN    11
2021 10 31 03 47 MAX    20
2021 10 31 05 46 MIN    19
2021 10 31 08 58 MAX    20
2021 10 31 19 25 MIN    11
2021 11 01 12 29 MAX    18
2021 11 01 20 32 MIN    11
2021 11 02 03 01 MAX    16
2021 11 02 07 13 MIN    13
2021 11 02 14 29 MAX    18
2021 11 02 21 53 MIN    10
2021 11 03 02 52 MAX    15
2021 11 03 08 06 MIN    10
2021 11 03 15 40 MAX    19
2021 11 03 22 48 MIN    10
2021 11 04 02 57 MAX    15
2021 11 04 09 16 MIN     7
2021 11 04 16 47 MAX    20
2021 11 04 23 30 MIN    11
2021 11 05 03 14 MAX    16
2021 11 05 10 32 MIN     5
2021 11 05 18 04 MAX    20
2021 11 06 00 05 MIN    13
2021 11 06 03 39 MAX    18
2021 11 06 11 32 MIN     4
2021 11 06 19 16 MAX    21
2021 11 07 00 38 MIN    15
2021 11 07 04 11 MAX    20
2021 11 07 12 29 MIN     3
2021 11 07 20 18 MAX    21
2021 11 08 01 06 MIN    18
2021 11 08 04 46 MAX    22
2021 11 08 13 27 MIN     4
2021 11 08 21 13 MAX    21
2021 11 09 00 36 MIN    19
2021 11 09 05 28 MAX    24
2021 11 09 14 32 MIN     4
2021 11 09 22 06 MAX    21
2021 11 10 00 08 MIN    20
2021 11 10 06 15 MAX    25
2021 11 10 15 38 MIN     5
2021 11 11 07 10 MAX    25
2021 11 11 16 41 MIN     6
2021 11 12 08 15 MAX    24
2021 11 12 17 38 MIN     7
2021 11 13 09 45 MAX    21
2021 11 13 18 32 MIN     8
2021 11 14 02 26 MAX    17
2021 11 14 06 10 MIN    15
2021 11 14 11 59 MAX    19
2021 11 14 19 28 MIN     8
2021 11 15 02 38 MAX    16
2021 11 15 07 14 MIN    12
2021 11 15 13 56 MAX    17
2021 11 15 20 47 MIN     9
2021 11 16 02 58 MAX    14
2021 11 16 08 42 MIN     9
2021 11 16 15 08 MAX    16
2021 11 16 22 19 MIN     9
2021 11 17 03 14 MAX    13
2021 11 17 10 02 MIN     6
2021 11 17 16 07 MAX    15
2021 11 17 23 14 MIN    10
2021 11 18 03 14 MAX    13
2021 11 18 10 51 MIN     4
2021 11 18 17 08 MAX    15
2021 11 18 23 50 MIN    11
2021 11 19 03 07 MAX    13
2021 11 19 11 28 MIN     3
2021 11 19 18 18 MAX    14
2021 11 19 23 30 MIN    12
2021 11 20 03 16 MAX    13
2021 11 20 12 00 MIN     2
2021 11 20 19 18 MAX    14
2021 11 20 23 26 MIN    13
2021 11 21 03 36 MAX    15
2021 11 21 12 30 MIN     2
2021 11 21 20 01 MAX    15
2021 11 21 23 22 MIN    13
2021 11 22 04 05 MAX    16
2021 11 22 13 04 MIN     2
2021 11 22 20 36 MAX    15
2021 11 22 23 48 MIN    13
2021 11 23 04 37 MAX    16
2021 11 23 13 46 MIN     2
2021 11 23 21 10 MAX    16
2021 11 24 00 16 MIN    14
2021 11 24 05 11 MAX    17
2021 11 24 14 36 MIN     3
2021 11 24 21 45 MAX    16
2021 11 25 00 35 MIN    14
2021 11 25 05 47 MAX    17
2021 11 25 15 27 MIN     3
2021 11 25 22 24 MAX    15
2021 11 26 00 37 MIN    14
2021 11 26 06 23 MAX    16
2021 11 26 16 18 MIN     3
2021 11 26 23 11 MAX    14
2021 11 27 00 32 MIN    13
2021 11 27 07 02 MAX    15
2021 11 27 17 03 MIN     3
2021 11 28 07 50 MAX    14
2021 11 28 17 48 MIN     4
2021 11 29 02 02 MAX    11
2021 11 29 05 23 MIN    10
2021 11 29 09 00 MAX    11
2021 11 29 18 36 MIN     5
2021 11 30 01 19 MAX    10
2021 11 30 06 07 MIN     7
2021 11 30 13 43 MAX    11
2021 11 30 19 40 MIN     6
2021 12 01 01 27 MAX     9
2021 12 01 07 00 MIN     4
2021 12 01 15 04 MAX    12
2021 12 01 21 18 MIN     7
2021 12 02 01 43 MAX    10
2021 12 02 08 11 MIN     1
2021 12 02 16 05 MAX    13
2021 12 02 22 22 MIN     8
2021 12 03 02 06 MAX    11
2021 12 03 09 35 MIN    -1
2021 12 03 17 16 MAX    14
2021 12 03 23 06 MIN     9
2021 12 04 02 33 MAX    12
2021 12 04 10 40 MIN    -4
2021 12 04 18 34 MAX    15
2021 12 04 23 43 MIN    11
2021 12 05 03 05 MAX    14
2021 12 05 11 36 MIN    -5
2021 12 05 19 38 MAX    15
2021 12 06 00 16 MIN    12
2021 12 06 03 41 MAX    16
2021 12 06 12 33 MIN    -5
2021 12 06 20 30 MAX    15
2021 12 07 00 40 MIN    13
2021 12 07 04 22 MAX    17
2021 12 07 13 31 MIN    -5
2021 12 08 05 09 MAX    18
2021 12 08 14 30 MIN    -4
2021 12 09 06 05 MAX    17
2021 12 09 15 25 MIN    -3
2021 12 10 07 12 MAX    16
2021 12 10 16 17 MIN    -2
2021 12 10 23 20 MAX    11
2021 12 11 04 05 MIN     9
2021 12 11 08 30 MAX    14
2021 12 11 17 03 MIN     0
2021 12 12 00 10 MAX    10
2021 12 12 05 03 MIN     7
2021 12 12 10 02 MAX    11
2021 12 12 17 46 MIN     1
2021 12 13 00 55 MAX     9
2021 12 13 06 02 MIN     4
2021 12 13 12 40 MAX    10
2021 12 13 18 30 MIN     3
2021 12 14 01 32 MAX     9
2021 12 14 07 15 MIN     2
2021 12 14 14 20 MAX     9
2021 12 14 19 19 MIN     5
2021 12 15 01 59 MAX     9
2021 12 15 08 45 MIN     0
2021 12 15 15 26 MAX     9
2021 12 15 21 50 MIN     7
2021 12 16 02 15 MAX     8
2021 12 16 09 53 MIN    -2
2021 12 16 16 32 MAX     9
2021 12 16 23 00 MIN     7
2021 12 17 02 15 MAX     8
2021 12 17 10 39 MIN    -3
2021 12 17 18 02 MAX     9
2021 12 17 23 26 MIN     8
2021 12 18 02 20 MAX     9
2021 12 18 11 14 MIN    -4
2021 12 18 19 07 MAX     9
2021 12 18 22 44 MIN     8
2021 12 19 02 39 MAX    10
2021 12 19 11 45 MIN    -5
2021 12 19 19 36 MAX     9
2021 12 19 22 25 MIN     8
2021 12 20 03 06 MAX    10
2021 12 20 12 16 MIN    -5
2021 12 20 20 03 MAX     9
2021 12 20 22 57 MIN     8
2021 12 21 03 37 MAX    11
2021 12 21 12 52 MIN    -6
2021 12 21 20 30 MAX     9
2021 12 21 23 31 MIN     8
2021 12 22 04 10 MAX    10
2021 12 22 13 32 MIN    -6
2021 12 22 20 59 MAX     9
2021 12 23 00 03 MIN     8
2021 12 23 04 45 MAX    10
2021 12 23 14 16 MIN    -6
2021 12 23 21 29 MAX     9
2021 12 24 00 23 MIN     7
2021 12 24 05 23 MAX     9
2021 12 24 14 59 MIN    -5
2021 12 24 22 00 MAX     8
2021 12 25 02 39 MIN     7
2021 12 25 06 06 MAX     9
2021 12 25 15 39 MIN    -5
2021 12 25 22 28 MAX     7
2021 12 26 03 32 MIN     5
2021 12 26 06 58 MAX     8
2021 12 26 16 19 MIN    -3
2021 12 26 22 53 MAX     6
2021 12 27 04 16 MIN     4
2021 12 27 08 05 MAX     6
2021 12 27 16 58 MIN    -1
2021 12 27 23 15 MAX     5
2021 12 28 05 00 MIN     1
2021 12 28 10 43 MAX     5
2021 12 28 17 40 MIN     1
2021 12 28 23 37 MAX     6
2021 12 29 05 49 MIN    -1
2021 12 29 14 03 MAX     6
2021 12 29 18 34 MIN     3
2021 12 30 00 06 MAX     6
2021 12 30 06 55 MIN    -3
2021 12 30 15 12 MAX     8
2021 12 30 20 13 MIN     6
2021 12 31 00 43 MAX     8
2021 12 31 08 23 MIN    -5
2021 12 31 16 28 MAX     9
2021 12 31 21 47 MIN     7
