 <API - 조위예측극치자료>

대상조위관측소 : 어청도
위도(WGS84) : N 125.9847
경도(WGS84) : E 36.1172
관측기관 : 20201221 ~ 20220101

2020 12 21 02 06 MIN   155
2020 12 21 07 39 MAX   416
2020 12 21 13 55 MIN   132
2020 12 21 20 15 MAX   467
2020 12 22 02 56 MIN   169
2020 12 22 08 37 MAX   397
2020 12 22 14 50 MIN   169
2020 12 22 21 08 MAX   435
2020 12 23 03 53 MIN   177
2020 12 23 09 49 MAX   387
2020 12 23 16 01 MIN   198
2020 12 23 22 12 MAX   412
2020 12 24 04 58 MIN   174
2020 12 24 11 10 MAX   394
2020 12 24 17 23 MIN   208
2020 12 24 23 22 MAX   401
2020 12 25 06 00 MIN   158
2020 12 25 12 21 MAX   417
2020 12 25 18 38 MIN   198
2020 12 26 00 24 MAX   404
2020 12 26 06 52 MIN   135
2020 12 26 13 15 MAX   448
2020 12 26 19 35 MIN   178
2020 12 27 01 14 MAX   414
2020 12 27 07 36 MIN   109
2020 12 27 13 58 MAX   478
2020 12 27 20 21 MIN   156
2020 12 28 01 56 MAX   427
2020 12 28 08 15 MIN    84
2020 12 28 14 36 MAX   505
2020 12 28 21 01 MIN   138
2020 12 29 02 33 MAX   438
2020 12 29 08 52 MIN    62
2020 12 29 15 10 MAX   526
2020 12 29 21 39 MIN   124
2020 12 30 03 08 MAX   449
2020 12 30 09 28 MIN    45
2020 12 30 15 45 MAX   541
2020 12 30 22 16 MIN   115
2020 12 31 03 42 MAX   457
2020 12 31 10 05 MIN    34
2020 12 31 16 20 MAX   551
2020 12 31 22 53 MIN   111
2021 01 01 04 18 MAX   462
2021 01 01 10 43 MIN    29
2021 01 01 16 56 MAX   554
2021 01 01 23 31 MIN   110
2021 01 02 04 55 MAX   465
2021 01 02 11 22 MIN    31
2021 01 02 17 33 MAX   552
2021 01 03 00 10 MIN   111
2021 01 03 05 34 MAX   464
2021 01 03 12 02 MIN    40
2021 01 03 18 13 MAX   544
2021 01 04 00 50 MIN   114
2021 01 04 06 18 MAX   460
2021 01 04 12 45 MIN    58
2021 01 04 18 55 MAX   529
2021 01 05 01 34 MIN   118
2021 01 05 07 07 MAX   451
2021 01 05 13 33 MIN    85
2021 01 05 19 42 MAX   507
2021 01 06 02 23 MIN   122
2021 01 06 08 04 MAX   441
2021 01 06 14 29 MIN   116
2021 01 06 20 35 MAX   480
2021 01 07 03 19 MIN   124
2021 01 07 09 13 MAX   435
2021 01 07 15 39 MIN   145
2021 01 07 21 39 MAX   454
2021 01 08 04 25 MIN   119
2021 01 08 10 32 MAX   441
2021 01 08 17 01 MIN   162
2021 01 08 22 50 MAX   437
2021 01 09 05 34 MIN   103
2021 01 09 11 52 MAX   464
2021 01 09 18 25 MIN   159
2021 01 10 00 03 MAX   433
2021 01 10 06 41 MIN    79
2021 01 10 13 02 MAX   497
2021 01 10 19 39 MIN   141
2021 01 11 01 08 MAX   441
2021 01 11 07 42 MIN    52
2021 01 11 14 02 MAX   530
2021 01 11 20 40 MIN   119
2021 01 12 02 05 MAX   454
2021 01 12 08 36 MIN    28
2021 01 12 14 55 MAX   556
2021 01 12 21 33 MIN   101
2021 01 13 02 56 MAX   467
2021 01 13 09 26 MIN    12
2021 01 13 15 41 MAX   572
2021 01 13 22 19 MIN    90
2021 01 14 03 42 MAX   477
2021 01 14 10 12 MIN     5
2021 01 14 16 25 MAX   576
2021 01 14 23 02 MIN    87
2021 01 15 04 25 MAX   483
2021 01 15 10 54 MIN     9
2021 01 15 17 05 MAX   571
2021 01 15 23 41 MIN    89
2021 01 16 05 06 MAX   483
2021 01 16 11 33 MIN    22
2021 01 16 17 42 MAX   558
2021 01 17 00 17 MIN    95
2021 01 17 05 45 MAX   478
2021 01 17 12 10 MIN    44
2021 01 17 18 18 MAX   538
2021 01 18 00 51 MIN   105
2021 01 18 06 25 MAX   468
2021 01 18 12 45 MIN    73
2021 01 18 18 52 MAX   513
2021 01 19 01 24 MIN   118
2021 01 19 07 05 MAX   451
2021 01 19 13 21 MIN   109
2021 01 19 19 27 MAX   482
2021 01 20 01 59 MIN   133
2021 01 20 07 49 MAX   430
2021 01 20 14 00 MIN   148
2021 01 20 20 05 MAX   447
2021 01 21 02 38 MIN   150
2021 01 21 08 41 MAX   409
2021 01 21 14 49 MIN   188
2021 01 21 20 50 MAX   412
2021 01 22 03 29 MIN   164
2021 01 22 09 49 MAX   393
2021 01 22 15 58 MIN   220
2021 01 22 21 52 MAX   381
2021 01 23 04 35 MIN   170
2021 01 23 11 14 MAX   395
2021 01 23 17 31 MIN   231
2021 01 23 23 13 MAX   366
2021 01 24 05 48 MIN   161
2021 01 24 12 33 MAX   417
2021 01 24 18 57 MIN   217
2021 01 25 00 29 MAX   372
2021 01 25 06 52 MIN   138
2021 01 25 13 31 MAX   449
2021 01 25 19 57 MIN   190
2021 01 26 01 26 MAX   391
2021 01 26 07 45 MIN   108
2021 01 26 14 16 MAX   482
2021 01 26 20 44 MIN   161
2021 01 27 02 12 MAX   415
2021 01 27 08 31 MIN    77
2021 01 27 14 55 MAX   512
2021 01 27 21 25 MIN   134
2021 01 28 02 52 MAX   440
2021 01 28 09 13 MIN    49
2021 01 28 15 31 MAX   537
2021 01 28 22 03 MIN   112
2021 01 29 03 30 MAX   462
2021 01 29 09 55 MIN    27
2021 01 29 16 07 MAX   555
2021 01 29 22 41 MIN    93
2021 01 30 04 07 MAX   480
2021 01 30 10 35 MIN    12
2021 01 30 16 43 MAX   567
2021 01 30 23 18 MIN    80
2021 01 31 04 46 MAX   494
2021 01 31 11 15 MIN     7
2021 01 31 17 19 MAX   570
2021 01 31 23 55 MIN    70
2021 02 01 05 25 MAX   503
2021 02 01 11 56 MIN    13
2021 02 01 17 56 MAX   564
2021 02 02 00 32 MIN    67
2021 02 02 06 07 MAX   504
2021 02 02 12 37 MIN    32
2021 02 02 18 35 MAX   547
2021 02 03 01 11 MIN    69
2021 02 03 06 52 MAX   498
2021 02 03 13 20 MIN    64
2021 02 03 19 15 MAX   519
2021 02 04 01 52 MIN    79
2021 02 04 07 43 MAX   482
2021 02 04 14 09 MIN   107
2021 02 04 20 02 MAX   482
2021 02 05 02 40 MIN    94
2021 02 05 08 43 MAX   462
2021 02 05 15 10 MIN   153
2021 02 05 20 57 MAX   440
2021 02 06 03 40 MIN   111
2021 02 06 10 00 MAX   445
2021 02 06 16 33 MIN   190
2021 02 06 22 10 MAX   403
2021 02 07 04 57 MIN   120
2021 02 07 11 33 MAX   447
2021 02 07 18 14 MIN   198
2021 02 07 23 39 MAX   389
2021 02 08 06 21 MIN   111
2021 02 08 12 59 MAX   471
2021 02 08 19 39 MIN   175
2021 02 09 01 01 MAX   402
2021 02 09 07 34 MIN    85
2021 02 09 14 03 MAX   505
2021 02 09 20 41 MIN   143
2021 02 10 02 04 MAX   429
2021 02 10 08 34 MIN    56
2021 02 10 14 54 MAX   533
2021 02 10 21 29 MIN   114
2021 02 11 02 54 MAX   458
2021 02 11 09 23 MIN    32
2021 02 11 15 36 MAX   553
2021 02 11 22 10 MIN    92
2021 02 12 03 36 MAX   482
2021 02 12 10 05 MIN    18
2021 02 12 16 13 MAX   561
2021 02 12 22 46 MIN    79
2021 02 13 04 14 MAX   498
2021 02 13 10 43 MIN    16
2021 02 13 16 46 MAX   561
2021 02 13 23 19 MIN    72
2021 02 14 04 50 MAX   507
2021 02 14 11 17 MIN    24
2021 02 14 17 17 MAX   554
2021 02 14 23 48 MIN    72
2021 02 15 05 25 MAX   507
2021 02 15 11 49 MIN    41
2021 02 15 17 46 MAX   539
2021 02 16 00 16 MIN    77
2021 02 16 05 58 MAX   501
2021 02 16 12 19 MIN    65
2021 02 16 18 15 MAX   518
2021 02 17 00 42 MIN    86
2021 02 17 06 32 MAX   487
2021 02 17 12 49 MIN    97
2021 02 17 18 43 MAX   491
2021 02 18 01 09 MIN   100
2021 02 18 07 07 MAX   467
2021 02 18 13 21 MIN   135
2021 02 18 19 13 MAX   458
2021 02 19 01 40 MIN   119
2021 02 19 07 47 MAX   442
2021 02 19 14 00 MIN   176
2021 02 19 19 47 MAX   420
2021 02 20 02 18 MIN   143
2021 02 20 08 39 MAX   416
2021 02 20 14 51 MIN   218
2021 02 20 20 31 MAX   382
2021 02 21 03 11 MIN   166
2021 02 21 09 54 MAX   396
2021 02 21 16 16 MIN   248
2021 02 21 21 45 MAX   350
2021 02 22 04 32 MIN   179
2021 02 22 11 37 MAX   399
2021 02 22 18 13 MIN   245
2021 02 22 23 36 MAX   344
2021 02 23 06 04 MIN   167
2021 02 23 12 59 MAX   429
2021 02 23 19 34 MIN   212
2021 02 24 00 59 MAX   369
2021 02 24 07 17 MIN   134
2021 02 24 13 53 MAX   468
2021 02 24 20 25 MIN   172
2021 02 25 01 53 MAX   407
2021 02 25 08 12 MIN    93
2021 02 25 14 34 MAX   506
2021 02 25 21 06 MIN   132
2021 02 26 02 36 MAX   446
2021 02 26 08 59 MIN    54
2021 02 26 15 12 MAX   539
2021 02 26 21 44 MIN    95
2021 02 27 03 15 MAX   483
2021 02 27 09 42 MIN    22
2021 02 27 15 47 MAX   564
2021 02 27 22 21 MIN    65
2021 02 28 03 53 MAX   514
2021 02 28 10 23 MIN     0
2021 02 28 16 22 MAX   579
2021 02 28 22 56 MIN    41
2021 03 01 04 32 MAX   537
2021 03 01 11 04 MIN    -8
2021 03 01 16 58 MAX   583
2021 03 01 23 32 MIN    26
2021 03 02 05 11 MAX   551
2021 03 02 11 44 MIN     0
2021 03 02 17 34 MAX   573
2021 03 03 00 08 MIN    22
2021 03 03 05 52 MAX   553
2021 03 03 12 24 MIN    24
2021 03 03 18 11 MAX   551
2021 03 04 00 44 MIN    29
2021 03 04 06 35 MAX   542
2021 03 04 13 06 MIN    64
2021 03 04 18 49 MAX   515
2021 03 05 01 22 MIN    49
2021 03 05 07 24 MAX   517
2021 03 05 13 53 MIN   116
2021 03 05 19 32 MAX   469
2021 03 06 02 06 MIN    79
2021 03 06 08 21 MAX   482
2021 03 06 14 52 MIN   173
2021 03 06 20 25 MAX   418
2021 03 07 03 03 MIN   116
2021 03 07 09 38 MAX   448
2021 03 07 16 19 MIN   216
2021 03 07 21 41 MAX   374
2021 03 08 04 28 MIN   144
2021 03 08 11 23 MAX   437
2021 03 08 18 15 MIN   219
2021 03 08 23 31 MAX   361
2021 03 09 06 11 MIN   142
2021 03 09 12 58 MAX   459
2021 03 09 19 40 MIN   186
2021 03 10 01 03 MAX   389
2021 03 10 07 32 MIN   112
2021 03 10 14 00 MAX   492
2021 03 10 20 34 MIN   145
2021 03 11 02 03 MAX   430
2021 03 11 08 29 MIN    78
2021 03 11 14 44 MAX   520
2021 03 11 21 15 MIN   111
2021 03 12 02 47 MAX   469
2021 03 12 09 14 MIN    52
2021 03 12 15 19 MAX   538
2021 03 12 21 50 MIN    85
2021 03 13 03 24 MAX   499
2021 03 13 09 52 MIN    36
2021 03 13 15 51 MAX   547
2021 03 13 22 21 MIN    68
2021 03 14 03 58 MAX   519
2021 03 14 10 26 MIN    32
2021 03 14 16 20 MAX   548
2021 03 14 22 49 MIN    58
2021 03 15 04 30 MAX   530
2021 03 15 10 56 MIN    38
2021 03 15 16 47 MAX   542
2021 03 15 23 15 MIN    55
2021 03 16 05 00 MAX   533
2021 03 16 11 25 MIN    51
2021 03 16 17 13 MAX   530
2021 03 16 23 39 MIN    57
2021 03 17 05 31 MAX   530
2021 03 17 11 53 MIN    72
2021 03 17 17 40 MAX   512
2021 03 18 00 03 MIN    64
2021 03 18 06 01 MAX   519
2021 03 18 12 22 MIN    99
2021 03 18 18 06 MAX   488
2021 03 19 00 28 MIN    77
2021 03 19 06 33 MAX   502
2021 03 19 12 52 MIN   133
2021 03 19 18 33 MAX   460
2021 03 20 00 56 MIN    96
2021 03 20 07 08 MAX   478
2021 03 20 13 26 MIN   171
2021 03 20 19 03 MAX   427
2021 03 21 01 29 MIN   122
2021 03 21 07 51 MAX   449
2021 03 21 14 10 MIN   211
2021 03 21 19 41 MAX   390
2021 03 22 02 14 MIN   153
2021 03 22 08 52 MAX   419
2021 03 22 15 21 MIN   246
2021 03 22 20 43 MAX   355
2021 03 23 03 26 MIN   181
2021 03 23 10 31 MAX   404
2021 03 23 17 21 MIN   252
2021 03 23 22 41 MAX   339
2021 03 24 05 14 MIN   184
2021 03 24 12 14 MAX   424
2021 03 24 18 59 MIN   218
2021 03 25 00 26 MAX   367
2021 03 25 06 46 MIN   153
2021 03 25 13 17 MAX   463
2021 03 25 19 54 MIN   169
2021 03 26 01 28 MAX   415
2021 03 26 07 49 MIN   107
2021 03 26 14 03 MAX   504
2021 03 26 20 36 MIN   119
2021 03 27 02 13 MAX   467
2021 03 27 08 38 MIN    62
2021 03 27 14 42 MAX   540
2021 03 27 21 15 MIN    74
2021 03 28 02 54 MAX   514
2021 03 28 09 23 MIN    25
2021 03 28 15 18 MAX   567
2021 03 28 21 52 MIN    36
2021 03 29 03 33 MAX   554
2021 03 29 10 05 MIN     2
2021 03 29 15 55 MAX   580
2021 03 29 22 28 MIN     9
2021 03 30 04 13 MAX   582
2021 03 30 10 47 MIN    -5
2021 03 30 16 31 MAX   580
2021 03 30 23 04 MIN    -6
2021 03 31 04 53 MAX   596
2021 03 31 11 28 MIN     7
2021 03 31 17 09 MAX   565
2021 03 31 23 41 MIN    -7
2021 04 01 05 36 MAX   594
2021 04 01 12 10 MIN    36
2021 04 01 17 47 MAX   537
2021 04 02 00 18 MIN     8
2021 04 02 06 20 MAX   575
2021 04 02 12 54 MIN    80
2021 04 02 18 27 MAX   498
2021 04 03 00 57 MIN    37
2021 04 03 07 09 MAX   542
2021 04 03 13 42 MIN   134
2021 04 03 19 11 MAX   451
2021 04 04 01 41 MIN    79
2021 04 04 08 07 MAX   498
2021 04 04 14 43 MIN   187
2021 04 04 20 06 MAX   403
2021 04 05 02 40 MIN   126
2021 04 05 09 24 MAX   458
2021 04 05 16 14 MIN   223
2021 04 05 21 29 MAX   365
2021 04 06 04 10 MIN   163
2021 04 06 11 08 MAX   441
2021 04 06 18 04 MIN   217
2021 04 06 23 26 MAX   363
2021 04 07 05 58 MIN   163
2021 04 07 12 39 MAX   456
2021 04 07 19 19 MIN   182
2021 04 08 00 53 MAX   400
2021 04 08 07 17 MIN   136
2021 04 08 13 37 MAX   481
2021 04 08 20 08 MIN   143
2021 04 09 01 48 MAX   445
2021 04 09 08 12 MIN   105
2021 04 09 14 18 MAX   503
2021 04 09 20 47 MIN   108
2021 04 10 02 29 MAX   485
2021 04 10 08 54 MIN    81
2021 04 10 14 51 MAX   518
2021 04 10 21 19 MIN    82
2021 04 11 03 04 MAX   515
2021 04 11 09 30 MIN    66
2021 04 11 15 21 MAX   526
2021 04 11 21 48 MIN    65
2021 04 12 03 36 MAX   536
2021 04 12 10 03 MIN    62
2021 04 12 15 48 MAX   527
2021 04 12 22 15 MIN    54
2021 04 13 04 06 MAX   547
2021 04 13 10 33 MIN    65
2021 04 13 16 15 MAX   522
2021 04 13 22 39 MIN    50
2021 04 14 04 35 MAX   552
2021 04 14 11 01 MIN    74
2021 04 14 16 41 MAX   511
2021 04 14 23 04 MIN    51
2021 04 15 05 04 MAX   550
2021 04 15 11 30 MIN    90
2021 04 15 17 08 MAX   497
2021 04 15 23 29 MIN    56
2021 04 16 05 34 MAX   543
2021 04 16 11 59 MIN   112
2021 04 16 17 35 MAX   479
2021 04 16 23 55 MIN    68
2021 04 17 06 06 MAX   529
2021 04 17 12 31 MIN   139
2021 04 17 18 03 MAX   457
2021 04 18 00 24 MIN    86
2021 04 18 06 41 MAX   508
2021 04 18 13 06 MIN   171
2021 04 18 18 36 MAX   431
2021 04 19 00 58 MIN   111
2021 04 19 07 22 MAX   481
2021 04 19 13 50 MIN   204
2021 04 19 19 17 MAX   401
2021 04 20 01 42 MIN   143
2021 04 20 08 19 MAX   451
2021 04 20 14 54 MIN   231
2021 04 20 20 19 MAX   371
2021 04 21 02 49 MIN   174
2021 04 21 09 40 MAX   430
2021 04 21 16 32 MIN   237
2021 04 21 22 01 MAX   359
2021 04 22 04 30 MIN   187
2021 04 22 11 16 MAX   436
2021 04 22 18 07 MIN   207
2021 04 22 23 45 MAX   385
2021 04 23 06 07 MIN   164
2021 04 23 12 29 MAX   466
2021 04 23 19 09 MIN   159
2021 04 24 00 53 MAX   437
2021 04 24 07 16 MIN   122
2021 04 24 13 21 MAX   502
2021 04 24 19 56 MIN   106
2021 04 25 01 43 MAX   493
2021 04 25 08 11 MIN    78
2021 04 25 14 05 MAX   535
2021 04 25 20 38 MIN    58
2021 04 26 02 28 MAX   546
2021 04 26 08 59 MIN    44
2021 04 26 14 45 MAX   557
2021 04 26 21 18 MIN    20
2021 04 27 03 10 MAX   587
2021 04 27 09 44 MIN    23
2021 04 27 15 25 MAX   565
2021 04 27 21 57 MIN    -6
2021 04 28 03 52 MAX   614
2021 04 28 10 29 MIN    20
2021 04 28 16 05 MAX   560
2021 04 28 22 36 MIN   -17
2021 04 29 04 35 MAX   624
2021 04 29 11 13 MIN    34
2021 04 29 16 45 MAX   543
2021 04 29 23 16 MIN   -12
2021 04 30 05 21 MAX   617
2021 04 30 11 58 MIN    63
2021 04 30 17 27 MAX   515
2021 04 30 23 56 MIN     8
2021 05 01 06 08 MAX   594
2021 05 01 12 45 MIN   102
2021 05 01 18 11 MAX   481
2021 05 02 00 39 MIN    42
2021 05 02 06 58 MAX   559
2021 05 02 13 36 MIN   146
2021 05 02 19 00 MAX   443
2021 05 03 01 26 MIN    86
2021 05 03 07 55 MAX   516
2021 05 03 14 38 MIN   186
2021 05 03 19 59 MAX   407
2021 05 04 02 26 MIN   133
2021 05 04 09 06 MAX   477
2021 05 04 15 56 MIN   209
2021 05 04 21 20 MAX   383
2021 05 05 03 48 MIN   170
2021 05 05 10 31 MAX   454
2021 05 05 17 24 MIN   205
2021 05 05 22 59 MAX   386
2021 05 06 05 25 MIN   180
2021 05 06 11 52 MAX   453
2021 05 06 18 34 MIN   180
2021 05 07 00 21 MAX   417
2021 05 07 06 44 MIN   165
2021 05 07 12 52 MAX   465
2021 05 07 19 26 MIN   148
2021 05 08 01 18 MAX   456
2021 05 08 07 41 MIN   143
2021 05 08 13 37 MAX   479
2021 05 08 20 06 MIN   118
2021 05 09 02 02 MAX   492
2021 05 09 08 26 MIN   123
2021 05 09 14 14 MAX   491
2021 05 09 20 40 MIN    93
2021 05 10 02 38 MAX   521
2021 05 10 09 03 MIN   109
2021 05 10 14 46 MAX   498
2021 05 10 21 11 MIN    76
2021 05 11 03 10 MAX   541
2021 05 11 09 37 MIN   101
2021 05 11 15 16 MAX   500
2021 05 11 21 38 MIN    64
2021 05 12 03 42 MAX   554
2021 05 12 10 09 MIN   100
2021 05 12 15 45 MAX   497
2021 05 12 22 06 MIN    58
2021 05 13 04 12 MAX   561
2021 05 13 10 40 MIN   104
2021 05 13 16 14 MAX   491
2021 05 13 22 33 MIN    57
2021 05 14 04 42 MAX   562
2021 05 14 11 11 MIN   114
2021 05 14 16 42 MAX   482
2021 05 14 23 02 MIN    60
2021 05 15 05 14 MAX   558
2021 05 15 11 43 MIN   129
2021 05 15 17 13 MAX   471
2021 05 15 23 32 MIN    69
2021 05 16 05 47 MAX   548
2021 05 16 12 17 MIN   148
2021 05 16 17 45 MAX   457
2021 05 17 00 05 MIN    84
2021 05 17 06 24 MAX   532
2021 05 17 12 55 MIN   169
2021 05 17 18 22 MAX   440
2021 05 18 00 42 MIN   106
2021 05 18 07 06 MAX   511
2021 05 18 13 40 MIN   190
2021 05 18 19 08 MAX   421
2021 05 19 01 29 MIN   134
2021 05 19 07 58 MAX   487
2021 05 19 14 38 MIN   206
2021 05 19 20 09 MAX   402
2021 05 20 02 31 MIN   162
2021 05 20 09 04 MAX   467
2021 05 20 15 53 MIN   206
2021 05 20 21 32 MAX   397
2021 05 21 03 55 MIN   177
2021 05 21 10 22 MAX   463
2021 05 21 17 11 MIN   184
2021 05 21 23 01 MAX   419
2021 05 22 05 24 MIN   168
2021 05 22 11 35 MAX   475
2021 05 22 18 17 MIN   145
2021 05 23 00 13 MAX   464
2021 05 23 06 39 MIN   141
2021 05 23 12 35 MAX   497
2021 05 23 19 11 MIN    99
2021 05 24 01 10 MAX   516
2021 05 24 07 41 MIN   107
2021 05 24 13 26 MAX   519
2021 05 24 19 59 MIN    56
2021 05 25 02 00 MAX   565
2021 05 25 08 35 MIN    80
2021 05 25 14 13 MAX   534
2021 05 25 20 45 MIN    22
2021 05 26 02 48 MAX   603
2021 05 26 09 25 MIN    64
2021 05 26 14 58 MAX   538
2021 05 26 21 29 MIN     1
2021 05 27 03 35 MAX   626
2021 05 27 10 14 MIN    61
2021 05 27 15 43 MAX   533
2021 05 27 22 13 MIN    -6
2021 05 28 04 22 MAX   632
2021 05 28 11 02 MIN    71
2021 05 28 16 28 MAX   520
2021 05 28 22 57 MIN     1
2021 05 29 05 09 MAX   624
2021 05 29 11 49 MIN    90
2021 05 29 17 14 MAX   501
2021 05 29 23 41 MIN    21
2021 05 30 05 58 MAX   603
2021 05 30 12 38 MIN   116
2021 05 30 18 02 MAX   480
2021 05 31 00 27 MIN    51
2021 05 31 06 48 MAX   573
2021 05 31 13 28 MIN   144
2021 05 31 18 53 MAX   457
2021 06 01 01 16 MIN    89
2021 06 01 07 40 MAX   538
2021 06 01 14 22 MIN   168
2021 06 01 19 49 MAX   435
2021 06 02 02 11 MIN   131
2021 06 02 08 37 MAX   502
2021 06 02 15 21 MIN   185
2021 06 02 20 56 MAX   419
2021 06 03 03 16 MIN   170
2021 06 03 09 40 MAX   472
2021 06 03 16 27 MIN   190
2021 06 03 22 14 MAX   415
2021 06 04 04 34 MIN   194
2021 06 04 10 48 MAX   454
2021 06 04 17 32 MIN   181
2021 06 04 23 32 MAX   430
2021 06 05 05 52 MIN   200
2021 06 05 11 52 MAX   448
2021 06 05 18 30 MIN   161
2021 06 06 00 37 MAX   457
2021 06 06 06 59 MIN   190
2021 06 06 12 47 MAX   452
2021 06 06 19 17 MIN   139
2021 06 07 01 28 MAX   487
2021 06 07 07 51 MIN   174
2021 06 07 13 32 MAX   460
2021 06 07 19 57 MIN   117
2021 06 08 02 09 MAX   514
2021 06 08 08 35 MIN   158
2021 06 08 14 11 MAX   467
2021 06 08 20 33 MIN    99
2021 06 09 02 46 MAX   536
2021 06 09 09 12 MIN   145
2021 06 09 14 46 MAX   473
2021 06 09 21 05 MIN    85
2021 06 10 03 19 MAX   552
2021 06 10 09 48 MIN   137
2021 06 10 15 19 MAX   476
2021 06 10 21 37 MIN    75
2021 06 11 03 52 MAX   563
2021 06 11 10 22 MIN   135
2021 06 11 15 51 MAX   476
2021 06 11 22 10 MIN    69
2021 06 12 04 26 MAX   568
2021 06 12 10 57 MIN   137
2021 06 12 16 24 MAX   476
2021 06 12 22 43 MIN    67
2021 06 13 04 59 MAX   569
2021 06 13 11 32 MIN   142
2021 06 13 16 58 MAX   473
2021 06 13 23 18 MIN    71
2021 06 14 05 35 MAX   564
2021 06 14 12 08 MIN   150
2021 06 14 17 34 MAX   469
2021 06 14 23 56 MIN    81
2021 06 15 06 12 MAX   555
2021 06 15 12 47 MIN   158
2021 06 15 18 15 MAX   463
2021 06 16 00 36 MIN    98
2021 06 16 06 53 MAX   541
2021 06 16 13 30 MIN   166
2021 06 16 19 01 MAX   454
2021 06 17 01 22 MIN   120
2021 06 17 07 40 MAX   524
2021 06 17 14 19 MIN   171
2021 06 17 19 56 MAX   445
2021 06 18 02 17 MIN   145
2021 06 18 08 33 MAX   505
2021 06 18 15 17 MIN   169
2021 06 18 21 04 MAX   443
2021 06 19 03 25 MIN   166
2021 06 19 09 36 MAX   489
2021 06 19 16 21 MIN   157
2021 06 19 22 20 MAX   456
2021 06 20 04 44 MIN   176
2021 06 20 10 44 MAX   482
2021 06 20 17 27 MIN   133
2021 06 20 23 35 MAX   485
2021 06 21 06 03 MIN   168
2021 06 21 11 51 MAX   484
2021 06 21 18 29 MIN   102
2021 06 22 00 41 MAX   525
2021 06 22 07 14 MIN   149
2021 06 22 12 52 MAX   492
2021 06 22 19 26 MIN    71
2021 06 23 01 40 MAX   565
2021 06 23 08 17 MIN   128
2021 06 23 13 47 MAX   501
2021 06 23 20 18 MIN    44
2021 06 24 02 33 MAX   598
2021 06 24 09 13 MIN   112
2021 06 24 14 39 MAX   507
2021 06 24 21 09 MIN    25
2021 06 25 03 24 MAX   618
2021 06 25 10 05 MIN   102
2021 06 25 15 29 MAX   510
2021 06 25 21 59 MIN    17
2021 06 26 04 14 MAX   626
2021 06 26 10 55 MIN   101
2021 06 26 16 17 MAX   509
2021 06 26 22 46 MIN    19
2021 06 27 05 02 MAX   623
2021 06 27 11 42 MIN   106
2021 06 27 17 05 MAX   505
2021 06 27 23 32 MIN    32
2021 06 28 05 48 MAX   609
2021 06 28 12 27 MIN   116
2021 06 28 17 52 MAX   499
2021 06 29 00 17 MIN    55
2021 06 29 06 32 MAX   587
2021 06 29 13 10 MIN   129
2021 06 29 18 39 MAX   488
2021 06 30 01 02 MIN    87
2021 06 30 07 15 MAX   558
2021 06 30 13 52 MIN   144
2021 06 30 19 28 MAX   474
2021 07 01 01 47 MIN   125
2021 07 01 07 58 MAX   525
2021 07 01 14 37 MIN   159
2021 07 01 20 21 MAX   457
2021 07 02 02 36 MIN   166
2021 07 02 08 45 MAX   490
2021 07 02 15 25 MIN   172
2021 07 02 21 22 MAX   443
2021 07 03 03 35 MIN   204
2021 07 03 09 39 MAX   458
2021 07 03 16 21 MIN   180
2021 07 03 22 33 MAX   438
2021 07 04 04 46 MIN   229
2021 07 04 10 42 MAX   435
2021 07 04 17 22 MIN   178
2021 07 04 23 47 MAX   448
2021 07 05 06 06 MIN   235
2021 07 05 11 49 MAX   425
2021 07 05 18 21 MIN   166
2021 07 06 00 51 MAX   471
2021 07 06 07 14 MIN   223
2021 07 06 12 48 MAX   427
2021 07 06 19 13 MIN   148
2021 07 07 01 42 MAX   498
2021 07 07 08 08 MIN   204
2021 07 07 13 38 MAX   437
2021 07 07 19 57 MIN   128
2021 07 08 02 24 MAX   523
2021 07 08 08 52 MIN   184
2021 07 08 14 21 MAX   450
2021 07 08 20 38 MIN   108
2021 07 09 03 03 MAX   545
2021 07 09 09 31 MIN   167
2021 07 09 14 59 MAX   462
2021 07 09 21 17 MIN    90
2021 07 10 03 38 MAX   562
2021 07 10 10 09 MIN   154
2021 07 10 15 36 MAX   474
2021 07 10 21 55 MIN    77
2021 07 11 04 13 MAX   574
2021 07 11 10 45 MIN   145
2021 07 11 16 11 MAX   483
2021 07 11 22 32 MIN    68
2021 07 12 04 47 MAX   580
2021 07 12 11 22 MIN   139
2021 07 12 16 47 MAX   490
2021 07 12 23 11 MIN    65
2021 07 13 05 23 MAX   583
2021 07 13 11 58 MIN   135
2021 07 13 17 24 MAX   495
2021 07 13 23 49 MIN    70
2021 07 14 05 58 MAX   579
2021 07 14 12 35 MIN   133
2021 07 14 18 04 MAX   498
2021 07 15 00 29 MIN    82
2021 07 15 06 36 MAX   569
2021 07 15 13 13 MIN   132
2021 07 15 18 48 MAX   496
2021 07 16 01 12 MIN   103
2021 07 16 07 17 MAX   553
2021 07 16 13 55 MIN   133
2021 07 16 19 38 MAX   491
2021 07 17 02 00 MIN   132
2021 07 17 08 03 MAX   529
2021 07 17 14 42 MIN   135
2021 07 17 20 36 MAX   484
2021 07 18 02 58 MIN   164
2021 07 18 08 56 MAX   500
2021 07 18 15 38 MIN   136
2021 07 18 21 46 MAX   481
2021 07 19 04 10 MIN   192
2021 07 19 10 00 MAX   473
2021 07 19 16 43 MIN   133
2021 07 19 23 04 MAX   491
2021 07 20 05 35 MIN   204
2021 07 20 11 14 MAX   456
2021 07 20 17 55 MIN   120
2021 07 21 00 22 MAX   516
2021 07 21 07 00 MIN   195
2021 07 21 12 27 MAX   456
2021 07 21 19 03 MIN    98
2021 07 22 01 31 MAX   549
2021 07 22 08 11 MIN   171
2021 07 22 13 34 MAX   468
2021 07 22 20 06 MIN    73
2021 07 23 02 29 MAX   581
2021 07 23 09 10 MIN   146
2021 07 23 14 31 MAX   485
2021 07 23 21 01 MIN    51
2021 07 24 03 21 MAX   604
2021 07 24 10 01 MIN   125
2021 07 24 15 23 MAX   503
2021 07 24 21 53 MIN    36
2021 07 25 04 08 MAX   617
2021 07 25 10 46 MIN   110
2021 07 25 16 10 MAX   517
2021 07 25 22 39 MIN    31
2021 07 26 04 51 MAX   618
2021 07 26 11 28 MIN   103
2021 07 26 16 54 MAX   526
2021 07 26 23 22 MIN    38
2021 07 27 05 30 MAX   609
2021 07 27 12 06 MIN   103
2021 07 27 17 36 MAX   527
2021 07 28 00 02 MIN    56
2021 07 28 06 07 MAX   592
2021 07 28 12 41 MIN   109
2021 07 28 18 17 MAX   521
2021 07 29 00 39 MIN    85
2021 07 29 06 42 MAX   567
2021 07 29 13 16 MIN   120
2021 07 29 18 58 MAX   508
2021 07 30 01 16 MIN   122
2021 07 30 07 16 MAX   535
2021 07 30 13 49 MIN   135
2021 07 30 19 41 MAX   488
2021 07 31 01 54 MIN   164
2021 07 31 07 52 MAX   499
2021 07 31 14 26 MIN   154
2021 07 31 20 30 MAX   466
2021 08 01 02 39 MIN   207
2021 08 01 08 33 MAX   460
2021 08 01 15 09 MIN   174
2021 08 01 21 30 MAX   446
2021 08 02 03 39 MIN   246
2021 08 02 09 27 MAX   424
2021 08 02 16 06 MIN   189
2021 08 02 22 48 MAX   438
2021 08 03 05 03 MIN   268
2021 08 03 10 41 MAX   398
2021 08 03 17 18 MIN   193
2021 08 04 00 11 MAX   450
2021 08 04 06 38 MIN   262
2021 08 04 12 05 MAX   395
2021 08 04 18 29 MIN   180
2021 08 05 01 17 MAX   477
2021 08 05 07 47 MIN   237
2021 08 05 13 12 MAX   410
2021 08 05 19 28 MIN   155
2021 08 06 02 06 MAX   508
2021 08 06 08 36 MIN   207
2021 08 06 14 02 MAX   434
2021 08 06 20 17 MIN   126
2021 08 07 02 47 MAX   537
2021 08 07 09 16 MIN   179
2021 08 07 14 43 MAX   460
2021 08 07 21 01 MIN    98
2021 08 08 03 23 MAX   561
2021 08 08 09 53 MIN   154
2021 08 08 15 21 MAX   483
2021 08 08 21 42 MIN    75
2021 08 09 03 57 MAX   580
2021 08 09 10 29 MIN   132
2021 08 09 15 57 MAX   504
2021 08 09 22 22 MIN    58
2021 08 10 04 30 MAX   592
2021 08 10 11 04 MIN   115
2021 08 10 16 33 MAX   521
2021 08 10 23 00 MIN    50
2021 08 11 05 03 MAX   597
2021 08 11 11 39 MIN   102
2021 08 11 17 10 MAX   533
2021 08 11 23 39 MIN    52
2021 08 12 05 37 MAX   595
2021 08 12 12 13 MIN    93
2021 08 12 17 49 MAX   539
2021 08 13 00 18 MIN    66
2021 08 13 06 13 MAX   583
2021 08 13 12 48 MIN    91
2021 08 13 18 31 MAX   538
2021 08 14 00 58 MIN    92
2021 08 14 06 50 MAX   561
2021 08 14 13 26 MIN    96
2021 08 14 19 17 MAX   529
2021 08 15 01 43 MIN   129
2021 08 15 07 32 MAX   528
2021 08 15 14 09 MIN   108
2021 08 15 20 11 MAX   511
2021 08 16 02 36 MIN   174
2021 08 16 08 20 MAX   487
2021 08 16 15 00 MIN   127
2021 08 16 21 19 MAX   491
2021 08 17 03 47 MIN   217
2021 08 17 09 23 MAX   445
2021 08 17 16 08 MIN   144
2021 08 17 22 45 MAX   482
2021 08 18 05 25 MIN   237
2021 08 18 10 50 MAX   418
2021 08 18 17 34 MIN   146
2021 08 19 00 19 MAX   498
2021 08 19 07 03 MIN   222
2021 08 19 12 22 MAX   422
2021 08 19 18 57 MIN   126
2021 08 20 01 34 MAX   531
2021 08 20 08 14 MIN   186
2021 08 20 13 35 MAX   449
2021 08 20 20 05 MIN    95
2021 08 21 02 30 MAX   565
2021 08 21 09 07 MIN   150
2021 08 21 14 31 MAX   483
2021 08 21 21 00 MIN    65
2021 08 22 03 16 MAX   590
2021 08 22 09 51 MIN   120
2021 08 22 15 18 MAX   514
2021 08 22 21 46 MIN    44
2021 08 23 03 55 MAX   603
2021 08 23 10 30 MIN    99
2021 08 23 15 59 MAX   537
2021 08 23 22 28 MIN    37
2021 08 24 04 31 MAX   605
2021 08 24 11 05 MIN    87
2021 08 24 16 37 MAX   550
2021 08 24 23 06 MIN    43
2021 08 25 05 03 MAX   597
2021 08 25 11 37 MIN    84
2021 08 25 17 14 MAX   553
2021 08 25 23 40 MIN    61
2021 08 26 05 34 MAX   581
2021 08 26 12 06 MIN    88
2021 08 26 17 49 MAX   547
2021 08 27 00 12 MIN    88
2021 08 27 06 04 MAX   557
2021 08 27 12 34 MIN    98
2021 08 27 18 24 MAX   533
2021 08 28 00 43 MIN   122
2021 08 28 06 33 MAX   528
2021 08 28 13 01 MIN   114
2021 08 28 19 00 MAX   512
2021 08 29 01 16 MIN   162
2021 08 29 07 03 MAX   493
2021 08 29 13 31 MIN   135
2021 08 29 19 41 MAX   485
2021 08 30 01 53 MIN   205
2021 08 30 07 36 MAX   454
2021 08 30 14 06 MIN   161
2021 08 30 20 30 MAX   456
2021 08 31 02 42 MIN   247
2021 08 31 08 18 MAX   413
2021 08 31 14 54 MIN   189
2021 08 31 21 42 MAX   433
2021 09 01 04 01 MIN   279
2021 09 01 09 27 MAX   378
2021 09 01 16 09 MIN   209
2021 09 01 23 23 MAX   431
2021 09 02 06 00 MIN   280
2021 09 02 11 20 MAX   367
2021 09 02 17 45 MIN   204
2021 09 03 00 48 MAX   456
2021 09 03 07 25 MIN   248
2021 09 03 12 49 MAX   390
2021 09 03 19 02 MIN   176
2021 09 04 01 43 MAX   492
2021 09 04 08 14 MIN   208
2021 09 04 13 44 MAX   427
2021 09 04 19 58 MIN   137
2021 09 05 02 23 MAX   526
2021 09 05 08 53 MIN   169
2021 09 05 14 25 MAX   466
2021 09 05 20 44 MIN    99
2021 09 06 02 58 MAX   556
2021 09 06 09 29 MIN   133
2021 09 06 15 02 MAX   502
2021 09 06 21 26 MIN    67
2021 09 07 03 31 MAX   579
2021 09 07 10 03 MIN   101
2021 09 07 15 38 MAX   533
2021 09 07 22 05 MIN    45
2021 09 08 04 04 MAX   594
2021 09 08 10 37 MIN    76
2021 09 08 16 14 MAX   557
2021 09 08 22 44 MIN    35
2021 09 09 04 37 MAX   599
2021 09 09 11 11 MIN    58
2021 09 09 16 51 MAX   574
2021 09 09 23 23 MIN    38
2021 09 10 05 11 MAX   592
2021 09 10 11 45 MIN    50
2021 09 10 17 30 MAX   580
2021 09 11 00 02 MIN    57
2021 09 11 05 46 MAX   574
2021 09 11 12 20 MIN    52
2021 09 11 18 11 MAX   573
2021 09 12 00 43 MIN    90
2021 09 12 06 23 MAX   544
2021 09 12 12 57 MIN    66
2021 09 12 18 57 MAX   554
2021 09 13 01 28 MIN   136
2021 09 13 07 04 MAX   503
2021 09 13 13 38 MIN    92
2021 09 13 19 51 MAX   523
2021 09 14 02 22 MIN   188
2021 09 14 07 53 MAX   455
2021 09 14 14 30 MIN   127
2021 09 14 21 01 MAX   488
2021 09 15 03 40 MIN   233
2021 09 15 09 02 MAX   408
2021 09 15 15 46 MIN   159
2021 09 15 22 39 MAX   469
2021 09 16 05 32 MIN   245
2021 09 16 10 47 MAX   386
2021 09 16 17 29 MIN   167
2021 09 17 00 22 MAX   485
2021 09 17 07 07 MIN   215
2021 09 17 12 30 MAX   408
2021 09 17 18 58 MIN   140
2021 09 18 01 32 MAX   518
2021 09 18 08 07 MIN   171
2021 09 18 13 38 MAX   451
2021 09 18 20 03 MIN   103
2021 09 19 02 20 MAX   548
2021 09 19 08 52 MIN   131
2021 09 19 14 26 MAX   495
2021 09 19 20 52 MIN    72
2021 09 20 02 58 MAX   569
2021 09 20 09 29 MIN    99
2021 09 20 15 06 MAX   530
2021 09 20 21 34 MIN    53
2021 09 21 03 32 MAX   578
2021 09 21 10 03 MIN    78
2021 09 21 15 42 MAX   554
2021 09 21 22 10 MIN    48
2021 09 22 04 03 MAX   577
2021 09 22 10 33 MIN    67
2021 09 22 16 15 MAX   566
2021 09 22 22 44 MIN    55
2021 09 23 04 31 MAX   568
2021 09 23 11 01 MIN    64
2021 09 23 16 48 MAX   567
2021 09 23 23 14 MIN    72
2021 09 24 04 59 MAX   552
2021 09 24 11 27 MIN    69
2021 09 24 17 19 MAX   561
2021 09 24 23 44 MIN    96
2021 09 25 05 26 MAX   531
2021 09 25 11 51 MIN    79
2021 09 25 17 51 MAX   547
2021 09 26 00 14 MIN   125
2021 09 26 05 54 MAX   505
2021 09 26 12 16 MIN    94
2021 09 26 18 23 MAX   527
2021 09 27 00 44 MIN   159
2021 09 27 06 21 MAX   474
2021 09 27 12 43 MIN   116
2021 09 27 18 59 MAX   501
2021 09 28 01 18 MIN   197
2021 09 28 06 52 MAX   440
2021 09 28 13 16 MIN   144
2021 09 28 19 42 MAX   470
2021 09 29 02 02 MIN   236
2021 09 29 07 29 MAX   403
2021 09 29 13 59 MIN   176
2021 09 29 20 42 MAX   439
2021 09 30 03 12 MIN   269
2021 09 30 08 30 MAX   367
2021 09 30 15 08 MIN   207
2021 09 30 22 20 MAX   422
2021 10 01 05 12 MIN   274
2021 10 01 10 31 MAX   351
2021 10 01 16 56 MIN   214
2021 10 02 00 03 MAX   438
2021 10 02 06 47 MIN   240
2021 10 02 12 17 MAX   379
2021 10 02 18 30 MIN   185
2021 10 03 01 05 MAX   473
2021 10 03 07 39 MIN   194
2021 10 03 13 17 MAX   426
2021 10 03 19 32 MIN   142
2021 10 04 01 48 MAX   509
2021 10 04 08 18 MIN   146
2021 10 04 13 59 MAX   476
2021 10 04 20 20 MIN    98
2021 10 05 02 24 MAX   542
2021 10 05 08 54 MIN   101
2021 10 05 14 37 MAX   522
2021 10 05 21 03 MIN    62
2021 10 06 02 58 MAX   566
2021 10 06 09 29 MIN    63
2021 10 06 15 13 MAX   561
2021 10 06 21 44 MIN    38
2021 10 07 03 32 MAX   580
2021 10 07 10 04 MIN    34
2021 10 07 15 51 MAX   590
2021 10 07 22 24 MIN    29
2021 10 08 04 07 MAX   581
2021 10 08 10 39 MIN    17
2021 10 08 16 29 MAX   606
2021 10 08 23 05 MIN    36
2021 10 09 04 42 MAX   569
2021 10 09 11 15 MIN    12
2021 10 09 17 10 MAX   608
2021 10 09 23 46 MIN    59
2021 10 10 05 20 MAX   545
2021 10 10 11 51 MIN    22
2021 10 10 17 54 MAX   594
2021 10 11 00 30 MIN    96
2021 10 11 06 00 MAX   510
2021 10 11 12 30 MIN    46
2021 10 11 18 42 MAX   565
2021 10 12 01 18 MIN   143
2021 10 12 06 44 MAX   467
2021 10 12 13 15 MIN    83
2021 10 12 19 38 MAX   525
2021 10 13 02 18 MIN   192
2021 10 13 07 38 MAX   421
2021 10 13 14 11 MIN   128
2021 10 13 20 51 MAX   484
2021 10 14 03 42 MIN   227
2021 10 14 08 57 MAX   382
2021 10 14 15 35 MIN   166
2021 10 14 22 31 MAX   463
2021 10 15 05 28 MIN   225
2021 10 15 10 51 MAX   376
2021 10 15 17 22 MIN   172
2021 10 16 00 06 MAX   473
2021 10 16 06 48 MIN   191
2021 10 16 12 25 MAX   411
2021 10 16 18 47 MIN   146
2021 10 17 01 09 MAX   497
2021 10 17 07 41 MIN   149
2021 10 17 13 25 MAX   459
2021 10 17 19 47 MIN   113
2021 10 18 01 54 MAX   518
2021 10 18 08 22 MIN   111
2021 10 18 14 09 MAX   502
2021 10 18 20 33 MIN    87
2021 10 19 02 30 MAX   532
2021 10 19 08 58 MIN    82
2021 10 19 14 46 MAX   535
2021 10 19 21 13 MIN    73
2021 10 20 03 02 MAX   538
2021 10 20 09 29 MIN    63
2021 10 20 15 20 MAX   556
2021 10 20 21 47 MIN    69
2021 10 21 03 31 MAX   536
2021 10 21 09 57 MIN    53
2021 10 21 15 51 MAX   566
2021 10 21 22 19 MIN    75
2021 10 22 03 58 MAX   528
2021 10 22 10 24 MIN    51
2021 10 22 16 22 MAX   568
2021 10 22 22 49 MIN    88
2021 10 23 04 26 MAX   514
2021 10 23 10 48 MIN    55
2021 10 23 16 52 MAX   562
2021 10 23 23 18 MIN   106
2021 10 24 04 53 MAX   497
2021 10 24 11 13 MIN    64
2021 10 24 17 22 MAX   551
2021 10 24 23 48 MIN   128
2021 10 25 05 21 MAX   477
2021 10 25 11 40 MIN    77
2021 10 25 17 53 MAX   535
2021 10 26 00 19 MIN   155
2021 10 26 05 50 MAX   453
2021 10 26 12 08 MIN    97
2021 10 26 18 28 MAX   512
2021 10 27 00 54 MIN   184
2021 10 27 06 21 MAX   427
2021 10 27 12 42 MIN   123
2021 10 27 19 09 MAX   483
2021 10 28 01 37 MIN   215
2021 10 28 07 02 MAX   397
2021 10 28 13 24 MIN   155
2021 10 28 20 02 MAX   453
2021 10 29 02 39 MIN   241
2021 10 29 08 01 MAX   368
2021 10 29 14 27 MIN   187
2021 10 29 21 20 MAX   429
2021 10 30 04 15 MIN   246
2021 10 30 09 42 MAX   354
2021 10 30 16 06 MIN   203
2021 10 30 22 56 MAX   430
2021 10 31 05 48 MIN   219
2021 10 31 11 28 MAX   378
2021 10 31 17 45 MIN   185
2021 11 01 00 09 MAX   454
2021 11 01 06 49 MIN   173
2021 11 01 12 37 MAX   427
2021 11 01 18 55 MIN   146
2021 11 02 01 00 MAX   486
2021 11 02 07 34 MIN   121
2021 11 02 13 25 MAX   482
2021 11 02 19 49 MIN   104
2021 11 03 01 42 MAX   517
2021 11 03 08 14 MIN    73
2021 11 03 14 07 MAX   534
2021 11 03 20 36 MIN    69
2021 11 04 02 21 MAX   539
2021 11 04 08 52 MIN    33
2021 11 04 14 47 MAX   577
2021 11 04 21 20 MIN    46
2021 11 05 02 59 MAX   550
2021 11 05 09 30 MIN     4
2021 11 05 15 28 MAX   607
2021 11 05 22 04 MIN    38
2021 11 06 03 38 MAX   548
2021 11 06 10 09 MIN   -11
2021 11 06 16 10 MAX   620
2021 11 06 22 48 MIN    46
2021 11 07 04 18 MAX   534
2021 11 07 10 48 MIN   -10
2021 11 07 16 54 MAX   617
2021 11 07 23 34 MIN    68
2021 11 08 05 00 MAX   510
2021 11 08 11 29 MIN     5
2021 11 08 17 41 MAX   598
2021 11 09 00 21 MIN   102
2021 11 09 05 44 MAX   479
2021 11 09 12 13 MIN    34
2021 11 09 18 32 MAX   566
2021 11 10 01 13 MIN   140
2021 11 10 06 34 MAX   443
2021 11 10 13 02 MIN    74
2021 11 10 19 29 MAX   526
2021 11 11 02 14 MIN   176
2021 11 11 07 33 MAX   409
2021 11 11 14 01 MIN   118
2021 11 11 20 38 MAX   487
2021 11 12 03 30 MIN   197
2021 11 12 08 51 MAX   384
2021 11 12 15 21 MIN   156
2021 11 12 22 01 MAX   461
2021 11 13 04 54 MIN   194
2021 11 13 10 29 MAX   385
2021 11 13 16 55 MIN   170
2021 11 13 23 23 MAX   456
2021 11 14 06 06 MIN   170
2021 11 14 11 56 MAX   414
2021 11 14 18 16 MIN   159
2021 11 15 00 28 MAX   464
2021 11 15 07 01 MIN   137
2021 11 15 12 57 MAX   453
2021 11 15 19 19 MIN   138
2021 11 16 01 16 MAX   475
2021 11 16 07 45 MIN   106
2021 11 16 13 43 MAX   491
2021 11 16 20 07 MIN   119
2021 11 17 01 55 MAX   484
2021 11 17 08 21 MIN    80
2021 11 17 14 22 MAX   520
2021 11 17 20 48 MIN   106
2021 11 18 02 28 MAX   489
2021 11 18 08 53 MIN    63
2021 11 18 14 56 MAX   539
2021 11 18 21 23 MIN   100
2021 11 19 02 59 MAX   489
2021 11 19 09 22 MIN    53
2021 11 19 15 28 MAX   550
2021 11 19 21 56 MIN   100
2021 11 20 03 29 MAX   485
2021 11 20 09 50 MIN    49
2021 11 20 15 59 MAX   554
2021 11 20 22 27 MIN   106
2021 11 21 03 58 MAX   478
2021 11 21 10 17 MIN    50
2021 11 21 16 29 MAX   553
2021 11 21 22 58 MIN   116
2021 11 22 04 28 MAX   468
2021 11 22 10 46 MIN    55
2021 11 22 17 00 MAX   547
2021 11 22 23 30 MIN   130
2021 11 23 04 57 MAX   456
2021 11 23 11 15 MIN    64
2021 11 23 17 33 MAX   535
2021 11 24 00 02 MIN   147
2021 11 24 05 29 MAX   442
2021 11 24 11 47 MIN    79
2021 11 24 18 08 MAX   518
2021 11 25 00 38 MIN   167
2021 11 25 06 04 MAX   425
2021 11 25 12 23 MIN   100
2021 11 25 18 48 MAX   497
2021 11 26 01 20 MIN   186
2021 11 26 06 47 MAX   406
2021 11 26 13 07 MIN   127
2021 11 26 19 36 MAX   472
2021 11 27 02 14 MIN   200
2021 11 27 07 42 MAX   387
2021 11 27 14 03 MIN   156
2021 11 27 20 35 MAX   450
2021 11 28 03 23 MIN   203
2021 11 28 08 59 MAX   377
2021 11 28 15 21 MIN   177
2021 11 28 21 49 MAX   438
2021 11 29 04 41 MIN   186
2021 11 29 10 30 MAX   390
2021 11 29 16 51 MIN   176
2021 11 29 23 04 MAX   444
2021 11 30 05 49 MIN   150
2021 11 30 11 47 MAX   429
2021 11 30 18 10 MIN   154
2021 12 01 00 07 MAX   462
2021 12 01 06 44 MIN   105
2021 12 01 12 46 MAX   480
2021 12 01 19 14 MIN   122
2021 12 02 00 59 MAX   483
2021 12 02 07 32 MIN    61
2021 12 02 13 37 MAX   530
2021 12 02 20 09 MIN    92
2021 12 03 01 46 MAX   501
2021 12 03 08 17 MIN    23
2021 12 03 14 24 MAX   572
2021 12 03 21 00 MIN    71
2021 12 04 02 31 MAX   510
2021 12 04 09 02 MIN    -4
2021 12 04 15 10 MAX   600
2021 12 04 21 49 MIN    62
2021 12 05 03 16 MAX   510
2021 12 05 09 46 MIN   -17
2021 12 05 15 56 MAX   613
2021 12 05 22 37 MIN    65
2021 12 06 04 01 MAX   501
2021 12 06 10 31 MIN   -16
2021 12 06 16 44 MAX   610
2021 12 06 23 26 MIN    78
2021 12 07 04 48 MAX   487
2021 12 07 11 17 MIN    -3
2021 12 07 17 34 MAX   593
2021 12 08 00 15 MIN    98
2021 12 08 05 36 MAX   468
2021 12 08 12 04 MIN    22
2021 12 08 18 24 MAX   567
2021 12 09 01 05 MIN   121
2021 12 09 06 27 MAX   447
2021 12 09 12 54 MIN    56
2021 12 09 19 16 MAX   534
2021 12 10 01 58 MIN   143
2021 12 10 07 24 MAX   426
2021 12 10 13 49 MIN    97
2021 12 10 20 12 MAX   497
2021 12 11 02 56 MIN   159
2021 12 11 08 28 MAX   408
2021 12 11 14 52 MIN   137
2021 12 11 21 13 MAX   464
2021 12 12 04 00 MIN   165
2021 12 12 09 44 MAX   400
2021 12 12 16 06 MIN   167
2021 12 12 22 20 MAX   439
2021 12 13 05 06 MIN   159
2021 12 13 11 06 MAX   409
2021 12 13 17 26 MIN   181
2021 12 13 23 28 MAX   427
2021 12 14 06 07 MIN   142
2021 12 14 12 17 MAX   433
2021 12 14 18 39 MIN   176
2021 12 15 00 27 MAX   427
2021 12 15 06 59 MIN   120
2021 12 15 13 13 MAX   462
2021 12 15 19 36 MIN   163
2021 12 16 01 15 MAX   432
2021 12 16 07 42 MIN    99
2021 12 16 13 57 MAX   488
2021 12 16 20 22 MIN   148
2021 12 17 01 56 MAX   439
2021 12 17 08 19 MIN    81
2021 12 17 14 35 MAX   509
2021 12 17 21 02 MIN   135
2021 12 18 02 33 MAX   445
2021 12 18 08 53 MIN    68
2021 12 18 15 09 MAX   525
2021 12 18 21 37 MIN   127
2021 12 19 03 07 MAX   450
2021 12 19 09 25 MIN    58
2021 12 19 15 42 MAX   535
2021 12 19 22 10 MIN   123
2021 12 20 03 39 MAX   452
2021 12 20 09 56 MIN    51
2021 12 20 16 14 MAX   540
2021 12 20 22 44 MIN   123
2021 12 21 04 11 MAX   452
2021 12 21 10 29 MIN    48
2021 12 21 16 47 MAX   541
2021 12 21 23 17 MIN   127
2021 12 22 04 43 MAX   451
2021 12 22 11 02 MIN    51
2021 12 22 17 20 MAX   536
2021 12 22 23 51 MIN   133
2021 12 23 05 17 MAX   447
2021 12 23 11 38 MIN    59
2021 12 23 17 54 MAX   528
2021 12 24 00 26 MIN   140
2021 12 24 05 53 MAX   441
2021 12 24 12 15 MIN    73
2021 12 24 18 31 MAX   514
2021 12 25 01 05 MIN   147
2021 12 25 06 34 MAX   432
2021 12 25 12 56 MIN    94
2021 12 25 19 12 MAX   497
2021 12 26 01 48 MIN   153
2021 12 26 07 23 MAX   422
2021 12 26 13 44 MIN   121
2021 12 26 19 59 MAX   476
2021 12 27 02 40 MIN   154
2021 12 27 08 23 MAX   414
2021 12 27 14 44 MIN   147
2021 12 27 20 55 MAX   455
2021 12 28 03 40 MIN   148
2021 12 28 09 37 MAX   415
2021 12 28 15 59 MIN   166
2021 12 28 22 01 MAX   440
2021 12 29 04 47 MIN   131
2021 12 29 10 57 MAX   434
2021 12 29 17 23 MIN   168
2021 12 29 23 12 MAX   436
2021 12 30 05 54 MIN   103
2021 12 30 12 10 MAX   469
2021 12 30 18 41 MIN   153
2021 12 31 00 19 MAX   443
2021 12 31 06 55 MIN    69
2021 12 31 13 13 MAX   511
2021 12 31 19 49 MIN   129
