<TOPS - 조위예측극치자료>

대상조위관측소 : 여수
위도(WGS84) : N  34도 44분 50초
경도(WGS84) : E 127도 45분 56초
관측기간 : 2022-01-01 00:00:00 ~ 2022-12-31 23:59:00

2021 12 01 00 09 MIN    76
2021 12 01 06 41 MAX   272
2021 12 01 12 38 MIN    83
2021 12 01 18 47 MAX   282
2021 12 02 00 52 MIN    49
2021 12 02 07 29 MAX   304
2021 12 02 13 29 MIN    65
2021 12 02 19 33 MAX   295
2021 12 03 01 34 MIN    25
2021 12 03 08 15 MAX   332
2021 12 03 14 17 MIN    52
2021 12 03 20 19 MAX   303
2021 12 04 02 18 MIN     8
2021 12 04 09 01 MAX   352
2021 12 04 15 04 MIN    45
2021 12 04 21 03 MAX   305
2021 12 05 03 02 MIN    -1
2021 12 05 09 48 MAX   362
2021 12 05 15 51 MIN    47
2021 12 05 21 48 MAX   300
2021 12 06 03 47 MIN     1
2021 12 06 10 35 MAX   360
2021 12 06 16 39 MIN    56
2021 12 06 22 34 MAX   289
2021 12 07 04 33 MIN    13
2021 12 07 11 22 MAX   348
2021 12 07 17 28 MIN    71
2021 12 07 23 21 MAX   272
2021 12 08 05 20 MIN    32
2021 12 08 12 12 MAX   327
2021 12 08 18 21 MIN    88
2021 12 09 00 12 MAX   251
2021 12 09 06 10 MIN    57
2021 12 09 13 04 MAX   301
2021 12 09 19 18 MIN   104
2021 12 10 01 10 MAX   232
2021 12 10 07 05 MIN    84
2021 12 10 14 02 MAX   275
2021 12 10 20 26 MIN   114
2021 12 11 02 21 MAX   218
2021 12 11 08 10 MIN   107
2021 12 11 15 09 MAX   254
2021 12 11 21 42 MIN   116
2021 12 12 03 44 MAX   214
2021 12 12 09 28 MIN   123
2021 12 12 16 21 MAX   240
2021 12 12 22 50 MIN   108
2021 12 13 05 04 MAX   222
2021 12 13 10 53 MIN   127
2021 12 13 17 26 MAX   235
2021 12 13 23 42 MIN    96
2021 12 14 06 06 MAX   237
2021 12 14 12 03 MIN   122
2021 12 14 18 17 MAX   234
2021 12 15 00 24 MIN    84
2021 12 15 06 54 MAX   254
2021 12 15 12 55 MIN   113
2021 12 15 18 59 MAX   237
2021 12 16 01 01 MIN    71
2021 12 16 07 34 MAX   271
2021 12 16 13 38 MIN   103
2021 12 16 19 35 MAX   241
2021 12 17 01 36 MIN    60
2021 12 17 08 11 MAX   286
2021 12 17 14 16 MIN    93
2021 12 17 20 09 MAX   246
2021 12 18 02 11 MIN    51
2021 12 18 08 46 MAX   299
2021 12 18 14 51 MIN    86
2021 12 18 20 42 MAX   252
2021 12 19 02 44 MIN    44
2021 12 19 09 20 MAX   308
2021 12 19 15 25 MIN    80
2021 12 19 21 15 MAX   256
2021 12 20 03 18 MIN    40
2021 12 20 09 54 MAX   313
2021 12 20 15 57 MIN    78
2021 12 20 21 48 MAX   257
2021 12 21 03 52 MIN    41
2021 12 21 10 28 MAX   314
2021 12 21 16 30 MIN    80
2021 12 21 22 21 MAX   254
2021 12 22 04 26 MIN    44
2021 12 22 11 02 MAX   310
2021 12 22 17 04 MIN    84
2021 12 22 22 56 MAX   248
2021 12 23 05 01 MIN    52
2021 12 23 11 38 MAX   302
2021 12 23 17 41 MIN    90
2021 12 23 23 33 MAX   238
2021 12 24 05 39 MIN    63
2021 12 24 12 16 MAX   290
2021 12 24 18 21 MIN    98
2021 12 25 00 15 MAX   228
2021 12 25 06 21 MIN    77
2021 12 25 12 58 MAX   276
2021 12 25 19 07 MIN   104
2021 12 26 01 07 MAX   219
2021 12 26 07 12 MIN    92
2021 12 26 13 47 MAX   262
2021 12 26 20 02 MIN   107
2021 12 27 02 14 MAX   214
2021 12 27 08 17 MIN   106
2021 12 27 14 46 MAX   249
2021 12 27 21 08 MIN   103
2021 12 28 03 37 MAX   219
2021 12 28 09 37 MIN   113
2021 12 28 15 56 MAX   242
2021 12 28 22 16 MIN    92
2021 12 29 05 02 MAX   235
2021 12 29 11 01 MIN   110
2021 12 29 17 08 MAX   242
2021 12 29 23 20 MIN    75
2021 12 30 06 12 MAX   260
2021 12 30 12 14 MIN    99
2021 12 30 18 13 MAX   249
2021 12 31 00 19 MIN    54
2021 12 31 07 12 MAX   289
2021 12 31 13 17 MIN    83
2021 12 31 19 11 MAX   260
2022 01 01 01 13 MIN    34
2022 01 01 08 06 MAX   316
2022 01 01 14 12 MIN    66
2022 01 01 20 04 MAX   272
2022 01 02 02 06 MIN    15
2022 01 02 08 57 MAX   339
2022 01 02 15 01 MIN    52
2022 01 02 20 54 MAX   283
2022 01 03 02 56 MIN     1
2022 01 03 09 44 MAX   354
2022 01 03 15 49 MIN    44
2022 01 03 21 43 MAX   289
2022 01 04 03 43 MIN    -5
2022 01 04 10 30 MAX   359
2022 01 04 16 34 MIN    42
2022 01 04 22 29 MAX   289
2022 01 05 04 29 MIN    -2
2022 01 05 11 14 MAX   352
2022 01 05 17 18 MIN    47
2022 01 05 23 15 MAX   281
2022 01 06 05 13 MIN    12
2022 01 06 11 56 MAX   335
2022 01 06 18 01 MIN    58
2022 01 07 00 00 MAX   268
2022 01 07 05 56 MIN    34
2022 01 07 12 38 MAX   310
2022 01 07 18 45 MIN    72
2022 01 08 00 46 MAX   250
2022 01 08 06 39 MIN    61
2022 01 08 13 18 MAX   280
2022 01 08 19 30 MIN    87
2022 01 09 01 36 MAX   232
2022 01 09 07 24 MIN    90
2022 01 09 13 59 MAX   250
2022 01 09 20 21 MIN   100
2022 01 10 02 34 MAX   217
2022 01 10 08 17 MIN   117
2022 01 10 14 47 MAX   224
2022 01 10 21 22 MIN   107
2022 01 11 03 49 MAX   211
2022 01 11 09 32 MIN   136
2022 01 11 15 54 MAX   205
2022 01 11 22 30 MIN   107
2022 01 12 05 14 MAX   215
2022 01 12 11 14 MIN   141
2022 01 12 17 16 MAX   199
2022 01 12 23 34 MIN    99
2022 01 13 06 25 MAX   230
2022 01 13 12 37 MIN   132
2022 01 13 18 23 MAX   202
2022 01 14 00 29 MIN    88
2022 01 14 07 17 MAX   248
2022 01 14 13 31 MIN   118
2022 01 14 19 13 MAX   212
2022 01 15 01 16 MIN    74
2022 01 15 07 59 MAX   267
2022 01 15 14 12 MIN   103
2022 01 15 19 55 MAX   225
2022 01 16 01 58 MIN    60
2022 01 16 08 36 MAX   284
2022 01 16 14 46 MIN    89
2022 01 16 20 32 MAX   238
2022 01 17 02 36 MIN    47
2022 01 17 09 12 MAX   299
2022 01 17 15 19 MIN    78
2022 01 17 21 07 MAX   249
2022 01 18 03 11 MIN    36
2022 01 18 09 45 MAX   310
2022 01 18 15 49 MIN    69
2022 01 18 21 42 MAX   258
2022 01 19 03 45 MIN    28
2022 01 19 10 18 MAX   318
2022 01 19 16 19 MIN    62
2022 01 19 22 16 MAX   263
2022 01 20 04 19 MIN    25
2022 01 20 10 50 MAX   321
2022 01 20 16 50 MIN    59
2022 01 20 22 51 MAX   264
2022 01 21 04 52 MIN    27
2022 01 21 11 23 MAX   318
2022 01 21 17 23 MIN    58
2022 01 21 23 26 MAX   262
2022 01 22 05 28 MIN    35
2022 01 22 11 57 MAX   309
2022 01 22 17 57 MIN    61
2022 01 23 00 05 MAX   256
2022 01 23 06 06 MIN    49
2022 01 23 12 32 MAX   294
2022 01 23 18 35 MIN    66
2022 01 24 00 47 MAX   249
2022 01 24 06 48 MIN    68
2022 01 24 13 11 MAX   274
2022 01 24 19 18 MIN    73
2022 01 25 01 37 MAX   239
2022 01 25 07 40 MIN    90
2022 01 25 13 56 MAX   251
2022 01 25 20 10 MIN    81
2022 01 26 02 43 MAX   232
2022 01 26 08 50 MIN   112
2022 01 26 14 57 MAX   230
2022 01 26 21 16 MIN    85
2022 01 27 04 15 MAX   232
2022 01 27 10 26 MIN   124
2022 01 27 16 21 MAX   217
2022 01 27 22 36 MIN    83
2022 01 28 05 53 MAX   247
2022 01 28 12 05 MIN   117
2022 01 28 17 50 MAX   220
2022 01 28 23 56 MIN    69
2022 01 29 07 08 MAX   274
2022 01 29 13 18 MIN    97
2022 01 29 19 02 MAX   235
2022 01 30 01 06 MIN    48
2022 01 30 08 06 MAX   304
2022 01 30 14 13 MIN    72
2022 01 30 20 01 MAX   256
2022 01 31 02 03 MIN    23
2022 01 31 08 54 MAX   331
2022 01 31 14 58 MIN    50
2022 01 31 20 51 MAX   277
2022 02 01 02 53 MIN     2
2022 02 01 09 38 MAX   350
2022 02 01 15 40 MIN    33
2022 02 01 21 37 MAX   293
2022 02 02 03 37 MIN   -11
2022 02 02 10 19 MAX   358
2022 02 02 16 19 MIN    23
2022 02 02 22 19 MAX   301
2022 02 03 04 19 MIN   -12
2022 02 03 10 56 MAX   354
2022 02 03 16 56 MIN    23
2022 02 03 23 00 MAX   299
2022 02 04 04 57 MIN    -1
2022 02 04 11 31 MAX   338
2022 02 04 17 31 MIN    32
2022 02 04 23 38 MAX   289
2022 02 05 05 33 MIN    21
2022 02 05 12 04 MAX   312
2022 02 05 18 06 MIN    46
2022 02 06 00 15 MAX   272
2022 02 06 06 07 MIN    49
2022 02 06 12 33 MAX   281
2022 02 06 18 39 MIN    64
2022 02 07 00 52 MAX   252
2022 02 07 06 41 MIN    80
2022 02 07 12 59 MAX   250
2022 02 07 19 13 MIN    82
2022 02 08 01 32 MAX   232
2022 02 08 07 18 MIN   110
2022 02 08 13 24 MAX   222
2022 02 08 19 52 MIN    98
2022 02 09 02 25 MAX   215
2022 02 09 08 08 MIN   136
2022 02 09 13 57 MAX   198
2022 02 09 20 51 MIN   111
2022 02 10 03 52 MAX   206
2022 02 10 09 51 MIN   154
2022 02 10 15 25 MAX   180
2022 02 10 22 24 MIN   115
2022 02 11 05 47 MAX   213
2022 02 11 12 33 MIN   146
2022 02 11 17 49 MAX   181
2022 02 11 23 58 MIN   106
2022 02 12 07 01 MAX   233
2022 02 12 13 32 MIN   127
2022 02 12 19 00 MAX   197
2022 02 13 01 02 MIN    88
2022 02 13 07 48 MAX   255
2022 02 13 14 07 MIN   108
2022 02 13 19 46 MAX   216
2022 02 14 01 48 MIN    69
2022 02 14 08 25 MAX   276
2022 02 14 14 37 MIN    89
2022 02 14 20 23 MAX   236
2022 02 15 02 25 MIN    49
2022 02 15 08 57 MAX   296
2022 02 15 15 04 MIN    72
2022 02 15 20 57 MAX   254
2022 02 16 02 59 MIN    32
2022 02 16 09 28 MAX   313
2022 02 16 15 30 MIN    57
2022 02 16 21 30 MAX   270
2022 02 17 03 31 MIN    18
2022 02 17 09 59 MAX   326
2022 02 17 15 58 MIN    43
2022 02 17 22 03 MAX   283
2022 02 18 04 03 MIN     9
2022 02 18 10 29 MAX   333
2022 02 18 16 27 MIN    33
2022 02 18 22 37 MAX   292
2022 02 19 04 36 MIN     8
2022 02 19 11 00 MAX   333
2022 02 19 16 58 MIN    27
2022 02 19 23 12 MAX   295
2022 02 20 05 11 MIN    16
2022 02 20 11 32 MAX   323
2022 02 20 17 30 MIN    29
2022 02 20 23 48 MAX   291
2022 02 21 05 48 MIN    33
2022 02 21 12 05 MAX   304
2022 02 21 18 04 MIN    37
2022 02 22 00 27 MAX   281
2022 02 22 06 28 MIN    58
2022 02 22 12 40 MAX   278
2022 02 22 18 42 MIN    51
2022 02 23 01 11 MAX   265
2022 02 23 07 14 MIN    89
2022 02 23 13 20 MAX   249
2022 02 23 19 27 MIN    69
2022 02 24 02 08 MAX   245
2022 02 24 08 20 MIN   120
2022 02 24 14 14 MAX   219
2022 02 24 20 30 MIN    88
2022 02 25 03 44 MAX   232
2022 02 25 10 12 MIN   138
2022 02 25 15 50 MAX   199
2022 02 25 22 05 MIN    97
2022 02 26 05 51 MAX   242
2022 02 26 12 16 MIN   126
2022 02 26 17 47 MAX   204
2022 02 26 23 52 MIN    86
2022 02 27 07 10 MAX   270
2022 02 27 13 22 MIN    99
2022 02 27 19 03 MAX   229
2022 02 28 01 06 MIN    59
2022 02 28 08 01 MAX   301
2022 02 28 14 07 MIN    70
2022 02 28 19 57 MAX   258
2022 03 01 02 00 MIN    30
2022 03 01 08 43 MAX   327
2022 03 01 14 45 MIN    43
2022 03 01 20 42 MAX   285
2022 03 02 02 43 MIN     7
2022 03 02 09 21 MAX   344
2022 03 02 15 20 MIN    23
2022 03 02 21 23 MAX   305
2022 03 03 03 23 MIN    -6
2022 03 03 09 56 MAX   351
2022 03 03 15 54 MIN    12
2022 03 03 22 02 MAX   316
2022 03 04 03 59 MIN    -7
2022 03 04 10 30 MAX   345
2022 03 04 16 27 MIN    11
2022 03 04 22 38 MAX   316
2022 03 05 04 34 MIN     4
2022 03 05 11 00 MAX   329
2022 03 05 16 58 MIN    18
2022 03 05 23 12 MAX   307
2022 03 06 05 06 MIN    24
2022 03 06 11 27 MAX   305
2022 03 06 17 26 MIN    32
2022 03 06 23 44 MAX   292
2022 03 07 05 36 MIN    51
2022 03 07 11 50 MAX   278
2022 03 07 17 53 MIN    50
2022 03 08 00 14 MAX   274
2022 03 08 06 05 MIN    79
2022 03 08 12 11 MAX   251
2022 03 08 18 19 MIN    69
2022 03 09 00 47 MAX   253
2022 03 09 06 36 MIN   107
2022 03 09 12 30 MAX   226
2022 03 09 18 49 MIN    88
2022 03 10 01 27 MAX   233
2022 03 10 07 16 MIN   133
2022 03 10 12 54 MAX   203
2022 03 10 19 32 MIN   108
2022 03 11 02 32 MAX   214
2022 03 11 08 31 MIN   156
2022 03 11 13 43 MAX   181
2022 03 11 21 03 MIN   125
2022 03 12 04 47 MAX   209
2022 03 12 12 20 MIN   154
2022 03 12 17 16 MAX   174
2022 03 12 23 20 MIN   122
2022 03 13 06 34 MAX   227
2022 03 13 13 17 MIN   133
2022 03 13 18 46 MAX   194
2022 03 14 00 40 MIN   103
2022 03 14 07 24 MAX   250
2022 03 14 13 46 MIN   111
2022 03 14 19 29 MAX   217
2022 03 15 01 27 MIN    79
2022 03 15 07 59 MAX   273
2022 03 15 14 11 MIN    90
2022 03 15 20 04 MAX   241
2022 03 16 02 03 MIN    56
2022 03 16 08 30 MAX   295
2022 03 16 14 35 MIN    68
2022 03 16 20 37 MAX   265
2022 03 17 02 36 MIN    35
2022 03 17 09 00 MAX   315
2022 03 17 15 01 MIN    47
2022 03 17 21 09 MAX   288
2022 03 18 03 08 MIN    17
2022 03 18 09 30 MAX   331
2022 03 18 15 28 MIN    27
2022 03 18 21 43 MAX   308
2022 03 19 03 41 MIN     6
2022 03 19 10 01 MAX   339
2022 03 19 15 58 MIN    13
2022 03 19 22 17 MAX   322
2022 03 20 04 16 MIN     5
2022 03 20 10 33 MAX   338
2022 03 20 16 30 MIN     6
2022 03 20 22 53 MAX   328
2022 03 21 04 53 MIN    14
2022 03 21 11 06 MAX   326
2022 03 21 17 02 MIN     9
2022 03 21 23 30 MAX   323
2022 03 22 05 30 MIN    35
2022 03 22 11 40 MAX   304
2022 03 22 17 37 MIN    23
2022 03 23 00 09 MAX   308
2022 03 23 06 11 MIN    65
2022 03 23 12 15 MAX   274
2022 03 23 18 15 MIN    44
2022 03 24 00 54 MAX   284
2022 03 24 07 00 MIN   100
2022 03 24 12 56 MAX   241
2022 03 24 19 00 MIN    71
2022 03 25 01 52 MAX   257
2022 03 25 08 12 MIN   132
2022 03 25 13 54 MAX   210
2022 03 25 20 06 MIN    98
2022 03 26 03 37 MAX   238
2022 03 26 10 27 MIN   144
2022 03 26 15 52 MAX   193
2022 03 26 21 59 MIN   111
2022 03 27 05 47 MAX   248
2022 03 27 12 16 MIN   124
2022 03 27 17 51 MAX   209
2022 03 27 23 51 MIN    96
2022 03 28 06 56 MAX   273
2022 03 28 13 08 MIN    95
2022 03 28 18 57 MAX   239
2022 03 29 00 58 MIN    69
2022 03 29 07 42 MAX   298
2022 03 29 13 46 MIN    66
2022 03 29 19 44 MAX   269
2022 03 30 01 45 MIN    44
2022 03 30 08 20 MAX   317
2022 03 30 14 20 MIN    42
2022 03 30 20 26 MAX   295
2022 03 31 02 25 MIN    25
2022 03 31 08 55 MAX   328
2022 03 31 14 53 MIN    24
2022 03 31 21 03 MAX   314
2022 04 01 03 02 MIN    16
2022 04 01 09 27 MAX   331
2022 04 01 15 24 MIN    14
2022 04 01 21 39 MAX   324
2022 04 02 03 36 MIN    16
2022 04 02 09 57 MAX   324
2022 04 02 15 54 MIN    13
2022 04 02 22 13 MAX   326
2022 04 03 04 09 MIN    26
2022 04 03 10 26 MAX   310
2022 04 03 16 22 MIN    20
2022 04 03 22 44 MAX   320
2022 04 04 04 39 MIN    42
2022 04 04 10 50 MAX   292
2022 04 04 16 49 MIN    32
2022 04 04 23 14 MAX   309
2022 04 05 05 09 MIN    63
2022 04 05 11 13 MAX   271
2022 04 05 17 14 MIN    48
2022 04 05 23 43 MAX   293
2022 04 06 05 38 MIN    85
2022 04 06 11 35 MAX   251
2022 04 06 17 40 MIN    66
2022 04 07 00 14 MAX   274
2022 04 07 06 10 MIN   109
2022 04 07 11 57 MAX   230
2022 04 07 18 10 MIN    87
2022 04 08 00 52 MAX   253
2022 04 08 06 50 MIN   132
2022 04 08 12 25 MAX   208
2022 04 08 18 51 MIN   109
2022 04 09 01 48 MAX   232
2022 04 09 07 58 MIN   154
2022 04 09 13 14 MAX   187
2022 04 09 20 09 MIN   129
2022 04 10 03 34 MAX   219
2022 04 10 11 02 MIN   158
2022 04 10 16 24 MAX   178
2022 04 10 22 24 MIN   133
2022 04 11 05 36 MAX   228
2022 04 11 12 30 MIN   138
2022 04 11 18 11 MAX   197
2022 04 11 23 56 MIN   117
2022 04 12 06 37 MAX   248
2022 04 12 13 02 MIN   116
2022 04 12 18 57 MAX   222
2022 04 13 00 49 MIN    94
2022 04 13 07 16 MAX   269
2022 04 13 13 28 MIN    92
2022 04 13 19 33 MAX   250
2022 04 14 01 28 MIN    70
2022 04 14 07 50 MAX   291
2022 04 14 13 54 MIN    67
2022 04 14 20 07 MAX   278
2022 04 15 02 04 MIN    48
2022 04 15 08 23 MAX   310
2022 04 15 14 23 MIN    42
2022 04 15 20 42 MAX   306
2022 04 16 02 41 MIN    29
2022 04 16 08 56 MAX   325
2022 04 16 14 53 MIN    19
2022 04 16 21 18 MAX   331
2022 04 17 03 18 MIN    18
2022 04 17 09 30 MAX   333
2022 04 17 15 26 MIN     4
2022 04 17 21 56 MAX   347
2022 04 18 03 56 MIN    18
2022 04 18 10 06 MAX   330
2022 04 18 16 01 MIN    -1
2022 04 18 22 35 MAX   352
2022 04 19 04 36 MIN    29
2022 04 19 10 42 MAX   317
2022 04 19 16 37 MIN     6
2022 04 19 23 15 MAX   345
2022 04 20 05 18 MIN    51
2022 04 20 11 20 MAX   295
2022 04 20 17 16 MIN    24
2022 04 20 23 58 MAX   326
2022 04 21 06 03 MIN    80
2022 04 21 12 00 MAX   266
2022 04 21 17 58 MIN    50
2022 04 22 00 47 MAX   298
2022 04 22 06 59 MIN   111
2022 04 22 12 48 MAX   236
2022 04 22 18 49 MIN    80
2022 04 23 01 53 MAX   270
2022 04 23 08 22 MIN   135
2022 04 23 14 02 MAX   211
2022 04 23 20 05 MIN   106
2022 04 24 03 34 MAX   253
2022 04 24 10 21 MIN   136
2022 04 24 15 59 MAX   205
2022 04 24 21 55 MIN   116
2022 04 25 05 18 MAX   258
2022 04 25 11 46 MIN   117
2022 04 25 17 36 MAX   224
2022 04 25 23 31 MIN   105
2022 04 26 06 24 MAX   272
2022 04 26 12 35 MIN    93
2022 04 26 18 36 MAX   251
2022 04 27 00 35 MIN    86
2022 04 27 07 09 MAX   286
2022 04 27 13 13 MIN    70
2022 04 27 19 22 MAX   276
2022 04 28 01 21 MIN    69
2022 04 28 07 48 MAX   296
2022 04 28 13 47 MIN    51
2022 04 28 20 02 MAX   298
2022 04 29 02 01 MIN    57
2022 04 29 08 22 MAX   301
2022 04 29 14 20 MIN    37
2022 04 29 20 39 MAX   314
2022 04 30 02 38 MIN    51
2022 04 30 08 54 MAX   300
2022 04 30 14 50 MIN    30
2022 04 30 21 14 MAX   323
2022 05 01 03 12 MIN    51
2022 05 01 09 23 MAX   295
2022 05 01 15 20 MIN    29
2022 05 01 21 47 MAX   327
2022 05 02 03 45 MIN    57
2022 05 02 09 51 MAX   287
2022 05 02 15 49 MIN    33
2022 05 02 22 18 MAX   325
2022 05 03 04 16 MIN    66
2022 05 03 10 17 MAX   276
2022 05 03 16 16 MIN    42
2022 05 03 22 48 MAX   318
2022 05 04 04 47 MIN    80
2022 05 04 10 43 MAX   264
2022 05 04 16 44 MIN    55
2022 05 04 23 19 MAX   306
2022 05 05 05 19 MIN    95
2022 05 05 11 09 MAX   249
2022 05 05 17 14 MIN    71
2022 05 05 23 53 MAX   290
2022 05 06 05 55 MIN   113
2022 05 06 11 38 MAX   233
2022 05 06 17 48 MIN    90
2022 05 07 00 32 MAX   271
2022 05 07 06 37 MIN   131
2022 05 07 12 14 MAX   215
2022 05 07 18 32 MIN   110
2022 05 08 01 24 MAX   252
2022 05 08 07 40 MIN   147
2022 05 08 13 11 MAX   198
2022 05 08 19 40 MIN   128
2022 05 09 02 40 MAX   238
2022 05 09 09 22 MIN   152
2022 05 09 15 16 MAX   191
2022 05 09 21 20 MIN   135
2022 05 10 04 13 MAX   237
2022 05 10 11 01 MIN   141
2022 05 10 17 08 MAX   205
2022 05 10 22 52 MIN   128
2022 05 11 05 27 MAX   248
2022 05 11 11 54 MIN   120
2022 05 11 18 08 MAX   229
2022 05 11 23 57 MIN   110
2022 05 12 06 18 MAX   264
2022 05 12 12 31 MIN    96
2022 05 12 18 52 MAX   258
2022 05 13 00 47 MIN    89
2022 05 13 07 01 MAX   282
2022 05 13 13 06 MIN    69
2022 05 13 19 32 MAX   289
2022 05 14 01 31 MIN    69
2022 05 14 07 41 MAX   298
2022 05 14 13 41 MIN    44
2022 05 14 20 13 MAX   319
2022 05 15 02 14 MIN    52
2022 05 15 08 21 MAX   310
2022 05 15 14 19 MIN    23
2022 05 15 20 55 MAX   343
2022 05 16 02 56 MIN    43
2022 05 16 09 01 MAX   316
2022 05 16 14 57 MIN    10
2022 05 16 21 37 MAX   359
2022 05 17 03 40 MIN    42
2022 05 17 09 42 MAX   315
2022 05 17 15 38 MIN     6
2022 05 17 22 21 MAX   364
2022 05 18 04 24 MIN    51
2022 05 18 10 24 MAX   304
2022 05 18 16 20 MIN    14
2022 05 18 23 06 MAX   356
2022 05 19 05 11 MIN    68
2022 05 19 11 07 MAX   287
2022 05 19 17 05 MIN    32
2022 05 19 23 54 MAX   338
2022 05 20 06 02 MIN    90
2022 05 20 11 55 MAX   265
2022 05 20 17 53 MIN    56
2022 05 21 00 47 MAX   313
2022 05 21 07 02 MIN   111
2022 05 21 12 52 MAX   243
2022 05 21 18 50 MIN    83
2022 05 22 01 51 MAX   289
2022 05 22 08 17 MIN   125
2022 05 22 14 06 MAX   227
2022 05 22 20 02 MIN   106
2022 05 23 03 08 MAX   271
2022 05 23 09 43 MIN   125
2022 05 23 15 39 MAX   224
2022 05 23 21 28 MIN   119
2022 05 24 04 30 MAX   263
2022 05 24 10 58 MIN   114
2022 05 24 17 03 MAX   236
2022 05 24 22 54 MIN   120
2022 05 25 05 37 MAX   263
2022 05 25 11 52 MIN    99
2022 05 25 18 05 MAX   255
2022 05 26 00 02 MIN   112
2022 05 26 06 28 MAX   265
2022 05 26 12 34 MIN    83
2022 05 26 18 54 MAX   274
2022 05 27 00 54 MIN   103
2022 05 27 07 10 MAX   268
2022 05 27 13 10 MIN    70
2022 05 27 19 37 MAX   291
2022 05 28 01 37 MIN    95
2022 05 28 07 46 MAX   269
2022 05 28 13 45 MIN    60
2022 05 28 20 14 MAX   305
2022 05 29 02 16 MIN    89
2022 05 29 08 20 MAX   270
2022 05 29 14 18 MIN    54
2022 05 29 20 50 MAX   315
2022 05 30 02 52 MIN    86
2022 05 30 08 52 MAX   270
2022 05 30 14 50 MIN    51
2022 05 30 21 24 MAX   321
2022 05 31 03 26 MIN    86
2022 05 31 09 22 MAX   269
2022 05 31 15 21 MIN    52
2022 05 31 21 57 MAX   323
2022 06 01 04 00 MIN    89
2022 06 01 09 52 MAX   266
2022 06 01 15 53 MIN    56
2022 06 01 22 30 MAX   321
2022 06 02 04 33 MIN    94
2022 06 02 10 22 MAX   260
2022 06 02 16 26 MIN    64
2022 06 02 23 03 MAX   314
2022 06 03 05 07 MIN   103
2022 06 03 10 54 MAX   252
2022 06 03 17 00 MIN    76
2022 06 03 23 38 MAX   303
2022 06 04 05 43 MIN   114
2022 06 04 11 29 MAX   241
2022 06 04 17 37 MIN    90
2022 06 05 00 18 MAX   289
2022 06 05 06 24 MIN   125
2022 06 05 12 09 MAX   228
2022 06 05 18 21 MIN   105
2022 06 06 01 03 MAX   274
2022 06 06 07 15 MIN   135
2022 06 06 13 04 MAX   217
2022 06 06 19 15 MIN   120
2022 06 07 01 57 MAX   261
2022 06 07 08 19 MIN   139
2022 06 07 14 22 MAX   212
2022 06 07 20 26 MIN   130
2022 06 08 03 03 MAX   254
2022 06 08 09 31 MIN   133
2022 06 08 15 52 MAX   219
2022 06 08 21 47 MIN   132
2022 06 09 04 12 MAX   253
2022 06 09 10 35 MIN   119
2022 06 09 17 08 MAX   238
2022 06 09 23 02 MIN   124
2022 06 10 05 16 MAX   260
2022 06 10 11 29 MIN    99
2022 06 10 18 08 MAX   264
2022 06 11 00 06 MIN   110
2022 06 11 06 11 MAX   270
2022 06 11 12 17 MIN    76
2022 06 11 18 59 MAX   293
2022 06 12 01 01 MIN    95
2022 06 12 07 02 MAX   281
2022 06 12 13 03 MIN    54
2022 06 12 19 48 MAX   321
2022 06 13 01 53 MIN    81
2022 06 13 07 51 MAX   291
2022 06 13 13 49 MIN    36
2022 06 13 20 37 MAX   345
2022 06 14 02 42 MIN    71
2022 06 14 08 38 MAX   298
2022 06 14 14 36 MIN    24
2022 06 14 21 25 MAX   361
2022 06 15 03 30 MIN    66
2022 06 15 09 25 MAX   301
2022 06 15 15 23 MIN    19
2022 06 15 22 13 MAX   368
2022 06 16 04 18 MIN    67
2022 06 16 10 12 MAX   299
2022 06 16 16 11 MIN    22
2022 06 16 23 01 MAX   364
2022 06 17 05 07 MIN    75
2022 06 17 11 01 MAX   290
2022 06 17 17 00 MIN    34
2022 06 17 23 50 MAX   351
2022 06 18 05 57 MIN    86
2022 06 18 11 52 MAX   277
2022 06 18 17 50 MIN    54
2022 06 19 00 39 MAX   331
2022 06 19 06 50 MIN    99
2022 06 19 12 47 MAX   262
2022 06 19 18 42 MIN    78
2022 06 20 01 31 MAX   306
2022 06 20 07 48 MIN   111
2022 06 20 13 48 MAX   248
2022 06 20 19 39 MIN   103
2022 06 21 02 27 MAX   281
2022 06 21 08 52 MIN   118
2022 06 21 14 59 MAX   240
2022 06 21 20 46 MIN   125
2022 06 22 03 30 MAX   261
2022 06 22 09 58 MIN   118
2022 06 22 16 16 MAX   241
2022 06 22 22 04 MIN   139
2022 06 23 04 37 MAX   247
2022 06 23 10 58 MIN   112
2022 06 23 17 27 MAX   250
2022 06 23 23 23 MIN   142
2022 06 24 05 38 MAX   240
2022 06 24 11 49 MIN   104
2022 06 24 18 26 MAX   263
2022 06 25 00 28 MIN   138
2022 06 25 06 29 MAX   239
2022 06 25 12 33 MIN    95
2022 06 25 19 13 MAX   277
2022 06 26 01 19 MIN   130
2022 06 26 07 13 MAX   242
2022 06 26 13 13 MIN    86
2022 06 26 19 54 MAX   292
2022 06 27 02 02 MIN   121
2022 06 27 07 51 MAX   248
2022 06 27 13 52 MIN    78
2022 06 27 20 32 MAX   304
2022 06 28 02 39 MIN   113
2022 06 28 08 27 MAX   254
2022 06 28 14 29 MIN    71
2022 06 28 21 08 MAX   314
2022 06 29 03 14 MIN   106
2022 06 29 09 02 MAX   260
2022 06 29 15 05 MIN    67
2022 06 29 21 43 MAX   321
2022 06 30 03 48 MIN   102
2022 06 30 09 36 MAX   264
2022 06 30 15 41 MIN    65
2022 06 30 22 17 MAX   323
2022 07 01 04 21 MIN   102
2022 07 01 10 10 MAX   265
2022 07 01 16 15 MIN    67
2022 07 01 22 50 MAX   322
2022 07 02 04 53 MIN   103
2022 07 02 10 44 MAX   262
2022 07 02 16 49 MIN    73
2022 07 02 23 24 MAX   316
2022 07 03 05 27 MIN   107
2022 07 03 11 20 MAX   257
2022 07 03 17 26 MIN    82
2022 07 04 00 00 MAX   307
2022 07 04 06 03 MIN   112
2022 07 04 11 59 MAX   250
2022 07 04 18 04 MIN    94
2022 07 05 00 37 MAX   295
2022 07 05 06 43 MIN   117
2022 07 05 12 45 MAX   243
2022 07 05 18 48 MIN   108
2022 07 06 01 19 MAX   282
2022 07 06 07 29 MIN   120
2022 07 06 13 40 MAX   238
2022 07 06 19 43 MIN   122
2022 07 07 02 08 MAX   269
2022 07 07 08 24 MIN   120
2022 07 07 14 49 MAX   239
2022 07 07 20 52 MIN   134
2022 07 08 03 07 MAX   258
2022 07 08 09 27 MIN   115
2022 07 08 16 09 MAX   248
2022 07 08 22 13 MIN   139
2022 07 09 04 17 MAX   252
2022 07 09 10 31 MIN   105
2022 07 09 17 28 MAX   266
2022 07 09 23 33 MIN   134
2022 07 10 05 28 MAX   254
2022 07 10 11 34 MIN    90
2022 07 10 18 36 MAX   290
2022 07 11 00 43 MIN   122
2022 07 11 06 32 MAX   262
2022 07 11 12 35 MIN    72
2022 07 11 19 35 MAX   317
2022 07 12 01 43 MIN   106
2022 07 12 07 31 MAX   275
2022 07 12 13 32 MIN    53
2022 07 12 20 29 MAX   341
2022 07 13 02 36 MIN    90
2022 07 13 08 25 MAX   289
2022 07 13 14 27 MIN    37
2022 07 13 21 19 MAX   361
2022 07 14 03 24 MIN    77
2022 07 14 09 16 MAX   300
2022 07 14 15 18 MIN    25
2022 07 14 22 07 MAX   373
2022 07 15 04 11 MIN    69
2022 07 15 10 05 MAX   307
2022 07 15 16 06 MIN    22
2022 07 15 22 52 MAX   374
2022 07 16 04 55 MIN    68
2022 07 16 10 53 MAX   306
2022 07 16 16 52 MIN    30
2022 07 16 23 35 MAX   363
2022 07 17 05 38 MIN    73
2022 07 17 11 40 MAX   299
2022 07 17 17 36 MIN    48
2022 07 18 00 17 MAX   342
2022 07 18 06 21 MIN    84
2022 07 18 12 27 MAX   285
2022 07 18 18 19 MIN    74
2022 07 19 00 57 MAX   314
2022 07 19 07 06 MIN    99
2022 07 19 13 16 MAX   268
2022 07 19 19 04 MIN   104
2022 07 20 01 37 MAX   283
2022 07 20 07 53 MIN   113
2022 07 20 14 10 MAX   252
2022 07 20 19 55 MIN   134
2022 07 21 02 20 MAX   254
2022 07 21 08 47 MIN   124
2022 07 21 15 17 MAX   241
2022 07 21 21 01 MIN   157
2022 07 22 03 16 MAX   231
2022 07 22 09 52 MIN   129
2022 07 22 16 40 MAX   240
2022 07 22 22 38 MIN   169
2022 07 23 04 35 MAX   218
2022 07 23 10 59 MIN   128
2022 07 23 17 58 MAX   250
2022 07 24 00 16 MIN   165
2022 07 24 05 54 MAX   218
2022 07 24 12 00 MIN   120
2022 07 24 18 57 MAX   265
2022 07 25 01 16 MIN   152
2022 07 25 06 51 MAX   226
2022 07 25 12 53 MIN   109
2022 07 25 19 42 MAX   281
2022 07 26 01 58 MIN   139
2022 07 26 07 35 MAX   238
2022 07 26 13 38 MIN    96
2022 07 26 20 21 MAX   297
2022 07 27 02 32 MIN   125
2022 07 27 08 14 MAX   251
2022 07 27 14 19 MIN    83
2022 07 27 20 57 MAX   311
2022 07 28 03 04 MIN   114
2022 07 28 08 50 MAX   263
2022 07 28 14 55 MIN    73
2022 07 28 21 30 MAX   322
2022 07 29 03 34 MIN   104
2022 07 29 09 25 MAX   272
2022 07 29 15 29 MIN    66
2022 07 29 22 01 MAX   329
2022 07 30 04 03 MIN    98
2022 07 30 09 58 MAX   278
2022 07 30 16 02 MIN    62
2022 07 30 22 32 MAX   332
2022 07 31 04 32 MIN    93
2022 07 31 10 32 MAX   281
2022 07 31 16 34 MIN    63
2022 07 31 23 03 MAX   331
2022 08 01 05 02 MIN    91
2022 08 01 11 06 MAX   281
2022 08 01 17 08 MIN    70
2022 08 01 23 35 MAX   324
2022 08 02 05 34 MIN    92
2022 08 02 11 43 MAX   278
2022 08 02 17 43 MIN    82
2022 08 03 00 08 MAX   312
2022 08 03 06 08 MIN    95
2022 08 03 12 22 MAX   273
2022 08 03 18 22 MIN    98
2022 08 04 00 44 MAX   295
2022 08 04 06 46 MIN   101
2022 08 04 13 07 MAX   266
2022 08 04 19 08 MIN   119
2022 08 05 01 23 MAX   275
2022 08 05 07 32 MIN   108
2022 08 05 14 03 MAX   259
2022 08 05 20 09 MIN   140
2022 08 06 02 14 MAX   254
2022 08 06 08 30 MIN   114
2022 08 06 15 22 MAX   255
2022 08 06 21 36 MIN   156
2022 08 07 03 29 MAX   239
2022 08 07 09 45 MIN   116
2022 08 07 17 04 MAX   263
2022 08 07 23 21 MIN   155
2022 08 08 05 01 MAX   236
2022 08 08 11 08 MIN   108
2022 08 08 18 30 MAX   286
2022 08 09 00 45 MIN   139
2022 08 09 06 22 MAX   248
2022 08 09 12 25 MIN    89
2022 08 09 19 34 MAX   314
2022 08 10 01 44 MIN   116
2022 08 10 07 26 MAX   269
2022 08 10 13 29 MIN    65
2022 08 10 20 25 MAX   342
2022 08 11 02 31 MIN    92
2022 08 11 08 20 MAX   292
2022 08 11 14 23 MIN    42
2022 08 11 21 11 MAX   364
2022 08 12 03 13 MIN    71
2022 08 12 09 09 MAX   311
2022 08 12 15 10 MIN    25
2022 08 12 21 53 MAX   377
2022 08 13 03 53 MIN    58
2022 08 13 09 54 MAX   324
2022 08 13 15 54 MIN    20
2022 08 13 22 32 MAX   377
2022 08 14 04 31 MIN    53
2022 08 14 10 37 MAX   327
2022 08 14 16 34 MIN    28
2022 08 14 23 09 MAX   364
2022 08 15 05 08 MIN    58
2022 08 15 11 18 MAX   320
2022 08 15 17 12 MIN    48
2022 08 15 23 44 MAX   340
2022 08 16 05 44 MIN    71
2022 08 16 11 58 MAX   305
2022 08 16 17 50 MIN    77
2022 08 17 00 15 MAX   309
2022 08 17 06 19 MIN    88
2022 08 17 12 38 MAX   285
2022 08 17 18 26 MIN   109
2022 08 18 00 44 MAX   276
2022 08 18 06 53 MIN   108
2022 08 18 13 20 MAX   263
2022 08 18 19 04 MIN   141
2022 08 19 01 09 MAX   246
2022 08 19 07 32 MIN   126
2022 08 19 14 12 MAX   245
2022 08 19 19 53 MIN   169
2022 08 20 01 37 MAX   221
2022 08 20 08 27 MIN   141
2022 08 20 15 38 MAX   234
2022 08 20 21 44 MIN   186
2022 08 21 02 54 MAX   202
2022 08 21 10 01 MIN   147
2022 08 21 17 34 MAX   240
2022 08 22 00 34 MIN   177
2022 08 22 05 36 MAX   203
2022 08 22 11 37 MIN   139
2022 08 22 18 46 MAX   257
2022 08 23 01 21 MIN   159
2022 08 23 06 45 MAX   219
2022 08 23 12 43 MIN   123
2022 08 23 19 31 MAX   276
2022 08 24 01 51 MIN   141
2022 08 24 07 29 MAX   238
2022 08 24 13 29 MIN   105
2022 08 24 20 07 MAX   294
2022 08 25 02 19 MIN   124
2022 08 25 08 04 MAX   256
2022 08 25 14 06 MIN    87
2022 08 25 20 38 MAX   311
2022 08 26 02 45 MIN   109
2022 08 26 08 37 MAX   272
2022 08 26 14 39 MIN    73
2022 08 26 21 08 MAX   324
2022 08 27 03 10 MIN    95
2022 08 27 09 09 MAX   286
2022 08 27 15 11 MIN    61
2022 08 27 21 37 MAX   335
2022 08 28 03 36 MIN    83
2022 08 28 09 41 MAX   298
2022 08 28 15 42 MIN    54
2022 08 28 22 05 MAX   341
2022 08 29 04 03 MIN    73
2022 08 29 10 14 MAX   306
2022 08 29 16 13 MIN    53
2022 08 29 22 35 MAX   341
2022 08 30 04 32 MIN    67
2022 08 30 10 47 MAX   310
2022 08 30 16 46 MIN    60
2022 08 30 23 06 MAX   333
2022 08 31 05 02 MIN    66
2022 08 31 11 22 MAX   309
2022 08 31 17 21 MIN    74
2022 08 31 23 37 MAX   318
2022 09 01 05 34 MIN    72
2022 09 01 11 59 MAX   302
2022 09 01 17 59 MIN    95
2022 09 02 00 11 MAX   296
2022 09 02 06 09 MIN    84
2022 09 02 12 40 MAX   289
2022 09 02 18 43 MIN   122
2022 09 03 00 47 MAX   269
2022 09 03 06 50 MIN   100
2022 09 03 13 32 MAX   272
2022 09 03 19 42 MIN   151
2022 09 04 01 34 MAX   242
2022 09 04 07 47 MIN   117
2022 09 04 14 55 MAX   258
2022 09 04 21 27 MIN   170
2022 09 05 03 00 MAX   221
2022 09 05 09 16 MIN   129
2022 09 05 17 06 MAX   262
2022 09 05 23 42 MIN   162
2022 09 06 05 05 MAX   223
2022 09 06 11 06 MIN   122
2022 09 06 18 35 MAX   287
2022 09 07 00 53 MIN   136
2022 09 07 06 28 MAX   246
2022 09 07 12 29 MIN    97
2022 09 07 19 29 MAX   316
2022 09 08 01 38 MIN   107
2022 09 08 07 25 MAX   275
2022 09 08 13 27 MIN    68
2022 09 08 20 13 MAX   343
2022 09 09 02 16 MIN    79
2022 09 09 08 12 MAX   304
2022 09 09 14 14 MIN    43
2022 09 09 20 52 MAX   361
2022 09 10 02 52 MIN    56
2022 09 10 08 55 MAX   326
2022 09 10 14 55 MIN    28
2022 09 10 21 29 MAX   369
2022 09 11 03 28 MIN    42
2022 09 11 09 36 MAX   339
2022 09 11 15 34 MIN    25
2022 09 11 22 04 MAX   365
2022 09 12 04 02 MIN    38
2022 09 12 10 15 MAX   341
2022 09 12 16 11 MIN    36
2022 09 12 22 37 MAX   349
2022 09 13 04 34 MIN    45
2022 09 13 10 52 MAX   334
2022 09 13 16 46 MIN    57
2022 09 13 23 06 MAX   325
2022 09 14 05 05 MIN    59
2022 09 14 11 27 MAX   318
2022 09 14 17 19 MIN    85
2022 09 14 23 32 MAX   295
2022 09 15 05 33 MIN    78
2022 09 15 12 00 MAX   298
2022 09 15 17 50 MIN   115
2022 09 15 23 53 MAX   266
2022 09 16 05 59 MIN    99
2022 09 16 12 34 MAX   276
2022 09 16 18 22 MIN   144
2022 09 17 00 09 MAX   240
2022 09 17 06 27 MIN   120
2022 09 17 13 16 MAX   254
2022 09 17 19 03 MIN   170
2022 09 18 00 24 MAX   218
2022 09 18 07 09 MIN   140
2022 09 18 14 28 MAX   236
2022 09 18 20 44 MIN   189
2022 09 19 00 54 MAX   197
2022 09 19 08 54 MIN   156
2022 09 19 16 55 MAX   235
2022 09 20 00 39 MIN   176
2022 09 20 05 33 MAX   196
2022 09 20 11 14 MIN   149
2022 09 20 18 22 MAX   252
2022 09 21 01 06 MIN   155
2022 09 21 06 37 MAX   217
2022 09 21 12 25 MIN   130
2022 09 21 19 06 MAX   271
2022 09 22 01 29 MIN   136
2022 09 22 07 14 MAX   239
2022 09 22 13 08 MIN   109
2022 09 22 19 39 MAX   290
2022 09 23 01 52 MIN   116
2022 09 23 07 46 MAX   260
2022 09 23 13 43 MIN    90
2022 09 23 20 08 MAX   307
2022 09 24 02 14 MIN    97
2022 09 24 08 16 MAX   280
2022 09 24 14 15 MIN    72
2022 09 24 20 36 MAX   322
2022 09 25 02 37 MIN    79
2022 09 25 08 47 MAX   300
2022 09 25 14 45 MIN    59
2022 09 25 21 04 MAX   334
2022 09 26 03 03 MIN    62
2022 09 26 09 19 MAX   317
2022 09 26 15 17 MIN    50
2022 09 26 21 34 MAX   340
2022 09 27 03 31 MIN    48
2022 09 27 09 52 MAX   330
2022 09 27 15 51 MIN    48
2022 09 27 22 05 MAX   339
2022 09 28 04 01 MIN    41
2022 09 28 10 27 MAX   337
2022 09 28 16 26 MIN    55
2022 09 28 22 37 MAX   329
2022 09 29 04 32 MIN    42
2022 09 29 11 03 MAX   334
2022 09 29 17 03 MIN    72
2022 09 29 23 10 MAX   311
2022 09 30 05 05 MIN    52
2022 09 30 11 41 MAX   322
2022 09 30 17 42 MIN    98
2022 09 30 23 44 MAX   285
2022 10 01 05 41 MIN    71
2022 10 01 12 24 MAX   303
2022 10 01 18 30 MIN   128
2022 10 02 00 23 MAX   256
2022 10 02 06 24 MIN    95
2022 10 02 13 19 MAX   278
2022 10 02 19 37 MIN   157
2022 10 03 01 17 MAX   227
2022 10 03 07 25 MIN   120
2022 10 03 14 55 MAX   260
2022 10 03 21 54 MIN   168
2022 10 04 03 10 MAX   209
2022 10 04 09 14 MIN   134
2022 10 04 17 09 MAX   266
2022 10 04 23 49 MIN   148
2022 10 05 05 18 MAX   223
2022 10 05 11 11 MIN   123
2022 10 05 18 23 MAX   289
2022 10 06 00 40 MIN   119
2022 10 06 06 27 MAX   252
2022 10 06 12 23 MIN    97
2022 10 06 19 10 MAX   313
2022 10 07 01 17 MIN    89
2022 10 07 07 15 MAX   284
2022 10 07 13 14 MIN    71
2022 10 07 19 49 MAX   331
2022 10 08 01 52 MIN    63
2022 10 08 07 57 MAX   311
2022 10 08 13 56 MIN    51
2022 10 08 20 25 MAX   343
2022 10 09 02 25 MIN    43
2022 10 09 08 37 MAX   331
2022 10 09 14 36 MIN    41
2022 10 09 21 00 MAX   344
2022 10 10 02 58 MIN    32
2022 10 10 09 15 MAX   342
2022 10 10 15 12 MIN    41
2022 10 10 21 32 MAX   337
2022 10 11 03 30 MIN    30
2022 10 11 09 51 MAX   344
2022 10 11 15 47 MIN    52
2022 10 11 22 02 MAX   321
2022 10 12 04 00 MIN    37
2022 10 12 10 25 MAX   337
2022 10 12 16 21 MIN    69
2022 10 12 22 30 MAX   300
2022 10 13 04 28 MIN    51
2022 10 13 10 58 MAX   324
2022 10 13 16 52 MIN    92
2022 10 13 22 53 MAX   277
2022 10 14 04 54 MIN    69
2022 10 14 11 29 MAX   306
2022 10 14 17 23 MIN   115
2022 10 14 23 13 MAX   255
2022 10 15 05 20 MIN    88
2022 10 15 12 01 MAX   286
2022 10 15 17 56 MIN   139
2022 10 15 23 33 MAX   234
2022 10 16 05 48 MIN   110
2022 10 16 12 40 MAX   264
2022 10 16 18 38 MIN   161
2022 10 16 23 55 MAX   214
2022 10 17 06 28 MIN   131
2022 10 17 13 41 MAX   243
2022 10 17 20 04 MIN   178
2022 10 18 00 37 MAX   193
2022 10 18 07 55 MIN   151
2022 10 18 15 40 MAX   234
2022 10 18 23 38 MIN   170
2022 10 19 04 53 MAX   190
2022 10 19 10 22 MIN   151
2022 10 19 17 27 MAX   244
2022 10 20 00 24 MIN   150
2022 10 20 06 07 MAX   211
2022 10 20 11 44 MIN   135
2022 10 20 18 20 MAX   260
2022 10 21 00 49 MIN   129
2022 10 21 06 45 MAX   234
2022 10 21 12 32 MIN   115
2022 10 21 18 56 MAX   277
2022 10 22 01 11 MIN   107
2022 10 22 07 17 MAX   258
2022 10 22 13 10 MIN    95
2022 10 22 19 27 MAX   294
2022 10 23 01 34 MIN    85
2022 10 23 07 48 MAX   283
2022 10 23 13 44 MIN    76
2022 10 23 19 58 MAX   309
2022 10 24 02 00 MIN    63
2022 10 24 08 20 MAX   307
2022 10 24 14 18 MIN    61
2022 10 24 20 29 MAX   320
2022 10 25 02 28 MIN    42
2022 10 25 08 55 MAX   329
2022 10 25 14 54 MIN    51
2022 10 25 21 03 MAX   326
2022 10 26 02 59 MIN    27
2022 10 26 09 31 MAX   345
2022 10 26 15 31 MIN    49
2022 10 26 21 37 MAX   324
2022 10 27 03 33 MIN    21
2022 10 27 10 09 MAX   352
2022 10 27 16 10 MIN    57
2022 10 27 22 13 MAX   314
2022 10 28 04 08 MIN    24
2022 10 28 10 49 MAX   348
2022 10 28 16 51 MIN    74
2022 10 28 22 50 MAX   296
2022 10 29 04 46 MIN    38
2022 10 29 11 31 MAX   333
2022 10 29 17 36 MIN    98
2022 10 29 23 30 MAX   271
2022 10 30 05 27 MIN    60
2022 10 30 12 19 MAX   310
2022 10 30 18 30 MIN   125
2022 10 31 00 17 MAX   243
2022 10 31 06 17 MIN    87
2022 10 31 13 22 MAX   284
2022 10 31 19 49 MIN   146
2022 11 01 01 26 MAX   219
2022 11 01 07 28 MIN   113
2022 11 01 14 55 MAX   267
2022 11 01 21 47 MIN   147
2022 11 02 03 20 MAX   211
2022 11 02 09 12 MIN   125
2022 11 02 16 39 MAX   268
2022 11 02 23 16 MIN   128
2022 11 03 05 03 MAX   228
2022 11 03 10 53 MIN   117
2022 11 03 17 49 MAX   281
2022 11 04 00 08 MIN   102
2022 11 04 06 08 MAX   255
2022 11 04 12 02 MIN    99
2022 11 04 18 39 MAX   293
2022 11 05 00 46 MIN    77
2022 11 05 06 56 MAX   282
2022 11 05 12 53 MIN    82
2022 11 05 19 19 MAX   302
2022 11 06 01 22 MIN    56
2022 11 06 07 38 MAX   304
2022 11 06 13 36 MIN    69
2022 11 06 19 55 MAX   306
2022 11 07 01 55 MIN    41
2022 11 07 08 18 MAX   321
2022 11 07 14 16 MIN    63
2022 11 07 20 30 MAX   304
2022 11 08 02 28 MIN    33
2022 11 08 08 54 MAX   331
2022 11 08 14 52 MIN    63
2022 11 08 21 02 MAX   298
2022 11 09 03 00 MIN    32
2022 11 09 09 30 MAX   334
2022 11 09 15 28 MIN    69
2022 11 09 21 32 MAX   288
2022 11 10 03 30 MIN    37
2022 11 10 10 03 MAX   330
2022 11 10 16 02 MIN    79
2022 11 10 22 00 MAX   275
2022 11 11 04 00 MIN    47
2022 11 11 10 35 MAX   321
2022 11 11 16 35 MIN    93
2022 11 11 22 26 MAX   261
2022 11 12 04 29 MIN    60
2022 11 12 11 08 MAX   308
2022 11 12 17 08 MIN   108
2022 11 12 22 52 MAX   246
2022 11 13 04 59 MIN    76
2022 11 13 11 42 MAX   291
2022 11 13 17 43 MIN   125
2022 11 13 23 19 MAX   230
2022 11 14 05 32 MIN    95
2022 11 14 12 21 MAX   272
2022 11 14 18 27 MIN   141
2022 11 14 23 53 MAX   213
2022 11 15 06 15 MIN   114
2022 11 15 13 12 MAX   254
2022 11 15 19 31 MIN   154
2022 11 16 00 49 MAX   196
2022 11 16 07 21 MIN   132
2022 11 16 14 26 MAX   240
2022 11 16 21 17 MIN   156
2022 11 17 03 06 MAX   188
2022 11 17 09 01 MIN   141
2022 11 17 15 56 MAX   237
2022 11 17 22 54 MIN   143
2022 11 18 05 01 MAX   201
2022 11 18 10 35 MIN   135
2022 11 18 17 08 MAX   244
2022 11 18 23 42 MIN   124
2022 11 19 05 58 MAX   223
2022 11 19 11 41 MIN   121
2022 11 19 17 58 MAX   257
2022 11 20 00 15 MIN   101
2022 11 20 06 38 MAX   249
2022 11 20 12 30 MIN   103
2022 11 20 18 39 MAX   270
2022 11 21 00 47 MIN    77
2022 11 21 07 16 MAX   277
2022 11 21 13 13 MIN    85
2022 11 21 19 18 MAX   284
2022 11 22 01 20 MIN    53
2022 11 22 07 54 MAX   304
2022 11 22 13 54 MIN    69
2022 11 22 19 56 MAX   295
2022 11 23 01 56 MIN    32
2022 11 23 08 34 MAX   328
2022 11 23 14 35 MIN    58
2022 11 23 20 36 MAX   301
2022 11 24 02 33 MIN    17
2022 11 24 09 15 MAX   346
2022 11 24 15 18 MIN    54
2022 11 24 21 16 MAX   302
2022 11 25 03 13 MIN    10
2022 11 25 09 58 MAX   354
2022 11 25 16 01 MIN    58
2022 11 25 21 58 MAX   296
2022 11 26 03 55 MIN    13
2022 11 26 10 42 MAX   352
2022 11 26 16 47 MIN    69
2022 11 26 22 41 MAX   283
2022 11 27 04 39 MIN    24
2022 11 27 11 30 MAX   339
2022 11 27 17 37 MIN    85
2022 11 27 23 28 MAX   265
2022 11 28 05 27 MIN    44
2022 11 28 12 21 MAX   319
2022 11 28 18 33 MIN   102
2022 11 29 00 22 MAX   245
2022 11 29 06 22 MIN    67
2022 11 29 13 20 MAX   297
2022 11 29 19 41 MIN   115
2022 11 30 01 31 MAX   228
2022 11 30 07 27 MIN    91
2022 11 30 14 29 MAX   276
2022 11 30 21 02 MIN   118
2022 12 01 02 56 MAX   221
2022 12 01 08 46 MIN   108
2022 12 01 15 47 MAX   264
2022 12 01 22 21 MIN   109
2022 12 02 04 25 MAX   229
2022 12 02 10 13 MIN   114
2022 12 02 16 59 MAX   259
2022 12 02 23 22 MIN    94
2022 12 03 05 37 MAX   246
2022 12 03 11 30 MIN   110
2022 12 03 17 58 MAX   259
2022 12 04 00 09 MIN    77
2022 12 04 06 32 MAX   265
2022 12 04 12 31 MIN   102
2022 12 04 18 46 MAX   260
2022 12 05 00 50 MIN    63
2022 12 05 07 19 MAX   283
2022 12 05 13 19 MIN    94
2022 12 05 19 26 MAX   261
2022 12 06 01 27 MIN    52
2022 12 06 08 00 MAX   298
2022 12 06 14 02 MIN    87
2022 12 06 20 04 MAX   261
2022 12 07 02 03 MIN    44
2022 12 07 08 38 MAX   309
2022 12 07 14 40 MIN    82
2022 12 07 20 38 MAX   261
2022 12 08 02 37 MIN    40
2022 12 08 09 15 MAX   315
2022 12 08 15 17 MIN    80
2022 12 08 21 11 MAX   259
2022 12 09 03 12 MIN    40
2022 12 09 09 49 MAX   317
2022 12 09 15 52 MIN    82
2022 12 09 21 43 MAX   256
2022 12 10 03 45 MIN    43
2022 12 10 10 23 MAX   315
2022 12 10 16 26 MIN    86
2022 12 10 22 14 MAX   252
2022 12 11 04 19 MIN    50
2022 12 11 10 56 MAX   308
2022 12 11 17 00 MIN    93
2022 12 11 22 45 MAX   244
2022 12 12 04 52 MIN    60
2022 12 12 11 30 MAX   297
2022 12 12 17 34 MIN   102
2022 12 12 23 18 MAX   234
2022 12 13 05 28 MIN    72
2022 12 13 12 07 MAX   283
2022 12 13 18 12 MIN   112
2022 12 13 23 56 MAX   222
2022 12 14 06 07 MIN    88
2022 12 14 12 47 MAX   268
2022 12 14 18 56 MIN   120
2022 12 15 00 43 MAX   209
2022 12 15 06 54 MIN   104
2022 12 15 13 34 MAX   253
2022 12 15 19 51 MIN   126
2022 12 16 01 50 MAX   200
2022 12 16 07 55 MIN   118
2022 12 16 14 31 MAX   241
2022 12 16 20 58 MIN   124
2022 12 17 03 18 MAX   201
2022 12 17 09 12 MIN   126
2022 12 17 15 39 MAX   234
2022 12 17 22 07 MIN   114
2022 12 18 04 44 MAX   214
2022 12 18 10 35 MIN   124
2022 12 18 16 47 MAX   235
2022 12 18 23 04 MIN    97
2022 12 19 05 50 MAX   236
2022 12 19 11 45 MIN   114
2022 12 19 17 47 MAX   242
2022 12 19 23 55 MIN    77
2022 12 20 06 44 MAX   263
2022 12 20 12 44 MIN    99
2022 12 20 18 41 MAX   252
2022 12 21 00 43 MIN    55
2022 12 21 07 33 MAX   291
2022 12 21 13 36 MIN    83
2022 12 21 19 30 MAX   264
2022 12 22 01 30 MIN    35
2022 12 22 08 20 MAX   318
2022 12 22 14 25 MIN    69
2022 12 22 20 18 MAX   275
2022 12 23 02 17 MIN    17
2022 12 23 09 07 MAX   339
2022 12 23 15 13 MIN    58
2022 12 23 21 05 MAX   283
2022 12 24 03 04 MIN     4
2022 12 24 09 54 MAX   353
2022 12 24 15 59 MIN    52
2022 12 24 21 52 MAX   287
2022 12 25 03 52 MIN     0
2022 12 25 10 40 MAX   357
2022 12 25 16 45 MIN    52
2022 12 25 22 39 MAX   285
2022 12 26 04 39 MIN     4
2022 12 26 11 27 MAX   350
2022 12 26 17 32 MIN    57
2022 12 26 23 28 MAX   277
2022 12 27 05 27 MIN    17
2022 12 27 12 13 MAX   334
2022 12 27 18 21 MIN    67
2022 12 28 00 19 MAX   264
2022 12 28 06 16 MIN    39
2022 12 28 13 01 MAX   310
2022 12 28 19 12 MIN    78
2022 12 29 01 14 MAX   249
2022 12 29 07 07 MIN    66
2022 12 29 13 50 MAX   283
2022 12 29 20 08 MIN    89
2022 12 30 02 17 MAX   235
2022 12 30 08 06 MIN    94
2022 12 30 14 45 MAX   255
2022 12 30 21 12 MIN    95
2022 12 31 03 31 MAX   227
2022 12 31 09 18 MIN   117
2022 12 31 15 51 MAX   233
2022 12 31 22 20 MIN    95
