 <API - 조위예측극치자료>

대상조위관측소 : 여수
위도(WGS84) : N 127.7656
경도(WGS84) : E 34.7472
관측기관 : 20201221 ~ 20220101

2020 12 21 01 21 MAX   217
2020 12 21 07 11 MIN    98
2020 12 21 14 00 MAX   250
2020 12 21 20 27 MIN   119
2020 12 22 02 24 MAX   206
2020 12 22 08 07 MIN   119
2020 12 22 14 56 MAX   230
2020 12 22 21 35 MIN   120
2020 12 23 03 42 MAX   204
2020 12 23 09 22 MIN   132
2020 12 23 16 06 MAX   219
2020 12 23 22 42 MIN   113
2020 12 24 05 03 MAX   212
2020 12 24 10 50 MIN   135
2020 12 24 17 16 MAX   216
2020 12 24 23 37 MIN   101
2020 12 25 06 06 MAX   229
2020 12 25 12 05 MIN   127
2020 12 25 18 11 MAX   220
2020 12 26 00 21 MIN    87
2020 12 26 06 55 MAX   248
2020 12 26 12 59 MIN   116
2020 12 26 18 56 MAX   227
2020 12 27 01 01 MIN    72
2020 12 27 07 36 MAX   267
2020 12 27 13 42 MIN   103
2020 12 27 19 35 MAX   237
2020 12 28 01 38 MIN    59
2020 12 28 08 15 MAX   286
2020 12 28 14 20 MIN    91
2020 12 28 20 12 MAX   247
2020 12 29 02 14 MIN    47
2020 12 29 08 51 MAX   302
2020 12 29 14 56 MIN    80
2020 12 29 20 48 MAX   255
2020 12 30 02 51 MIN    36
2020 12 30 09 28 MAX   315
2020 12 30 15 31 MIN    72
2020 12 30 21 24 MAX   262
2020 12 31 03 27 MIN    29
2020 12 31 10 04 MAX   324
2020 12 31 16 06 MIN    67
2020 12 31 22 02 MAX   265
2021 01 01 04 05 MIN    26
2021 01 01 10 41 MAX   328
2021 01 01 16 42 MIN    66
2021 01 01 22 39 MAX   264
2021 01 02 04 43 MIN    27
2021 01 02 11 19 MAX   325
2021 01 02 17 20 MIN    68
2021 01 02 23 20 MAX   259
2021 01 03 05 24 MIN    35
2021 01 03 11 59 MAX   316
2021 01 03 18 02 MIN    73
2021 01 04 00 04 MAX   252
2021 01 04 06 07 MIN    49
2021 01 04 12 42 MAX   302
2021 01 04 18 46 MIN    79
2021 01 05 00 54 MAX   242
2021 01 05 06 56 MIN    67
2021 01 05 13 28 MAX   283
2021 01 05 19 38 MIN    85
2021 01 06 01 54 MAX   234
2021 01 06 07 56 MIN    87
2021 01 06 14 22 MAX   264
2021 01 06 20 39 MIN    88
2021 01 07 03 09 MAX   230
2021 01 07 09 10 MIN   103
2021 01 07 15 28 MAX   247
2021 01 07 21 48 MIN    86
2021 01 08 04 37 MAX   237
2021 01 08 10 37 MIN   110
2021 01 08 16 44 MAX   238
2021 01 08 23 00 MIN    76
2021 01 09 05 59 MAX   255
2021 01 09 12 00 MIN   104
2021 01 09 17 58 MAX   240
2021 01 10 00 06 MIN    61
2021 01 10 07 05 MAX   279
2021 01 10 13 09 MIN    89
2021 01 10 19 01 MAX   248
2021 01 11 01 05 MIN    44
2021 01 11 08 00 MAX   304
2021 01 11 14 04 MIN    72
2021 01 11 19 56 MAX   260
2021 01 12 01 58 MIN    27
2021 01 12 08 49 MAX   324
2021 01 12 14 53 MIN    57
2021 01 12 20 45 MAX   272
2021 01 13 02 46 MIN    14
2021 01 13 09 34 MAX   338
2021 01 13 15 36 MIN    47
2021 01 13 21 30 MAX   279
2021 01 14 03 30 MIN     7
2021 01 14 10 15 MAX   343
2021 01 14 16 16 MIN    43
2021 01 14 22 12 MAX   281
2021 01 15 04 11 MIN     7
2021 01 15 10 53 MAX   338
2021 01 15 16 55 MIN    46
2021 01 15 22 51 MAX   277
2021 01 16 04 49 MIN    16
2021 01 16 11 29 MAX   325
2021 01 16 17 31 MIN    55
2021 01 16 23 29 MAX   267
2021 01 17 05 25 MIN    32
2021 01 17 12 02 MAX   305
2021 01 17 18 06 MIN    67
2021 01 18 00 05 MAX   253
2021 01 18 05 58 MIN    53
2021 01 18 12 33 MAX   281
2021 01 18 18 40 MIN    80
2021 01 19 00 42 MAX   238
2021 01 19 06 32 MIN    76
2021 01 19 13 02 MAX   257
2021 01 19 19 17 MIN    93
2021 01 20 01 23 MAX   224
2021 01 20 07 10 MIN   100
2021 01 20 13 33 MAX   234
2021 01 20 20 00 MIN   103
2021 01 21 02 16 MAX   212
2021 01 21 07 59 MIN   122
2021 01 21 14 14 MAX   213
2021 01 21 20 59 MIN   109
2021 01 22 03 31 MAX   206
2021 01 22 09 15 MIN   139
2021 01 22 15 25 MAX   198
2021 01 22 22 14 MIN   109
2021 01 23 05 05 MAX   212
2021 01 23 11 07 MIN   142
2021 01 23 17 05 MAX   194
2021 01 23 23 28 MIN   101
2021 01 24 06 22 MAX   228
2021 01 24 12 40 MIN   131
2021 01 24 18 22 MAX   202
2021 01 25 00 29 MIN    88
2021 01 25 07 17 MAX   250
2021 01 25 13 34 MIN   115
2021 01 25 19 15 MAX   215
2021 01 26 01 19 MIN    71
2021 01 26 08 01 MAX   272
2021 01 26 14 13 MIN    97
2021 01 26 19 58 MAX   231
2021 01 27 02 02 MIN    52
2021 01 27 08 40 MAX   294
2021 01 27 14 47 MIN    80
2021 01 27 20 38 MAX   248
2021 01 28 02 41 MIN    34
2021 01 28 09 17 MAX   315
2021 01 28 15 21 MIN    64
2021 01 28 21 16 MAX   264
2021 01 29 03 19 MIN    17
2021 01 29 09 53 MAX   331
2021 01 29 15 54 MIN    50
2021 01 29 21 54 MAX   277
2021 01 30 03 56 MIN     6
2021 01 30 10 29 MAX   342
2021 01 30 16 29 MIN    40
2021 01 30 22 33 MAX   285
2021 01 31 04 34 MIN     2
2021 01 31 11 05 MAX   343
2021 01 31 17 04 MIN    35
2021 01 31 23 13 MAX   288
2021 02 01 05 13 MIN     7
2021 02 01 11 42 MAX   335
2021 02 01 17 41 MIN    36
2021 02 01 23 54 MAX   284
2021 02 02 05 54 MIN    23
2021 02 02 12 20 MAX   318
2021 02 02 18 21 MIN    43
2021 02 03 00 38 MAX   273
2021 02 03 06 38 MIN    48
2021 02 03 12 59 MAX   292
2021 02 03 19 03 MIN    55
2021 02 04 01 28 MAX   258
2021 02 04 07 29 MIN    78
2021 02 04 13 44 MAX   262
2021 02 04 19 53 MIN    70
2021 02 05 02 31 MAX   242
2021 02 05 08 35 MIN   107
2021 02 05 14 41 MAX   233
2021 02 05 20 58 MIN    83
2021 02 06 04 02 MAX   233
2021 02 06 10 12 MIN   126
2021 02 06 16 04 MAX   212
2021 02 06 22 22 MIN    89
2021 02 07 05 49 MAX   242
2021 02 07 12 01 MIN   122
2021 02 07 17 43 MAX   211
2021 02 07 23 51 MIN    81
2021 02 08 07 07 MAX   265
2021 02 08 13 16 MIN   102
2021 02 08 18 58 MAX   225
2021 02 09 01 03 MIN    62
2021 02 09 08 01 MAX   291
2021 02 09 14 06 MIN    79
2021 02 09 19 54 MAX   246
2021 02 10 01 57 MIN    40
2021 02 10 08 45 MAX   313
2021 02 10 14 47 MIN    58
2021 02 10 20 40 MAX   265
2021 02 11 02 41 MIN    21
2021 02 11 09 24 MAX   329
2021 02 11 15 24 MIN    42
2021 02 11 21 21 MAX   281
2021 02 12 03 21 MIN     9
2021 02 12 09 59 MAX   336
2021 02 12 15 58 MIN    33
2021 02 12 21 58 MAX   289
2021 02 13 03 57 MIN     5
2021 02 13 10 32 MAX   334
2021 02 13 16 30 MIN    31
2021 02 13 22 33 MAX   291
2021 02 14 04 30 MIN    10
2021 02 14 11 02 MAX   324
2021 02 14 17 00 MIN    35
2021 02 14 23 05 MAX   286
2021 02 15 05 01 MIN    23
2021 02 15 11 28 MAX   307
2021 02 15 17 29 MIN    44
2021 02 15 23 36 MAX   276
2021 02 16 05 30 MIN    41
2021 02 16 11 53 MAX   287
2021 02 16 17 56 MIN    56
2021 02 17 00 07 MAX   263
2021 02 17 05 59 MIN    63
2021 02 17 12 15 MAX   265
2021 02 17 18 24 MIN    69
2021 02 18 00 39 MAX   249
2021 02 18 06 30 MIN    87
2021 02 18 12 39 MAX   242
2021 02 18 18 55 MIN    83
2021 02 19 01 19 MAX   233
2021 02 19 07 07 MIN   111
2021 02 19 13 07 MAX   220
2021 02 19 19 36 MIN    98
2021 02 20 02 14 MAX   218
2021 02 20 08 02 MIN   135
2021 02 20 13 51 MAX   198
2021 02 20 20 42 MIN   112
2021 02 21 03 45 MAX   209
2021 02 21 09 49 MIN   151
2021 02 21 15 37 MAX   181
2021 02 21 22 22 MIN   116
2021 02 22 05 43 MAX   217
2021 02 22 12 28 MIN   143
2021 02 22 17 52 MAX   186
2021 02 22 23 57 MIN   105
2021 02 23 06 57 MAX   240
2021 02 23 13 26 MIN   123
2021 02 23 19 00 MAX   205
2021 02 24 01 00 MIN    83
2021 02 24 07 45 MAX   266
2021 02 24 14 00 MIN   100
2021 02 24 19 45 MAX   228
2021 02 25 01 46 MIN    58
2021 02 25 08 23 MAX   293
2021 02 25 14 30 MIN    77
2021 02 25 20 25 MAX   253
2021 02 26 02 25 MIN    32
2021 02 26 08 58 MAX   319
2021 02 26 15 01 MIN    53
2021 02 26 21 02 MAX   278
2021 02 27 03 03 MIN     9
2021 02 27 09 33 MAX   340
2021 02 27 15 33 MIN    31
2021 02 27 21 41 MAX   300
2021 02 28 03 41 MIN    -8
2021 02 28 10 08 MAX   354
2021 02 28 16 06 MIN    14
2021 02 28 22 19 MAX   316
2021 03 01 04 19 MIN   -14
2021 03 01 10 43 MAX   356
2021 03 01 16 41 MIN     6
2021 03 01 22 58 MAX   322
2021 03 02 04 58 MIN    -6
2021 03 02 11 19 MAX   346
2021 03 02 17 16 MIN     7
2021 03 02 23 38 MAX   318
2021 03 03 05 37 MIN    15
2021 03 03 11 55 MAX   323
2021 03 03 17 53 MIN    19
2021 03 04 00 20 MAX   303
2021 03 04 06 20 MIN    46
2021 03 04 12 32 MAX   291
2021 03 04 18 33 MIN    39
2021 03 05 01 06 MAX   280
2021 03 05 07 08 MIN    83
2021 03 05 13 12 MAX   255
2021 03 05 19 18 MIN    65
2021 03 06 02 04 MAX   253
2021 03 06 08 13 MIN   119
2021 03 06 14 06 MAX   220
2021 03 06 20 18 MIN    90
2021 03 07 03 39 MAX   233
2021 03 07 10 07 MIN   140
2021 03 07 15 40 MAX   195
2021 03 07 21 56 MIN   106
2021 03 08 05 49 MAX   239
2021 03 08 12 15 MIN   129
2021 03 08 17 44 MAX   199
2021 03 08 23 49 MIN    99
2021 03 09 07 05 MAX   261
2021 03 09 13 17 MIN   104
2021 03 09 18 59 MAX   221
2021 03 10 01 01 MIN    76
2021 03 10 07 52 MAX   285
2021 03 10 13 56 MIN    79
2021 03 10 19 47 MAX   247
2021 03 11 01 49 MIN    52
2021 03 11 08 30 MAX   305
2021 03 11 14 30 MIN    57
2021 03 11 20 28 MAX   270
2021 03 12 02 28 MIN    33
2021 03 12 09 03 MAX   318
2021 03 12 15 01 MIN    40
2021 03 12 21 04 MAX   288
2021 03 13 03 03 MIN    20
2021 03 13 09 34 MAX   324
2021 03 13 15 31 MIN    29
2021 03 13 21 37 MAX   300
2021 03 14 03 35 MIN    15
2021 03 14 10 03 MAX   323
2021 03 14 15 59 MIN    25
2021 03 14 22 09 MAX   305
2021 03 15 04 05 MIN    19
2021 03 15 10 29 MAX   315
2021 03 15 16 27 MIN    26
2021 03 15 22 39 MAX   304
2021 03 16 04 34 MIN    29
2021 03 16 10 53 MAX   303
2021 03 16 16 52 MIN    32
2021 03 16 23 07 MAX   298
2021 03 17 05 02 MIN    44
2021 03 17 11 16 MAX   287
2021 03 17 17 17 MIN    42
2021 03 17 23 36 MAX   289
2021 03 18 05 30 MIN    62
2021 03 18 11 38 MAX   268
2021 03 18 17 42 MIN    56
2021 03 19 00 07 MAX   275
2021 03 19 06 01 MIN    84
2021 03 19 12 02 MAX   248
2021 03 19 18 11 MIN    72
2021 03 20 00 42 MAX   257
2021 03 20 06 36 MIN   108
2021 03 20 12 28 MAX   226
2021 03 20 18 46 MIN    92
2021 03 21 01 27 MAX   237
2021 03 21 07 23 MIN   133
2021 03 21 13 03 MAX   202
2021 03 21 19 38 MIN   112
2021 03 22 02 40 MAX   220
2021 03 22 08 51 MIN   154
2021 03 22 14 22 MAX   181
2021 03 22 21 16 MIN   125
2021 03 23 04 46 MAX   219
2021 03 23 11 56 MIN   150
2021 03 23 17 20 MAX   183
2021 03 23 23 16 MIN   118
2021 03 24 06 22 MAX   239
2021 03 24 12 57 MIN   127
2021 03 24 18 37 MAX   205
2021 03 25 00 31 MIN    95
2021 03 25 07 13 MAX   266
2021 03 25 13 29 MIN   101
2021 03 25 19 23 MAX   234
2021 03 26 01 20 MIN    66
2021 03 26 07 52 MAX   295
2021 03 26 13 59 MIN    73
2021 03 26 20 03 MAX   266
2021 03 27 02 01 MIN    36
2021 03 27 08 29 MAX   322
2021 03 27 14 30 MIN    43
2021 03 27 20 42 MAX   298
2021 03 28 02 41 MIN    10
2021 03 28 09 04 MAX   343
2021 03 28 15 04 MIN    17
2021 03 28 21 21 MAX   326
2021 03 29 03 20 MIN    -6
2021 03 29 09 41 MAX   355
2021 03 29 15 38 MIN    -2
2021 03 29 22 00 MAX   345
2021 03 30 04 00 MIN   -10
2021 03 30 10 17 MAX   355
2021 03 30 16 14 MIN   -10
2021 03 30 22 40 MAX   352
2021 03 31 04 40 MIN     1
2021 03 31 10 54 MAX   341
2021 03 31 16 50 MIN    -5
2021 03 31 23 21 MAX   345
2021 04 01 05 21 MIN    25
2021 04 01 11 31 MAX   316
2021 04 01 17 28 MIN    12
2021 04 02 00 04 MAX   325
2021 04 02 06 05 MIN    59
2021 04 02 12 09 MAX   282
2021 04 02 18 07 MIN    39
2021 04 03 00 50 MAX   296
2021 04 03 06 56 MIN    97
2021 04 03 12 51 MAX   245
2021 04 03 18 53 MIN    71
2021 04 04 01 49 MAX   264
2021 04 04 08 07 MIN   130
2021 04 04 13 48 MAX   212
2021 04 04 19 56 MIN   102
2021 04 05 03 27 MAX   241
2021 04 05 10 14 MIN   143
2021 04 05 15 40 MAX   193
2021 04 05 21 44 MIN   119
2021 04 06 05 31 MAX   243
2021 04 06 12 02 MIN   128
2021 04 06 17 40 MAX   204
2021 04 06 23 38 MIN   111
2021 04 07 06 42 MAX   260
2021 04 07 12 54 MIN   105
2021 04 07 18 45 MAX   229
2021 04 08 00 44 MIN    91
2021 04 08 07 26 MAX   277
2021 04 08 13 30 MIN    82
2021 04 08 19 29 MAX   254
2021 04 09 01 29 MIN    71
2021 04 09 08 01 MAX   291
2021 04 09 14 00 MIN    62
2021 04 09 20 06 MAX   276
2021 04 10 02 06 MIN    55
2021 04 10 08 33 MAX   300
2021 04 10 14 30 MIN    46
2021 04 10 20 40 MAX   293
2021 04 11 02 39 MIN    44
2021 04 11 09 01 MAX   304
2021 04 11 14 58 MIN    35
2021 04 11 21 12 MAX   306
2021 04 12 03 10 MIN    39
2021 04 12 09 28 MAX   304
2021 04 12 15 25 MIN    30
2021 04 12 21 42 MAX   314
2021 04 13 03 40 MIN    40
2021 04 13 09 54 MAX   300
2021 04 13 15 51 MIN    29
2021 04 13 22 12 MAX   317
2021 04 14 04 09 MIN    46
2021 04 14 10 18 MAX   292
2021 04 14 16 17 MIN    33
2021 04 14 22 41 MAX   315
2021 04 15 04 37 MIN    57
2021 04 15 10 43 MAX   281
2021 04 15 16 43 MIN    41
2021 04 15 23 10 MAX   308
2021 04 16 05 07 MIN    71
2021 04 16 11 08 MAX   267
2021 04 16 17 10 MIN    55
2021 04 16 23 42 MAX   295
2021 04 17 05 40 MIN    90
2021 04 17 11 35 MAX   249
2021 04 17 17 40 MIN    72
2021 04 18 00 17 MAX   278
2021 04 18 06 16 MIN   111
2021 04 18 12 05 MAX   229
2021 04 18 18 16 MIN    92
2021 04 19 01 01 MAX   258
2021 04 19 07 04 MIN   134
2021 04 19 12 43 MAX   208
2021 04 19 19 06 MIN   113
2021 04 20 02 05 MAX   239
2021 04 20 08 24 MIN   151
2021 04 20 13 58 MAX   189
2021 04 20 20 34 MIN   128
2021 04 21 03 46 MAX   233
2021 04 21 10 39 MIN   149
2021 04 21 16 34 MAX   191
2021 04 21 22 28 MIN   125
2021 04 22 05 24 MAX   245
2021 04 22 11 59 MIN   128
2021 04 22 17 59 MAX   215
2021 04 22 23 49 MIN   104
2021 04 23 06 26 MAX   268
2021 04 23 12 41 MIN   100
2021 04 23 18 50 MAX   247
2021 04 24 00 46 MIN    76
2021 04 24 07 11 MAX   293
2021 04 24 13 18 MIN    69
2021 04 24 19 34 MAX   282
2021 04 25 01 32 MIN    49
2021 04 25 07 52 MAX   316
2021 04 25 13 54 MIN    38
2021 04 25 20 16 MAX   316
2021 04 26 02 16 MIN    26
2021 04 26 08 32 MAX   334
2021 04 26 14 31 MIN    12
2021 04 26 20 58 MAX   344
2021 04 27 02 58 MIN    13
2021 04 27 09 11 MAX   342
2021 04 27 15 09 MIN    -4
2021 04 27 21 40 MAX   363
2021 04 28 03 41 MIN    12
2021 04 28 09 51 MAX   339
2021 04 28 15 47 MIN    -9
2021 04 28 22 23 MAX   367
2021 04 29 04 24 MIN    24
2021 04 29 10 31 MAX   325
2021 04 29 16 27 MIN     0
2021 04 29 23 06 MAX   358
2021 04 30 05 09 MIN    47
2021 04 30 11 11 MAX   301
2021 04 30 17 07 MIN    21
2021 04 30 23 51 MAX   336
2021 05 01 05 56 MIN    76
2021 05 01 11 53 MAX   271
2021 05 01 17 50 MIN    49
2021 05 02 00 41 MAX   307
2021 05 02 06 52 MIN   107
2021 05 02 12 40 MAX   241
2021 05 02 18 40 MIN    81
2021 05 03 01 42 MAX   277
2021 05 03 08 06 MIN   131
2021 05 03 13 47 MAX   215
2021 05 03 19 46 MIN   109
2021 05 04 03 07 MAX   255
2021 05 04 09 49 MIN   138
2021 05 04 15 29 MAX   204
2021 05 04 21 21 MIN   126
2021 05 05 04 47 MAX   249
2021 05 05 11 19 MIN   127
2021 05 05 17 10 MAX   214
2021 05 05 23 01 MIN   124
2021 05 06 05 58 MAX   255
2021 05 06 12 13 MIN   110
2021 05 06 18 14 MAX   234
2021 05 07 00 10 MIN   111
2021 05 07 06 46 MAX   263
2021 05 07 12 51 MIN    91
2021 05 07 18 59 MAX   256
2021 05 08 00 58 MIN    97
2021 05 08 07 23 MAX   270
2021 05 08 13 23 MIN    75
2021 05 08 19 37 MAX   275
2021 05 09 01 37 MIN    85
2021 05 09 07 55 MAX   276
2021 05 09 13 53 MIN    61
2021 05 09 20 11 MAX   292
2021 05 10 02 11 MIN    76
2021 05 10 08 24 MAX   280
2021 05 10 14 22 MIN    50
2021 05 10 20 44 MAX   306
2021 05 11 02 44 MIN    70
2021 05 11 08 52 MAX   282
2021 05 11 14 50 MIN    44
2021 05 11 21 15 MAX   317
2021 05 12 03 16 MIN    68
2021 05 12 09 20 MAX   282
2021 05 12 15 18 MIN    41
2021 05 12 21 47 MAX   323
2021 05 13 03 46 MIN    69
2021 05 13 09 47 MAX   279
2021 05 13 15 46 MIN    43
2021 05 13 22 18 MAX   324
2021 05 14 04 18 MIN    75
2021 05 14 10 16 MAX   274
2021 05 14 16 16 MIN    49
2021 05 14 22 50 MAX   319
2021 05 15 04 50 MIN    85
2021 05 15 10 45 MAX   264
2021 05 15 16 47 MIN    61
2021 05 15 23 24 MAX   309
2021 05 16 05 26 MIN    98
2021 05 16 11 17 MAX   250
2021 05 16 17 21 MIN    76
2021 05 17 00 02 MAX   294
2021 05 17 06 05 MIN   114
2021 05 17 11 53 MAX   234
2021 05 17 18 01 MIN    93
2021 05 18 00 47 MAX   278
2021 05 18 06 55 MIN   130
2021 05 18 12 38 MAX   218
2021 05 18 18 54 MIN   110
2021 05 19 01 44 MAX   262
2021 05 19 08 04 MIN   141
2021 05 19 13 53 MAX   206
2021 05 19 20 09 MIN   123
2021 05 20 03 00 MAX   254
2021 05 20 09 33 MIN   139
2021 05 20 15 43 MAX   209
2021 05 20 21 41 MIN   124
2021 05 21 04 22 MAX   257
2021 05 21 10 50 MIN   122
2021 05 21 17 11 MAX   230
2021 05 21 23 03 MIN   111
2021 05 22 05 31 MAX   270
2021 05 22 11 47 MIN    97
2021 05 22 18 12 MAX   260
2021 05 23 00 08 MIN    92
2021 05 23 06 26 MAX   286
2021 05 23 12 33 MIN    69
2021 05 23 19 03 MAX   293
2021 05 24 01 03 MIN    71
2021 05 24 07 14 MAX   302
2021 05 24 13 17 MIN    43
2021 05 24 19 51 MAX   324
2021 05 25 01 53 MIN    54
2021 05 25 08 00 MAX   313
2021 05 25 14 00 MIN    21
2021 05 25 20 38 MAX   350
2021 05 26 02 40 MIN    44
2021 05 26 08 45 MAX   319
2021 05 26 14 43 MIN     9
2021 05 26 21 24 MAX   365
2021 05 27 03 27 MIN    43
2021 05 27 09 29 MAX   317
2021 05 27 15 26 MIN     6
2021 05 27 22 10 MAX   369
2021 05 28 04 14 MIN    51
2021 05 28 10 12 MAX   307
2021 05 28 16 10 MIN    15
2021 05 28 22 56 MAX   361
2021 05 29 05 01 MIN    66
2021 05 29 10 57 MAX   290
2021 05 29 16 54 MIN    33
2021 05 29 23 43 MAX   343
2021 05 30 05 51 MIN    86
2021 05 30 11 43 MAX   269
2021 05 30 17 40 MIN    57
2021 05 31 00 33 MAX   318
2021 05 31 06 44 MIN   107
2021 05 31 12 34 MAX   247
2021 05 31 18 31 MIN    84
2021 06 01 01 27 MAX   292
2021 06 01 07 46 MIN   124
2021 06 01 13 36 MAX   229
2021 06 01 19 29 MIN   109
2021 06 02 02 30 MAX   269
2021 06 02 09 00 MIN   132
2021 06 02 14 53 MAX   219
2021 06 02 20 40 MIN   128
2021 06 03 03 42 MAX   253
2021 06 03 10 15 MIN   129
2021 06 03 16 17 MAX   222
2021 06 03 22 02 MIN   136
2021 06 04 04 53 MAX   246
2021 06 04 11 16 MIN   119
2021 06 04 17 28 MAX   234
2021 06 04 23 20 MIN   135
2021 06 05 05 51 MAX   245
2021 06 05 12 01 MIN   107
2021 06 05 18 22 MAX   251
2021 06 06 00 20 MIN   127
2021 06 06 06 35 MAX   248
2021 06 06 12 39 MIN    93
2021 06 06 19 05 MAX   268
2021 06 07 01 06 MIN   118
2021 06 07 07 12 MAX   252
2021 06 07 13 13 MIN    81
2021 06 07 19 42 MAX   285
2021 06 08 01 45 MIN   108
2021 06 08 07 45 MAX   257
2021 06 08 13 46 MIN    70
2021 06 08 20 18 MAX   301
2021 06 09 02 21 MIN   100
2021 06 09 08 18 MAX   263
2021 06 09 14 18 MIN    62
2021 06 09 20 52 MAX   313
2021 06 10 02 56 MIN    94
2021 06 10 08 51 MAX   268
2021 06 10 14 51 MIN    57
2021 06 10 21 26 MAX   322
2021 06 11 03 30 MIN    91
2021 06 11 09 23 MAX   270
2021 06 11 15 24 MIN    56
2021 06 11 22 01 MAX   327
2021 06 12 04 03 MIN    91
2021 06 12 09 57 MAX   270
2021 06 12 15 59 MIN    58
2021 06 12 22 36 MAX   326
2021 06 13 04 39 MIN    95
2021 06 13 10 31 MAX   265
2021 06 13 16 34 MIN    64
2021 06 13 23 13 MAX   321
2021 06 14 05 16 MIN   102
2021 06 14 11 08 MAX   257
2021 06 14 17 12 MIN    74
2021 06 14 23 52 MAX   311
2021 06 15 05 56 MIN   111
2021 06 15 11 48 MAX   247
2021 06 15 17 55 MIN    87
2021 06 16 00 35 MAX   299
2021 06 16 06 42 MIN   119
2021 06 16 12 37 MAX   237
2021 06 16 18 44 MIN   100
2021 06 17 01 24 MAX   286
2021 06 17 07 36 MIN   124
2021 06 17 13 40 MAX   231
2021 06 17 19 46 MIN   113
2021 06 18 02 21 MAX   275
2021 06 18 08 41 MIN   123
2021 06 18 14 59 MAX   233
2021 06 18 21 00 MIN   121
2021 06 19 03 28 MAX   268
2021 06 19 09 50 MIN   113
2021 06 19 16 23 MAX   246
2021 06 19 22 20 MIN   121
2021 06 20 04 37 MAX   268
2021 06 20 10 54 MIN    97
2021 06 20 17 35 MAX   268
2021 06 20 23 35 MIN   112
2021 06 21 05 42 MAX   273
2021 06 21 11 51 MIN    77
2021 06 21 18 37 MAX   295
2021 06 22 00 40 MIN   100
2021 06 22 06 41 MAX   281
2021 06 22 12 44 MIN    58
2021 06 22 19 33 MAX   321
2021 06 23 01 37 MIN    86
2021 06 23 07 34 MAX   289
2021 06 23 13 35 MIN    41
2021 06 23 20 25 MAX   343
2021 06 24 02 29 MIN    76
2021 06 24 08 25 MAX   296
2021 06 24 14 25 MIN    30
2021 06 24 21 15 MAX   359
2021 06 25 03 19 MIN    69
2021 06 25 09 14 MAX   300
2021 06 25 15 13 MIN    25
2021 06 25 22 02 MAX   365
2021 06 26 04 06 MIN    69
2021 06 26 10 01 MAX   298
2021 06 26 16 00 MIN    28
2021 06 26 22 48 MAX   362
2021 06 27 04 52 MIN    75
2021 06 27 10 47 MAX   291
2021 06 27 16 45 MIN    39
2021 06 27 23 33 MAX   349
2021 06 28 05 38 MIN    86
2021 06 28 11 33 MAX   279
2021 06 28 17 29 MIN    57
2021 06 29 00 16 MAX   329
2021 06 29 06 23 MIN    99
2021 06 29 12 19 MAX   264
2021 06 29 18 13 MIN    80
2021 06 30 00 59 MAX   304
2021 06 30 07 10 MIN   113
2021 06 30 13 08 MAX   248
2021 06 30 18 58 MIN   104
2021 07 01 01 42 MAX   279
2021 07 01 08 01 MIN   125
2021 07 01 14 04 MAX   235
2021 07 01 19 48 MIN   128
2021 07 02 02 29 MAX   256
2021 07 02 08 58 MIN   131
2021 07 02 15 10 MAX   229
2021 07 02 20 51 MIN   146
2021 07 03 03 26 MAX   238
2021 07 03 10 01 MIN   130
2021 07 03 16 25 MAX   231
2021 07 03 22 11 MIN   155
2021 07 04 04 32 MAX   229
2021 07 04 10 59 MIN   124
2021 07 04 17 35 MAX   242
2021 07 04 23 33 MIN   154
2021 07 05 05 36 MAX   228
2021 07 05 11 50 MIN   114
2021 07 05 18 30 MAX   258
2021 07 06 00 37 MIN   146
2021 07 06 06 28 MAX   233
2021 07 06 12 35 MIN   102
2021 07 06 19 16 MAX   275
2021 07 07 01 26 MIN   135
2021 07 07 07 12 MAX   241
2021 07 07 13 16 MIN    91
2021 07 07 19 57 MAX   292
2021 07 08 02 06 MIN   123
2021 07 08 07 52 MAX   251
2021 07 08 13 56 MIN    80
2021 07 08 20 35 MAX   307
2021 07 09 02 43 MIN   113
2021 07 09 08 30 MAX   261
2021 07 09 14 34 MIN    71
2021 07 09 21 12 MAX   320
2021 07 10 03 18 MIN   105
2021 07 10 09 07 MAX   269
2021 07 10 15 11 MIN    63
2021 07 10 21 48 MAX   330
2021 07 11 03 51 MIN    98
2021 07 11 09 44 MAX   274
2021 07 11 15 47 MIN    59
2021 07 11 22 24 MAX   335
2021 07 12 04 26 MIN    95
2021 07 12 10 22 MAX   276
2021 07 12 16 25 MIN    58
2021 07 12 23 01 MAX   336
2021 07 13 05 01 MIN    94
2021 07 13 11 01 MAX   275
2021 07 13 17 03 MIN    63
2021 07 13 23 38 MAX   331
2021 07 14 05 39 MIN    96
2021 07 14 11 42 MAX   272
2021 07 14 17 44 MIN    73
2021 07 15 00 17 MAX   321
2021 07 15 06 19 MIN    99
2021 07 15 12 27 MAX   266
2021 07 15 18 29 MIN    87
2021 07 16 00 59 MAX   306
2021 07 16 07 05 MIN   104
2021 07 16 13 19 MAX   260
2021 07 16 19 21 MIN   106
2021 07 17 01 46 MAX   288
2021 07 17 07 57 MIN   107
2021 07 17 14 22 MAX   256
2021 07 17 20 25 MIN   124
2021 07 18 02 41 MAX   270
2021 07 18 08 58 MIN   108
2021 07 18 15 41 MAX   257
2021 07 18 21 45 MIN   136
2021 07 19 03 51 MAX   257
2021 07 19 10 07 MIN   104
2021 07 19 17 08 MAX   269
2021 07 19 23 13 MIN   137
2021 07 20 05 08 MAX   253
2021 07 20 11 18 MIN    95
2021 07 20 18 24 MAX   289
2021 07 21 00 31 MIN   127
2021 07 21 06 20 MAX   258
2021 07 21 12 24 MIN    80
2021 07 21 19 27 MAX   313
2021 07 22 01 34 MIN   111
2021 07 22 07 22 MAX   270
2021 07 22 13 24 MIN    64
2021 07 22 20 21 MAX   335
2021 07 23 02 27 MIN    95
2021 07 23 08 16 MAX   284
2021 07 23 14 18 MIN    48
2021 07 23 21 10 MAX   353
2021 07 24 03 13 MIN    81
2021 07 24 09 05 MAX   296
2021 07 24 15 07 MIN    37
2021 07 24 21 54 MAX   363
2021 07 25 03 55 MIN    73
2021 07 25 09 51 MAX   302
2021 07 25 15 51 MIN    34
2021 07 25 22 35 MAX   363
2021 07 26 04 35 MIN    72
2021 07 26 10 34 MAX   302
2021 07 26 16 31 MIN    40
2021 07 26 23 13 MAX   353
2021 07 27 05 13 MIN    77
2021 07 27 11 14 MAX   295
2021 07 27 17 09 MIN    55
2021 07 27 23 48 MAX   334
2021 07 28 05 49 MIN    88
2021 07 28 11 53 MAX   283
2021 07 28 17 45 MIN    76
2021 07 29 00 20 MAX   309
2021 07 29 06 25 MIN   102
2021 07 29 12 31 MAX   268
2021 07 29 18 20 MIN   101
2021 07 30 00 50 MAX   283
2021 07 30 07 00 MIN   115
2021 07 30 13 11 MAX   253
2021 07 30 18 57 MIN   127
2021 07 31 01 18 MAX   259
2021 07 31 07 40 MIN   127
2021 07 31 14 00 MAX   241
2021 07 31 19 42 MIN   150
2021 08 01 01 52 MAX   237
2021 08 01 08 31 MIN   135
2021 08 01 15 07 MAX   233
2021 08 01 20 49 MIN   168
2021 08 02 02 48 MAX   221
2021 08 02 09 41 MIN   138
2021 08 02 16 37 MAX   236
2021 08 02 22 40 MIN   174
2021 08 03 04 27 MAX   213
2021 08 03 10 57 MIN   133
2021 08 03 17 59 MAX   249
2021 08 04 00 23 MIN   165
2021 08 04 05 55 MAX   219
2021 08 04 12 03 MIN   123
2021 08 04 18 58 MAX   267
2021 08 05 01 19 MIN   150
2021 08 05 06 52 MAX   231
2021 08 05 12 57 MIN   108
2021 08 05 19 43 MAX   286
2021 08 06 01 58 MIN   135
2021 08 06 07 37 MAX   246
2021 08 06 13 42 MIN    92
2021 08 06 20 22 MAX   305
2021 08 07 02 32 MIN   120
2021 08 07 08 17 MAX   261
2021 08 07 14 21 MIN    76
2021 08 07 20 58 MAX   323
2021 08 08 03 03 MIN   106
2021 08 08 08 55 MAX   276
2021 08 08 14 58 MIN    62
2021 08 08 21 32 MAX   338
2021 08 09 03 34 MIN    92
2021 08 09 09 32 MAX   288
2021 08 09 15 34 MIN    51
2021 08 09 22 06 MAX   348
2021 08 10 04 06 MIN    81
2021 08 10 10 09 MAX   298
2021 08 10 16 11 MIN    45
2021 08 10 22 41 MAX   353
2021 08 11 04 39 MIN    74
2021 08 11 10 48 MAX   304
2021 08 11 16 48 MIN    48
2021 08 11 23 17 MAX   349
2021 08 12 05 14 MIN    72
2021 08 12 11 28 MAX   304
2021 08 12 17 28 MIN    59
2021 08 12 23 53 MAX   336
2021 08 13 05 52 MIN    75
2021 08 13 12 10 MAX   298
2021 08 13 18 10 MIN    79
2021 08 14 00 30 MAX   315
2021 08 14 06 31 MIN    84
2021 08 14 12 56 MAX   287
2021 08 14 18 57 MIN   106
2021 08 15 01 11 MAX   289
2021 08 15 07 17 MIN    97
2021 08 15 13 52 MAX   273
2021 08 15 19 56 MIN   134
2021 08 16 02 01 MAX   261
2021 08 16 08 14 MIN   110
2021 08 16 15 11 MAX   262
2021 08 16 21 23 MIN   155
2021 08 17 03 15 MAX   239
2021 08 17 09 32 MIN   119
2021 08 17 16 59 MAX   264
2021 08 17 23 17 MIN   157
2021 08 18 04 55 MAX   233
2021 08 18 11 03 MIN   115
2021 08 18 18 29 MAX   284
2021 08 19 00 43 MIN   140
2021 08 19 06 20 MAX   244
2021 08 19 12 24 MIN   100
2021 08 19 19 30 MAX   309
2021 08 20 01 38 MIN   117
2021 08 20 07 22 MAX   264
2021 08 20 13 25 MIN    78
2021 08 20 20 18 MAX   332
2021 08 21 02 21 MIN    95
2021 08 21 08 12 MAX   285
2021 08 21 14 14 MIN    57
2021 08 21 20 59 MAX   349
2021 08 22 02 59 MIN    77
2021 08 22 08 56 MAX   303
2021 08 22 14 56 MIN    43
2021 08 22 21 36 MAX   358
2021 08 23 03 35 MIN    66
2021 08 23 09 36 MAX   314
2021 08 23 15 35 MIN    38
2021 08 23 22 11 MAX   357
2021 08 24 04 09 MIN    62
2021 08 24 10 14 MAX   316
2021 08 24 16 10 MIN    43
2021 08 24 22 43 MAX   347
2021 08 25 04 41 MIN    65
2021 08 25 10 49 MAX   312
2021 08 25 16 43 MIN    57
2021 08 25 23 12 MAX   329
2021 08 26 05 10 MIN    75
2021 08 26 11 21 MAX   302
2021 08 26 17 14 MIN    77
2021 08 26 23 37 MAX   307
2021 08 27 05 38 MIN    87
2021 08 27 11 53 MAX   288
2021 08 27 17 43 MIN   100
2021 08 27 23 58 MAX   283
2021 08 28 06 04 MIN   101
2021 08 28 12 25 MAX   273
2021 08 28 18 13 MIN   125
2021 08 29 00 19 MAX   260
2021 08 29 06 33 MIN   116
2021 08 29 13 03 MAX   257
2021 08 29 18 49 MIN   149
2021 08 30 00 42 MAX   239
2021 08 30 07 11 MIN   131
2021 08 30 13 56 MAX   243
2021 08 30 19 42 MIN   171
2021 08 31 01 19 MAX   218
2021 08 31 08 14 MIN   144
2021 08 31 15 28 MAX   234
2021 08 31 21 45 MIN   185
2021 09 01 03 07 MAX   202
2021 09 01 10 02 MIN   149
2021 09 01 17 29 MAX   242
2021 09 02 00 29 MIN   173
2021 09 02 05 40 MAX   208
2021 09 02 11 40 MIN   138
2021 09 02 18 41 MAX   262
2021 09 03 01 15 MIN   154
2021 09 03 06 44 MAX   226
2021 09 03 12 42 MIN   119
2021 09 03 19 25 MAX   283
2021 09 04 01 44 MIN   134
2021 09 04 07 26 MAX   246
2021 09 04 13 26 MIN    98
2021 09 04 20 01 MAX   306
2021 09 05 02 11 MIN   114
2021 09 05 08 03 MAX   268
2021 09 05 14 03 MIN    76
2021 09 05 20 34 MAX   327
2021 09 06 02 39 MIN    94
2021 09 06 08 38 MAX   289
2021 09 06 14 40 MIN    55
2021 09 06 21 07 MAX   345
2021 09 07 03 08 MIN    74
2021 09 07 09 15 MAX   310
2021 09 07 15 15 MIN    40
2021 09 07 21 41 MAX   358
2021 09 08 03 39 MIN    57
2021 09 08 09 52 MAX   326
2021 09 08 15 52 MIN    33
2021 09 08 22 15 MAX   361
2021 09 09 04 12 MIN    46
2021 09 09 10 31 MAX   335
2021 09 09 16 30 MIN    37
2021 09 09 22 50 MAX   355
2021 09 10 04 47 MIN    44
2021 09 10 11 10 MAX   335
2021 09 10 17 09 MIN    53
2021 09 10 23 26 MAX   336
2021 09 11 05 22 MIN    51
2021 09 11 11 51 MAX   325
2021 09 11 17 51 MIN    80
2021 09 12 00 02 MAX   309
2021 09 12 06 00 MIN    68
2021 09 12 12 36 MAX   306
2021 09 12 18 38 MIN   113
2021 09 13 00 42 MAX   277
2021 09 13 06 43 MIN    91
2021 09 13 13 31 MAX   282
2021 09 13 19 39 MIN   146
2021 09 14 01 31 MAX   244
2021 09 14 07 40 MIN   115
2021 09 14 14 57 MAX   262
2021 09 14 21 30 MIN   168
2021 09 15 03 00 MAX   219
2021 09 15 09 12 MIN   133
2021 09 15 17 09 MAX   263
2021 09 15 23 46 MIN   158
2021 09 16 05 09 MAX   220
2021 09 16 11 09 MIN   128
2021 09 16 18 32 MAX   284
2021 09 17 00 50 MIN   133
2021 09 17 06 29 MAX   242
2021 09 17 12 28 MIN   107
2021 09 17 19 23 MAX   307
2021 09 18 01 30 MIN   108
2021 09 18 07 20 MAX   268
2021 09 18 13 20 MIN    83
2021 09 18 20 02 MAX   326
2021 09 19 02 04 MIN    85
2021 09 19 08 02 MAX   292
2021 09 19 14 02 MIN    63
2021 09 19 20 37 MAX   338
2021 09 20 02 36 MIN    67
2021 09 20 08 40 MAX   310
2021 09 20 14 39 MIN    51
2021 09 20 21 10 MAX   343
2021 09 21 03 07 MIN    55
2021 09 21 09 16 MAX   322
2021 09 21 15 13 MIN    47
2021 09 21 21 40 MAX   341
2021 09 22 03 37 MIN    51
2021 09 22 09 49 MAX   326
2021 09 22 15 45 MIN    52
2021 09 22 22 08 MAX   330
2021 09 23 04 05 MIN    53
2021 09 23 10 21 MAX   324
2021 09 23 16 15 MIN    63
2021 09 23 22 33 MAX   315
2021 09 24 04 31 MIN    61
2021 09 24 10 50 MAX   316
2021 09 24 16 44 MIN    80
2021 09 24 22 55 MAX   297
2021 09 25 04 55 MIN    72
2021 09 25 11 20 MAX   305
2021 09 25 17 12 MIN   100
2021 09 25 23 15 MAX   277
2021 09 26 05 20 MIN    86
2021 09 26 11 49 MAX   291
2021 09 26 17 42 MIN   121
2021 09 26 23 36 MAX   257
2021 09 27 05 45 MIN   102
2021 09 27 12 24 MAX   273
2021 09 27 18 16 MIN   144
2021 09 28 00 00 MAX   237
2021 09 28 00 00 MAX   237
2021 09 28 06 18 MIN   121
2021 09 28 13 09 MAX   254
2021 09 28 19 04 MIN   167
2021 09 29 00 30 MAX   215
2021 09 29 07 09 MIN   141
2021 09 29 14 27 MAX   238
2021 09 29 20 55 MIN   183
2021 09 30 01 50 MAX   194
2021 09 30 09 02 MIN   154
2021 09 30 16 43 MAX   238
2021 10 01 00 15 MIN   170
2021 10 01 05 27 MAX   200
2021 10 01 11 07 MIN   146
2021 10 01 18 07 MAX   257
2021 10 02 00 50 MIN   149
2021 10 02 06 27 MAX   222
2021 10 02 12 14 MIN   124
2021 10 02 18 53 MAX   279
2021 10 03 01 13 MIN   126
2021 10 03 07 06 MAX   247
2021 10 03 12 59 MIN    99
2021 10 03 19 29 MAX   302
2021 10 04 01 38 MIN   101
2021 10 04 07 41 MAX   275
2021 10 04 13 38 MIN    74
2021 10 04 20 02 MAX   324
2021 10 05 02 06 MIN    75
2021 10 05 08 17 MAX   303
2021 10 05 14 15 MIN    51
2021 10 05 20 36 MAX   343
2021 10 06 02 36 MIN    50
2021 10 06 08 54 MAX   329
2021 10 06 14 53 MIN    35
2021 10 06 21 11 MAX   354
2021 10 07 03 09 MIN    30
2021 10 07 09 33 MAX   349
2021 10 07 15 32 MIN    29
2021 10 07 21 47 MAX   355
2021 10 08 03 44 MIN    19
2021 10 08 10 12 MAX   359
2021 10 08 16 12 MIN    36
2021 10 08 22 24 MAX   345
2021 10 09 04 20 MIN    21
2021 10 09 10 53 MAX   356
2021 10 09 16 53 MIN    55
2021 10 09 23 01 MAX   323
2021 10 10 04 57 MIN    34
2021 10 10 11 36 MAX   341
2021 10 10 17 37 MIN    85
2021 10 10 23 39 MAX   293
2021 10 11 05 36 MIN    57
2021 10 11 12 23 MAX   316
2021 10 11 18 28 MIN   119
2021 10 12 00 21 MAX   259
2021 10 12 06 21 MIN    87
2021 10 12 13 21 MAX   287
2021 10 12 19 39 MIN   149
2021 10 13 01 19 MAX   227
2021 10 13 07 23 MIN   117
2021 10 13 14 56 MAX   264
2021 10 13 21 50 MIN   161
2021 10 14 03 09 MAX   208
2021 10 14 09 09 MIN   136
2021 10 14 16 59 MAX   265
2021 10 14 23 40 MIN   144
2021 10 15 05 14 MAX   219
2021 10 15 11 06 MIN   129
2021 10 15 18 12 MAX   280
2021 10 16 00 31 MIN   119
2021 10 16 06 21 MAX   244
2021 10 16 12 16 MIN   110
2021 10 16 18 59 MAX   295
2021 10 17 01 06 MIN    96
2021 10 17 07 06 MAX   269
2021 10 17 13 04 MIN    90
2021 10 17 19 36 MAX   307
2021 10 18 01 38 MIN    75
2021 10 18 07 44 MAX   291
2021 10 18 13 42 MIN    74
2021 10 18 20 08 MAX   314
2021 10 19 02 07 MIN    59
2021 10 19 08 19 MAX   308
2021 10 19 14 17 MIN    65
2021 10 19 20 38 MAX   315
2021 10 20 02 36 MIN    49
2021 10 20 08 52 MAX   320
2021 10 20 14 50 MIN    62
2021 10 20 21 06 MAX   312
2021 10 21 03 04 MIN    44
2021 10 21 09 24 MAX   326
2021 10 21 15 21 MIN    64
2021 10 21 21 33 MAX   304
2021 10 22 03 31 MIN    45
2021 10 22 09 55 MAX   327
2021 10 22 15 51 MIN    72
2021 10 22 21 57 MAX   294
2021 10 23 03 56 MIN    50
2021 10 23 10 24 MAX   323
2021 10 23 16 20 MIN    83
2021 10 23 22 21 MAX   282
2021 10 24 04 21 MIN    59
2021 10 24 10 53 MAX   315
2021 10 24 16 50 MIN    97
2021 10 24 22 45 MAX   267
2021 10 25 04 48 MIN    72
2021 10 25 11 25 MAX   301
2021 10 25 17 21 MIN   115
2021 10 25 23 10 MAX   250
2021 10 26 05 17 MIN    89
2021 10 26 12 00 MAX   284
2021 10 26 17 58 MIN   134
2021 10 26 23 37 MAX   231
2021 10 27 05 51 MIN   109
2021 10 27 12 44 MAX   264
2021 10 27 18 46 MIN   154
2021 10 28 00 13 MAX   210
2021 10 28 06 39 MIN   129
2021 10 28 13 48 MAX   246
2021 10 28 20 15 MIN   169
2021 10 29 01 27 MAX   192
2021 10 29 08 10 MIN   145
2021 10 29 15 33 MAX   240
2021 10 29 22 53 MIN   162
2021 10 30 04 34 MAX   194
2021 10 30 10 11 MIN   142
2021 10 30 17 07 MAX   250
2021 10 30 23 52 MIN   140
2021 10 31 05 49 MAX   217
2021 10 31 11 30 MIN   124
2021 10 31 18 04 MAX   269
2021 11 01 00 25 MIN   115
2021 11 01 06 33 MAX   246
2021 11 01 12 23 MIN   100
2021 11 01 18 46 MAX   290
2021 11 02 00 56 MIN    86
2021 11 02 07 12 MAX   277
2021 11 02 13 08 MIN    75
2021 11 02 19 25 MAX   310
2021 11 03 01 29 MIN    57
2021 11 03 07 52 MAX   309
2021 11 03 13 50 MIN    53
2021 11 03 20 03 MAX   325
2021 11 04 02 04 MIN    31
2021 11 04 08 33 MAX   338
2021 11 04 14 33 MIN    39
2021 11 04 20 42 MAX   334
2021 11 05 02 41 MIN    12
2021 11 05 09 14 MAX   358
2021 11 05 15 15 MIN    35
2021 11 05 21 22 MAX   333
2021 11 06 03 19 MIN     3
2021 11 06 09 57 MAX   367
2021 11 06 15 58 MIN    42
2021 11 06 22 02 MAX   323
2021 11 07 03 59 MIN     7
2021 11 07 10 41 MAX   363
2021 11 07 16 43 MIN    59
2021 11 07 22 43 MAX   303
2021 11 08 04 40 MIN    23
2021 11 08 11 26 MAX   346
2021 11 08 17 31 MIN    84
2021 11 08 23 26 MAX   277
2021 11 09 05 24 MIN    48
2021 11 09 12 17 MAX   320
2021 11 09 18 26 MIN   111
2021 11 10 00 15 MAX   248
2021 11 10 06 14 MIN    78
2021 11 10 13 17 MAX   292
2021 11 10 19 39 MIN   133
2021 11 11 01 20 MAX   222
2021 11 11 07 18 MIN   106
2021 11 11 14 38 MAX   269
2021 11 11 21 21 MIN   140
2021 11 12 02 59 MAX   209
2021 11 12 08 50 MIN   125
2021 11 12 16 14 MAX   261
2021 11 12 22 55 MIN   129
2021 11 13 04 44 MAX   218
2021 11 13 10 30 MIN   126
2021 11 13 17 30 MAX   264
2021 11 13 23 52 MIN   110
2021 11 14 05 53 MAX   237
2021 11 14 11 45 MIN   116
2021 11 14 18 21 MAX   270
2021 11 15 00 31 MIN    91
2021 11 15 06 41 MAX   258
2021 11 15 12 37 MIN   103
2021 11 15 19 01 MAX   274
2021 11 16 01 04 MIN    74
2021 11 16 07 21 MAX   278
2021 11 16 13 18 MIN    92
2021 11 16 19 35 MAX   277
2021 11 17 01 35 MIN    60
2021 11 17 07 56 MAX   294
2021 11 17 13 55 MIN    84
2021 11 17 20 05 MAX   278
2021 11 18 02 04 MIN    50
2021 11 18 08 30 MAX   306
2021 11 18 14 29 MIN    78
2021 11 18 20 34 MAX   278
2021 11 19 02 34 MIN    44
2021 11 19 09 02 MAX   315
2021 11 19 15 02 MIN    77
2021 11 19 21 03 MAX   276
2021 11 20 03 02 MIN    42
2021 11 20 09 34 MAX   320
2021 11 20 15 33 MIN    78
2021 11 20 21 31 MAX   272
2021 11 21 03 31 MIN    44
2021 11 21 10 05 MAX   320
2021 11 21 16 05 MIN    83
2021 11 21 21 58 MAX   266
2021 11 22 04 01 MIN    50
2021 11 22 10 37 MAX   316
2021 11 22 16 37 MIN    91
2021 11 22 22 28 MAX   257
2021 11 23 04 32 MIN    60
2021 11 23 11 10 MAX   306
2021 11 23 17 12 MIN   103
2021 11 23 22 58 MAX   244
2021 11 24 05 05 MIN    74
2021 11 24 11 47 MAX   291
2021 11 24 17 50 MIN   117
2021 11 24 23 32 MAX   229
2021 11 25 05 43 MIN    90
2021 11 25 12 30 MAX   275
2021 11 25 18 36 MIN   131
2021 11 26 00 14 MAX   213
2021 11 26 06 30 MIN   107
2021 11 26 13 23 MAX   259
2021 11 26 19 40 MIN   141
2021 11 27 01 21 MAX   199
2021 11 27 07 38 MIN   122
2021 11 27 14 32 MAX   248
2021 11 27 21 05 MIN   140
2021 11 28 03 10 MAX   197
2021 11 28 09 07 MIN   127
2021 11 28 15 51 MAX   247
2021 11 28 22 26 MIN   126
2021 11 29 04 46 MAX   214
2021 11 29 10 33 MIN   119
2021 11 29 17 01 MAX   255
2021 11 29 23 23 MIN   103
2021 11 30 05 50 MAX   241
2021 11 30 11 42 MIN   103
2021 11 30 17 58 MAX   268
2021 12 01 00 09 MIN    76
2021 12 01 06 41 MAX   272
2021 12 01 12 38 MIN    83
2021 12 01 18 47 MAX   282
2021 12 02 00 52 MIN    49
2021 12 02 07 29 MAX   304
2021 12 02 13 29 MIN    65
2021 12 02 19 33 MAX   295
2021 12 03 01 34 MIN    25
2021 12 03 08 15 MAX   332
2021 12 03 14 17 MIN    52
2021 12 03 20 19 MAX   303
2021 12 04 02 18 MIN     8
2021 12 04 09 01 MAX   352
2021 12 04 15 04 MIN    45
2021 12 04 21 03 MAX   305
2021 12 05 03 02 MIN    -1
2021 12 05 09 48 MAX   362
2021 12 05 15 51 MIN    47
2021 12 05 21 48 MAX   300
2021 12 06 03 47 MIN     1
2021 12 06 10 35 MAX   360
2021 12 06 16 39 MIN    56
2021 12 06 22 34 MAX   289
2021 12 07 04 33 MIN    13
2021 12 07 11 22 MAX   348
2021 12 07 17 28 MIN    71
2021 12 07 23 21 MAX   272
2021 12 08 05 20 MIN    32
2021 12 08 12 12 MAX   327
2021 12 08 18 21 MIN    88
2021 12 09 00 12 MAX   251
2021 12 09 06 10 MIN    57
2021 12 09 13 04 MAX   301
2021 12 09 19 18 MIN   104
2021 12 10 01 10 MAX   232
2021 12 10 07 05 MIN    84
2021 12 10 14 02 MAX   275
2021 12 10 20 26 MIN   114
2021 12 11 02 21 MAX   218
2021 12 11 08 10 MIN   107
2021 12 11 15 09 MAX   254
2021 12 11 21 42 MIN   116
2021 12 12 03 44 MAX   214
2021 12 12 09 28 MIN   123
2021 12 12 16 21 MAX   240
2021 12 12 22 50 MIN   108
2021 12 13 05 04 MAX   222
2021 12 13 10 53 MIN   127
2021 12 13 17 26 MAX   235
2021 12 13 23 42 MIN    96
2021 12 14 06 06 MAX   237
2021 12 14 12 03 MIN   122
2021 12 14 18 17 MAX   234
2021 12 15 00 24 MIN    84
2021 12 15 06 54 MAX   254
2021 12 15 12 55 MIN   113
2021 12 15 18 59 MAX   237
2021 12 16 01 01 MIN    71
2021 12 16 07 34 MAX   271
2021 12 16 13 38 MIN   103
2021 12 16 19 35 MAX   241
2021 12 17 01 36 MIN    60
2021 12 17 08 11 MAX   286
2021 12 17 14 16 MIN    93
2021 12 17 20 09 MAX   246
2021 12 18 02 11 MIN    51
2021 12 18 08 46 MAX   299
2021 12 18 14 51 MIN    86
2021 12 18 20 42 MAX   252
2021 12 19 02 44 MIN    44
2021 12 19 09 20 MAX   308
2021 12 19 15 25 MIN    80
2021 12 19 21 15 MAX   256
2021 12 20 03 18 MIN    40
2021 12 20 09 54 MAX   313
2021 12 20 15 57 MIN    78
2021 12 20 21 48 MAX   257
2021 12 21 03 52 MIN    41
2021 12 21 10 28 MAX   314
2021 12 21 16 30 MIN    80
2021 12 21 22 21 MAX   254
2021 12 22 04 26 MIN    44
2021 12 22 11 02 MAX   310
2021 12 22 17 04 MIN    84
2021 12 22 22 56 MAX   248
2021 12 23 05 01 MIN    52
2021 12 23 11 38 MAX   302
2021 12 23 17 41 MIN    90
2021 12 23 23 33 MAX   238
2021 12 24 05 39 MIN    63
2021 12 24 12 16 MAX   290
2021 12 24 18 21 MIN    98
2021 12 25 00 15 MAX   228
2021 12 25 06 21 MIN    77
2021 12 25 12 58 MAX   276
2021 12 25 19 07 MIN   104
2021 12 26 01 07 MAX   219
2021 12 26 07 12 MIN    92
2021 12 26 13 47 MAX   262
2021 12 26 20 02 MIN   107
2021 12 27 02 14 MAX   214
2021 12 27 08 17 MIN   106
2021 12 27 14 46 MAX   249
2021 12 27 21 08 MIN   103
2021 12 28 03 37 MAX   219
2021 12 28 09 37 MIN   113
2021 12 28 15 56 MAX   242
2021 12 28 22 16 MIN    92
2021 12 29 05 02 MAX   235
2021 12 29 11 01 MIN   110
2021 12 29 17 08 MAX   242
2021 12 29 23 20 MIN    75
2021 12 30 06 12 MAX   260
2021 12 30 12 14 MIN    99
2021 12 30 18 13 MAX   249
2021 12 31 00 19 MIN    54
2021 12 31 07 12 MAX   289
2021 12 31 13 17 MIN    83
2021 12 31 19 11 MAX   260
