 <API - 조위예측극치자료>

대상조위관측소 : 연평도
위도(WGS84) : N 125.7144
경도(WGS84) : E 37.6577
관측기관 : 20201221 ~ 20220101

2020 12 21 03 52 MIN   186
2020 12 21 09 38 MAX   495
2020 12 21 15 29 MIN   152
2020 12 21 22 07 MAX   548
2020 12 22 04 39 MIN   201
2020 12 22 10 36 MAX   468
2020 12 22 16 23 MIN   194
2020 12 22 23 00 MAX   507
2020 12 23 05 40 MIN   208
2020 12 23 11 47 MAX   456
2020 12 23 17 35 MIN   227
2020 12 24 00 08 MAX   479
2020 12 24 06 49 MIN   202
2020 12 24 13 06 MAX   466
2020 12 24 19 04 MIN   239
2020 12 25 01 21 MAX   472
2020 12 25 07 54 MIN   180
2020 12 25 14 15 MAX   500
2020 12 25 20 25 MIN   226
2020 12 26 02 25 MAX   483
2020 12 26 08 46 MIN   150
2020 12 26 15 10 MAX   543
2020 12 26 21 27 MIN   200
2020 12 27 03 17 MAX   503
2020 12 27 09 31 MIN   121
2020 12 27 15 55 MAX   585
2020 12 27 22 16 MIN   176
2020 12 28 04 00 MAX   524
2020 12 28 10 09 MIN    98
2020 12 28 16 35 MAX   620
2020 12 28 22 58 MIN   158
2020 12 29 04 39 MAX   542
2020 12 29 10 45 MIN    80
2020 12 29 17 11 MAX   646
2020 12 29 23 38 MIN   148
2020 12 30 05 16 MAX   555
2020 12 30 11 20 MIN    69
2020 12 30 17 46 MAX   664
2020 12 31 00 15 MIN   144
2020 12 31 05 51 MAX   564
2020 12 31 11 54 MIN    61
2020 12 31 18 21 MAX   675
2021 01 01 00 51 MIN   143
2021 01 01 06 27 MAX   569
2021 01 01 12 28 MIN    55
2021 01 01 18 57 MAX   680
2021 01 02 01 25 MIN   142
2021 01 02 07 04 MAX   572
2021 01 02 13 04 MIN    53
2021 01 02 19 33 MAX   679
2021 01 03 02 00 MIN   142
2021 01 03 07 43 MAX   570
2021 01 03 13 42 MIN    57
2021 01 03 20 12 MAX   668
2021 01 04 02 35 MIN   142
2021 01 04 08 25 MAX   564
2021 01 04 14 24 MIN    71
2021 01 04 20 54 MAX   647
2021 01 05 03 15 MIN   144
2021 01 05 09 13 MAX   551
2021 01 05 15 13 MIN    97
2021 01 05 21 40 MAX   615
2021 01 06 04 03 MIN   147
2021 01 06 10 10 MAX   536
2021 01 06 16 09 MIN   133
2021 01 06 22 35 MAX   577
2021 01 07 05 00 MIN   151
2021 01 07 11 18 MAX   526
2021 01 07 17 20 MIN   170
2021 01 07 23 40 MAX   540
2021 01 08 06 08 MIN   148
2021 01 08 12 36 MAX   533
2021 01 08 18 45 MIN   195
2021 01 09 00 54 MAX   517
2021 01 09 07 19 MIN   134
2021 01 09 13 55 MAX   562
2021 01 09 20 15 MIN   196
2021 01 10 02 08 MAX   515
2021 01 10 08 27 MIN   109
2021 01 10 15 05 MAX   604
2021 01 10 21 33 MIN   178
2021 01 11 03 15 MAX   529
2021 01 11 09 26 MIN    81
2021 01 11 16 05 MAX   646
2021 01 11 22 37 MIN   157
2021 01 12 04 12 MAX   549
2021 01 12 10 19 MIN    57
2021 01 12 16 58 MAX   678
2021 01 12 23 32 MIN   140
2021 01 13 05 03 MAX   568
2021 01 13 11 08 MIN    41
2021 01 13 17 45 MAX   697
2021 01 14 00 19 MIN   129
2021 01 14 05 50 MAX   583
2021 01 14 11 53 MIN    35
2021 01 14 18 28 MAX   701
2021 01 15 01 01 MIN   125
2021 01 15 06 32 MAX   590
2021 01 15 12 34 MIN    36
2021 01 15 19 08 MAX   692
2021 01 16 01 38 MIN   125
2021 01 16 07 13 MAX   589
2021 01 16 13 12 MIN    46
2021 01 16 19 43 MAX   673
2021 01 17 02 10 MIN   129
2021 01 17 07 51 MAX   581
2021 01 17 13 47 MIN    64
2021 01 17 20 16 MAX   646
2021 01 18 02 39 MIN   135
2021 01 18 08 28 MAX   564
2021 01 18 14 22 MIN    90
2021 01 18 20 48 MAX   614
2021 01 19 03 08 MIN   143
2021 01 19 09 06 MAX   541
2021 01 19 14 59 MIN   124
2021 01 19 21 20 MAX   576
2021 01 20 03 42 MIN   155
2021 01 20 09 49 MAX   514
2021 01 20 15 40 MIN   166
2021 01 20 21 57 MAX   534
2021 01 21 04 23 MIN   171
2021 01 21 10 40 MAX   488
2021 01 21 16 31 MIN   211
2021 01 21 22 43 MAX   491
2021 01 22 05 18 MIN   188
2021 01 22 11 47 MAX   470
2021 01 22 17 43 MIN   251
2021 01 22 23 48 MAX   453
2021 01 23 06 30 MIN   197
2021 01 23 13 10 MAX   475
2021 01 23 19 21 MIN   266
2021 01 24 01 15 MAX   437
2021 01 24 07 46 MIN   189
2021 01 24 14 28 MAX   505
2021 01 24 20 51 MIN   250
2021 01 25 02 34 MAX   450
2021 01 25 08 49 MIN   166
2021 01 25 15 27 MAX   548
2021 01 25 21 55 MIN   221
2021 01 26 03 33 MAX   478
2021 01 26 09 39 MIN   137
2021 01 26 16 14 MAX   591
2021 01 26 22 43 MIN   192
2021 01 27 04 19 MAX   510
2021 01 27 10 23 MIN   107
2021 01 27 16 54 MAX   630
2021 01 27 23 24 MIN   167
2021 01 28 05 00 MAX   542
2021 01 28 11 03 MIN    80
2021 01 28 17 32 MAX   662
2021 01 29 00 03 MIN   147
2021 01 29 05 39 MAX   571
2021 01 29 11 42 MIN    57
2021 01 29 18 09 MAX   687
2021 01 30 00 39 MIN   130
2021 01 30 06 16 MAX   596
2021 01 30 12 21 MIN    40
2021 01 30 18 45 MAX   703
2021 01 31 01 13 MIN   116
2021 01 31 06 55 MAX   615
2021 01 31 12 59 MIN    30
2021 01 31 19 21 MAX   707
2021 02 01 01 46 MIN   104
2021 02 01 07 34 MAX   625
2021 02 01 13 38 MIN    33
2021 02 01 19 58 MAX   699
2021 02 02 02 19 MIN    97
2021 02 02 08 15 MAX   625
2021 02 02 14 19 MIN    50
2021 02 02 20 36 MAX   675
2021 02 03 02 54 MIN    96
2021 02 03 08 58 MAX   613
2021 02 03 15 02 MIN    83
2021 02 03 21 16 MAX   636
2021 02 04 03 32 MIN   104
2021 02 04 09 48 MAX   591
2021 02 04 15 51 MIN   130
2021 02 04 22 02 MAX   585
2021 02 05 04 18 MIN   121
2021 02 05 10 46 MAX   563
2021 02 05 16 51 MIN   184
2021 02 05 22 56 MAX   528
2021 02 06 05 18 MIN   143
2021 02 06 12 00 MAX   542
2021 02 06 18 15 MIN   230
2021 02 07 00 10 MAX   481
2021 02 07 06 35 MIN   157
2021 02 07 13 30 MAX   544
2021 02 07 20 03 MIN   243
2021 02 08 01 42 MAX   465
2021 02 08 08 01 MIN   151
2021 02 08 14 55 MAX   575
2021 02 08 21 36 MIN   220
2021 02 09 03 05 MAX   485
2021 02 09 09 16 MIN   125
2021 02 09 16 02 MAX   618
2021 02 09 22 40 MIN   185
2021 02 10 04 09 MAX   523
2021 02 10 10 17 MIN    95
2021 02 10 16 54 MAX   655
2021 02 10 23 30 MIN   154
2021 02 11 04 59 MAX   562
2021 02 11 11 06 MIN    69
2021 02 11 17 38 MAX   679
2021 02 12 00 11 MIN   133
2021 02 12 05 42 MAX   593
2021 02 12 11 49 MIN    53
2021 02 12 18 16 MAX   689
2021 02 13 00 46 MIN   120
2021 02 13 06 21 MAX   613
2021 02 13 12 25 MIN    48
2021 02 13 18 50 MAX   686
2021 02 14 01 14 MIN   112
2021 02 14 06 57 MAX   622
2021 02 14 12 58 MIN    52
2021 02 14 19 19 MAX   675
2021 02 15 01 39 MIN   107
2021 02 15 07 30 MAX   622
2021 02 15 13 29 MIN    64
2021 02 15 19 46 MAX   657
2021 02 16 02 02 MIN   104
2021 02 16 08 01 MAX   612
2021 02 16 14 00 MIN    85
2021 02 16 20 13 MAX   633
2021 02 17 02 27 MIN   106
2021 02 17 08 34 MAX   594
2021 02 17 14 31 MIN   115
2021 02 17 20 40 MAX   602
2021 02 18 02 54 MIN   117
2021 02 18 09 08 MAX   569
2021 02 18 15 05 MIN   155
2021 02 18 21 09 MAX   562
2021 02 19 03 26 MIN   138
2021 02 19 09 47 MAX   537
2021 02 19 15 46 MIN   203
2021 02 19 21 43 MAX   515
2021 02 20 04 06 MIN   169
2021 02 20 10 38 MAX   504
2021 02 20 16 40 MIN   254
2021 02 20 22 28 MAX   464
2021 02 21 05 01 MIN   202
2021 02 21 11 51 MAX   481
2021 02 21 18 09 MIN   292
2021 02 21 23 46 MAX   421
2021 02 22 06 27 MIN   223
2021 02 22 13 32 MAX   487
2021 02 22 20 09 MIN   291
2021 02 23 01 44 MAX   416
2021 02 23 08 00 MIN   212
2021 02 23 14 53 MAX   526
2021 02 23 21 31 MIN   255
2021 02 24 03 06 MAX   452
2021 02 24 09 07 MIN   176
2021 02 24 15 49 MAX   578
2021 02 24 22 22 MIN   213
2021 02 25 03 59 MAX   503
2021 02 25 09 59 MIN   132
2021 02 25 16 32 MAX   629
2021 02 25 23 03 MIN   173
2021 02 26 04 42 MAX   556
2021 02 26 10 45 MIN    89
2021 02 26 17 12 MAX   673
2021 02 26 23 41 MIN   138
2021 02 27 05 22 MAX   604
2021 02 27 11 27 MIN    54
2021 02 27 17 49 MAX   706
2021 02 28 00 16 MIN   108
2021 02 28 06 01 MAX   645
2021 02 28 12 09 MIN    30
2021 02 28 18 26 MAX   726
2021 03 01 00 50 MIN    83
2021 03 01 06 40 MAX   674
2021 03 01 12 50 MIN    21
2021 03 01 19 02 MAX   729
2021 03 02 01 23 MIN    66
2021 03 02 07 19 MAX   688
2021 03 02 13 30 MIN    29
2021 03 02 19 38 MAX   716
2021 03 03 01 55 MIN    58
2021 03 03 07 59 MAX   688
2021 03 03 14 10 MIN    54
2021 03 03 20 14 MAX   685
2021 03 04 02 27 MIN    62
2021 03 04 08 41 MAX   670
2021 03 04 14 51 MIN    95
2021 03 04 20 51 MAX   638
2021 03 05 03 02 MIN    79
2021 03 05 09 27 MAX   637
2021 03 05 15 37 MIN   150
2021 03 05 21 32 MAX   579
2021 03 06 03 44 MIN   110
2021 03 06 10 20 MAX   594
2021 03 06 16 35 MIN   211
2021 03 06 22 23 MAX   514
2021 03 07 04 39 MIN   151
2021 03 07 11 33 MAX   551
2021 03 07 18 01 MIN   263
2021 03 07 23 39 MAX   455
2021 03 08 06 01 MIN   188
2021 03 08 13 15 MAX   535
2021 03 08 20 04 MIN   271
2021 03 09 01 31 MAX   439
2021 03 09 07 47 MIN   192
2021 03 09 14 50 MAX   563
2021 03 09 21 37 MIN   234
2021 03 10 03 04 MAX   475
2021 03 10 09 14 MIN   162
2021 03 10 15 56 MAX   605
2021 03 10 22 34 MIN   190
2021 03 11 04 04 MAX   529
2021 03 11 10 15 MIN   124
2021 03 11 16 43 MAX   642
2021 03 11 23 16 MIN   154
2021 03 12 04 50 MAX   579
2021 03 12 11 00 MIN    93
2021 03 12 17 21 MAX   665
2021 03 12 23 49 MIN   129
2021 03 13 05 28 MAX   618
2021 03 13 11 38 MIN    74
2021 03 13 17 53 MAX   675
2021 03 14 00 17 MIN   111
2021 03 14 06 02 MAX   643
2021 03 14 12 10 MIN    67
2021 03 14 18 22 MAX   676
2021 03 15 00 40 MIN    98
2021 03 15 06 34 MAX   657
2021 03 15 12 39 MIN    70
2021 03 15 18 49 MAX   670
2021 03 16 01 02 MIN    88
2021 03 16 07 04 MAX   660
2021 03 16 13 08 MIN    80
2021 03 16 19 14 MAX   658
2021 03 17 01 25 MIN    82
2021 03 17 07 34 MAX   654
2021 03 17 13 37 MIN    98
2021 03 17 19 39 MAX   640
2021 03 18 01 49 MIN    84
2021 03 18 08 04 MAX   640
2021 03 18 14 08 MIN   126
2021 03 18 20 05 MAX   612
2021 03 19 02 15 MIN    97
2021 03 19 08 34 MAX   617
2021 03 19 14 39 MIN   162
2021 03 19 20 32 MAX   575
2021 03 20 02 43 MIN   122
2021 03 20 09 07 MAX   586
2021 03 20 15 15 MIN   207
2021 03 20 21 02 MAX   529
2021 03 21 03 15 MIN   155
2021 03 21 09 48 MAX   550
2021 03 21 16 00 MIN   255
2021 03 21 21 40 MAX   479
2021 03 22 03 59 MIN   195
2021 03 22 10 47 MAX   514
2021 03 22 17 13 MIN   297
2021 03 22 22 41 MAX   431
2021 03 23 05 12 MIN   231
2021 03 23 12 25 MAX   497
2021 03 23 19 15 MIN   306
2021 03 24 00 48 MAX   412
2021 03 24 07 01 MIN   236
2021 03 24 14 08 MAX   525
2021 03 24 20 52 MIN   269
2021 03 25 02 31 MAX   453
2021 03 25 08 29 MIN   200
2021 03 25 15 13 MAX   577
2021 03 25 21 47 MIN   217
2021 03 26 03 31 MAX   517
2021 03 26 09 31 MIN   147
2021 03 26 16 01 MAX   632
2021 03 26 22 29 MIN   166
2021 03 27 04 17 MAX   585
2021 03 27 10 22 MIN    97
2021 03 27 16 43 MAX   680
2021 03 27 23 07 MIN   120
2021 03 28 05 00 MAX   646
2021 03 28 11 08 MIN    59
2021 03 28 17 22 MAX   713
2021 03 28 23 43 MIN    82
2021 03 29 05 40 MAX   695
2021 03 29 11 53 MIN    37
2021 03 29 18 00 MAX   730
2021 03 30 00 18 MIN    54
2021 03 30 06 21 MAX   727
2021 03 30 12 37 MIN    35
2021 03 30 18 37 MAX   727
2021 03 31 00 52 MIN    38
2021 03 31 07 01 MAX   740
2021 03 31 13 19 MIN    50
2021 03 31 19 14 MAX   707
2021 04 01 01 26 MIN    35
2021 04 01 07 42 MAX   734
2021 04 01 14 01 MIN    81
2021 04 01 19 51 MAX   671
2021 04 02 02 00 MIN    46
2021 04 02 08 24 MAX   708
2021 04 02 14 44 MIN   125
2021 04 02 20 29 MAX   622
2021 04 03 02 37 MIN    73
2021 04 03 09 09 MAX   667
2021 04 03 15 31 MIN   178
2021 04 03 21 12 MAX   562
2021 04 04 03 19 MIN   114
2021 04 04 10 03 MAX   613
2021 04 04 16 30 MIN   233
2021 04 04 22 05 MAX   499
2021 04 05 04 15 MIN   165
2021 04 05 11 16 MAX   562
2021 04 05 17 58 MIN   273
2021 04 05 23 27 MAX   448
2021 04 06 05 39 MIN   211
2021 04 06 12 59 MAX   539
2021 04 06 19 54 MIN   271
2021 04 07 01 23 MAX   444
2021 04 07 07 33 MIN   219
2021 04 07 14 31 MAX   558
2021 04 07 21 17 MIN   231
2021 04 08 02 50 MAX   489
2021 04 08 09 02 MIN   188
2021 04 08 15 33 MAX   592
2021 04 08 22 07 MIN   188
2021 04 09 03 46 MAX   546
2021 04 09 10 00 MIN   150
2021 04 09 16 17 MAX   621
2021 04 09 22 44 MIN   151
2021 04 10 04 29 MAX   598
2021 04 10 10 42 MIN   121
2021 04 10 16 52 MAX   641
2021 04 10 23 14 MIN   124
2021 04 11 05 05 MAX   637
2021 04 11 11 17 MIN   103
2021 04 11 17 22 MAX   652
2021 04 11 23 38 MIN   104
2021 04 12 05 37 MAX   664
2021 04 12 11 48 MIN    96
2021 04 12 17 50 MAX   655
2021 04 13 00 02 MIN    88
2021 04 13 06 08 MAX   680
2021 04 13 12 18 MIN    98
2021 04 13 18 16 MAX   652
2021 04 14 00 26 MIN    78
2021 04 14 06 38 MAX   685
2021 04 14 12 49 MIN   108
2021 04 14 18 43 MAX   643
2021 04 15 00 51 MIN    75
2021 04 15 07 07 MAX   681
2021 04 15 13 19 MIN   125
2021 04 15 19 10 MAX   627
2021 04 16 01 17 MIN    82
2021 04 16 07 36 MAX   668
2021 04 16 13 50 MIN   149
2021 04 16 19 37 MAX   602
2021 04 17 01 43 MIN    97
2021 04 17 08 06 MAX   649
2021 04 17 14 21 MIN   179
2021 04 17 20 05 MAX   570
2021 04 18 02 10 MIN   120
2021 04 18 08 38 MAX   622
2021 04 18 14 55 MIN   214
2021 04 18 20 36 MAX   532
2021 04 19 02 43 MIN   149
2021 04 19 09 17 MAX   589
2021 04 19 15 38 MIN   251
2021 04 19 21 16 MAX   490
2021 04 20 03 26 MIN   185
2021 04 20 10 11 MAX   554
2021 04 20 16 43 MIN   282
2021 04 20 22 18 MAX   450
2021 04 21 04 33 MIN   219
2021 04 21 11 34 MAX   530
2021 04 21 18 22 MIN   290
2021 04 22 00 08 MAX   437
2021 04 22 06 11 MIN   231
2021 04 22 13 14 MAX   541
2021 04 22 19 56 MIN   258
2021 04 23 01 49 MAX   476
2021 04 23 07 46 MIN   204
2021 04 23 14 28 MAX   582
2021 04 23 20 59 MIN   205
2021 04 24 02 55 MAX   544
2021 04 24 08 57 MIN   157
2021 04 24 15 22 MAX   630
2021 04 24 21 45 MIN   149
2021 04 25 03 47 MAX   617
2021 04 25 09 54 MIN   111
2021 04 25 16 08 MAX   670
2021 04 25 22 25 MIN   100
2021 04 26 04 33 MAX   681
2021 04 26 10 45 MIN    80
2021 04 26 16 51 MAX   697
2021 04 26 23 04 MIN    62
2021 04 27 05 16 MAX   729
2021 04 27 11 34 MIN    66
2021 04 27 17 31 MAX   706
2021 04 27 23 43 MIN    38
2021 04 28 05 59 MAX   758
2021 04 28 12 21 MIN    69
2021 04 28 18 11 MAX   699
2021 04 29 00 20 MIN    28
2021 04 29 06 42 MAX   766
2021 04 29 13 08 MIN    87
2021 04 29 18 51 MAX   676
2021 04 30 00 59 MIN    31
2021 04 30 07 25 MAX   754
2021 04 30 13 54 MIN   116
2021 04 30 19 31 MAX   642
2021 05 01 01 37 MIN    49
2021 05 01 08 10 MAX   725
2021 05 01 14 40 MIN   153
2021 05 01 20 14 MAX   598
2021 05 02 02 19 MIN    81
2021 05 02 08 57 MAX   681
2021 05 02 15 30 MIN   194
2021 05 02 21 01 MAX   548
2021 05 03 03 05 MIN   125
2021 05 03 09 51 MAX   628
2021 05 03 16 29 MIN   233
2021 05 03 21 59 MAX   499
2021 05 04 04 02 MIN   174
2021 05 04 11 00 MAX   577
2021 05 04 17 46 MIN   259
2021 05 04 23 20 MAX   464
2021 05 05 05 20 MIN   218
2021 05 05 12 27 MAX   547
2021 05 05 19 18 MIN   255
2021 05 06 00 58 MAX   466
2021 05 06 07 01 MIN   232
2021 05 06 13 51 MAX   548
2021 05 06 20 32 MIN   226
2021 05 07 02 18 MAX   504
2021 05 07 08 28 MIN   213
2021 05 07 14 52 MAX   566
2021 05 07 21 23 MIN   189
2021 05 08 03 14 MAX   554
2021 05 08 09 28 MIN   183
2021 05 08 15 38 MAX   586
2021 05 08 21 59 MIN   155
2021 05 09 03 58 MAX   602
2021 05 09 10 12 MIN   158
2021 05 09 16 14 MAX   604
2021 05 09 22 29 MIN   126
2021 05 10 04 35 MAX   641
2021 05 10 10 49 MIN   141
2021 05 10 16 46 MAX   616
2021 05 10 22 57 MIN   104
2021 05 11 05 09 MAX   669
2021 05 11 11 24 MIN   133
2021 05 11 17 17 MAX   623
2021 05 11 23 25 MIN    89
2021 05 12 05 42 MAX   686
2021 05 12 11 58 MIN   134
2021 05 12 17 47 MAX   623
2021 05 12 23 53 MIN    82
2021 05 13 06 13 MAX   692
2021 05 13 12 32 MIN   141
2021 05 13 18 16 MAX   616
2021 05 14 00 22 MIN    84
2021 05 14 06 44 MAX   690
2021 05 14 13 05 MIN   155
2021 05 14 18 46 MAX   603
2021 05 15 00 50 MIN    93
2021 05 15 07 15 MAX   681
2021 05 15 13 38 MIN   173
2021 05 15 19 16 MAX   584
2021 05 16 01 19 MIN   106
2021 05 16 07 46 MAX   667
2021 05 16 14 10 MIN   193
2021 05 16 19 48 MAX   562
2021 05 17 01 50 MIN   122
2021 05 17 08 20 MAX   647
2021 05 17 14 45 MIN   215
2021 05 17 20 24 MAX   536
2021 05 18 02 25 MIN   143
2021 05 18 09 00 MAX   623
2021 05 18 15 27 MIN   235
2021 05 18 21 09 MAX   508
2021 05 19 03 11 MIN   168
2021 05 19 09 52 MAX   595
2021 05 19 16 24 MIN   251
2021 05 19 22 12 MAX   485
2021 05 20 04 14 MIN   195
2021 05 20 11 01 MAX   571
2021 05 20 17 39 MIN   252
2021 05 20 23 38 MAX   481
2021 05 21 05 37 MIN   210
2021 05 21 12 23 MAX   566
2021 05 21 18 59 MIN   228
2021 05 22 01 07 MAX   514
2021 05 22 07 05 MIN   200
2021 05 22 13 38 MAX   585
2021 05 22 20 04 MIN   184
2021 05 23 02 17 MAX   573
2021 05 23 08 21 MIN   172
2021 05 23 14 40 MAX   614
2021 05 23 20 57 MIN   135
2021 05 24 03 14 MAX   638
2021 05 24 09 25 MIN   141
2021 05 24 15 32 MAX   640
2021 05 24 21 43 MIN    91
2021 05 25 04 06 MAX   696
2021 05 25 10 22 MIN   120
2021 05 25 16 19 MAX   658
2021 05 25 22 27 MIN    59
2021 05 26 04 54 MAX   739
2021 05 26 11 16 MIN   112
2021 05 26 17 05 MAX   663
2021 05 26 23 11 MIN    40
2021 05 27 05 41 MAX   762
2021 05 27 12 09 MIN   115
2021 05 27 17 49 MAX   657
2021 05 27 23 54 MIN    36
2021 05 28 06 27 MAX   767
2021 05 28 13 00 MIN   127
2021 05 28 18 34 MAX   641
2021 05 29 00 38 MIN    43
2021 05 29 07 13 MAX   755
2021 05 29 13 49 MIN   144
2021 05 29 19 19 MAX   618
2021 05 30 01 23 MIN    62
2021 05 30 07 59 MAX   728
2021 05 30 14 37 MIN   166
2021 05 30 20 05 MAX   589
2021 05 31 02 08 MIN    91
2021 05 31 08 47 MAX   689
2021 05 31 15 24 MIN   191
2021 05 31 20 55 MAX   556
2021 06 01 02 55 MIN   128
2021 06 01 09 36 MAX   643
2021 06 01 16 15 MIN   214
2021 06 01 21 50 MAX   523
2021 06 02 03 47 MIN   171
2021 06 02 10 32 MAX   596
2021 06 02 17 14 MIN   231
2021 06 02 22 57 MAX   498
2021 06 03 04 51 MIN   211
2021 06 03 11 38 MAX   557
2021 06 03 18 21 MIN   235
2021 06 04 00 14 MAX   493
2021 06 04 06 09 MIN   238
2021 06 04 12 49 MAX   536
2021 06 04 19 28 MIN   222
2021 06 05 01 29 MAX   512
2021 06 05 07 33 MIN   241
2021 06 05 13 54 MAX   534
2021 06 05 20 23 MIN   196
2021 06 06 02 32 MAX   549
2021 06 06 08 42 MIN   225
2021 06 06 14 48 MAX   545
2021 06 06 21 07 MIN   166
2021 06 07 03 22 MAX   591
2021 06 07 09 36 MIN   204
2021 06 07 15 32 MAX   560
2021 06 07 21 44 MIN   139
2021 06 08 04 04 MAX   629
2021 06 08 10 21 MIN   186
2021 06 08 16 11 MAX   575
2021 06 08 22 19 MIN   118
2021 06 09 04 43 MAX   658
2021 06 09 11 02 MIN   175
2021 06 09 16 48 MAX   586
2021 06 09 22 53 MIN   105
2021 06 10 05 18 MAX   678
2021 06 10 11 41 MIN   170
2021 06 10 17 23 MAX   592
2021 06 10 23 27 MIN   100
2021 06 11 05 53 MAX   688
2021 06 11 12 18 MIN   172
2021 06 11 17 56 MAX   591
2021 06 11 23 59 MIN   101
2021 06 12 06 26 MAX   691
2021 06 12 12 54 MIN   178
2021 06 12 18 30 MAX   587
2021 06 13 00 32 MIN   105
2021 06 13 06 59 MAX   690
2021 06 13 13 29 MIN   186
2021 06 13 19 04 MAX   579
2021 06 14 01 04 MIN   110
2021 06 14 07 33 MAX   684
2021 06 14 14 02 MIN   194
2021 06 14 19 39 MAX   570
2021 06 15 01 38 MIN   117
2021 06 15 08 08 MAX   674
2021 06 15 14 36 MIN   201
2021 06 15 20 18 MAX   559
2021 06 16 02 17 MIN   128
2021 06 16 08 48 MAX   658
2021 06 16 15 15 MIN   206
2021 06 16 21 04 MAX   547
2021 06 17 03 02 MIN   145
2021 06 17 09 36 MAX   636
2021 06 17 16 02 MIN   209
2021 06 17 22 00 MAX   536
2021 06 18 03 58 MIN   169
2021 06 18 10 32 MAX   610
2021 06 18 17 00 MIN   207
2021 06 18 23 10 MAX   535
2021 06 19 05 08 MIN   193
2021 06 19 11 38 MAX   589
2021 06 19 18 07 MIN   193
2021 06 20 00 26 MAX   553
2021 06 20 06 27 MIN   205
2021 06 20 12 49 MAX   579
2021 06 20 19 13 MIN   167
2021 06 21 01 40 MAX   592
2021 06 21 07 47 MIN   202
2021 06 21 13 57 MAX   584
2021 06 21 20 13 MIN   134
2021 06 22 02 45 MAX   642
2021 06 22 09 01 MIN   187
2021 06 22 14 58 MAX   596
2021 06 22 21 08 MIN   101
2021 06 23 03 44 MAX   690
2021 06 23 10 06 MIN   172
2021 06 23 15 53 MAX   608
2021 06 23 21 59 MIN    76
2021 06 24 04 37 MAX   727
2021 06 24 11 07 MIN   161
2021 06 24 16 45 MAX   618
2021 06 24 22 49 MIN    61
2021 06 25 05 28 MAX   750
2021 06 25 12 03 MIN   155
2021 06 25 17 35 MAX   623
2021 06 25 23 38 MIN    56
2021 06 26 06 17 MAX   757
2021 06 26 12 55 MIN   153
2021 06 26 18 23 MAX   623
2021 06 27 00 26 MIN    60
2021 06 27 07 04 MAX   750
2021 06 27 13 42 MIN   157
2021 06 27 19 10 MAX   616
2021 06 28 01 13 MIN    73
2021 06 28 07 48 MAX   730
2021 06 28 14 26 MIN   164
2021 06 28 19 56 MAX   604
2021 06 29 01 57 MIN    94
2021 06 29 08 31 MAX   700
2021 06 29 15 06 MIN   175
2021 06 29 20 42 MAX   585
2021 06 30 02 39 MIN   123
2021 06 30 09 12 MAX   661
2021 06 30 15 45 MIN   188
2021 06 30 21 29 MAX   563
2021 07 01 03 23 MIN   160
2021 07 01 09 53 MAX   617
2021 07 01 16 26 MIN   201
2021 07 01 22 20 MAX   539
2021 07 02 04 11 MIN   200
2021 07 02 10 39 MAX   573
2021 07 02 17 14 MIN   212
2021 07 02 23 20 MAX   521
2021 07 03 05 11 MIN   239
2021 07 03 11 34 MAX   535
2021 07 03 18 10 MIN   215
2021 07 04 00 30 MAX   519
2021 07 04 06 26 MIN   265
2021 07 04 12 40 MAX   511
2021 07 04 19 13 MIN   208
2021 07 05 01 41 MAX   537
2021 07 05 07 48 MIN   270
2021 07 05 13 49 MAX   506
2021 07 05 20 12 MIN   190
2021 07 06 02 44 MAX   569
2021 07 06 09 01 MIN   255
2021 07 06 14 50 MAX   517
2021 07 06 21 03 MIN   168
2021 07 07 03 36 MAX   606
2021 07 07 09 57 MIN   233
2021 07 07 15 41 MAX   535
2021 07 07 21 48 MIN   147
2021 07 08 04 20 MAX   640
2021 07 08 10 44 MIN   214
2021 07 08 16 24 MAX   554
2021 07 08 22 28 MIN   131
2021 07 09 04 59 MAX   666
2021 07 09 11 26 MIN   200
2021 07 09 17 04 MAX   571
2021 07 09 23 06 MIN   119
2021 07 10 05 36 MAX   685
2021 07 10 12 05 MIN   191
2021 07 10 17 41 MAX   584
2021 07 10 23 43 MIN   111
2021 07 11 06 11 MAX   698
2021 07 11 12 42 MIN   186
2021 07 11 18 17 MAX   594
2021 07 12 00 18 MIN   105
2021 07 12 06 45 MAX   706
2021 07 12 13 16 MIN   182
2021 07 12 18 53 MAX   601
2021 07 13 00 53 MIN   100
2021 07 13 07 20 MAX   710
2021 07 13 13 49 MIN   177
2021 07 13 19 30 MAX   606
2021 07 14 01 30 MIN    99
2021 07 14 07 56 MAX   707
2021 07 14 14 21 MIN   172
2021 07 14 20 09 MAX   607
2021 07 15 02 08 MIN   106
2021 07 15 08 34 MAX   694
2021 07 15 14 56 MIN   168
2021 07 15 20 52 MAX   603
2021 07 16 02 52 MIN   124
2021 07 16 09 15 MAX   671
2021 07 16 15 35 MIN   166
2021 07 16 21 42 MAX   594
2021 07 17 03 40 MIN   154
2021 07 17 10 01 MAX   636
2021 07 17 16 23 MIN   168
2021 07 17 22 40 MAX   585
2021 07 18 04 40 MIN   192
2021 07 18 10 56 MAX   597
2021 07 18 17 19 MIN   170
2021 07 18 23 50 MAX   582
2021 07 19 05 54 MIN   227
2021 07 19 12 03 MAX   562
2021 07 19 18 26 MIN   167
2021 07 20 01 07 MAX   596
2021 07 20 07 21 MIN   245
2021 07 20 13 18 MAX   544
2021 07 20 19 37 MIN   154
2021 07 21 02 24 MAX   628
2021 07 21 08 49 MIN   238
2021 07 21 14 33 MAX   547
2021 07 21 20 45 MIN   132
2021 07 22 03 31 MAX   669
2021 07 22 10 04 MIN   216
2021 07 22 15 40 MAX   567
2021 07 22 21 45 MIN   108
2021 07 23 04 31 MAX   707
2021 07 23 11 06 MIN   192
2021 07 23 16 38 MAX   593
2021 07 23 22 41 MIN    87
2021 07 24 05 23 MAX   735
2021 07 24 11 59 MIN   172
2021 07 24 17 29 MAX   616
2021 07 24 23 32 MIN    74
2021 07 25 06 10 MAX   748
2021 07 25 12 46 MIN   159
2021 07 25 18 16 MAX   633
2021 07 26 00 19 MIN    71
2021 07 26 06 52 MAX   746
2021 07 26 13 27 MIN   152
2021 07 26 18 59 MAX   640
2021 07 27 01 02 MIN    77
2021 07 27 07 30 MAX   732
2021 07 27 14 02 MIN   150
2021 07 27 19 40 MAX   638
2021 07 28 01 40 MIN    92
2021 07 28 08 05 MAX   707
2021 07 28 14 33 MIN   153
2021 07 28 20 19 MAX   626
2021 07 29 02 16 MIN   117
2021 07 29 08 38 MAX   675
2021 07 29 15 01 MIN   159
2021 07 29 20 57 MAX   607
2021 07 30 02 52 MIN   150
2021 07 30 09 09 MAX   636
2021 07 30 15 32 MIN   169
2021 07 30 21 38 MAX   582
2021 07 31 03 31 MIN   191
2021 07 31 09 43 MAX   593
2021 07 31 16 09 MIN   184
2021 07 31 22 26 MAX   554
2021 08 01 04 18 MIN   237
2021 08 01 10 24 MAX   546
2021 08 01 16 56 MIN   204
2021 08 01 23 25 MAX   531
2021 08 02 05 22 MIN   281
2021 08 02 11 20 MAX   502
2021 08 02 17 58 MIN   221
2021 08 03 00 43 MAX   524
2021 08 03 06 52 MIN   306
2021 08 03 12 41 MAX   474
2021 08 03 19 14 MIN   225
2021 08 04 02 05 MAX   543
2021 08 04 08 28 MIN   299
2021 08 04 14 10 MAX   476
2021 08 04 20 25 MIN   210
2021 08 05 03 10 MAX   579
2021 08 05 09 38 MIN   271
2021 08 05 15 17 MAX   502
2021 08 05 21 21 MIN   185
2021 08 06 04 01 MAX   620
2021 08 06 10 29 MIN   240
2021 08 06 16 07 MAX   535
2021 08 06 22 07 MIN   157
2021 08 07 04 42 MAX   657
2021 08 07 11 10 MIN   213
2021 08 07 16 48 MAX   569
2021 08 07 22 48 MIN   130
2021 08 08 05 19 MAX   688
2021 08 08 11 47 MIN   191
2021 08 08 17 26 MAX   599
2021 08 08 23 27 MIN   107
2021 08 09 05 54 MAX   713
2021 08 09 12 23 MIN   173
2021 08 09 18 02 MAX   626
2021 08 10 00 05 MIN    89
2021 08 10 06 28 MAX   730
2021 08 10 12 55 MIN   157
2021 08 10 18 38 MAX   647
2021 08 11 00 42 MIN    78
2021 08 11 07 02 MAX   738
2021 08 11 13 27 MIN   143
2021 08 11 19 15 MAX   661
2021 08 12 01 19 MIN    77
2021 08 12 07 37 MAX   735
2021 08 12 13 57 MIN   132
2021 08 12 19 53 MAX   667
2021 08 13 01 57 MIN    89
2021 08 13 08 12 MAX   718
2021 08 13 14 28 MIN   126
2021 08 13 20 34 MAX   662
2021 08 14 02 38 MIN   115
2021 08 14 08 50 MAX   686
2021 08 14 15 03 MIN   128
2021 08 14 21 19 MAX   646
2021 08 15 03 23 MIN   156
2021 08 15 09 31 MAX   640
2021 08 15 15 45 MIN   140
2021 08 15 22 11 MAX   622
2021 08 16 04 17 MIN   207
2021 08 16 10 20 MAX   586
2021 08 16 16 37 MIN   161
2021 08 16 23 18 MAX   596
2021 08 17 05 30 MIN   258
2021 08 17 11 24 MAX   533
2021 08 17 17 47 MIN   183
2021 08 18 00 43 MAX   586
2021 08 18 07 11 MIN   284
2021 08 18 12 53 MAX   501
2021 08 18 19 14 MIN   188
2021 08 19 02 16 MAX   606
2021 08 19 08 55 MIN   269
2021 08 19 14 27 MAX   510
2021 08 19 20 38 MIN   168
2021 08 20 03 30 MAX   649
2021 08 20 10 09 MIN   230
2021 08 20 15 39 MAX   550
2021 08 20 21 46 MIN   134
2021 08 21 04 28 MAX   692
2021 08 21 11 04 MIN   192
2021 08 21 16 35 MAX   595
2021 08 21 22 42 MIN   103
2021 08 22 05 16 MAX   722
2021 08 22 11 49 MIN   163
2021 08 22 17 22 MAX   634
2021 08 22 23 29 MIN    82
2021 08 23 05 56 MAX   737
2021 08 23 12 26 MIN   144
2021 08 23 18 03 MAX   660
2021 08 24 00 10 MIN    74
2021 08 24 06 32 MAX   736
2021 08 24 12 59 MIN   133
2021 08 24 18 41 MAX   674
2021 08 25 00 45 MIN    78
2021 08 25 07 03 MAX   724
2021 08 25 13 26 MIN   128
2021 08 25 19 16 MAX   675
2021 08 26 01 18 MIN    92
2021 08 26 07 32 MAX   704
2021 08 26 13 50 MIN   125
2021 08 26 19 49 MAX   665
2021 08 27 01 49 MIN   114
2021 08 27 08 00 MAX   677
2021 08 27 14 14 MIN   127
2021 08 27 20 22 MAX   647
2021 08 28 02 21 MIN   146
2021 08 28 08 27 MAX   643
2021 08 28 14 41 MIN   137
2021 08 28 20 57 MAX   620
2021 08 29 02 56 MIN   186
2021 08 29 08 56 MAX   602
2021 08 29 15 12 MIN   158
2021 08 29 21 35 MAX   586
2021 08 30 03 36 MIN   234
2021 08 30 09 29 MAX   553
2021 08 30 15 50 MIN   190
2021 08 30 22 23 MAX   549
2021 08 31 04 29 MIN   285
2021 08 31 10 11 MAX   499
2021 08 31 16 44 MIN   227
2021 08 31 23 34 MAX   519
2021 09 01 05 55 MIN   325
2021 09 01 11 24 MAX   452
2021 09 01 18 07 MIN   254
2021 09 02 01 16 MAX   518
2021 09 02 07 54 MIN   325
2021 09 02 13 29 MAX   442
2021 09 02 19 43 MIN   249
2021 09 03 02 42 MAX   553
2021 09 03 09 17 MIN   289
2021 09 03 14 55 MAX   478
2021 09 03 20 54 MIN   215
2021 09 04 03 37 MAX   601
2021 09 04 10 08 MIN   245
2021 09 04 15 47 MAX   529
2021 09 04 21 46 MIN   171
2021 09 05 04 18 MAX   649
2021 09 05 10 46 MIN   205
2021 09 05 16 28 MAX   581
2021 09 05 22 29 MIN   128
2021 09 06 04 55 MAX   691
2021 09 06 11 20 MIN   170
2021 09 06 17 05 MAX   629
2021 09 06 23 09 MIN    93
2021 09 07 05 30 MAX   723
2021 09 07 11 53 MIN   140
2021 09 07 17 42 MAX   670
2021 09 07 23 48 MIN    68
2021 09 08 06 04 MAX   744
2021 09 08 12 25 MIN   115
2021 09 08 18 19 MAX   700
2021 09 09 00 27 MIN    58
2021 09 09 06 38 MAX   749
2021 09 09 12 56 MIN    97
2021 09 09 18 56 MAX   717
2021 09 10 01 06 MIN    64
2021 09 10 07 13 MAX   740
2021 09 10 13 26 MIN    87
2021 09 10 19 34 MAX   721
2021 09 11 01 44 MIN    85
2021 09 11 07 47 MAX   714
2021 09 11 13 57 MIN    86
2021 09 11 20 14 MAX   709
2021 09 12 02 24 MIN   121
2021 09 12 08 23 MAX   673
2021 09 12 14 31 MIN    98
2021 09 12 20 57 MAX   681
2021 09 13 03 08 MIN   170
2021 09 13 09 03 MAX   618
2021 09 13 15 11 MIN   124
2021 09 13 21 47 MAX   639
2021 09 14 04 03 MIN   228
2021 09 14 09 51 MAX   555
2021 09 14 16 03 MIN   163
2021 09 14 22 54 MAX   594
2021 09 15 05 22 MIN   280
2021 09 15 10 59 MAX   494
2021 09 15 17 19 MIN   204
2021 09 16 00 31 MAX   568
2021 09 16 07 19 MIN   297
2021 09 16 12 48 MAX   467
2021 09 16 19 07 MIN   217
2021 09 17 02 14 MAX   587
2021 09 17 09 02 MIN   262
2021 09 17 14 31 MAX   498
2021 09 17 20 42 MIN   188
2021 09 18 03 27 MAX   631
2021 09 18 10 04 MIN   213
2021 09 18 15 37 MAX   556
2021 09 18 21 48 MIN   144
2021 09 19 04 17 MAX   672
2021 09 19 10 49 MIN   170
2021 09 19 16 26 MAX   612
2021 09 19 22 38 MIN   107
2021 09 20 04 58 MAX   699
2021 09 20 11 25 MIN   139
2021 09 20 17 07 MAX   656
2021 09 20 23 19 MIN    85
2021 09 21 05 33 MAX   711
2021 09 21 11 55 MIN   118
2021 09 21 17 43 MAX   684
2021 09 21 23 53 MIN    78
2021 09 22 06 04 MAX   709
2021 09 22 12 21 MIN   105
2021 09 22 18 16 MAX   698
2021 09 23 00 24 MIN    83
2021 09 23 06 31 MAX   699
2021 09 23 12 44 MIN    97
2021 09 23 18 48 MAX   700
2021 09 24 00 54 MIN    97
2021 09 24 06 58 MAX   683
2021 09 24 13 06 MIN    93
2021 09 24 19 19 MAX   691
2021 09 25 01 23 MIN   118
2021 09 25 07 23 MAX   661
2021 09 25 13 31 MIN    96
2021 09 25 19 49 MAX   673
2021 09 26 01 54 MIN   147
2021 09 26 07 50 MAX   630
2021 09 26 13 58 MIN   110
2021 09 26 20 20 MAX   646
2021 09 27 02 27 MIN   184
2021 09 27 08 17 MAX   591
2021 09 27 14 26 MIN   136
2021 09 27 20 53 MAX   611
2021 09 28 03 03 MIN   229
2021 09 28 08 47 MAX   543
2021 09 28 14 59 MIN   173
2021 09 28 21 33 MAX   569
2021 09 29 03 49 MIN   276
2021 09 29 09 24 MAX   491
2021 09 29 15 43 MIN   217
2021 09 29 22 30 MAX   528
2021 09 30 05 04 MIN   318
2021 09 30 10 24 MAX   440
2021 09 30 16 56 MIN   258
2021 10 01 00 10 MAX   505
2021 10 01 07 07 MIN   324
2021 10 01 12 40 MAX   421
2021 10 01 18 49 MIN   265
2021 10 02 01 57 MAX   529
2021 10 02 08 42 MIN   285
2021 10 02 14 22 MAX   463
2021 10 02 20 18 MIN   228
2021 10 03 03 00 MAX   579
2021 10 03 09 32 MIN   233
2021 10 03 15 18 MAX   527
2021 10 03 21 17 MIN   174
2021 10 04 03 45 MAX   632
2021 10 04 10 10 MIN   181
2021 10 04 16 00 MAX   594
2021 10 04 22 04 MIN   122
2021 10 05 04 23 MAX   679
2021 10 05 10 44 MIN   134
2021 10 05 16 39 MAX   656
2021 10 05 22 48 MIN    81
2021 10 06 05 00 MAX   712
2021 10 06 11 16 MIN    96
2021 10 06 17 18 MAX   706
2021 10 06 23 29 MIN    58
2021 10 07 05 35 MAX   730
2021 10 07 11 49 MIN    68
2021 10 07 17 56 MAX   739
2021 10 08 00 10 MIN    53
2021 10 08 06 11 MAX   731
2021 10 08 12 21 MIN    50
2021 10 08 18 34 MAX   755
2021 10 09 00 51 MIN    66
2021 10 09 06 47 MAX   714
2021 10 09 12 54 MIN    45
2021 10 09 19 14 MAX   753
2021 10 10 01 33 MIN    93
2021 10 10 07 23 MAX   682
2021 10 10 13 28 MIN    53
2021 10 10 19 55 MAX   731
2021 10 11 02 16 MIN   133
2021 10 11 08 02 MAX   637
2021 10 11 14 05 MIN    76
2021 10 11 20 39 MAX   693
2021 10 12 03 03 MIN   182
2021 10 12 08 44 MAX   580
2021 10 12 14 48 MIN   115
2021 10 12 21 31 MAX   640
2021 10 13 04 02 MIN   234
2021 10 13 09 36 MAX   519
2021 10 13 15 43 MIN   165
2021 10 13 22 41 MAX   585
2021 10 14 05 27 MIN   274
2021 10 14 10 54 MAX   465
2021 10 14 17 05 MIN   212
2021 10 15 00 21 MAX   554
2021 10 15 07 20 MIN   274
2021 10 15 12 49 MAX   454
2021 10 15 19 01 MIN   225
2021 10 16 02 00 MAX   567
2021 10 16 08 47 MIN   234
2021 10 16 14 23 MAX   499
2021 10 16 20 36 MIN   193
2021 10 17 03 07 MAX   601
2021 10 17 09 41 MIN   185
2021 10 17 15 23 MAX   560
2021 10 17 21 38 MIN   150
2021 10 18 03 54 MAX   632
2021 10 18 10 21 MIN   144
2021 10 18 16 07 MAX   615
2021 10 18 22 23 MIN   116
2021 10 19 04 31 MAX   653
2021 10 19 10 51 MIN   114
2021 10 19 16 45 MAX   658
2021 10 19 23 00 MIN    97
2021 10 20 05 03 MAX   662
2021 10 20 11 18 MIN    92
2021 10 20 17 19 MAX   686
2021 10 20 23 32 MIN    92
2021 10 21 05 32 MAX   663
2021 10 21 11 41 MIN    77
2021 10 21 17 51 MAX   701
2021 10 22 00 02 MIN    96
2021 10 22 05 59 MAX   657
2021 10 22 12 05 MIN    69
2021 10 22 18 21 MAX   704
2021 10 23 00 33 MIN   108
2021 10 23 06 26 MAX   645
2021 10 23 12 30 MIN    67
2021 10 23 18 51 MAX   696
2021 10 24 01 03 MIN   127
2021 10 24 06 53 MAX   626
2021 10 24 12 57 MIN    75
2021 10 24 19 21 MAX   679
2021 10 25 01 34 MIN   152
2021 10 25 07 21 MAX   599
2021 10 25 13 24 MIN    92
2021 10 25 19 50 MAX   655
2021 10 26 02 06 MIN   182
2021 10 26 07 49 MAX   565
2021 10 26 13 53 MIN   119
2021 10 26 20 22 MAX   623
2021 10 27 02 41 MIN   217
2021 10 27 08 20 MAX   525
2021 10 27 14 25 MIN   152
2021 10 27 20 59 MAX   585
2021 10 28 03 23 MIN   253
2021 10 28 08 58 MAX   482
2021 10 28 15 06 MIN   191
2021 10 28 21 48 MAX   545
2021 10 29 04 25 MIN   285
2021 10 29 09 56 MAX   440
2021 10 29 16 08 MIN   229
2021 10 29 23 08 MAX   515
2021 10 30 06 05 MIN   294
2021 10 30 11 47 MAX   421
2021 10 30 17 49 MIN   247
2021 10 31 00 52 MAX   518
2021 10 31 07 42 MIN   263
2021 10 31 13 33 MAX   458
2021 10 31 19 29 MIN   222
2021 11 01 02 08 MAX   555
2021 11 01 08 42 MIN   209
2021 11 01 14 38 MAX   525
2021 11 01 20 40 MIN   173
2021 11 02 03 02 MAX   602
2021 11 02 09 25 MIN   152
2021 11 02 15 27 MAX   598
2021 11 02 21 35 MIN   124
2021 11 03 03 46 MAX   644
2021 11 03 10 02 MIN   100
2021 11 03 16 10 MAX   665
2021 11 03 22 23 MIN    87
2021 11 04 04 27 MAX   674
2021 11 04 10 38 MIN    59
2021 11 04 16 52 MAX   718
2021 11 04 23 08 MIN    68
2021 11 05 05 06 MAX   687
2021 11 05 11 13 MIN    31
2021 11 05 17 33 MAX   751
2021 11 05 23 54 MIN    68
2021 11 06 05 45 MAX   684
2021 11 06 11 50 MIN    17
2021 11 06 18 15 MAX   764
2021 11 07 00 40 MIN    82
2021 11 07 06 24 MAX   667
2021 11 07 12 27 MIN    18
2021 11 07 18 58 MAX   757
2021 11 08 01 26 MIN   107
2021 11 08 07 05 MAX   637
2021 11 08 13 07 MIN    33
2021 11 08 19 42 MAX   731
2021 11 09 02 13 MIN   141
2021 11 09 07 48 MAX   597
2021 11 09 13 49 MIN    62
2021 11 09 20 29 MAX   688
2021 11 10 03 04 MIN   178
2021 11 10 08 35 MAX   549
2021 11 10 14 37 MIN   103
2021 11 10 21 22 MAX   636
2021 11 11 04 03 MIN   215
2021 11 11 09 33 MAX   500
2021 11 11 15 34 MIN   153
2021 11 11 22 29 MAX   582
2021 11 12 05 19 MIN   240
2021 11 12 10 50 MAX   462
2021 11 12 16 51 MIN   198
2021 11 12 23 54 MAX   545
2021 11 13 06 50 MIN   238
2021 11 13 12 27 MAX   458
2021 11 13 18 33 MIN   217
2021 11 14 01 21 MAX   538
2021 11 14 08 07 MIN   209
2021 11 14 13 52 MAX   492
2021 11 14 20 07 MIN   201
2021 11 15 02 29 MAX   552
2021 11 15 09 01 MIN   170
2021 11 15 14 54 MAX   544
2021 11 15 21 11 MIN   170
2021 11 16 03 17 MAX   571
2021 11 16 09 41 MIN   133
2021 11 16 15 40 MAX   594
2021 11 16 21 58 MIN   143
2021 11 17 03 56 MAX   588
2021 11 17 10 12 MIN   102
2021 11 17 16 19 MAX   635
2021 11 17 22 36 MIN   125
2021 11 18 04 30 MAX   599
2021 11 18 10 40 MIN    79
2021 11 18 16 54 MAX   664
2021 11 18 23 10 MIN   117
2021 11 19 05 01 MAX   605
2021 11 19 11 07 MIN    63
2021 11 19 17 27 MAX   681
2021 11 19 23 44 MIN   118
2021 11 20 05 31 MAX   605
2021 11 20 11 35 MIN    56
2021 11 20 17 59 MAX   686
2021 11 21 00 16 MIN   125
2021 11 21 06 01 MAX   599
2021 11 21 12 04 MIN    58
2021 11 21 18 30 MAX   681
2021 11 22 00 49 MIN   138
2021 11 22 06 32 MAX   586
2021 11 22 12 33 MIN    67
2021 11 22 19 01 MAX   669
2021 11 23 01 22 MIN   155
2021 11 23 07 02 MAX   566
2021 11 23 13 03 MIN    83
2021 11 23 19 31 MAX   651
2021 11 24 01 54 MIN   175
2021 11 24 07 33 MAX   543
2021 11 24 13 33 MIN   102
2021 11 24 20 03 MAX   628
2021 11 25 02 27 MIN   197
2021 11 25 08 07 MAX   516
2021 11 25 14 07 MIN   125
2021 11 25 20 40 MAX   601
2021 11 26 03 05 MIN   218
2021 11 26 08 47 MAX   487
2021 11 26 14 48 MIN   152
2021 11 26 21 25 MAX   570
2021 11 27 03 56 MIN   235
2021 11 27 09 42 MAX   460
2021 11 27 15 43 MIN   181
2021 11 27 22 27 MAX   541
2021 11 28 05 06 MIN   241
2021 11 28 11 03 MAX   448
2021 11 28 17 00 MIN   204
2021 11 28 23 47 MAX   526
2021 11 29 06 28 MIN   224
2021 11 29 12 35 MAX   469
2021 11 29 18 32 MIN   204
2021 11 30 01 06 MAX   536
2021 11 30 07 39 MIN   183
2021 11 30 13 51 MAX   522
2021 11 30 19 55 MIN   178
2021 12 01 02 12 MAX   562
2021 12 01 08 33 MIN   133
2021 12 01 14 51 MAX   589
2021 12 01 21 01 MIN   145
2021 12 02 03 06 MAX   591
2021 12 02 09 19 MIN    84
2021 12 02 15 42 MAX   652
2021 12 02 21 58 MIN   117
2021 12 03 03 54 MAX   614
2021 12 03 10 02 MIN    45
2021 12 03 16 30 MAX   703
2021 12 03 22 51 MIN   101
2021 12 04 04 39 MAX   626
2021 12 04 10 44 MIN    19
2021 12 04 17 16 MAX   735
2021 12 04 23 43 MIN    98
2021 12 05 05 24 MAX   628
2021 12 05 11 27 MIN     7
2021 12 05 18 02 MAX   748
2021 12 06 00 34 MIN   104
2021 12 06 06 09 MAX   620
2021 12 06 12 12 MIN     9
2021 12 06 18 48 MAX   742
2021 12 07 01 23 MIN   117
2021 12 07 06 55 MAX   602
2021 12 07 12 57 MIN    24
2021 12 07 19 35 MAX   720
2021 12 08 02 12 MIN   135
2021 12 08 07 42 MAX   578
2021 12 08 13 44 MIN    49
2021 12 08 20 23 MAX   684
2021 12 09 03 01 MIN   156
2021 12 09 08 32 MAX   547
2021 12 09 14 31 MIN    84
2021 12 09 21 12 MAX   639
2021 12 10 03 52 MIN   177
2021 12 10 09 26 MAX   514
2021 12 10 15 23 MIN   126
2021 12 10 22 06 MAX   589
2021 12 11 04 49 MIN   196
2021 12 11 10 28 MAX   485
2021 12 11 16 24 MIN   170
2021 12 11 23 07 MAX   543
2021 12 12 05 54 MIN   204
2021 12 12 11 43 MAX   471
2021 12 12 17 41 MIN   205
2021 12 13 00 17 MAX   510
2021 12 13 07 03 MIN   196
2021 12 13 13 02 MAX   481
2021 12 13 19 09 MIN   218
2021 12 14 01 28 MAX   498
2021 12 14 08 03 MIN   173
2021 12 14 14 11 MAX   512
2021 12 14 20 27 MIN   208
2021 12 15 02 28 MAX   503
2021 12 15 08 51 MIN   144
2021 12 15 15 07 MAX   554
2021 12 15 21 26 MIN   187
2021 12 16 03 17 MAX   518
2021 12 16 09 31 MIN   115
2021 12 16 15 52 MAX   593
2021 12 16 22 12 MIN   168
2021 12 17 03 58 MAX   534
2021 12 17 10 07 MIN    91
2021 12 17 16 32 MAX   625
2021 12 17 22 52 MIN   153
2021 12 18 04 35 MAX   548
2021 12 18 10 41 MIN    74
2021 12 18 17 08 MAX   647
2021 12 18 23 30 MIN   146
2021 12 19 05 11 MAX   557
2021 12 19 11 14 MIN    66
2021 12 19 17 43 MAX   658
2021 12 20 00 06 MIN   144
2021 12 20 05 45 MAX   561
2021 12 20 11 47 MIN    64
2021 12 20 18 15 MAX   661
2021 12 21 00 40 MIN   148
2021 12 21 06 18 MAX   559
2021 12 21 12 19 MIN    67
2021 12 21 18 47 MAX   658
2021 12 22 01 13 MIN   154
2021 12 22 06 51 MAX   553
2021 12 22 12 51 MIN    73
2021 12 22 19 19 MAX   651
2021 12 23 01 44 MIN   161
2021 12 23 07 24 MAX   545
2021 12 23 13 23 MIN    81
2021 12 23 19 51 MAX   641
2021 12 24 02 15 MIN   168
2021 12 24 07 59 MAX   534
2021 12 24 13 57 MIN    91
2021 12 24 20 27 MAX   626
2021 12 25 02 49 MIN   173
2021 12 25 08 39 MAX   520
2021 12 25 14 37 MIN   108
2021 12 25 21 07 MAX   604
2021 12 26 03 29 MIN   178
2021 12 26 09 27 MAX   506
2021 12 26 15 24 MIN   133
2021 12 26 21 55 MAX   576
2021 12 27 04 19 MIN   180
2021 12 27 10 28 MAX   496
2021 12 27 16 25 MIN   163
2021 12 27 22 54 MAX   547
2021 12 28 05 21 MIN   176
2021 12 28 11 43 MAX   499
2021 12 28 17 41 MIN   189
2021 12 28 23 59 MAX   526
2021 12 29 06 31 MIN   160
2021 12 29 13 02 MAX   526
2021 12 29 19 07 MIN   197
2021 12 30 01 18 MAX   520
2021 12 30 07 39 MIN   131
2021 12 30 14 14 MAX   572
2021 12 30 20 30 MIN   185
2021 12 31 02 26 MAX   531
2021 12 31 08 39 MIN    95
2021 12 31 15 17 MAX   624
2021 12 31 21 41 MIN   164
