 <API - 조위예측극치자료>

대상조위관측소 : 영광
위도(WGS84) : N 126.4206
경도(WGS84) : E 35.4261
관측기관 : 20201221 ~ 20220101

2020 12 21 01 35 MIN   172
2020 12 21 07 11 MAX   467
2020 12 21 13 22 MIN   152
2020 12 21 19 47 MAX   521
2020 12 22 02 26 MIN   190
2020 12 22 08 08 MAX   443
2020 12 22 14 19 MIN   191
2020 12 22 20 43 MAX   483
2020 12 23 03 26 MIN   199
2020 12 23 09 18 MAX   431
2020 12 23 15 35 MIN   220
2020 12 23 21 49 MAX   456
2020 12 24 04 31 MIN   194
2020 12 24 10 38 MAX   438
2020 12 24 17 02 MIN   228
2020 12 24 22 59 MAX   445
2020 12 25 05 32 MIN   176
2020 12 25 11 50 MAX   466
2020 12 25 18 14 MIN   215
2020 12 25 23 59 MAX   451
2020 12 26 06 23 MIN   150
2020 12 26 12 44 MAX   502
2020 12 26 19 08 MIN   193
2020 12 27 00 48 MAX   466
2020 12 27 07 06 MIN   123
2020 12 27 13 28 MAX   537
2020 12 27 19 52 MIN   170
2020 12 28 01 29 MAX   483
2020 12 28 07 44 MIN    98
2020 12 28 14 05 MAX   566
2020 12 28 20 30 MIN   150
2020 12 29 02 07 MAX   500
2020 12 29 08 21 MIN    77
2020 12 29 14 40 MAX   589
2020 12 29 21 07 MIN   134
2020 12 30 02 42 MAX   514
2020 12 30 08 58 MIN    62
2020 12 30 15 14 MAX   605
2020 12 30 21 44 MIN   123
2020 12 31 03 18 MAX   524
2020 12 31 09 35 MIN    52
2020 12 31 15 50 MAX   616
2020 12 31 22 21 MIN   117
2021 01 01 03 54 MAX   530
2021 01 01 10 12 MIN    47
2021 01 01 16 26 MAX   623
2021 01 01 22 58 MIN   114
2021 01 02 04 31 MAX   532
2021 01 02 10 50 MIN    47
2021 01 02 17 04 MAX   623
2021 01 02 23 37 MIN   115
2021 01 03 05 11 MAX   532
2021 01 03 11 30 MIN    53
2021 01 03 17 44 MAX   616
2021 01 04 00 17 MIN   119
2021 01 04 05 54 MAX   528
2021 01 04 12 12 MIN    69
2021 01 04 18 26 MAX   600
2021 01 05 01 00 MIN   125
2021 01 05 06 41 MAX   519
2021 01 05 12 58 MIN    96
2021 01 05 19 13 MAX   574
2021 01 06 01 48 MIN   132
2021 01 06 07 36 MAX   508
2021 01 06 13 54 MIN   131
2021 01 06 20 05 MAX   542
2021 01 07 02 43 MIN   137
2021 01 07 08 41 MAX   500
2021 01 07 15 03 MIN   166
2021 01 07 21 07 MAX   509
2021 01 08 03 48 MIN   136
2021 01 08 09 57 MAX   503
2021 01 08 16 30 MIN   187
2021 01 08 22 20 MAX   488
2021 01 09 05 00 MIN   124
2021 01 09 11 18 MAX   525
2021 01 09 17 57 MIN   183
2021 01 09 23 34 MAX   486
2021 01 10 06 09 MIN    99
2021 01 10 12 30 MAX   562
2021 01 10 19 09 MIN   160
2021 01 11 00 40 MAX   498
2021 01 11 07 11 MIN    71
2021 01 11 13 30 MAX   599
2021 01 11 20 08 MIN   134
2021 01 12 01 37 MAX   517
2021 01 12 08 05 MIN    46
2021 01 12 14 22 MAX   628
2021 01 12 20 59 MIN   111
2021 01 13 02 28 MAX   535
2021 01 13 08 54 MIN    29
2021 01 13 15 09 MAX   645
2021 01 13 21 45 MIN    97
2021 01 14 03 14 MAX   547
2021 01 14 09 40 MIN    22
2021 01 14 15 52 MAX   650
2021 01 14 22 28 MIN    91
2021 01 15 03 58 MAX   552
2021 01 15 10 22 MIN    26
2021 01 15 16 34 MAX   644
2021 01 15 23 07 MIN    93
2021 01 16 04 40 MAX   550
2021 01 16 11 01 MIN    39
2021 01 16 17 13 MAX   628
2021 01 16 23 45 MIN   102
2021 01 17 05 20 MAX   540
2021 01 17 11 38 MIN    60
2021 01 17 17 50 MAX   604
2021 01 18 00 20 MIN   116
2021 01 18 05 59 MAX   524
2021 01 18 12 12 MIN    90
2021 01 18 18 25 MAX   572
2021 01 19 00 53 MIN   132
2021 01 19 06 38 MAX   504
2021 01 19 12 47 MIN   125
2021 01 19 19 01 MAX   534
2021 01 20 01 27 MIN   151
2021 01 20 07 21 MAX   480
2021 01 20 13 26 MIN   166
2021 01 20 19 40 MAX   492
2021 01 21 02 06 MIN   169
2021 01 21 08 11 MAX   457
2021 01 21 14 17 MIN   208
2021 01 21 20 26 MAX   452
2021 01 22 02 56 MIN   184
2021 01 22 09 17 MAX   440
2021 01 22 15 30 MIN   242
2021 01 22 21 29 MAX   420
2021 01 23 04 02 MIN   190
2021 01 23 10 39 MAX   441
2021 01 23 17 08 MIN   252
2021 01 23 22 49 MAX   407
2021 01 24 05 16 MIN   181
2021 01 24 11 58 MAX   464
2021 01 24 18 30 MIN   235
2021 01 25 00 02 MAX   417
2021 01 25 06 21 MIN   157
2021 01 25 12 57 MAX   499
2021 01 25 19 28 MIN   205
2021 01 26 00 59 MAX   442
2021 01 26 07 14 MIN   126
2021 01 26 13 43 MAX   536
2021 01 26 20 12 MIN   174
2021 01 27 01 44 MAX   472
2021 01 27 08 00 MIN    95
2021 01 27 14 22 MAX   570
2021 01 27 20 52 MIN   144
2021 01 28 02 25 MAX   502
2021 01 28 08 43 MIN    66
2021 01 28 15 00 MAX   599
2021 01 28 21 30 MIN   118
2021 01 29 03 03 MAX   528
2021 01 29 09 24 MIN    41
2021 01 29 15 36 MAX   623
2021 01 29 22 08 MIN    97
2021 01 30 03 42 MAX   551
2021 01 30 10 04 MIN    24
2021 01 30 16 13 MAX   640
2021 01 30 22 45 MIN    80
2021 01 31 04 21 MAX   568
2021 01 31 10 44 MIN    16
2021 01 31 16 50 MAX   646
2021 01 31 23 22 MIN    70
2021 02 01 05 01 MAX   578
2021 02 01 11 24 MIN    20
2021 02 01 17 28 MAX   641
2021 02 01 23 59 MIN    67
2021 02 02 05 42 MAX   581
2021 02 02 12 05 MIN    39
2021 02 02 18 07 MAX   621
2021 02 03 00 37 MIN    72
2021 02 03 06 26 MAX   573
2021 02 03 12 48 MIN    74
2021 02 03 18 48 MAX   587
2021 02 04 01 18 MIN    85
2021 02 04 07 15 MAX   555
2021 02 04 13 35 MIN   122
2021 02 04 19 33 MAX   542
2021 02 05 02 04 MIN   106
2021 02 05 08 12 MAX   530
2021 02 05 14 35 MIN   174
2021 02 05 20 28 MAX   493
2021 02 06 03 02 MIN   129
2021 02 06 09 24 MAX   507
2021 02 06 15 58 MIN   216
2021 02 06 21 39 MAX   452
2021 02 07 04 18 MIN   144
2021 02 07 10 53 MAX   503
2021 02 07 17 43 MIN   222
2021 02 07 23 08 MAX   437
2021 02 08 05 47 MIN   136
2021 02 08 12 19 MAX   527
2021 02 08 19 06 MIN   193
2021 02 09 00 30 MAX   454
2021 02 09 07 02 MIN   109
2021 02 09 13 26 MAX   564
2021 02 09 20 06 MIN   154
2021 02 10 01 33 MAX   488
2021 02 10 08 01 MIN    76
2021 02 10 14 18 MAX   598
2021 02 10 20 54 MIN   120
2021 02 11 02 24 MAX   522
2021 02 11 08 51 MIN    49
2021 02 11 15 01 MAX   621
2021 02 11 21 35 MIN    95
2021 02 12 03 08 MAX   549
2021 02 12 09 33 MIN    34
2021 02 12 15 41 MAX   632
2021 02 12 22 13 MIN    80
2021 02 13 03 48 MAX   566
2021 02 13 10 12 MIN    30
2021 02 13 16 17 MAX   632
2021 02 13 22 47 MIN    76
2021 02 14 04 25 MAX   573
2021 02 14 10 46 MIN    38
2021 02 14 16 50 MAX   622
2021 02 14 23 17 MIN    78
2021 02 15 05 00 MAX   571
2021 02 15 11 18 MIN    55
2021 02 15 17 21 MAX   603
2021 02 15 23 45 MIN    87
2021 02 16 05 33 MAX   561
2021 02 16 11 47 MIN    79
2021 02 16 17 50 MAX   576
2021 02 17 00 11 MIN    98
2021 02 17 06 06 MAX   546
2021 02 17 12 17 MIN   110
2021 02 17 18 19 MAX   544
2021 02 18 00 37 MIN   114
2021 02 18 06 41 MAX   524
2021 02 18 12 48 MIN   148
2021 02 18 18 49 MAX   506
2021 02 19 01 07 MIN   134
2021 02 19 07 20 MAX   497
2021 02 19 13 26 MIN   191
2021 02 19 19 24 MAX   464
2021 02 20 01 44 MIN   159
2021 02 20 08 09 MAX   467
2021 02 20 14 18 MIN   236
2021 02 20 20 11 MAX   422
2021 02 21 02 37 MIN   185
2021 02 21 09 20 MAX   444
2021 02 21 15 44 MIN   269
2021 02 21 21 26 MAX   390
2021 02 22 03 58 MIN   201
2021 02 22 10 57 MAX   444
2021 02 22 17 45 MIN   265
2021 02 22 23 08 MAX   388
2021 02 23 05 32 MIN   189
2021 02 23 12 22 MAX   475
2021 02 23 19 03 MIN   230
2021 02 24 00 28 MAX   418
2021 02 24 06 45 MIN   154
2021 02 24 13 18 MAX   520
2021 02 24 19 52 MIN   186
2021 02 25 01 23 MAX   462
2021 02 25 07 41 MIN   109
2021 02 25 14 01 MAX   565
2021 02 25 20 32 MIN   142
2021 02 26 02 07 MAX   509
2021 02 26 08 27 MIN    66
2021 02 26 14 39 MAX   607
2021 02 26 21 10 MIN   102
2021 02 27 02 47 MAX   553
2021 02 27 09 10 MIN    30
2021 02 27 15 17 MAX   639
2021 02 27 21 47 MIN    67
2021 02 28 03 26 MAX   590
2021 02 28 09 51 MIN     5
2021 02 28 15 53 MAX   659
2021 02 28 22 24 MIN    41
2021 03 01 04 06 MAX   618
2021 03 01 10 32 MIN    -4
2021 03 01 16 30 MAX   665
2021 03 01 23 00 MIN    26
2021 03 02 04 46 MAX   634
2021 03 02 11 12 MIN     4
2021 03 02 17 07 MAX   654
2021 03 02 23 36 MIN    23
2021 03 03 05 27 MAX   636
2021 03 03 11 52 MIN    32
2021 03 03 17 45 MAX   626
2021 03 04 00 12 MIN    34
2021 03 04 06 10 MAX   622
2021 03 04 12 34 MIN    76
2021 03 04 18 24 MAX   585
2021 03 05 00 50 MIN    58
2021 03 05 06 56 MAX   592
2021 03 05 13 19 MIN   132
2021 03 05 19 06 MAX   532
2021 03 06 01 32 MIN    93
2021 03 06 07 49 MAX   551
2021 03 06 14 15 MIN   193
2021 03 06 19 58 MAX   475
2021 03 07 02 26 MIN   136
2021 03 07 08 59 MAX   509
2021 03 07 15 41 MIN   240
2021 03 07 21 11 MAX   426
2021 03 08 03 49 MIN   170
2021 03 08 10 36 MAX   490
2021 03 08 17 39 MIN   242
2021 03 08 22 56 MAX   411
2021 03 09 05 37 MIN   169
2021 03 09 12 15 MAX   510
2021 03 09 19 03 MIN   202
2021 03 10 00 29 MAX   441
2021 03 10 06 59 MIN   135
2021 03 10 13 20 MAX   548
2021 03 10 19 57 MIN   155
2021 03 11 01 30 MAX   489
2021 03 11 07 56 MIN    96
2021 03 11 14 08 MAX   582
2021 03 11 20 39 MIN   115
2021 03 12 02 17 MAX   533
2021 03 12 08 42 MIN    65
2021 03 12 14 47 MAX   606
2021 03 12 21 16 MIN    87
2021 03 13 02 56 MAX   566
2021 03 13 09 20 MIN    48
2021 03 13 15 21 MAX   617
2021 03 13 21 49 MIN    71
2021 03 14 03 32 MAX   588
2021 03 14 09 55 MIN    44
2021 03 14 15 53 MAX   618
2021 03 14 22 18 MIN    64
2021 03 15 04 04 MAX   598
2021 03 15 10 26 MIN    50
2021 03 15 16 22 MAX   609
2021 03 15 22 45 MIN    64
2021 03 16 04 35 MAX   600
2021 03 16 10 55 MIN    64
2021 03 16 16 49 MAX   594
2021 03 16 23 09 MIN    69
2021 03 17 05 06 MAX   594
2021 03 17 11 22 MIN    84
2021 03 17 17 16 MAX   572
2021 03 17 23 32 MIN    77
2021 03 18 05 36 MAX   582
2021 03 18 11 50 MIN   111
2021 03 18 17 43 MAX   545
2021 03 18 23 57 MIN    91
2021 03 19 06 07 MAX   562
2021 03 19 12 20 MIN   144
2021 03 19 18 11 MAX   512
2021 03 20 00 25 MIN   112
2021 03 20 06 42 MAX   535
2021 03 20 12 55 MIN   184
2021 03 20 18 43 MAX   475
2021 03 21 00 58 MIN   140
2021 03 21 07 25 MAX   502
2021 03 21 13 39 MIN   228
2021 03 21 19 24 MAX   434
2021 03 22 01 43 MIN   174
2021 03 22 08 24 MAX   469
2021 03 22 14 48 MIN   266
2021 03 22 20 28 MAX   398
2021 03 23 02 54 MIN   203
2021 03 23 09 53 MAX   453
2021 03 23 16 50 MIN   274
2021 03 23 22 13 MAX   385
2021 03 24 04 40 MIN   206
2021 03 24 11 35 MAX   474
2021 03 24 18 27 MIN   238
2021 03 24 23 52 MAX   416
2021 03 25 06 13 MIN   171
2021 03 25 12 42 MAX   520
2021 03 25 19 21 MIN   186
2021 03 26 00 54 MAX   471
2021 03 26 07 15 MIN   120
2021 03 26 13 30 MAX   570
2021 03 26 20 03 MIN   132
2021 03 27 01 42 MAX   532
2021 03 27 08 06 MIN    69
2021 03 27 14 11 MAX   615
2021 03 27 20 42 MIN    82
2021 03 28 02 25 MAX   589
2021 03 28 08 51 MIN    29
2021 03 28 14 50 MAX   648
2021 03 28 21 20 MIN    40
2021 03 29 03 06 MAX   635
2021 03 29 09 34 MIN     5
2021 03 29 15 28 MAX   665
2021 03 29 21 57 MIN    11
2021 03 30 03 47 MAX   667
2021 03 30 10 15 MIN     1
2021 03 30 16 05 MAX   664
2021 03 30 22 34 MIN    -3
2021 03 31 04 28 MAX   681
2021 03 31 10 56 MIN    16
2021 03 31 16 43 MAX   646
2021 03 31 23 11 MIN    -1
2021 04 01 05 10 MAX   677
2021 04 01 11 38 MIN    49
2021 04 01 17 22 MAX   614
2021 04 01 23 47 MIN    18
2021 04 02 05 53 MAX   654
2021 04 02 12 20 MIN    97
2021 04 02 18 02 MAX   569
2021 04 03 00 26 MIN    51
2021 04 03 06 40 MAX   614
2021 04 03 13 07 MIN   153
2021 04 03 18 46 MAX   517
2021 04 04 01 08 MIN    97
2021 04 04 07 34 MAX   565
2021 04 04 14 06 MIN   208
2021 04 04 19 40 MAX   463
2021 04 05 02 05 MIN   148
2021 04 05 08 45 MAX   517
2021 04 05 15 35 MIN   245
2021 04 05 20 58 MAX   420
2021 04 06 03 34 MIN   187
2021 04 06 10 22 MAX   494
2021 04 06 17 26 MIN   238
2021 04 06 22 47 MAX   414
2021 04 07 05 26 MIN   186
2021 04 07 11 57 MAX   508
2021 04 07 18 41 MIN   197
2021 04 08 00 17 MAX   452
2021 04 08 06 45 MIN   153
2021 04 08 12 59 MAX   539
2021 04 08 19 33 MIN   152
2021 04 09 01 15 MAX   502
2021 04 09 07 40 MIN   117
2021 04 09 13 44 MAX   567
2021 04 09 20 13 MIN   115
2021 04 10 01 59 MAX   547
2021 04 10 08 22 MIN    90
2021 04 10 14 21 MAX   586
2021 04 10 20 47 MIN    88
2021 04 11 02 36 MAX   582
2021 04 11 08 59 MIN    75
2021 04 11 14 54 MAX   594
2021 04 11 21 17 MIN    72
2021 04 12 03 09 MAX   604
2021 04 12 09 32 MIN    72
2021 04 12 15 23 MAX   594
2021 04 12 21 45 MIN    65
2021 04 13 03 41 MAX   616
2021 04 13 10 02 MIN    77
2021 04 13 15 51 MAX   587
2021 04 13 22 10 MIN    63
2021 04 14 04 10 MAX   619
2021 04 14 10 31 MIN    88
2021 04 14 16 18 MAX   575
2021 04 14 22 34 MIN    65
2021 04 15 04 40 MAX   615
2021 04 15 11 00 MIN   103
2021 04 15 16 46 MAX   559
2021 04 15 23 00 MIN    73
2021 04 16 05 10 MAX   605
2021 04 16 11 29 MIN   125
2021 04 16 17 14 MAX   537
2021 04 16 23 26 MIN    86
2021 04 17 05 41 MAX   587
2021 04 17 12 00 MIN   152
2021 04 17 17 44 MAX   511
2021 04 17 23 55 MIN   107
2021 04 18 06 16 MAX   563
2021 04 18 12 35 MIN   185
2021 04 18 18 18 MAX   480
2021 04 19 00 29 MIN   133
2021 04 19 06 57 MAX   534
2021 04 19 13 19 MIN   220
2021 04 19 19 00 MAX   448
2021 04 20 01 12 MIN   165
2021 04 20 07 52 MAX   504
2021 04 20 14 22 MIN   251
2021 04 20 20 01 MAX   418
2021 04 21 02 17 MIN   194
2021 04 21 09 09 MAX   485
2021 04 21 16 01 MIN   258
2021 04 21 21 32 MAX   408
2021 04 22 03 54 MIN   204
2021 04 22 10 41 MAX   494
2021 04 22 17 35 MIN   227
2021 04 22 23 09 MAX   437
2021 04 23 05 33 MIN   177
2021 04 23 11 56 MAX   530
2021 04 23 18 37 MIN   175
2021 04 24 00 19 MAX   495
2021 04 24 06 44 MIN   131
2021 04 24 12 51 MAX   573
2021 04 24 19 24 MIN   119
2021 04 25 01 13 MAX   561
2021 04 25 07 39 MIN    85
2021 04 25 13 36 MAX   611
2021 04 25 20 07 MIN    67
2021 04 26 01 59 MAX   622
2021 04 26 08 28 MIN    50
2021 04 26 14 18 MAX   637
2021 04 26 20 48 MIN    26
2021 04 27 02 43 MAX   669
2021 04 27 09 14 MIN    32
2021 04 27 14 59 MAX   647
2021 04 27 21 28 MIN     0
2021 04 28 03 26 MAX   698
2021 04 28 09 58 MIN    32
2021 04 28 15 40 MAX   641
2021 04 28 22 07 MIN    -9
2021 04 29 04 09 MAX   707
2021 04 29 10 41 MIN    49
2021 04 29 16 20 MAX   622
2021 04 29 22 46 MIN    -1
2021 04 30 04 53 MAX   696
2021 04 30 11 25 MIN    80
2021 04 30 17 02 MAX   591
2021 04 30 23 26 MIN    23
2021 05 01 05 40 MAX   668
2021 05 01 12 11 MIN   121
2021 05 01 17 46 MAX   552
2021 05 02 00 08 MIN    60
2021 05 02 06 28 MAX   627
2021 05 02 13 01 MIN   165
2021 05 02 18 34 MAX   509
2021 05 03 00 54 MIN   106
2021 05 03 07 24 MAX   580
2021 05 03 14 02 MIN   205
2021 05 03 19 32 MAX   466
2021 05 04 01 54 MIN   155
2021 05 04 08 31 MAX   536
2021 05 04 15 22 MIN   228
2021 05 04 20 49 MAX   436
2021 05 05 03 19 MIN   192
2021 05 05 09 54 MAX   509
2021 05 05 16 51 MIN   222
2021 05 05 22 23 MAX   435
2021 05 06 04 57 MIN   198
2021 05 06 11 18 MAX   509
2021 05 06 18 02 MIN   193
2021 05 06 23 47 MAX   466
2021 05 07 06 14 MIN   178
2021 05 07 12 22 MAX   524
2021 05 07 18 54 MIN   158
2021 05 08 00 47 MAX   510
2021 05 08 07 11 MIN   151
2021 05 08 13 09 MAX   541
2021 05 08 19 36 MIN   126
2021 05 09 01 32 MAX   551
2021 05 09 07 56 MIN   130
2021 05 09 13 48 MAX   554
2021 05 09 20 11 MIN   102
2021 05 10 02 10 MAX   584
2021 05 10 08 34 MIN   117
2021 05 10 14 21 MAX   561
2021 05 10 20 41 MIN    87
2021 05 11 02 44 MAX   607
2021 05 11 09 07 MIN   112
2021 05 11 14 52 MAX   562
2021 05 11 21 10 MIN    78
2021 05 12 03 15 MAX   620
2021 05 12 09 39 MIN   113
2021 05 12 15 21 MAX   559
2021 05 12 21 37 MIN    74
2021 05 13 03 46 MAX   624
2021 05 13 10 10 MIN   119
2021 05 13 15 51 MAX   553
2021 05 13 22 05 MIN    75
2021 05 14 04 17 MAX   622
2021 05 14 10 41 MIN   129
2021 05 14 16 21 MAX   542
2021 05 14 22 34 MIN    82
2021 05 15 04 49 MAX   615
2021 05 15 11 13 MIN   143
2021 05 15 16 53 MAX   527
2021 05 15 23 04 MIN    93
2021 05 16 05 22 MAX   602
2021 05 16 11 47 MIN   161
2021 05 16 17 26 MAX   510
2021 05 16 23 37 MIN   109
2021 05 17 05 59 MAX   586
2021 05 17 12 25 MIN   183
2021 05 17 18 03 MAX   490
2021 05 18 00 13 MIN   129
2021 05 18 06 41 MAX   565
2021 05 18 13 10 MIN   205
2021 05 18 18 48 MAX   469
2021 05 19 00 58 MIN   153
2021 05 19 07 32 MAX   544
2021 05 19 14 08 MIN   222
2021 05 19 19 47 MAX   453
2021 05 20 01 59 MIN   176
2021 05 20 08 37 MAX   527
2021 05 20 15 21 MIN   223
2021 05 20 21 02 MAX   450
2021 05 21 03 20 MIN   190
2021 05 21 09 52 MAX   525
2021 05 21 16 40 MIN   201
2021 05 21 22 26 MAX   475
2021 05 22 04 51 MIN   180
2021 05 22 11 05 MAX   540
2021 05 22 17 46 MIN   159
2021 05 22 23 40 MAX   524
2021 05 23 06 09 MIN   152
2021 05 23 12 07 MAX   565
2021 05 23 18 41 MIN   111
2021 05 24 00 41 MAX   584
2021 05 24 07 11 MIN   118
2021 05 24 13 00 MAX   589
2021 05 24 19 30 MIN    66
2021 05 25 01 33 MAX   639
2021 05 25 08 05 MIN    92
2021 05 25 13 47 MAX   605
2021 05 25 20 16 MIN    32
2021 05 26 02 21 MAX   681
2021 05 26 08 55 MIN    78
2021 05 26 14 32 MAX   611
2021 05 26 21 00 MIN    12
2021 05 27 03 08 MAX   704
2021 05 27 09 43 MIN    78
2021 05 27 15 17 MAX   607
2021 05 27 21 44 MIN     7
2021 05 28 03 54 MAX   708
2021 05 28 10 30 MIN    88
2021 05 28 16 02 MAX   593
2021 05 28 22 27 MIN    16
2021 05 29 04 41 MAX   697
2021 05 29 11 17 MIN   108
2021 05 29 16 48 MAX   572
2021 05 29 23 11 MIN    38
2021 05 30 05 29 MAX   673
2021 05 30 12 04 MIN   132
2021 05 30 17 36 MAX   546
2021 05 30 23 57 MIN    70
2021 05 31 06 18 MAX   640
2021 05 31 12 55 MIN   159
2021 05 31 18 26 MAX   518
2021 06 01 00 45 MIN   109
2021 06 01 07 11 MAX   601
2021 06 01 13 50 MIN   183
2021 06 01 19 22 MAX   489
2021 06 02 01 41 MIN   151
2021 06 02 08 08 MAX   561
2021 06 02 14 52 MIN   200
2021 06 02 20 28 MAX   467
2021 06 03 02 49 MIN   188
2021 06 03 09 13 MAX   528
2021 06 03 16 00 MIN   204
2021 06 03 21 43 MAX   460
2021 06 04 04 09 MIN   210
2021 06 04 10 23 MAX   507
2021 06 04 17 06 MIN   193
2021 06 04 23 02 MAX   475
2021 06 05 05 28 MIN   211
2021 06 05 11 29 MAX   501
2021 06 05 18 03 MIN   173
2021 06 06 00 08 MAX   506
2021 06 06 06 33 MIN   198
2021 06 06 12 24 MAX   505
2021 06 06 18 50 MIN   149
2021 06 07 00 59 MAX   542
2021 06 07 07 24 MIN   182
2021 06 07 13 08 MAX   514
2021 06 07 19 29 MIN   128
2021 06 08 01 41 MAX   573
2021 06 08 08 07 MIN   167
2021 06 08 13 47 MAX   523
2021 06 08 20 04 MIN   111
2021 06 09 02 19 MAX   596
2021 06 09 08 44 MIN   157
2021 06 09 14 22 MAX   530
2021 06 09 20 37 MIN    99
2021 06 10 02 53 MAX   612
2021 06 10 09 18 MIN   151
2021 06 10 14 56 MAX   534
2021 06 10 21 09 MIN    92
2021 06 11 03 26 MAX   620
2021 06 11 09 52 MIN   148
2021 06 11 15 29 MAX   535
2021 06 11 21 42 MIN    90
2021 06 12 03 59 MAX   623
2021 06 12 10 27 MIN   149
2021 06 12 16 03 MAX   533
2021 06 12 22 16 MIN    91
2021 06 13 04 33 MAX   622
2021 06 13 11 02 MIN   153
2021 06 13 16 38 MAX   528
2021 06 13 22 50 MIN    96
2021 06 14 05 09 MAX   618
2021 06 14 11 39 MIN   160
2021 06 14 17 14 MAX   522
2021 06 14 23 27 MIN   104
2021 06 15 05 47 MAX   612
2021 06 15 12 18 MIN   168
2021 06 15 17 54 MAX   514
2021 06 16 00 06 MIN   116
2021 06 16 06 28 MAX   601
2021 06 16 13 01 MIN   176
2021 06 16 18 39 MAX   506
2021 06 17 00 51 MIN   133
2021 06 17 07 14 MAX   586
2021 06 17 13 50 MIN   181
2021 06 17 19 32 MAX   500
2021 06 18 01 45 MIN   155
2021 06 18 08 08 MAX   567
2021 06 18 14 46 MIN   181
2021 06 18 20 35 MAX   501
2021 06 19 02 52 MIN   177
2021 06 19 09 08 MAX   550
2021 06 19 15 49 MIN   170
2021 06 19 21 48 MAX   515
2021 06 20 04 12 MIN   189
2021 06 20 10 16 MAX   540
2021 06 20 16 55 MIN   147
2021 06 20 23 03 MAX   547
2021 06 21 05 34 MIN   184
2021 06 21 11 24 MAX   542
2021 06 21 17 58 MIN   116
2021 06 22 00 12 MAX   590
2021 06 22 06 46 MIN   166
2021 06 22 12 25 MAX   551
2021 06 22 18 56 MIN    84
2021 06 23 01 11 MAX   634
2021 06 23 07 48 MIN   145
2021 06 23 13 21 MAX   563
2021 06 23 19 50 MIN    57
2021 06 24 02 05 MAX   669
2021 06 24 08 43 MIN   128
2021 06 24 14 13 MAX   572
2021 06 24 20 40 MIN    39
2021 06 25 02 55 MAX   690
2021 06 25 09 34 MIN   118
2021 06 25 15 02 MAX   577
2021 06 25 21 29 MIN    32
2021 06 26 03 44 MAX   698
2021 06 26 10 22 MIN   115
2021 06 26 15 51 MAX   577
2021 06 26 22 16 MIN    36
2021 06 27 04 32 MAX   693
2021 06 27 11 09 MIN   117
2021 06 27 16 39 MAX   571
2021 06 27 23 02 MIN    50
2021 06 28 05 18 MAX   678
2021 06 28 11 54 MIN   126
2021 06 28 17 26 MAX   560
2021 06 28 23 47 MIN    73
2021 06 29 06 04 MAX   653
2021 06 29 12 39 MIN   139
2021 06 29 18 14 MAX   544
2021 06 30 00 31 MIN   104
2021 06 30 06 48 MAX   621
2021 06 30 13 23 MIN   156
2021 06 30 19 02 MAX   524
2021 07 01 01 17 MIN   143
2021 07 01 07 34 MAX   582
2021 07 01 14 10 MIN   173
2021 07 01 19 55 MAX   503
2021 07 02 02 08 MIN   184
2021 07 02 08 22 MAX   542
2021 07 02 15 00 MIN   188
2021 07 02 20 54 MAX   487
2021 07 03 03 10 MIN   221
2021 07 03 09 18 MAX   504
2021 07 03 15 57 MIN   195
2021 07 03 22 04 MAX   482
2021 07 04 04 26 MIN   245
2021 07 04 10 22 MAX   478
2021 07 04 16 57 MIN   192
2021 07 04 23 19 MAX   495
2021 07 05 05 45 MIN   248
2021 07 05 11 28 MAX   469
2021 07 05 17 55 MIN   179
2021 07 06 00 22 MAX   522
2021 07 06 06 50 MIN   235
2021 07 06 12 26 MAX   474
2021 07 06 18 45 MIN   160
2021 07 07 01 14 MAX   551
2021 07 07 07 41 MIN   215
2021 07 07 13 14 MAX   487
2021 07 07 19 30 MIN   140
2021 07 08 01 56 MAX   578
2021 07 08 08 24 MIN   196
2021 07 08 13 56 MAX   503
2021 07 08 20 10 MIN   122
2021 07 09 02 35 MAX   599
2021 07 09 09 03 MIN   179
2021 07 09 14 35 MAX   519
2021 07 09 20 49 MIN   107
2021 07 10 03 10 MAX   615
2021 07 10 09 39 MIN   165
2021 07 10 15 12 MAX   531
2021 07 10 21 26 MIN    96
2021 07 11 03 45 MAX   628
2021 07 11 10 15 MIN   154
2021 07 11 15 48 MAX   541
2021 07 11 22 04 MIN    88
2021 07 12 04 20 MAX   638
2021 07 12 10 51 MIN   146
2021 07 12 16 25 MAX   548
2021 07 12 22 42 MIN    84
2021 07 13 04 56 MAX   644
2021 07 13 11 28 MIN   140
2021 07 13 17 03 MAX   554
2021 07 13 23 20 MIN    84
2021 07 14 05 33 MAX   644
2021 07 14 12 05 MIN   136
2021 07 14 17 43 MAX   557
2021 07 14 23 59 MIN    93
2021 07 15 06 11 MAX   636
2021 07 15 12 44 MIN   136
2021 07 15 18 26 MAX   557
2021 07 16 00 42 MIN   111
2021 07 16 06 52 MAX   619
2021 07 16 13 25 MIN   138
2021 07 16 19 14 MAX   553
2021 07 17 01 29 MIN   141
2021 07 17 07 37 MAX   591
2021 07 17 14 10 MIN   143
2021 07 17 20 09 MAX   548
2021 07 18 02 26 MIN   177
2021 07 18 08 29 MAX   557
2021 07 18 15 05 MIN   148
2021 07 18 21 15 MAX   544
2021 07 19 03 38 MIN   211
2021 07 19 09 32 MAX   526
2021 07 19 16 10 MIN   148
2021 07 19 22 32 MAX   552
2021 07 20 05 07 MIN   226
2021 07 20 10 46 MAX   507
2021 07 20 17 22 MIN   137
2021 07 20 23 50 MAX   577
2021 07 21 06 31 MIN   215
2021 07 21 12 00 MAX   508
2021 07 21 18 32 MIN   116
2021 07 22 00 59 MAX   613
2021 07 22 07 41 MIN   188
2021 07 22 13 06 MAX   525
2021 07 22 19 36 MIN    90
2021 07 23 01 57 MAX   647
2021 07 23 08 38 MIN   159
2021 07 23 14 04 MAX   548
2021 07 23 20 32 MIN    66
2021 07 24 02 49 MAX   673
2021 07 24 09 28 MIN   134
2021 07 24 14 56 MAX   569
2021 07 24 21 22 MIN    51
2021 07 25 03 36 MAX   687
2021 07 25 10 13 MIN   116
2021 07 25 15 43 MAX   583
2021 07 25 22 09 MIN    46
2021 07 26 04 20 MAX   690
2021 07 26 10 55 MIN   108
2021 07 26 16 28 MAX   590
2021 07 26 22 51 MIN    53
2021 07 27 05 01 MAX   680
2021 07 27 11 34 MIN   108
2021 07 27 17 11 MAX   588
2021 07 27 23 32 MIN    71
2021 07 28 05 40 MAX   660
2021 07 28 12 12 MIN   116
2021 07 28 17 52 MAX   577
2021 07 29 00 09 MIN   100
2021 07 29 06 17 MAX   630
2021 07 29 12 47 MIN   131
2021 07 29 18 33 MAX   560
2021 07 30 00 46 MIN   137
2021 07 30 06 53 MAX   591
2021 07 30 13 21 MIN   150
2021 07 30 19 15 MAX   538
2021 07 31 01 25 MIN   180
2021 07 31 07 30 MAX   548
2021 07 31 13 58 MIN   171
2021 07 31 20 03 MAX   514
2021 08 01 02 11 MIN   226
2021 08 01 08 13 MAX   503
2021 08 01 14 42 MIN   191
2021 08 01 21 02 MAX   493
2021 08 02 03 14 MIN   266
2021 08 02 09 08 MAX   462
2021 08 02 15 40 MIN   206
2021 08 02 22 19 MAX   484
2021 08 03 04 45 MIN   286
2021 08 03 10 23 MAX   438
2021 08 03 16 52 MIN   209
2021 08 03 23 41 MAX   497
2021 08 04 06 17 MIN   277
2021 08 04 11 43 MAX   439
2021 08 04 18 02 MIN   195
2021 08 05 00 48 MAX   526
2021 08 05 07 21 MIN   250
2021 08 05 12 47 MAX   459
2021 08 05 19 01 MIN   169
2021 08 06 01 37 MAX   559
2021 08 06 08 07 MIN   218
2021 08 06 13 36 MAX   488
2021 08 06 19 50 MIN   141
2021 08 07 02 17 MAX   591
2021 08 07 08 46 MIN   188
2021 08 07 14 18 MAX   518
2021 08 07 20 33 MIN   113
2021 08 08 02 53 MAX   619
2021 08 08 09 22 MIN   161
2021 08 08 14 56 MAX   545
2021 08 08 21 13 MIN    89
2021 08 09 03 27 MAX   642
2021 08 09 09 57 MIN   137
2021 08 09 15 32 MAX   569
2021 08 09 21 52 MIN    70
2021 08 10 04 02 MAX   660
2021 08 10 10 32 MIN   117
2021 08 10 16 09 MAX   589
2021 08 10 22 30 MIN    59
2021 08 11 04 36 MAX   671
2021 08 11 11 07 MIN   102
2021 08 11 16 47 MAX   604
2021 08 11 23 08 MIN    58
2021 08 12 05 11 MAX   671
2021 08 12 11 42 MIN    94
2021 08 12 17 26 MAX   612
2021 08 12 23 47 MIN    71
2021 08 13 05 48 MAX   657
2021 08 13 12 18 MIN    93
2021 08 13 18 07 MAX   612
2021 08 14 00 28 MIN    98
2021 08 14 06 26 MAX   631
2021 08 14 12 55 MIN   101
2021 08 14 18 52 MAX   601
2021 08 15 01 12 MIN   140
2021 08 15 07 07 MAX   591
2021 08 15 13 36 MIN   118
2021 08 15 19 43 MAX   580
2021 08 16 02 04 MIN   190
2021 08 16 07 55 MAX   544
2021 08 16 14 26 MIN   142
2021 08 16 20 47 MAX   556
2021 08 17 03 14 MIN   238
2021 08 17 08 57 MAX   498
2021 08 17 15 33 MIN   163
2021 08 17 22 08 MAX   543
2021 08 18 04 54 MIN   261
2021 08 18 10 21 MAX   469
2021 08 18 16 59 MIN   168
2021 08 18 23 40 MAX   556
2021 08 19 06 31 MIN   242
2021 08 19 11 52 MAX   474
2021 08 19 18 26 MIN   148
2021 08 20 00 57 MAX   591
2021 08 20 07 40 MIN   200
2021 08 20 13 05 MAX   507
2021 08 20 19 34 MIN   113
2021 08 21 01 54 MAX   630
2021 08 21 08 32 MIN   157
2021 08 21 14 02 MAX   548
2021 08 21 20 29 MIN    80
2021 08 22 02 42 MAX   660
2021 08 22 09 16 MIN   123
2021 08 22 14 49 MAX   583
2021 08 22 21 15 MIN    57
2021 08 23 03 23 MAX   677
2021 08 23 09 56 MIN    99
2021 08 23 15 32 MAX   607
2021 08 23 21 57 MIN    49
2021 08 24 04 01 MAX   681
2021 08 24 10 32 MIN    88
2021 08 24 16 12 MAX   618
2021 08 24 22 35 MIN    55
2021 08 25 04 36 MAX   671
2021 08 25 11 05 MIN    88
2021 08 25 16 49 MAX   619
2021 08 25 23 09 MIN    73
2021 08 26 05 09 MAX   651
2021 08 26 11 36 MIN    96
2021 08 26 17 24 MAX   610
2021 08 26 23 41 MIN   101
2021 08 27 05 40 MAX   622
2021 08 27 12 04 MIN   110
2021 08 27 17 59 MAX   593
2021 08 28 00 13 MIN   136
2021 08 28 06 10 MAX   585
2021 08 28 12 31 MIN   129
2021 08 28 18 35 MAX   570
2021 08 29 00 45 MIN   177
2021 08 29 06 42 MAX   544
2021 08 29 13 00 MIN   152
2021 08 29 19 15 MAX   541
2021 08 30 01 22 MIN   222
2021 08 30 07 16 MAX   499
2021 08 30 13 35 MIN   180
2021 08 30 20 03 MAX   508
2021 08 31 02 12 MIN   268
2021 08 31 08 01 MAX   454
2021 08 31 14 25 MIN   209
2021 08 31 21 12 MAX   481
2021 09 01 03 37 MIN   303
2021 09 01 09 14 MAX   418
2021 09 01 15 42 MIN   230
2021 09 01 22 51 MAX   477
2021 09 02 05 42 MIN   299
2021 09 02 10 58 MAX   412
2021 09 02 17 20 MIN   224
2021 09 03 00 18 MAX   504
2021 09 03 06 58 MIN   264
2021 09 03 12 22 MAX   440
2021 09 03 18 35 MIN   192
2021 09 04 01 13 MAX   544
2021 09 04 07 44 MIN   221
2021 09 04 13 15 MAX   483
2021 09 04 19 30 MIN   150
2021 09 05 01 53 MAX   586
2021 09 05 08 21 MIN   178
2021 09 05 13 57 MAX   529
2021 09 05 20 14 MIN   109
2021 09 06 02 28 MAX   624
2021 09 06 08 56 MIN   138
2021 09 06 14 34 MAX   572
2021 09 06 20 55 MIN    74
2021 09 07 03 02 MAX   655
2021 09 07 09 30 MIN   103
2021 09 07 15 11 MAX   609
2021 09 07 21 34 MIN    48
2021 09 08 03 36 MAX   676
2021 09 08 10 05 MIN    75
2021 09 08 15 48 MAX   639
2021 09 08 22 13 MIN    37
2021 09 09 04 10 MAX   684
2021 09 09 10 39 MIN    57
2021 09 09 16 26 MAX   658
2021 09 09 22 51 MIN    41
2021 09 10 04 45 MAX   677
2021 09 10 11 14 MIN    50
2021 09 10 17 05 MAX   664
2021 09 10 23 31 MIN    62
2021 09 11 05 21 MAX   654
2021 09 11 11 49 MIN    56
2021 09 11 17 46 MAX   656
2021 09 12 00 11 MIN   100
2021 09 12 05 58 MAX   617
2021 09 12 12 25 MIN    75
2021 09 12 18 31 MAX   633
2021 09 13 00 55 MIN   151
2021 09 13 06 39 MAX   569
2021 09 13 13 05 MIN   107
2021 09 13 19 21 MAX   596
2021 09 14 01 47 MIN   208
2021 09 14 07 28 MAX   515
2021 09 14 13 55 MIN   147
2021 09 14 20 26 MAX   554
2021 09 15 03 02 MIN   258
2021 09 15 08 34 MAX   464
2021 09 15 15 08 MIN   185
2021 09 15 21 55 MAX   527
2021 09 16 04 56 MIN   271
2021 09 16 10 13 MAX   439
2021 09 16 16 54 MIN   194
2021 09 16 23 38 MAX   539
2021 09 17 06 31 MIN   235
2021 09 17 11 56 MAX   462
2021 09 17 18 27 MIN   164
2021 09 18 00 52 MAX   576
2021 09 18 07 31 MIN   183
2021 09 18 13 05 MAX   513
2021 09 18 19 30 MIN   121
2021 09 19 01 44 MAX   615
2021 09 19 08 16 MIN   136
2021 09 19 13 55 MAX   563
2021 09 19 20 20 MIN    85
2021 09 20 02 25 MAX   642
2021 09 20 08 55 MIN   100
2021 09 20 14 37 MAX   603
2021 09 20 21 01 MIN    63
2021 09 21 03 02 MAX   656
2021 09 21 09 30 MIN    78
2021 09 21 15 14 MAX   628
2021 09 21 21 39 MIN    57
2021 09 22 03 35 MAX   656
2021 09 22 10 02 MIN    70
2021 09 22 15 49 MAX   640
2021 09 22 22 13 MIN    65
2021 09 23 04 06 MAX   644
2021 09 23 10 30 MIN    71
2021 09 23 16 22 MAX   641
2021 09 23 22 44 MIN    83
2021 09 24 04 35 MAX   624
2021 09 24 10 57 MIN    79
2021 09 24 16 54 MAX   632
2021 09 24 23 13 MIN   108
2021 09 25 05 03 MAX   598
2021 09 25 11 21 MIN    92
2021 09 25 17 25 MAX   616
2021 09 25 23 42 MIN   138
2021 09 26 05 31 MAX   566
2021 09 26 11 45 MIN   110
2021 09 26 17 58 MAX   593
2021 09 27 00 12 MIN   174
2021 09 27 06 00 MAX   530
2021 09 27 12 12 MIN   133
2021 09 27 18 34 MAX   561
2021 09 28 00 46 MIN   214
2021 09 28 06 32 MAX   489
2021 09 28 12 44 MIN   164
2021 09 28 19 16 MAX   525
2021 09 29 01 30 MIN   257
2021 09 29 07 13 MAX   447
2021 09 29 13 28 MIN   200
2021 09 29 20 15 MAX   489
2021 09 30 02 41 MIN   294
2021 09 30 08 17 MAX   409
2021 09 30 14 38 MIN   232
2021 09 30 21 47 MAX   470
2021 10 01 04 51 MIN   298
2021 10 01 10 06 MAX   397
2021 10 01 16 29 MIN   238
2021 10 01 23 30 MAX   489
2021 10 02 06 19 MIN   260
2021 10 02 11 46 MAX   429
2021 10 02 18 01 MIN   204
2021 10 03 00 33 MAX   531
2021 10 03 07 07 MIN   209
2021 10 03 12 45 MAX   483
2021 10 03 19 01 MIN   154
2021 10 04 01 16 MAX   577
2021 10 04 07 46 MIN   156
2021 10 04 13 29 MAX   542
2021 10 04 19 48 MIN   105
2021 10 05 01 54 MAX   620
2021 10 05 08 22 MIN   106
2021 10 05 14 08 MAX   599
2021 10 05 20 31 MIN    65
2021 10 06 02 29 MAX   652
2021 10 06 08 57 MIN    64
2021 10 06 14 46 MAX   647
2021 10 06 21 12 MIN    39
2021 10 07 03 05 MAX   670
2021 10 07 09 33 MIN    34
2021 10 07 15 25 MAX   681
2021 10 07 21 52 MIN    31
2021 10 08 03 41 MAX   672
2021 10 08 10 09 MIN    17
2021 10 08 16 04 MAX   699
2021 10 08 22 33 MIN    41
2021 10 09 04 18 MAX   657
2021 10 09 10 45 MIN    16
2021 10 09 16 44 MAX   699
2021 10 09 23 14 MIN    69
2021 10 10 04 55 MAX   628
2021 10 10 11 21 MIN    30
2021 10 10 17 27 MAX   680
2021 10 10 23 56 MIN   111
2021 10 11 05 35 MAX   587
2021 10 11 11 59 MIN    60
2021 10 11 18 12 MAX   645
2021 10 12 00 42 MIN   162
2021 10 12 06 18 MAX   538
2021 10 12 12 40 MIN   102
2021 10 12 19 05 MAX   598
2021 10 13 01 39 MIN   215
2021 10 13 07 10 MAX   485
2021 10 13 13 34 MIN   152
2021 10 13 20 12 MAX   549
2021 10 14 03 01 MIN   253
2021 10 14 08 25 MAX   440
2021 10 14 14 57 MIN   195
2021 10 14 21 45 MAX   519
2021 10 15 04 50 MIN   250
2021 10 15 10 11 MAX   429
2021 10 15 16 50 MIN   201
2021 10 15 23 24 MAX   527
2021 10 16 06 12 MIN   209
2021 10 16 11 49 MAX   465
2021 10 16 18 16 MIN   169
2021 10 17 00 32 MAX   557
2021 10 17 07 06 MIN   160
2021 10 17 12 52 MAX   519
2021 10 17 19 15 MIN   130
2021 10 18 01 20 MAX   587
2021 10 18 07 49 MIN   116
2021 10 18 13 38 MAX   570
2021 10 18 20 02 MIN    98
2021 10 19 01 59 MAX   606
2021 10 19 08 26 MIN    85
2021 10 19 14 17 MAX   608
2021 10 19 20 41 MIN    81
2021 10 20 02 33 MAX   615
2021 10 20 08 58 MIN    67
2021 10 20 14 52 MAX   633
2021 10 20 21 16 MIN    78
2021 10 21 03 04 MAX   612
2021 10 21 09 27 MIN    60
2021 10 21 15 25 MAX   644
2021 10 21 21 48 MIN    85
2021 10 22 03 34 MAX   602
2021 10 22 09 54 MIN    62
2021 10 22 15 56 MAX   645
2021 10 22 22 18 MIN    99
2021 10 23 04 02 MAX   586
2021 10 23 10 18 MIN    68
2021 10 23 16 26 MAX   638
2021 10 23 22 47 MIN   117
2021 10 24 04 30 MAX   565
2021 10 24 10 43 MIN    79
2021 10 24 16 56 MAX   623
2021 10 24 23 16 MIN   141
2021 10 25 04 59 MAX   541
2021 10 25 11 09 MIN    95
2021 10 25 17 28 MAX   601
2021 10 25 23 47 MIN   169
2021 10 26 05 29 MAX   512
2021 10 26 11 37 MIN   117
2021 10 26 18 02 MAX   573
2021 10 27 00 21 MIN   201
2021 10 27 06 02 MAX   479
2021 10 27 12 10 MIN   146
2021 10 27 18 42 MAX   539
2021 10 28 01 04 MIN   235
2021 10 28 06 43 MAX   445
2021 10 28 12 52 MIN   179
2021 10 28 19 34 MAX   506
2021 10 29 02 06 MIN   264
2021 10 29 07 42 MAX   414
2021 10 29 13 53 MIN   212
2021 10 29 20 49 MAX   483
2021 10 30 03 44 MIN   271
2021 10 30 09 13 MAX   402
2021 10 30 15 30 MIN   227
2021 10 30 22 22 MAX   487
2021 10 31 05 18 MIN   240
2021 10 31 10 53 MAX   428
2021 10 31 17 13 MIN   204
2021 10 31 23 37 MAX   518
2021 11 01 06 17 MIN   189
2021 11 01 12 03 MAX   485
2021 11 01 18 23 MIN   159
2021 11 02 00 30 MAX   559
2021 11 02 07 02 MIN   133
2021 11 02 12 54 MAX   551
2021 11 02 19 17 MIN   112
2021 11 03 01 14 MAX   597
2021 11 03 07 43 MIN    80
2021 11 03 13 38 MAX   614
2021 11 03 20 04 MIN    74
2021 11 04 01 54 MAX   624
2021 11 04 08 22 MIN    37
2021 11 04 14 20 MAX   665
2021 11 04 20 49 MIN    51
2021 11 05 02 33 MAX   638
2021 11 05 09 00 MIN     7
2021 11 05 15 02 MAX   699
2021 11 05 21 33 MIN    46
2021 11 06 03 13 MAX   636
2021 11 06 09 39 MIN    -6
2021 11 06 15 43 MAX   713
2021 11 06 22 16 MIN    57
2021 11 07 03 53 MAX   620
2021 11 07 10 18 MIN    -2
2021 11 07 16 27 MAX   707
2021 11 07 23 00 MIN    83
2021 11 08 04 34 MAX   593
2021 11 08 10 58 MIN    17
2021 11 08 17 12 MAX   682
2021 11 08 23 45 MIN   119
2021 11 09 05 17 MAX   557
2021 11 09 11 40 MIN    50
2021 11 09 18 00 MAX   644
2021 11 10 00 35 MIN   160
2021 11 10 06 06 MAX   516
2021 11 10 12 26 MIN    95
2021 11 10 18 55 MAX   597
2021 11 11 01 34 MIN   198
2021 11 11 07 03 MAX   474
2021 11 11 13 24 MIN   144
2021 11 11 19 59 MAX   550
2021 11 12 02 50 MIN   222
2021 11 12 08 16 MAX   441
2021 11 12 14 44 MIN   185
2021 11 12 21 20 MAX   518
2021 11 13 04 18 MIN   218
2021 11 13 09 50 MAX   434
2021 11 13 16 23 MIN   198
2021 11 13 22 45 MAX   511
2021 11 14 05 33 MIN   188
2021 11 14 11 20 MAX   463
2021 11 14 17 47 MIN   181
2021 11 14 23 55 MAX   522
2021 11 15 06 29 MIN   150
2021 11 15 12 25 MAX   509
2021 11 15 18 49 MIN   153
2021 11 16 00 46 MAX   539
2021 11 16 07 14 MIN   115
2021 11 16 13 14 MAX   554
2021 11 16 19 37 MIN   130
2021 11 17 01 27 MAX   552
2021 11 17 07 51 MIN    88
2021 11 17 13 53 MAX   590
2021 11 17 20 18 MIN   115
2021 11 18 02 02 MAX   558
2021 11 18 08 24 MIN    72
2021 11 18 14 28 MAX   614
2021 11 18 20 53 MIN   109
2021 11 19 02 35 MAX   559
2021 11 19 08 53 MIN    64
2021 11 19 15 01 MAX   627
2021 11 19 21 25 MIN   110
2021 11 20 03 05 MAX   555
2021 11 20 09 20 MIN    62
2021 11 20 15 32 MAX   629
2021 11 20 21 56 MIN   117
2021 11 21 03 35 MAX   546
2021 11 21 09 47 MIN    65
2021 11 21 16 02 MAX   625
2021 11 21 22 27 MIN   128
2021 11 22 04 04 MAX   534
2021 11 22 10 15 MIN    73
2021 11 22 16 33 MAX   614
2021 11 22 22 57 MIN   142
2021 11 23 04 35 MAX   519
2021 11 23 10 45 MIN    85
2021 11 23 17 06 MAX   598
2021 11 23 23 31 MIN   160
2021 11 24 05 08 MAX   500
2021 11 24 11 16 MIN   101
2021 11 24 17 40 MAX   578
2021 11 25 00 06 MIN   180
2021 11 25 05 43 MAX   479
2021 11 25 11 51 MIN   122
2021 11 25 18 19 MAX   555
2021 11 26 00 48 MIN   201
2021 11 26 06 25 MAX   457
2021 11 26 12 32 MIN   147
2021 11 26 19 07 MAX   531
2021 11 27 01 40 MIN   218
2021 11 27 07 18 MAX   438
2021 11 27 13 26 MIN   174
2021 11 27 20 05 MAX   510
2021 11 28 02 49 MIN   223
2021 11 28 08 29 MAX   429
2021 11 28 14 43 MIN   194
2021 11 28 21 17 MAX   500
2021 11 29 04 07 MIN   206
2021 11 29 09 54 MAX   445
2021 11 29 16 16 MIN   194
2021 11 29 22 32 MAX   507
2021 11 30 05 16 MIN   168
2021 11 30 11 13 MAX   489
2021 11 30 17 38 MIN   169
2021 11 30 23 37 MAX   529
2021 12 01 06 12 MIN   120
2021 12 01 12 15 MAX   549
2021 12 01 18 44 MIN   135
2021 12 02 00 32 MAX   554
2021 12 02 07 02 MIN    72
2021 12 02 13 08 MAX   608
2021 12 02 19 39 MIN   104
2021 12 03 01 20 MAX   575
2021 12 03 07 48 MIN    32
2021 12 03 13 56 MAX   656
2021 12 03 20 29 MIN    83
2021 12 04 02 05 MAX   587
2021 12 04 08 32 MIN     5
2021 12 04 14 42 MAX   687
2021 12 04 21 17 MIN    75
2021 12 05 02 50 MAX   589
2021 12 05 09 16 MIN    -7
2021 12 05 15 28 MAX   699
2021 12 05 22 04 MIN    79
2021 12 06 03 35 MAX   582
2021 12 06 10 00 MIN    -5
2021 12 06 16 14 MAX   693
2021 12 06 22 51 MIN    93
2021 12 07 04 20 MAX   566
2021 12 07 10 45 MIN    12
2021 12 07 17 02 MAX   673
2021 12 07 23 38 MIN   113
2021 12 08 05 07 MAX   543
2021 12 08 11 30 MIN    40
2021 12 08 17 51 MAX   641
2021 12 09 00 28 MIN   137
2021 12 09 05 58 MAX   516
2021 12 09 12 19 MIN    77
2021 12 09 18 42 MAX   602
2021 12 10 01 21 MIN   160
2021 12 10 06 52 MAX   487
2021 12 10 13 13 MIN   121
2021 12 10 19 37 MAX   560
2021 12 11 02 20 MIN   178
2021 12 11 07 55 MAX   461
2021 12 11 14 17 MIN   164
2021 12 11 20 39 MAX   520
2021 12 12 03 27 MIN   186
2021 12 12 09 09 MAX   447
2021 12 12 15 35 MIN   195
2021 12 12 21 49 MAX   491
2021 12 13 04 36 MIN   179
2021 12 13 10 31 MAX   454
2021 12 13 17 00 MIN   203
2021 12 13 22 59 MAX   478
2021 12 14 05 38 MIN   160
2021 12 14 11 46 MAX   482
2021 12 14 18 12 MIN   193
2021 12 15 00 01 MAX   479
2021 12 15 06 30 MIN   136
2021 12 15 12 43 MAX   518
2021 12 15 19 09 MIN   174
2021 12 16 00 50 MAX   487
2021 12 16 07 13 MIN   113
2021 12 16 13 28 MAX   552
2021 12 16 19 54 MIN   157
2021 12 17 01 31 MAX   497
2021 12 17 07 50 MIN    94
2021 12 17 14 06 MAX   577
2021 12 17 20 33 MIN   144
2021 12 18 02 08 MAX   506
2021 12 18 08 23 MIN    81
2021 12 18 14 41 MAX   593
2021 12 18 21 08 MIN   136
2021 12 19 02 42 MAX   513
2021 12 19 08 55 MIN    73
2021 12 19 15 14 MAX   601
2021 12 19 21 40 MIN   133
2021 12 20 03 15 MAX   517
2021 12 20 09 26 MIN    69
2021 12 20 15 46 MAX   603
2021 12 20 22 12 MIN   133
2021 12 21 03 47 MAX   516
2021 12 21 09 59 MIN    69
2021 12 21 16 18 MAX   601
2021 12 21 22 45 MIN   136
2021 12 22 04 20 MAX   513
2021 12 22 10 31 MIN    73
2021 12 22 16 51 MAX   596
2021 12 22 23 19 MIN   141
2021 12 23 04 54 MAX   507
2021 12 23 11 05 MIN    80
2021 12 23 17 25 MAX   589
2021 12 23 23 54 MIN   148
2021 12 24 05 30 MAX   499
2021 12 24 11 41 MIN    91
2021 12 24 18 02 MAX   578
2021 12 25 00 33 MIN   155
2021 12 25 06 10 MAX   490
2021 12 25 12 21 MIN   108
2021 12 25 18 43 MAX   562
2021 12 26 01 15 MIN   162
2021 12 26 06 57 MAX   480
2021 12 26 13 09 MIN   131
2021 12 26 19 30 MAX   541
2021 12 27 02 05 MIN   166
2021 12 27 07 54 MAX   474
2021 12 27 14 08 MIN   159
2021 12 27 20 26 MAX   518
2021 12 28 03 04 MIN   162
2021 12 28 09 03 MAX   476
2021 12 28 15 23 MIN   181
2021 12 28 21 32 MAX   499
2021 12 29 04 11 MIN   148
2021 12 29 10 21 MAX   497
2021 12 29 16 51 MIN   187
2021 12 29 22 43 MAX   493
2021 12 30 05 20 MIN   121
2021 12 30 11 37 MAX   536
2021 12 30 18 12 MIN   172
2021 12 30 23 52 MAX   501
2021 12 31 06 23 MIN    87
2021 12 31 12 41 MAX   582
2021 12 31 19 19 MIN   146
