<TOPS - 조위예측극치자료>

대상조위관측소 : 영광
위도(WGS84) : N  35도 25분 34초
경도(WGS84) : E 126도 25분 14초
관측기간 : 2022-01-01 00:00:00 ~ 2022-12-31 23:59:00

2021 12 01 06 12 MIN   120
2021 12 01 12 15 MAX   549
2021 12 01 18 44 MIN   135
2021 12 02 00 32 MAX   554
2021 12 02 07 02 MIN    72
2021 12 02 13 08 MAX   608
2021 12 02 19 39 MIN   104
2021 12 03 01 20 MAX   575
2021 12 03 07 48 MIN    32
2021 12 03 13 56 MAX   656
2021 12 03 20 29 MIN    83
2021 12 04 02 05 MAX   587
2021 12 04 08 32 MIN     5
2021 12 04 14 42 MAX   687
2021 12 04 21 17 MIN    75
2021 12 05 02 50 MAX   589
2021 12 05 09 16 MIN    -7
2021 12 05 15 28 MAX   699
2021 12 05 22 04 MIN    79
2021 12 06 03 35 MAX   582
2021 12 06 10 00 MIN    -5
2021 12 06 16 14 MAX   693
2021 12 06 22 51 MIN    93
2021 12 07 04 20 MAX   566
2021 12 07 10 45 MIN    12
2021 12 07 17 02 MAX   673
2021 12 07 23 38 MIN   113
2021 12 08 05 07 MAX   543
2021 12 08 11 30 MIN    40
2021 12 08 17 51 MAX   641
2021 12 09 00 28 MIN   137
2021 12 09 05 58 MAX   516
2021 12 09 12 19 MIN    77
2021 12 09 18 42 MAX   602
2021 12 10 01 21 MIN   160
2021 12 10 06 52 MAX   487
2021 12 10 13 13 MIN   121
2021 12 10 19 37 MAX   560
2021 12 11 02 20 MIN   178
2021 12 11 07 55 MAX   461
2021 12 11 14 17 MIN   164
2021 12 11 20 39 MAX   520
2021 12 12 03 27 MIN   186
2021 12 12 09 09 MAX   447
2021 12 12 15 35 MIN   195
2021 12 12 21 49 MAX   491
2021 12 13 04 36 MIN   179
2021 12 13 10 31 MAX   454
2021 12 13 17 00 MIN   203
2021 12 13 22 59 MAX   478
2021 12 14 05 38 MIN   160
2021 12 14 11 46 MAX   482
2021 12 14 18 12 MIN   193
2021 12 15 00 01 MAX   479
2021 12 15 06 30 MIN   136
2021 12 15 12 43 MAX   518
2021 12 15 19 09 MIN   174
2021 12 16 00 50 MAX   487
2021 12 16 07 13 MIN   113
2021 12 16 13 28 MAX   552
2021 12 16 19 54 MIN   157
2021 12 17 01 31 MAX   497
2021 12 17 07 50 MIN    94
2021 12 17 14 06 MAX   577
2021 12 17 20 33 MIN   144
2021 12 18 02 08 MAX   506
2021 12 18 08 23 MIN    81
2021 12 18 14 41 MAX   593
2021 12 18 21 08 MIN   136
2021 12 19 02 42 MAX   513
2021 12 19 08 55 MIN    73
2021 12 19 15 14 MAX   601
2021 12 19 21 40 MIN   133
2021 12 20 03 15 MAX   517
2021 12 20 09 26 MIN    69
2021 12 20 15 46 MAX   603
2021 12 20 22 12 MIN   133
2021 12 21 03 47 MAX   516
2021 12 21 09 59 MIN    69
2021 12 21 16 18 MAX   601
2021 12 21 22 45 MIN   136
2021 12 22 04 20 MAX   513
2021 12 22 10 31 MIN    73
2021 12 22 16 51 MAX   596
2021 12 22 23 19 MIN   141
2021 12 23 04 54 MAX   507
2021 12 23 11 05 MIN    80
2021 12 23 17 25 MAX   589
2021 12 23 23 54 MIN   148
2021 12 24 05 30 MAX   499
2021 12 24 11 41 MIN    91
2021 12 24 18 02 MAX   578
2021 12 25 00 33 MIN   155
2021 12 25 06 10 MAX   490
2021 12 25 12 21 MIN   108
2021 12 25 18 43 MAX   562
2021 12 26 01 15 MIN   162
2021 12 26 06 57 MAX   480
2021 12 26 13 09 MIN   131
2021 12 26 19 30 MAX   541
2021 12 27 02 05 MIN   166
2021 12 27 07 54 MAX   474
2021 12 27 14 08 MIN   159
2021 12 27 20 26 MAX   518
2021 12 28 03 04 MIN   162
2021 12 28 09 03 MAX   476
2021 12 28 15 23 MIN   181
2021 12 28 21 32 MAX   499
2021 12 29 04 11 MIN   148
2021 12 29 10 21 MAX   497
2021 12 29 16 51 MIN   187
2021 12 29 22 43 MAX   493
2021 12 30 05 20 MIN   121
2021 12 30 11 37 MAX   536
2021 12 30 18 12 MIN   172
2021 12 30 23 52 MAX   501
2021 12 31 06 23 MIN    87
2021 12 31 12 41 MAX   582
2021 12 31 19 19 MIN   146
2022 01 01 00 51 MAX   518
2022 01 01 07 19 MIN    52
2022 01 01 13 38 MAX   625
2022 01 01 20 16 MIN   121
2022 01 02 01 46 MAX   536
2022 01 02 08 12 MIN    24
2022 01 02 14 29 MAX   656
2022 01 02 21 08 MIN   102
2022 01 03 02 36 MAX   551
2022 01 03 09 03 MIN     6
2022 01 03 15 19 MAX   673
2022 01 03 21 57 MIN    91
2022 01 04 03 25 MAX   559
2022 01 04 09 52 MIN     0
2022 01 04 16 07 MAX   675
2022 01 04 22 44 MIN    87
2022 01 05 04 13 MAX   561
2022 01 05 10 38 MIN     7
2022 01 05 16 53 MAX   665
2022 01 05 23 29 MIN    90
2022 01 06 05 00 MAX   555
2022 01 06 11 24 MIN    25
2022 01 06 17 38 MAX   643
2022 01 07 00 12 MIN   100
2022 01 07 05 47 MAX   541
2022 01 07 12 08 MIN    56
2022 01 07 18 21 MAX   611
2022 01 08 00 56 MIN   116
2022 01 08 06 34 MAX   520
2022 01 08 12 53 MIN    96
2022 01 08 19 05 MAX   570
2022 01 09 01 39 MIN   136
2022 01 09 07 24 MAX   495
2022 01 09 13 40 MIN   143
2022 01 09 19 51 MAX   524
2022 01 10 02 27 MIN   156
2022 01 10 08 20 MAX   470
2022 01 10 14 37 MIN   189
2022 01 10 20 43 MAX   478
2022 01 11 03 22 MIN   172
2022 01 11 09 28 MAX   453
2022 01 11 15 51 MIN   225
2022 01 11 21 46 MAX   441
2022 01 12 04 26 MIN   178
2022 01 12 10 48 MAX   455
2022 01 12 17 21 MIN   236
2022 01 12 23 01 MAX   423
2022 01 13 05 33 MIN   170
2022 01 13 12 04 MAX   477
2022 01 13 18 38 MIN   223
2022 01 14 00 09 MAX   427
2022 01 14 06 31 MIN   151
2022 01 14 13 02 MAX   507
2022 01 14 19 34 MIN   200
2022 01 15 01 04 MAX   444
2022 01 15 07 20 MIN   128
2022 01 15 13 48 MAX   536
2022 01 15 20 17 MIN   176
2022 01 16 01 48 MAX   466
2022 01 16 08 01 MIN   106
2022 01 16 14 27 MAX   560
2022 01 16 20 54 MIN   157
2022 01 17 02 26 MAX   487
2022 01 17 08 39 MIN    87
2022 01 17 15 01 MAX   577
2022 01 17 21 28 MIN   140
2022 01 18 03 01 MAX   505
2022 01 18 09 14 MIN    72
2022 01 18 15 33 MAX   590
2022 01 18 22 00 MIN   127
2022 01 19 03 35 MAX   518
2022 01 19 09 50 MIN    60
2022 01 19 16 05 MAX   600
2022 01 19 22 32 MIN   117
2022 01 20 04 08 MAX   528
2022 01 20 10 24 MIN    53
2022 01 20 16 37 MAX   607
2022 01 20 23 05 MIN   110
2022 01 21 04 42 MAX   535
2022 01 21 10 58 MIN    52
2022 01 21 17 09 MAX   609
2022 01 21 23 39 MIN   105
2022 01 22 05 17 MAX   539
2022 01 22 11 34 MIN    57
2022 01 22 17 43 MAX   604
2022 01 23 00 12 MIN   104
2022 01 23 05 55 MAX   540
2022 01 23 12 11 MIN    73
2022 01 23 18 19 MAX   589
2022 01 24 00 48 MIN   106
2022 01 24 06 37 MAX   535
2022 01 24 12 52 MIN   100
2022 01 24 18 59 MAX   563
2022 01 25 01 28 MIN   114
2022 01 25 07 25 MAX   525
2022 01 25 13 40 MIN   138
2022 01 25 19 45 MAX   527
2022 01 26 02 14 MIN   124
2022 01 26 08 24 MAX   512
2022 01 26 14 43 MIN   180
2022 01 26 20 41 MAX   488
2022 01 27 03 14 MIN   135
2022 01 27 09 38 MAX   505
2022 01 27 16 09 MIN   212
2022 01 27 21 54 MAX   458
2022 01 28 04 30 MIN   135
2022 01 28 11 04 MAX   516
2022 01 28 17 50 MIN   212
2022 01 28 23 19 MAX   452
2022 01 29 05 52 MIN   117
2022 01 29 12 24 MAX   550
2022 01 29 19 11 MIN   183
2022 01 30 00 35 MAX   471
2022 01 30 07 05 MIN    85
2022 01 30 13 30 MAX   591
2022 01 30 20 12 MIN   146
2022 01 31 01 38 MAX   504
2022 01 31 08 07 MIN    49
2022 01 31 14 25 MAX   628
2022 01 31 21 04 MIN   110
2022 02 01 02 32 MAX   537
2022 02 01 09 00 MIN    20
2022 02 01 15 13 MAX   653
2022 02 01 21 49 MIN    83
2022 02 02 03 20 MAX   563
2022 02 02 09 48 MIN     4
2022 02 02 15 57 MAX   664
2022 02 02 22 31 MIN    66
2022 02 03 04 05 MAX   580
2022 02 03 10 31 MIN     3
2022 02 03 16 38 MAX   660
2022 02 03 23 10 MIN    61
2022 02 04 04 48 MAX   584
2022 02 04 11 12 MIN    17
2022 02 04 17 16 MAX   643
2022 02 04 23 47 MIN    66
2022 02 05 05 29 MAX   577
2022 02 05 11 50 MIN    45
2022 02 05 17 53 MAX   613
2022 02 06 00 22 MIN    80
2022 02 06 06 09 MAX   559
2022 02 06 12 26 MIN    84
2022 02 06 18 28 MAX   574
2022 02 07 00 55 MIN   102
2022 02 07 06 49 MAX   534
2022 02 07 13 02 MIN   131
2022 02 07 19 03 MAX   527
2022 02 08 01 27 MIN   128
2022 02 08 07 32 MAX   503
2022 02 08 13 43 MIN   183
2022 02 08 19 41 MAX   476
2022 02 09 02 05 MIN   156
2022 02 09 08 25 MAX   470
2022 02 09 14 36 MIN   232
2022 02 09 20 29 MAX   428
2022 02 10 02 56 MIN   183
2022 02 10 09 38 MAX   446
2022 02 10 16 06 MIN   267
2022 02 10 21 43 MAX   391
2022 02 11 04 14 MIN   198
2022 02 11 11 14 MAX   446
2022 02 11 18 03 MIN   263
2022 02 11 23 21 MAX   385
2022 02 12 05 43 MIN   191
2022 02 12 12 37 MAX   471
2022 02 12 19 17 MIN   233
2022 02 13 00 38 MAX   408
2022 02 13 06 53 MIN   164
2022 02 13 13 31 MAX   506
2022 02 13 20 03 MIN   199
2022 02 14 01 30 MAX   443
2022 02 14 07 44 MIN   130
2022 02 14 14 11 MAX   539
2022 02 14 20 38 MIN   166
2022 02 15 02 11 MAX   479
2022 02 15 08 25 MIN    98
2022 02 15 14 45 MAX   568
2022 02 15 21 10 MIN   137
2022 02 16 02 46 MAX   512
2022 02 16 09 02 MIN    70
2022 02 16 15 15 MAX   592
2022 02 16 21 41 MIN   110
2022 02 17 03 19 MAX   540
2022 02 17 09 38 MIN    48
2022 02 17 15 45 MAX   612
2022 02 17 22 13 MIN    88
2022 02 18 03 52 MAX   563
2022 02 18 10 12 MIN    33
2022 02 18 16 17 MAX   626
2022 02 18 22 44 MIN    71
2022 02 19 04 26 MAX   581
2022 02 19 10 47 MIN    28
2022 02 19 16 48 MAX   630
2022 02 19 23 16 MIN    60
2022 02 20 05 01 MAX   593
2022 02 20 11 23 MIN    35
2022 02 20 17 20 MAX   623
2022 02 20 23 48 MIN    57
2022 02 21 05 37 MAX   596
2022 02 21 11 59 MIN    56
2022 02 21 17 54 MAX   602
2022 02 22 00 21 MIN    63
2022 02 22 06 17 MAX   589
2022 02 22 12 38 MIN    92
2022 02 22 18 30 MAX   568
2022 02 23 00 56 MIN    78
2022 02 23 07 01 MAX   569
2022 02 23 13 21 MIN   141
2022 02 23 19 12 MAX   523
2022 02 24 01 36 MIN   104
2022 02 24 07 56 MAX   539
2022 02 24 14 17 MIN   195
2022 02 24 20 04 MAX   473
2022 02 25 02 31 MIN   134
2022 02 25 09 08 MAX   508
2022 02 25 15 44 MIN   239
2022 02 25 21 19 MAX   430
2022 02 26 03 54 MIN   158
2022 02 26 10 44 MAX   500
2022 02 26 17 45 MIN   240
2022 02 26 23 02 MAX   420
2022 02 27 05 40 MIN   150
2022 02 27 12 19 MAX   527
2022 02 27 19 11 MIN   198
2022 02 28 00 32 MAX   452
2022 02 28 07 04 MIN   112
2022 02 28 13 27 MAX   572
2022 02 28 20 07 MIN   146
2022 03 01 01 37 MAX   502
2022 03 01 08 05 MIN    67
2022 03 01 14 18 MAX   613
2022 03 01 20 53 MIN   101
2022 03 02 02 27 MAX   550
2022 03 02 08 55 MIN    31
2022 03 02 15 01 MAX   640
2022 03 02 21 33 MIN    67
2022 03 03 03 11 MAX   586
2022 03 03 09 38 MIN    13
2022 03 03 15 40 MAX   652
2022 03 03 22 10 MIN    47
2022 03 04 03 52 MAX   608
2022 03 04 10 17 MIN    12
2022 03 04 16 16 MAX   649
2022 03 04 22 45 MIN    41
2022 03 05 04 29 MAX   615
2022 03 05 10 53 MIN    26
2022 03 05 16 49 MAX   632
2022 03 05 23 16 MIN    46
2022 03 06 05 05 MAX   609
2022 03 06 11 26 MIN    53
2022 03 06 17 21 MAX   604
2022 03 06 23 44 MIN    60
2022 03 07 05 40 MAX   594
2022 03 07 11 58 MIN    90
2022 03 07 17 51 MAX   568
2022 03 08 00 11 MIN    80
2022 03 08 06 15 MAX   570
2022 03 08 12 29 MIN   132
2022 03 08 18 21 MAX   526
2022 03 09 00 36 MIN   106
2022 03 09 06 52 MAX   537
2022 03 09 13 02 MIN   180
2022 03 09 18 53 MAX   480
2022 03 10 01 07 MIN   137
2022 03 10 07 35 MAX   499
2022 03 10 13 44 MIN   229
2022 03 10 19 31 MAX   432
2022 03 11 01 47 MIN   173
2022 03 11 08 33 MAX   460
2022 03 11 14 50 MIN   273
2022 03 11 20 30 MAX   389
2022 03 12 02 52 MIN   208
2022 03 12 10 08 MAX   437
2022 03 12 17 10 MIN   286
2022 03 12 22 19 MAX   368
2022 03 13 04 43 MIN   219
2022 03 13 11 58 MAX   452
2022 03 13 18 48 MIN   254
2022 03 14 00 06 MAX   392
2022 03 14 06 20 MIN   193
2022 03 14 13 02 MAX   490
2022 03 14 19 35 MIN   211
2022 03 15 01 06 MAX   437
2022 03 15 07 19 MIN   150
2022 03 15 13 43 MAX   530
2022 03 15 20 10 MIN   168
2022 03 16 01 47 MAX   485
2022 03 16 08 03 MIN   108
2022 03 16 14 16 MAX   567
2022 03 16 20 41 MIN   127
2022 03 17 02 23 MAX   531
2022 03 17 08 41 MIN    71
2022 03 17 14 47 MAX   600
2022 03 17 21 12 MIN    90
2022 03 18 02 56 MAX   572
2022 03 18 09 17 MIN    43
2022 03 18 15 18 MAX   624
2022 03 18 21 45 MIN    59
2022 03 19 03 31 MAX   606
2022 03 19 09 54 MIN    26
2022 03 19 15 50 MAX   638
2022 03 19 22 16 MIN    37
2022 03 20 04 06 MAX   631
2022 03 20 10 31 MIN    23
2022 03 20 16 22 MAX   638
2022 03 20 22 49 MIN    26
2022 03 21 04 41 MAX   644
2022 03 21 11 08 MIN    36
2022 03 21 16 56 MAX   624
2022 03 21 23 22 MIN    26
2022 03 22 05 19 MAX   644
2022 03 22 11 46 MIN    64
2022 03 22 17 31 MAX   597
2022 03 22 23 55 MIN    39
2022 03 23 06 00 MAX   628
2022 03 23 12 25 MIN   107
2022 03 23 18 08 MAX   558
2022 03 24 00 30 MIN    65
2022 03 24 06 45 MAX   597
2022 03 24 13 10 MIN   160
2022 03 24 18 50 MAX   509
2022 03 25 01 11 MIN   102
2022 03 25 07 40 MAX   554
2022 03 25 14 08 MIN   216
2022 03 25 19 45 MAX   458
2022 03 26 02 08 MIN   146
2022 03 26 08 54 MAX   512
2022 03 26 15 44 MIN   253
2022 03 26 21 07 MAX   417
2022 03 27 03 43 MIN   179
2022 03 27 10 37 MAX   498
2022 03 27 17 44 MIN   238
2022 03 27 23 01 MAX   417
2022 03 28 05 40 MIN   169
2022 03 28 12 12 MAX   525
2022 03 28 18 59 MIN   188
2022 03 29 00 30 MAX   464
2022 03 29 06 59 MIN   126
2022 03 29 13 15 MAX   566
2022 03 29 19 50 MIN   134
2022 03 30 01 29 MAX   522
2022 03 30 07 55 MIN    82
2022 03 30 14 01 MAX   601
2022 03 30 20 32 MIN    89
2022 03 31 02 14 MAX   573
2022 03 31 08 41 MIN    51
2022 03 31 14 39 MAX   623
2022 03 31 21 08 MIN    58
2022 04 01 02 55 MAX   609
2022 04 01 09 20 MIN    38
2022 04 01 15 15 MAX   629
2022 04 01 21 42 MIN    42
2022 04 02 03 32 MAX   629
2022 04 02 09 57 MIN    40
2022 04 02 15 48 MAX   623
2022 04 02 22 14 MIN    39
2022 04 03 04 07 MAX   635
2022 04 03 10 31 MIN    55
2022 04 03 16 19 MAX   606
2022 04 03 22 41 MIN    45
2022 04 04 04 40 MAX   630
2022 04 04 11 02 MIN    79
2022 04 04 16 49 MAX   582
2022 04 04 23 07 MIN    58
2022 04 05 05 12 MAX   616
2022 04 05 11 32 MIN   109
2022 04 05 17 18 MAX   553
2022 04 05 23 32 MIN    76
2022 04 06 05 45 MAX   594
2022 04 06 12 02 MIN   143
2022 04 06 17 47 MAX   519
2022 04 06 23 58 MIN    99
2022 04 07 06 20 MAX   563
2022 04 07 12 34 MIN   182
2022 04 07 18 19 MAX   481
2022 04 08 00 27 MIN   129
2022 04 08 07 00 MAX   526
2022 04 08 13 13 MIN   224
2022 04 08 18 57 MAX   441
2022 04 09 01 06 MIN   165
2022 04 09 07 50 MAX   486
2022 04 09 14 09 MIN   263
2022 04 09 19 49 MAX   403
2022 04 10 02 02 MIN   203
2022 04 10 09 07 MAX   455
2022 04 10 15 55 MIN   284
2022 04 10 21 19 MAX   380
2022 04 11 03 38 MIN   226
2022 04 11 10 52 MAX   455
2022 04 11 17 49 MIN   260
2022 04 11 23 13 MAX   396
2022 04 12 05 30 MIN   210
2022 04 12 12 09 MAX   485
2022 04 12 18 46 MIN   216
2022 04 13 00 24 MAX   443
2022 04 13 06 39 MIN   169
2022 04 13 12 57 MAX   526
2022 04 13 19 26 MIN   166
2022 04 14 01 11 MAX   499
2022 04 14 07 29 MIN   124
2022 04 14 13 34 MAX   565
2022 04 14 20 02 MIN   117
2022 04 15 01 50 MAX   555
2022 04 15 08 12 MIN    85
2022 04 15 14 10 MAX   599
2022 04 15 20 36 MIN    74
2022 04 16 02 28 MAX   605
2022 04 16 08 53 MIN    56
2022 04 16 14 44 MAX   622
2022 04 16 21 11 MIN    40
2022 04 17 03 05 MAX   645
2022 04 17 09 33 MIN    41
2022 04 17 15 20 MAX   631
2022 04 17 21 46 MIN    18
2022 04 18 03 43 MAX   671
2022 04 18 10 13 MIN    42
2022 04 18 15 56 MAX   626
2022 04 18 22 22 MIN    10
2022 04 19 04 22 MAX   681
2022 04 19 10 53 MIN    58
2022 04 19 16 33 MAX   608
2022 04 19 22 57 MIN    15
2022 04 20 05 04 MAX   674
2022 04 20 11 34 MIN    89
2022 04 20 17 11 MAX   579
2022 04 20 23 34 MIN    35
2022 04 21 05 48 MAX   650
2022 04 21 12 18 MIN   131
2022 04 21 17 53 MAX   542
2022 04 22 00 14 MIN    68
2022 04 22 06 36 MAX   612
2022 04 22 13 08 MIN   177
2022 04 22 18 41 MAX   498
2022 04 23 01 02 MIN   111
2022 04 23 07 34 MAX   567
2022 04 23 14 13 MIN   219
2022 04 23 19 43 MAX   456
2022 04 24 02 07 MIN   157
2022 04 24 08 50 MAX   527
2022 04 24 15 46 MIN   237
2022 04 24 21 09 MAX   430
2022 04 25 03 45 MIN   186
2022 04 25 10 24 MAX   513
2022 04 25 17 21 MIN   216
2022 04 25 22 53 MAX   442
2022 04 26 05 27 MIN   175
2022 04 26 11 47 MAX   529
2022 04 26 18 29 MIN   172
2022 04 27 00 13 MAX   489
2022 04 27 06 40 MIN   143
2022 04 27 12 47 MAX   555
2022 04 27 19 19 MIN   127
2022 04 28 01 10 MAX   541
2022 04 28 07 35 MIN   110
2022 04 28 13 32 MAX   577
2022 04 28 20 01 MIN    90
2022 04 29 01 54 MAX   586
2022 04 29 08 20 MIN    89
2022 04 29 14 11 MAX   590
2022 04 29 20 37 MIN    66
2022 04 30 02 33 MAX   617
2022 04 30 09 00 MIN    81
2022 04 30 14 46 MAX   592
2022 04 30 21 10 MIN    55
2022 05 01 03 09 MAX   634
2022 05 01 09 36 MIN    85
2022 05 01 15 19 MAX   585
2022 05 01 21 40 MIN    55
2022 05 02 03 43 MAX   640
2022 05 02 10 09 MIN    96
2022 05 02 15 50 MAX   572
2022 05 02 22 08 MIN    60
2022 05 03 04 16 MAX   636
2022 05 03 10 40 MIN   113
2022 05 03 16 20 MAX   555
2022 05 03 22 34 MIN    71
2022 05 04 04 48 MAX   624
2022 05 04 11 11 MIN   134
2022 05 04 16 51 MAX   535
2022 05 04 23 01 MIN    85
2022 05 05 05 21 MAX   605
2022 05 05 11 42 MIN   158
2022 05 05 17 23 MAX   511
2022 05 05 23 30 MIN   104
2022 05 06 05 56 MAX   580
2022 05 06 12 16 MIN   186
2022 05 06 17 58 MAX   484
2022 05 07 00 03 MIN   129
2022 05 07 06 35 MAX   550
2022 05 07 12 56 MIN   215
2022 05 07 18 37 MAX   456
2022 05 08 00 43 MIN   159
2022 05 08 07 22 MAX   519
2022 05 08 13 48 MIN   242
2022 05 08 19 28 MAX   429
2022 05 09 01 34 MIN   190
2022 05 09 08 23 MAX   493
2022 05 09 15 02 MIN   255
2022 05 09 20 39 MAX   413
2022 05 10 02 50 MIN   214
2022 05 10 09 40 MAX   483
2022 05 10 16 31 MIN   243
2022 05 10 22 09 MAX   422
2022 05 11 04 27 MIN   213
2022 05 11 10 57 MAX   496
2022 05 11 17 40 MIN   207
2022 05 11 23 28 MAX   462
2022 05 12 05 48 MIN   186
2022 05 12 11 58 MAX   523
2022 05 12 18 31 MIN   161
2022 05 13 00 26 MAX   517
2022 05 13 06 49 MIN   149
2022 05 13 12 46 MAX   555
2022 05 13 19 15 MIN   113
2022 05 14 01 14 MAX   576
2022 05 14 07 40 MIN   115
2022 05 14 13 29 MAX   582
2022 05 14 19 56 MIN    70
2022 05 15 01 57 MAX   629
2022 05 15 08 27 MIN    89
2022 05 15 14 10 MAX   600
2022 05 15 20 36 MIN    38
2022 05 16 02 40 MAX   668
2022 05 16 09 12 MIN    76
2022 05 16 14 50 MAX   606
2022 05 16 21 17 MIN    18
2022 05 17 03 22 MAX   692
2022 05 17 09 56 MIN    77
2022 05 17 15 32 MAX   601
2022 05 17 21 57 MIN    13
2022 05 18 04 06 MAX   698
2022 05 18 10 41 MIN    91
2022 05 18 16 14 MAX   586
2022 05 18 22 38 MIN    20
2022 05 19 04 52 MAX   687
2022 05 19 11 27 MIN   114
2022 05 19 16 59 MAX   564
2022 05 19 23 22 MIN    41
2022 05 20 05 41 MAX   663
2022 05 20 12 16 MIN   142
2022 05 20 17 47 MAX   537
2022 05 21 00 09 MIN    73
2022 05 21 06 33 MAX   629
2022 05 21 13 10 MIN   171
2022 05 21 18 41 MAX   507
2022 05 22 01 02 MIN   112
2022 05 22 07 31 MAX   590
2022 05 22 14 13 MIN   194
2022 05 22 19 44 MAX   480
2022 05 23 02 08 MIN   153
2022 05 23 08 37 MAX   554
2022 05 23 15 26 MIN   202
2022 05 23 21 01 MAX   465
2022 05 24 03 30 MIN   181
2022 05 24 09 52 MAX   531
2022 05 24 16 41 MIN   190
2022 05 24 22 26 MAX   474
2022 05 25 04 56 MIN   187
2022 05 25 11 06 MAX   525
2022 05 25 17 46 MIN   164
2022 05 25 23 43 MAX   506
2022 05 26 06 10 MIN   175
2022 05 26 12 07 MAX   531
2022 05 26 18 40 MIN   134
2022 05 27 00 42 MAX   546
2022 05 27 07 09 MIN   157
2022 05 27 12 57 MAX   539
2022 05 27 19 24 MIN   109
2022 05 28 01 30 MAX   582
2022 05 28 07 57 MIN   142
2022 05 28 13 39 MAX   545
2022 05 28 20 03 MIN    92
2022 05 29 02 10 MAX   608
2022 05 29 08 38 MIN   134
2022 05 29 14 17 MAX   547
2022 05 29 20 38 MIN    83
2022 05 30 02 47 MAX   624
2022 05 30 09 16 MIN   133
2022 05 30 14 52 MAX   546
2022 05 30 21 09 MIN    82
2022 05 31 03 22 MAX   630
2022 05 31 09 51 MIN   137
2022 05 31 15 26 MAX   541
2022 05 31 21 39 MIN    84
2022 06 01 03 56 MAX   628
2022 06 01 10 24 MIN   145
2022 06 01 15 59 MAX   534
2022 06 01 22 10 MIN    90
2022 06 02 04 30 MAX   621
2022 06 02 10 57 MIN   155
2022 06 02 16 33 MAX   524
2022 06 02 22 41 MIN    99
2022 06 03 05 04 MAX   609
2022 06 03 11 29 MIN   168
2022 06 03 17 07 MAX   511
2022 06 03 23 13 MIN   111
2022 06 04 05 39 MAX   594
2022 06 04 12 05 MIN   182
2022 06 04 17 43 MAX   497
2022 06 04 23 49 MIN   126
2022 06 05 06 17 MAX   576
2022 06 05 12 43 MIN   196
2022 06 05 18 22 MAX   482
2022 06 06 00 28 MIN   146
2022 06 06 06 59 MAX   557
2022 06 06 13 28 MIN   208
2022 06 06 19 09 MAX   469
2022 06 07 01 15 MIN   169
2022 06 07 07 47 MAX   538
2022 06 07 14 22 MIN   214
2022 06 07 20 06 MAX   460
2022 06 08 02 15 MIN   191
2022 06 08 08 44 MAX   523
2022 06 08 15 24 MIN   208
2022 06 08 21 15 MAX   466
2022 06 09 03 30 MIN   205
2022 06 09 09 49 MAX   516
2022 06 09 16 30 MIN   188
2022 06 09 22 30 MAX   491
2022 06 10 04 53 MIN   202
2022 06 10 10 55 MAX   522
2022 06 10 17 31 MIN   155
2022 06 10 23 39 MAX   536
2022 06 11 06 07 MIN   183
2022 06 11 11 56 MAX   536
2022 06 11 18 26 MIN   117
2022 06 12 00 37 MAX   587
2022 06 12 07 09 MIN   157
2022 06 12 12 49 MAX   553
2022 06 12 19 17 MIN    81
2022 06 13 01 29 MAX   635
2022 06 13 08 05 MIN   135
2022 06 13 13 39 MAX   567
2022 06 13 20 05 MIN    51
2022 06 14 02 19 MAX   671
2022 06 14 08 56 MIN   121
2022 06 14 14 27 MAX   574
2022 06 14 20 53 MIN    33
2022 06 15 03 07 MAX   693
2022 06 15 09 46 MIN   114
2022 06 15 15 15 MAX   577
2022 06 15 21 40 MIN    25
2022 06 16 03 56 MAX   701
2022 06 16 10 35 MIN   114
2022 06 16 16 03 MAX   574
2022 06 16 22 28 MIN    28
2022 06 17 04 45 MAX   695
2022 06 17 11 23 MIN   120
2022 06 17 16 53 MAX   567
2022 06 17 23 17 MIN    42
2022 06 18 05 35 MAX   678
2022 06 18 12 12 MIN   130
2022 06 18 17 44 MAX   555
2022 06 19 00 06 MIN    67
2022 06 19 06 25 MAX   652
2022 06 19 13 02 MIN   142
2022 06 19 18 36 MAX   539
2022 06 20 00 58 MIN   102
2022 06 20 07 16 MAX   618
2022 06 20 13 54 MIN   156
2022 06 20 19 33 MAX   520
2022 06 21 01 54 MIN   142
2022 06 21 08 10 MAX   580
2022 06 21 14 50 MIN   167
2022 06 21 20 36 MAX   505
2022 06 22 02 58 MIN   181
2022 06 22 09 08 MAX   542
2022 06 22 15 51 MIN   172
2022 06 22 21 47 MAX   499
2022 06 23 04 13 MIN   209
2022 06 23 10 13 MAX   513
2022 06 23 16 53 MIN   169
2022 06 23 23 02 MAX   509
2022 06 24 05 30 MIN   219
2022 06 24 11 19 MAX   497
2022 06 24 17 52 MIN   157
2022 06 25 00 09 MAX   534
2022 06 25 06 39 MIN   212
2022 06 25 12 18 MAX   494
2022 06 25 18 44 MIN   142
2022 06 26 01 04 MAX   562
2022 06 26 07 35 MIN   198
2022 06 26 13 08 MAX   499
2022 06 26 19 29 MIN   128
2022 06 27 01 50 MAX   587
2022 06 27 08 21 MIN   184
2022 06 27 13 52 MAX   508
2022 06 27 20 09 MIN   117
2022 06 28 02 31 MAX   604
2022 06 28 09 02 MIN   174
2022 06 28 14 32 MAX   517
2022 06 28 20 46 MIN   109
2022 06 29 03 08 MAX   614
2022 06 29 09 38 MIN   167
2022 06 29 15 09 MAX   524
2022 06 29 21 21 MIN   104
2022 06 30 03 43 MAX   619
2022 06 30 10 12 MIN   164
2022 06 30 15 44 MAX   528
2022 06 30 21 55 MIN   102
2022 07 01 04 17 MAX   619
2022 07 01 10 45 MIN   162
2022 07 01 16 19 MAX   529
2022 07 01 22 29 MIN   103
2022 07 02 04 50 MAX   618
2022 07 02 11 18 MIN   162
2022 07 02 16 53 MAX   528
2022 07 02 23 03 MIN   106
2022 07 03 05 23 MAX   614
2022 07 03 11 51 MIN   163
2022 07 03 17 29 MAX   526
2022 07 03 23 38 MIN   113
2022 07 04 05 57 MAX   607
2022 07 04 12 26 MIN   165
2022 07 04 18 06 MAX   522
2022 07 05 00 15 MIN   126
2022 07 05 06 33 MAX   596
2022 07 05 13 03 MIN   167
2022 07 05 18 47 MAX   518
2022 07 06 00 57 MIN   145
2022 07 06 07 13 MAX   579
2022 07 06 13 45 MIN   169
2022 07 06 19 35 MAX   514
2022 07 07 01 45 MIN   171
2022 07 07 07 59 MAX   556
2022 07 07 14 32 MIN   170
2022 07 07 20 32 MAX   514
2022 07 08 02 46 MIN   199
2022 07 08 08 53 MAX   532
2022 07 08 15 29 MIN   166
2022 07 08 21 41 MAX   522
2022 07 09 04 03 MIN   220
2022 07 09 09 58 MAX   513
2022 07 09 16 34 MIN   155
2022 07 09 22 56 MAX   546
2022 07 10 05 29 MIN   222
2022 07 10 11 09 MAX   507
2022 07 10 17 41 MIN   133
2022 07 11 00 07 MAX   583
2022 07 11 06 46 MIN   205
2022 07 11 12 17 MAX   515
2022 07 11 18 45 MIN   105
2022 07 12 01 10 MAX   624
2022 07 12 07 51 MIN   179
2022 07 12 13 18 MAX   533
2022 07 12 19 44 MIN    75
2022 07 13 02 07 MAX   661
2022 07 13 08 48 MIN   153
2022 07 13 14 13 MAX   554
2022 07 13 20 40 MIN    50
2022 07 14 02 59 MAX   688
2022 07 14 09 39 MIN   130
2022 07 14 15 06 MAX   573
2022 07 14 21 33 MIN    33
2022 07 15 03 49 MAX   703
2022 07 15 10 27 MIN   113
2022 07 15 15 56 MAX   587
2022 07 15 22 22 MIN    28
2022 07 16 04 37 MAX   705
2022 07 16 11 13 MIN   103
2022 07 16 16 45 MAX   593
2022 07 16 23 10 MIN    35
2022 07 17 05 22 MAX   695
2022 07 17 11 57 MIN   101
2022 07 17 17 33 MAX   592
2022 07 17 23 56 MIN    57
2022 07 18 06 06 MAX   671
2022 07 18 12 40 MIN   107
2022 07 18 18 20 MAX   581
2022 07 19 00 40 MIN    92
2022 07 19 06 49 MAX   635
2022 07 19 13 22 MIN   122
2022 07 19 19 09 MAX   561
2022 07 20 01 27 MIN   138
2022 07 20 07 32 MAX   590
2022 07 20 14 06 MIN   142
2022 07 20 20 01 MAX   538
2022 07 21 02 18 MIN   189
2022 07 21 08 19 MAX   541
2022 07 21 14 54 MIN   164
2022 07 21 21 01 MAX   515
2022 07 22 03 21 MIN   235
2022 07 22 09 14 MAX   495
2022 07 22 15 51 MIN   182
2022 07 22 22 14 MAX   504
2022 07 23 04 44 MIN   263
2022 07 23 10 22 MAX   461
2022 07 23 16 57 MIN   189
2022 07 23 23 33 MAX   512
2022 07 24 06 11 MIN   262
2022 07 24 11 37 MAX   451
2022 07 24 18 04 MIN   182
2022 07 25 00 42 MAX   535
2022 07 25 07 19 MIN   242
2022 07 25 12 43 MAX   462
2022 07 25 19 02 MIN   165
2022 07 26 01 36 MAX   563
2022 07 26 08 10 MIN   218
2022 07 26 13 35 MAX   482
2022 07 26 19 51 MIN   145
2022 07 27 02 19 MAX   586
2022 07 27 08 50 MIN   196
2022 07 27 14 18 MAX   505
2022 07 27 20 32 MIN   126
2022 07 28 02 56 MAX   605
2022 07 28 09 25 MIN   177
2022 07 28 14 56 MAX   526
2022 07 28 21 09 MIN   111
2022 07 29 03 30 MAX   618
2022 07 29 09 57 MIN   162
2022 07 29 15 31 MAX   542
2022 07 29 21 44 MIN    99
2022 07 30 04 01 MAX   627
2022 07 30 10 28 MIN   149
2022 07 30 16 04 MAX   554
2022 07 30 22 18 MIN    92
2022 07 31 04 31 MAX   634
2022 07 31 10 58 MIN   139
2022 07 31 16 36 MAX   562
2022 07 31 22 51 MIN    89
2022 08 01 05 02 MAX   637
2022 08 01 11 29 MIN   131
2022 08 01 17 10 MAX   568
2022 08 01 23 25 MIN    93
2022 08 02 05 32 MAX   634
2022 08 02 12 01 MIN   126
2022 08 02 17 45 MAX   572
2022 08 03 00 00 MIN   106
2022 08 03 06 05 MAX   623
2022 08 03 12 33 MIN   126
2022 08 03 18 23 MAX   571
2022 08 04 00 37 MIN   129
2022 08 04 06 40 MAX   601
2022 08 04 13 08 MIN   131
2022 08 04 19 05 MAX   565
2022 08 05 01 19 MIN   163
2022 08 05 07 20 MAX   569
2022 08 05 13 48 MIN   142
2022 08 05 19 57 MAX   554
2022 08 06 02 12 MIN   204
2022 08 06 08 08 MAX   530
2022 08 06 14 38 MIN   155
2022 08 06 21 01 MAX   542
2022 08 07 03 24 MIN   244
2022 08 07 09 11 MAX   493
2022 08 07 15 45 MIN   165
2022 08 07 22 22 MAX   542
2022 08 08 05 04 MIN   260
2022 08 08 10 33 MAX   473
2022 08 08 17 08 MIN   159
2022 08 08 23 49 MAX   566
2022 08 09 06 38 MIN   239
2022 08 09 11 58 MAX   482
2022 08 09 18 30 MIN   133
2022 08 10 01 02 MAX   607
2022 08 10 07 48 MIN   199
2022 08 10 13 10 MAX   515
2022 08 10 19 38 MIN    95
2022 08 11 02 02 MAX   650
2022 08 11 08 42 MIN   156
2022 08 11 14 09 MAX   555
2022 08 11 20 37 MIN    59
2022 08 12 02 52 MAX   684
2022 08 12 09 29 MIN   118
2022 08 12 15 00 MAX   591
2022 08 12 21 27 MIN    33
2022 08 13 03 38 MAX   705
2022 08 13 10 12 MIN    90
2022 08 13 15 47 MAX   618
2022 08 13 22 13 MIN    23
2022 08 14 04 20 MAX   709
2022 08 14 10 53 MIN    74
2022 08 14 16 31 MAX   631
2022 08 14 22 56 MIN    31
2022 08 15 04 59 MAX   697
2022 08 15 11 31 MIN    71
2022 08 15 17 14 MAX   631
2022 08 15 23 37 MIN    56
2022 08 16 05 37 MAX   670
2022 08 16 12 07 MIN    81
2022 08 16 17 55 MAX   618
2022 08 17 00 15 MIN    95
2022 08 17 06 14 MAX   631
2022 08 17 12 42 MIN   101
2022 08 17 18 37 MAX   594
2022 08 18 00 54 MIN   144
2022 08 18 06 50 MAX   582
2022 08 18 13 17 MIN   129
2022 08 18 19 21 MAX   563
2022 08 19 01 35 MIN   199
2022 08 19 07 28 MAX   529
2022 08 19 13 54 MIN   161
2022 08 19 20 13 MAX   528
2022 08 20 02 27 MIN   252
2022 08 20 08 14 MAX   476
2022 08 20 14 42 MIN   194
2022 08 20 21 21 MAX   498
2022 08 21 03 48 MIN   292
2022 08 21 09 21 MAX   433
2022 08 21 15 53 MIN   218
2022 08 21 22 53 MAX   489
2022 08 22 05 45 MIN   295
2022 08 22 10 58 MAX   417
2022 08 22 17 25 MIN   219
2022 08 23 00 22 MAX   509
2022 08 23 07 06 MIN   266
2022 08 23 12 24 MAX   436
2022 08 23 18 41 MIN   195
2022 08 24 01 21 MAX   542
2022 08 24 07 55 MIN   231
2022 08 24 13 21 MAX   471
2022 08 24 19 36 MIN   163
2022 08 25 02 04 MAX   573
2022 08 25 08 31 MIN   197
2022 08 25 14 03 MAX   508
2022 08 25 20 17 MIN   132
2022 08 26 02 38 MAX   600
2022 08 26 09 02 MIN   168
2022 08 26 14 39 MAX   541
2022 08 26 20 54 MIN   106
2022 08 27 03 07 MAX   621
2022 08 27 09 31 MIN   142
2022 08 27 15 11 MAX   568
2022 08 27 21 27 MIN    86
2022 08 28 03 36 MAX   637
2022 08 28 10 01 MIN   120
2022 08 28 15 42 MAX   590
2022 08 28 22 00 MIN    74
2022 08 29 04 04 MAX   648
2022 08 29 10 30 MIN   103
2022 08 29 16 14 MAX   606
2022 08 29 22 33 MIN    70
2022 08 30 04 33 MAX   652
2022 08 30 11 00 MIN    91
2022 08 30 16 47 MAX   618
2022 08 30 23 07 MIN    76
2022 08 31 05 04 MAX   645
2022 08 31 11 30 MIN    87
2022 08 31 17 21 MAX   622
2022 08 31 23 42 MIN    94
2022 09 01 05 35 MAX   627
2022 09 01 12 01 MIN    91
2022 09 01 17 57 MAX   618
2022 09 02 00 18 MIN   125
2022 09 02 06 08 MAX   598
2022 09 02 12 33 MIN   104
2022 09 02 18 39 MAX   603
2022 09 03 00 59 MIN   168
2022 09 03 06 46 MAX   557
2022 09 03 13 10 MIN   126
2022 09 03 19 28 MAX   577
2022 09 04 01 49 MIN   219
2022 09 04 07 34 MAX   509
2022 09 04 13 59 MIN   155
2022 09 04 20 33 MAX   546
2022 09 05 03 04 MIN   266
2022 09 05 08 40 MAX   464
2022 09 05 15 12 MIN   183
2022 09 05 22 03 MAX   530
2022 09 06 05 01 MIN   278
2022 09 06 10 18 MAX   443
2022 09 06 16 56 MIN   185
2022 09 06 23 44 MAX   550
2022 09 07 06 39 MIN   240
2022 09 07 11 59 MAX   468
2022 09 07 18 30 MIN   150
2022 09 08 00 59 MAX   596
2022 09 08 07 41 MIN   185
2022 09 08 13 10 MAX   521
2022 09 08 19 37 MIN   101
2022 09 09 01 53 MAX   642
2022 09 09 08 28 MIN   131
2022 09 09 14 03 MAX   577
2022 09 09 20 30 MIN    58
2022 09 10 02 38 MAX   676
2022 09 10 09 10 MIN    88
2022 09 10 14 49 MAX   622
2022 09 10 21 16 MIN    33
2022 09 11 03 18 MAX   693
2022 09 11 09 48 MIN    60
2022 09 11 15 31 MAX   651
2022 09 11 21 57 MIN    27
2022 09 12 03 55 MAX   692
2022 09 12 10 24 MIN    48
2022 09 12 16 11 MAX   663
2022 09 12 22 36 MIN    40
2022 09 13 04 30 MAX   675
2022 09 13 10 58 MIN    50
2022 09 13 16 49 MAX   659
2022 09 13 23 12 MIN    68
2022 09 14 05 04 MAX   646
2022 09 14 11 29 MIN    65
2022 09 14 17 26 MAX   643
2022 09 14 23 47 MIN   107
2022 09 15 05 36 MAX   606
2022 09 15 11 58 MIN    89
2022 09 15 18 03 MAX   616
2022 09 16 00 21 MIN   153
2022 09 16 06 08 MAX   560
2022 09 16 12 27 MIN   119
2022 09 16 18 42 MAX   580
2022 09 17 00 57 MIN   204
2022 09 17 06 42 MAX   510
2022 09 17 12 57 MIN   155
2022 09 17 19 27 MAX   539
2022 09 18 01 41 MIN   255
2022 09 18 07 23 MAX   460
2022 09 18 13 37 MIN   195
2022 09 18 20 27 MAX   497
2022 09 19 02 52 MIN   298
2022 09 19 08 24 MAX   415
2022 09 19 14 43 MIN   232
2022 09 19 22 03 MAX   473
2022 09 20 05 12 MIN   305
2022 09 20 10 15 MAX   394
2022 09 20 16 39 MIN   244
2022 09 20 23 47 MAX   486
2022 09 21 06 39 MIN   272
2022 09 21 12 00 MAX   419
2022 09 21 18 15 MIN   217
2022 09 22 00 53 MAX   520
2022 09 22 07 25 MIN   229
2022 09 22 12 59 MAX   465
2022 09 22 19 11 MIN   176
2022 09 23 01 33 MAX   556
2022 09 23 07 58 MIN   187
2022 09 23 13 39 MAX   513
2022 09 23 19 52 MIN   136
2022 09 24 02 05 MAX   589
2022 09 24 08 28 MIN   148
2022 09 24 14 12 MAX   557
2022 09 24 20 28 MIN   103
2022 09 25 02 33 MAX   616
2022 09 25 08 57 MIN   113
2022 09 25 14 44 MAX   595
2022 09 25 21 03 MIN    78
2022 09 26 03 02 MAX   636
2022 09 26 09 26 MIN    84
2022 09 26 15 15 MAX   625
2022 09 26 21 37 MIN    63
2022 09 27 03 31 MAX   647
2022 09 27 09 56 MIN    64
2022 09 27 15 48 MAX   648
2022 09 27 22 12 MIN    60
2022 09 28 04 02 MAX   646
2022 09 28 10 27 MIN    53
2022 09 28 16 22 MAX   661
2022 09 28 22 48 MIN    71
2022 09 29 04 34 MAX   634
2022 09 29 10 59 MIN    53
2022 09 29 16 57 MAX   662
2022 09 29 23 24 MIN    95
2022 09 30 05 07 MAX   609
2022 09 30 11 31 MIN    64
2022 09 30 17 36 MAX   649
2022 10 01 00 02 MIN   132
2022 10 01 05 42 MAX   574
2022 10 01 12 04 MIN    86
2022 10 01 18 19 MAX   622
2022 10 02 00 45 MIN   179
2022 10 02 06 22 MAX   530
2022 10 02 12 43 MIN   119
2022 10 02 19 10 MAX   583
2022 10 03 01 40 MIN   230
2022 10 03 07 13 MAX   481
2022 10 03 13 35 MIN   160
2022 10 03 20 19 MAX   542
2022 10 04 03 04 MIN   269
2022 10 04 08 30 MAX   439
2022 10 04 15 00 MIN   196
2022 10 04 21 56 MAX   521
2022 10 05 05 04 MIN   262
2022 10 05 10 20 MAX   432
2022 10 05 16 59 MIN   194
2022 10 05 23 37 MAX   542
2022 10 06 06 27 MIN   212
2022 10 06 11 58 MAX   476
2022 10 06 18 27 MIN   151
2022 10 07 00 45 MAX   584
2022 10 07 07 21 MIN   153
2022 10 07 13 02 MAX   539
2022 10 07 19 27 MIN   103
2022 10 08 01 33 MAX   623
2022 10 08 08 04 MIN   101
2022 10 08 13 50 MAX   597
2022 10 08 20 15 MIN    66
2022 10 09 02 14 MAX   648
2022 10 09 08 43 MIN    62
2022 10 09 14 32 MAX   641
2022 10 09 20 58 MIN    48
2022 10 10 02 51 MAX   657
2022 10 10 09 19 MIN    40
2022 10 10 15 11 MAX   666
2022 10 10 21 37 MIN    48
2022 10 11 03 26 MAX   650
2022 10 11 09 52 MIN    35
2022 10 11 15 47 MAX   674
2022 10 11 22 13 MIN    64
2022 10 12 03 58 MAX   632
2022 10 12 10 23 MIN    42
2022 10 12 16 22 MAX   668
2022 10 12 22 47 MIN    90
2022 10 13 04 30 MAX   604
2022 10 13 10 50 MIN    59
2022 10 13 16 57 MAX   650
2022 10 13 23 20 MIN   123
2022 10 14 05 01 MAX   570
2022 10 14 11 17 MIN    82
2022 10 14 17 32 MAX   623
2022 10 14 23 52 MIN   160
2022 10 15 05 32 MAX   532
2022 10 15 11 43 MIN   110
2022 10 15 18 08 MAX   588
2022 10 16 00 26 MIN   201
2022 10 16 06 06 MAX   492
2022 10 16 12 13 MIN   143
2022 10 16 18 49 MAX   547
2022 10 17 01 06 MIN   242
2022 10 17 06 45 MAX   449
2022 10 17 12 51 MIN   182
2022 10 17 19 42 MAX   503
2022 10 18 02 07 MIN   280
2022 10 18 07 41 MAX   410
2022 10 18 13 47 MIN   222
2022 10 18 21 00 MAX   471
2022 10 19 04 03 MIN   294
2022 10 19 09 16 MAX   387
2022 10 19 15 31 MIN   247
2022 10 19 22 46 MAX   468
2022 10 20 05 43 MIN   266
2022 10 20 11 11 MAX   407
2022 10 20 17 25 MIN   230
2022 10 20 23 59 MAX   495
2022 10 21 06 35 MIN   222
2022 10 21 12 18 MAX   454
2022 10 21 18 30 MIN   190
2022 10 22 00 45 MAX   530
2022 10 22 07 12 MIN   175
2022 10 22 13 02 MAX   509
2022 10 22 19 16 MIN   148
2022 10 23 01 21 MAX   564
2022 10 23 07 45 MIN   128
2022 10 23 13 38 MAX   562
2022 10 23 19 56 MIN   111
2022 10 24 01 53 MAX   593
2022 10 24 08 16 MIN    87
2022 10 24 14 12 MAX   610
2022 10 24 20 35 MIN    83
2022 10 25 02 25 MAX   614
2022 10 25 08 49 MIN    55
2022 10 25 14 47 MAX   648
2022 10 25 21 13 MIN    68
2022 10 26 02 58 MAX   623
2022 10 26 09 22 MIN    33
2022 10 26 15 22 MAX   674
2022 10 26 21 51 MIN    66
2022 10 27 03 32 MAX   620
2022 10 27 09 56 MIN    24
2022 10 27 15 59 MAX   685
2022 10 27 22 30 MIN    78
2022 10 28 04 07 MAX   605
2022 10 28 10 31 MIN    28
2022 10 28 16 38 MAX   681
2022 10 28 23 10 MIN   104
2022 10 29 04 44 MAX   580
2022 10 29 11 07 MIN    44
2022 10 29 17 20 MAX   661
2022 10 29 23 53 MIN   139
2022 10 30 05 25 MAX   546
2022 10 30 11 45 MIN    72
2022 10 30 18 07 MAX   627
2022 10 31 00 41 MIN   180
2022 10 31 06 11 MAX   506
2022 10 31 12 30 MIN   111
2022 10 31 19 02 MAX   584
2022 11 01 01 42 MIN   219
2022 11 01 07 10 MAX   466
2022 11 01 13 30 MIN   155
2022 11 01 20 13 MAX   543
2022 11 02 03 06 MIN   239
2022 11 02 08 31 MAX   437
2022 11 02 15 01 MIN   189
2022 11 02 21 42 MAX   522
2022 11 03 04 42 MIN   223
2022 11 03 10 13 MAX   443
2022 11 03 16 47 MIN   187
2022 11 03 23 10 MAX   532
2022 11 04 05 56 MIN   178
2022 11 04 11 41 MAX   487
2022 11 04 18 08 MIN   155
2022 11 05 00 15 MAX   557
2022 11 05 06 49 MIN   128
2022 11 05 12 43 MAX   545
2022 11 05 19 07 MIN   120
2022 11 06 01 04 MAX   581
2022 11 06 07 34 MIN    85
2022 11 06 13 30 MAX   596
2022 11 06 19 56 MIN    94
2022 11 07 01 46 MAX   595
2022 11 07 08 12 MIN    56
2022 11 07 14 11 MAX   633
2022 11 07 20 38 MIN    82
2022 11 08 02 22 MAX   599
2022 11 08 08 47 MIN    41
2022 11 08 14 49 MAX   653
2022 11 08 21 16 MIN    83
2022 11 09 02 57 MAX   592
2022 11 09 09 19 MIN    40
2022 11 09 15 24 MAX   659
2022 11 09 21 52 MIN    94
2022 11 10 03 30 MAX   578
2022 11 10 09 49 MIN    47
2022 11 10 15 58 MAX   653
2022 11 10 22 26 MIN   113
2022 11 11 04 02 MAX   558
2022 11 11 10 17 MIN    61
2022 11 11 16 32 MAX   638
2022 11 11 22 58 MIN   135
2022 11 12 04 33 MAX   535
2022 11 12 10 44 MIN    79
2022 11 12 17 06 MAX   615
2022 11 12 23 30 MIN   161
2022 11 13 05 07 MAX   509
2022 11 13 11 12 MIN   100
2022 11 13 17 42 MAX   586
2022 11 14 00 04 MIN   189
2022 11 14 05 41 MAX   481
2022 11 14 11 44 MIN   127
2022 11 14 18 21 MAX   553
2022 11 15 00 43 MIN   217
2022 11 15 06 20 MAX   451
2022 11 15 12 23 MIN   158
2022 11 15 19 06 MAX   518
2022 11 16 01 33 MIN   242
2022 11 16 07 10 MAX   423
2022 11 16 13 12 MIN   193
2022 11 16 20 04 MAX   487
2022 11 17 02 45 MIN   256
2022 11 17 08 20 MAX   403
2022 11 17 14 26 MIN   221
2022 11 17 21 19 MAX   470
2022 11 18 04 13 MIN   245
2022 11 18 09 52 MAX   407
2022 11 18 16 06 MIN   227
2022 11 18 22 38 MAX   476
2022 11 19 05 22 MIN   212
2022 11 19 11 14 MAX   443
2022 11 19 17 31 MIN   204
2022 11 19 23 40 MAX   498
2022 11 20 06 12 MIN   166
2022 11 20 12 12 MAX   497
2022 11 20 18 31 MIN   169
2022 11 21 00 27 MAX   527
2022 11 21 06 54 MIN   119
2022 11 21 12 58 MAX   554
2022 11 21 19 21 MIN   134
2022 11 22 01 09 MAX   554
2022 11 22 07 34 MIN    76
2022 11 22 13 39 MAX   607
2022 11 22 20 06 MIN   105
2022 11 23 01 48 MAX   574
2022 11 23 08 12 MIN    42
2022 11 23 14 19 MAX   649
2022 11 23 20 49 MIN    88
2022 11 24 02 27 MAX   584
2022 11 24 08 51 MIN    20
2022 11 24 14 59 MAX   676
2022 11 24 21 33 MIN    84
2022 11 25 03 07 MAX   584
2022 11 25 09 30 MIN    10
2022 11 25 15 41 MAX   686
2022 11 25 22 16 MIN    91
2022 11 26 03 47 MAX   573
2022 11 26 10 10 MIN    13
2022 11 26 16 25 MAX   681
2022 11 26 23 01 MIN   109
2022 11 27 04 31 MAX   556
2022 11 27 10 53 MIN    28
2022 11 27 17 12 MAX   661
2022 11 27 23 48 MIN   132
2022 11 28 05 17 MAX   533
2022 11 28 11 39 MIN    55
2022 11 28 18 02 MAX   631
2022 11 29 00 40 MIN   157
2022 11 29 06 09 MAX   506
2022 11 29 12 30 MIN    90
2022 11 29 18 57 MAX   593
2022 11 30 01 39 MIN   178
2022 11 30 07 09 MAX   479
2022 11 30 13 31 MIN   131
2022 11 30 19 59 MAX   556
2022 12 01 02 46 MIN   189
2022 12 01 08 21 MAX   460
2022 12 01 14 48 MIN   166
2022 12 01 21 10 MAX   526
2022 12 02 04 00 MIN   181
2022 12 02 09 45 MAX   460
2022 12 02 16 15 MIN   182
2022 12 02 22 26 MAX   511
2022 12 03 05 10 MIN   157
2022 12 03 11 08 MAX   487
2022 12 03 17 36 MIN   175
2022 12 03 23 34 MAX   512
2022 12 04 06 09 MIN   126
2022 12 04 12 15 MAX   528
2022 12 04 18 42 MIN   156
2022 12 05 00 30 MAX   520
2022 12 05 06 58 MIN    96
2022 12 05 13 07 MAX   568
2022 12 05 19 35 MIN   138
2022 12 06 01 16 MAX   528
2022 12 06 07 40 MIN    75
2022 12 06 13 51 MAX   598
2022 12 06 20 19 MIN   126
2022 12 07 01 56 MAX   532
2022 12 07 08 18 MIN    63
2022 12 07 14 30 MAX   617
2022 12 07 20 59 MIN   121
2022 12 08 02 33 MAX   533
2022 12 08 08 52 MIN    59
2022 12 08 15 06 MAX   624
2022 12 08 21 36 MIN   123
2022 12 09 03 08 MAX   530
2022 12 09 09 23 MIN    62
2022 12 09 15 41 MAX   623
2022 12 09 22 10 MIN   130
2022 12 10 03 42 MAX   523
2022 12 10 09 54 MIN    68
2022 12 10 16 15 MAX   614
2022 12 10 22 43 MIN   141
2022 12 11 04 16 MAX   514
2022 12 11 10 24 MIN    77
2022 12 11 16 49 MAX   600
2022 12 11 23 15 MIN   153
2022 12 12 04 49 MAX   502
2022 12 12 10 56 MIN    89
2022 12 12 17 23 MAX   583
2022 12 12 23 48 MIN   166
2022 12 13 05 24 MAX   487
2022 12 13 11 29 MIN   105
2022 12 13 17 58 MAX   563
2022 12 14 00 23 MIN   179
2022 12 14 06 01 MAX   471
2022 12 14 12 06 MIN   126
2022 12 14 18 36 MAX   540
2022 12 15 01 03 MIN   192
2022 12 15 06 44 MAX   454
2022 12 15 12 48 MIN   151
2022 12 15 19 19 MAX   517
2022 12 16 01 52 MIN   200
2022 12 16 07 36 MAX   440
2022 12 16 13 42 MIN   179
2022 12 16 20 11 MAX   494
2022 12 17 02 50 MIN   200
2022 12 17 08 42 MAX   436
2022 12 17 14 52 MIN   202
2022 12 17 21 14 MAX   479
2022 12 18 03 56 MIN   187
2022 12 18 09 58 MAX   450
2022 12 18 16 18 MIN   209
2022 12 18 22 23 MAX   475
2022 12 19 05 01 MIN   160
2022 12 19 11 12 MAX   487
2022 12 19 17 40 MIN   195
2022 12 19 23 28 MAX   485
2022 12 20 05 59 MIN   124
2022 12 20 12 14 MAX   536
2022 12 20 18 46 MIN   168
2022 12 21 00 25 MAX   503
2022 12 21 06 51 MIN    86
2022 12 21 13 07 MAX   587
2022 12 21 19 41 MIN   141
2022 12 22 01 15 MAX   523
2022 12 22 07 40 MIN    51
2022 12 22 13 56 MAX   629
2022 12 22 20 32 MIN   118
2022 12 23 02 03 MAX   540
2022 12 23 08 27 MIN    25
2022 12 23 14 44 MAX   659
2022 12 23 21 21 MIN   104
2022 12 24 02 50 MAX   551
2022 12 24 09 14 MIN     8
2022 12 24 15 31 MAX   674
2022 12 24 22 08 MIN    97
2022 12 25 03 36 MAX   557
2022 12 25 10 02 MIN     3
2022 12 25 16 18 MAX   676
2022 12 25 22 56 MIN    97
2022 12 26 04 24 MAX   556
2022 12 26 10 49 MIN     9
2022 12 26 17 06 MAX   665
2022 12 26 23 43 MIN   102
2022 12 27 05 13 MAX   548
2022 12 27 11 38 MIN    28
2022 12 27 17 54 MAX   642
2022 12 28 00 30 MIN   111
2022 12 28 06 04 MAX   535
2022 12 28 12 27 MIN    59
2022 12 28 18 43 MAX   610
2022 12 29 01 19 MIN   123
2022 12 29 06 58 MAX   516
2022 12 29 13 19 MIN   101
2022 12 29 19 33 MAX   570
2022 12 30 02 12 MIN   137
2022 12 30 07 56 MAX   495
2022 12 30 14 19 MIN   147
2022 12 30 20 28 MAX   526
2022 12 31 03 09 MIN   148
2022 12 31 09 04 MAX   479
2022 12 31 15 30 MIN   187
2022 12 31 21 30 MAX   486
