 <API - 조위예측극치자료>

대상조위관측소 : 영흥도
위도(WGS84) : N 126.4286
경도(WGS84) : E 37.2386
관측기관 : 20201221 ~ 20220101

2020 12 21 03 12 MIN   210
2020 12 21 08 58 MAX   603
2020 12 21 15 05 MIN   181
2020 12 21 21 26 MAX   661
2020 12 22 04 01 MIN   238
2020 12 22 09 54 MAX   574
2020 12 22 15 59 MIN   233
2020 12 22 22 20 MAX   616
2020 12 23 05 01 MIN   255
2020 12 23 11 07 MAX   559
2020 12 23 17 11 MIN   273
2020 12 23 23 29 MAX   583
2020 12 24 06 12 MIN   250
2020 12 24 12 29 MAX   571
2020 12 24 18 37 MIN   283
2020 12 25 00 46 MAX   574
2020 12 25 07 19 MIN   223
2020 12 25 13 40 MAX   608
2020 12 25 19 53 MIN   263
2020 12 26 01 51 MAX   587
2020 12 26 08 13 MIN   183
2020 12 26 14 35 MAX   652
2020 12 26 20 51 MIN   230
2020 12 27 02 43 MAX   610
2020 12 27 08 58 MIN   142
2020 12 27 15 20 MAX   693
2020 12 27 21 37 MIN   197
2020 12 28 03 26 MAX   634
2020 12 28 09 37 MIN   107
2020 12 28 15 58 MAX   725
2020 12 28 22 18 MIN   171
2020 12 29 04 05 MAX   655
2020 12 29 10 15 MIN    79
2020 12 29 16 35 MAX   748
2020 12 29 22 56 MIN   152
2020 12 30 04 42 MAX   672
2020 12 30 10 52 MIN    60
2020 12 30 17 10 MAX   765
2020 12 30 23 33 MIN   139
2020 12 31 05 18 MAX   683
2020 12 31 11 29 MIN    48
2020 12 31 17 45 MAX   778
2021 01 01 00 10 MIN   131
2021 01 01 05 54 MAX   690
2021 01 01 12 05 MIN    41
2021 01 01 18 21 MAX   787
2021 01 02 00 46 MIN   128
2021 01 02 06 30 MAX   693
2021 01 02 12 43 MIN    40
2021 01 02 18 57 MAX   791
2021 01 03 01 23 MIN   128
2021 01 03 07 07 MAX   692
2021 01 03 13 21 MIN    50
2021 01 03 19 35 MAX   785
2021 01 04 02 01 MIN   133
2021 01 04 07 48 MAX   686
2021 01 04 14 02 MIN    71
2021 01 04 20 15 MAX   768
2021 01 05 02 41 MIN   143
2021 01 05 08 33 MAX   673
2021 01 05 14 47 MIN   107
2021 01 05 21 00 MAX   738
2021 01 06 03 27 MIN   155
2021 01 06 09 26 MAX   656
2021 01 06 15 40 MIN   154
2021 01 06 21 52 MAX   697
2021 01 07 04 22 MIN   167
2021 01 07 10 33 MAX   642
2021 01 07 16 46 MIN   202
2021 01 07 22 56 MAX   657
2021 01 08 05 29 MIN   169
2021 01 08 11 52 MAX   644
2021 01 08 18 07 MIN   232
2021 01 09 00 11 MAX   629
2021 01 09 06 43 MIN   154
2021 01 09 13 14 MAX   670
2021 01 09 19 34 MIN   231
2021 01 10 01 30 MAX   625
2021 01 10 07 54 MIN   121
2021 01 10 14 26 MAX   712
2021 01 10 20 51 MIN   203
2021 01 11 02 39 MAX   641
2021 01 11 08 57 MIN    82
2021 01 11 15 27 MAX   754
2021 01 11 21 53 MIN   168
2021 01 12 03 38 MAX   663
2021 01 12 09 53 MIN    49
2021 01 12 16 20 MAX   785
2021 01 12 22 47 MIN   138
2021 01 13 04 30 MAX   684
2021 01 13 10 43 MIN    26
2021 01 13 17 08 MAX   804
2021 01 13 23 35 MIN   116
2021 01 14 05 17 MAX   698
2021 01 14 11 29 MIN    15
2021 01 14 17 52 MAX   809
2021 01 15 00 18 MIN   105
2021 01 15 06 00 MAX   704
2021 01 15 12 12 MIN    18
2021 01 15 18 31 MAX   803
2021 01 16 00 57 MIN   105
2021 01 16 06 39 MAX   702
2021 01 16 12 50 MIN    32
2021 01 16 19 07 MAX   787
2021 01 17 01 32 MIN   115
2021 01 17 07 16 MAX   692
2021 01 17 13 26 MIN    57
2021 01 17 19 39 MAX   763
2021 01 18 02 05 MIN   131
2021 01 18 07 52 MAX   675
2021 01 18 14 00 MIN    93
2021 01 18 20 10 MAX   731
2021 01 19 02 36 MIN   153
2021 01 19 08 27 MAX   652
2021 01 19 14 34 MIN   139
2021 01 19 20 42 MAX   690
2021 01 20 03 08 MIN   179
2021 01 20 09 08 MAX   623
2021 01 20 15 13 MIN   193
2021 01 20 21 19 MAX   641
2021 01 21 03 48 MIN   208
2021 01 21 09 58 MAX   593
2021 01 21 16 01 MIN   251
2021 01 21 22 06 MAX   590
2021 01 22 04 39 MIN   234
2021 01 22 11 07 MAX   570
2021 01 22 17 10 MIN   300
2021 01 22 23 12 MAX   546
2021 01 23 05 51 MIN   246
2021 01 23 12 32 MAX   571
2021 01 23 18 46 MIN   318
2021 01 24 00 40 MAX   528
2021 01 24 07 11 MIN   232
2021 01 24 13 50 MAX   599
2021 01 24 20 14 MIN   296
2021 01 25 01 59 MAX   544
2021 01 25 08 17 MIN   196
2021 01 25 14 50 MAX   641
2021 01 25 21 15 MIN   256
2021 01 26 02 58 MAX   577
2021 01 26 09 09 MIN   153
2021 01 26 15 37 MAX   683
2021 01 26 22 01 MIN   215
2021 01 27 03 44 MAX   615
2021 01 27 09 54 MIN   110
2021 01 27 16 17 MAX   722
2021 01 27 22 42 MIN   176
2021 01 28 04 26 MAX   652
2021 01 28 10 36 MIN    71
2021 01 28 16 56 MAX   757
2021 01 28 23 21 MIN   142
2021 01 29 05 05 MAX   685
2021 01 29 11 17 MIN    38
2021 01 29 17 33 MAX   787
2021 01 29 23 57 MIN   112
2021 01 30 05 43 MAX   713
2021 01 30 11 57 MIN    13
2021 01 30 18 10 MAX   810
2021 01 31 00 34 MIN    87
2021 01 31 06 21 MAX   734
2021 01 31 12 36 MIN     0
2021 01 31 18 46 MAX   822
2021 02 01 01 10 MIN    71
2021 02 01 06 59 MAX   746
2021 02 01 13 15 MIN     5
2021 02 01 19 23 MAX   819
2021 02 02 01 46 MIN    66
2021 02 02 07 38 MAX   747
2021 02 02 13 54 MIN    29
2021 02 02 19 59 MAX   798
2021 02 03 02 22 MIN    73
2021 02 03 08 20 MAX   735
2021 02 03 14 34 MIN    74
2021 02 03 20 38 MAX   759
2021 02 04 03 01 MIN    92
2021 02 04 09 06 MAX   710
2021 02 04 15 20 MIN   137
2021 02 04 21 21 MAX   704
2021 02 05 03 47 MIN   123
2021 02 05 10 03 MAX   675
2021 02 05 16 15 MIN   209
2021 02 05 22 14 MAX   640
2021 02 06 04 44 MIN   159
2021 02 06 11 15 MAX   644
2021 02 06 17 32 MIN   270
2021 02 06 23 27 MAX   583
2021 02 07 06 01 MIN   183
2021 02 07 12 48 MAX   638
2021 02 07 19 17 MIN   289
2021 02 08 01 04 MAX   560
2021 02 08 07 30 MIN   175
2021 02 08 14 17 MAX   667
2021 02 08 20 50 MIN   255
2021 02 09 02 32 MAX   582
2021 02 09 08 48 MIN   138
2021 02 09 15 25 MAX   713
2021 02 09 21 55 MIN   201
2021 02 10 03 37 MAX   626
2021 02 10 09 49 MIN    93
2021 02 10 16 18 MAX   754
2021 02 10 22 45 MIN   151
2021 02 11 04 28 MAX   669
2021 02 11 10 39 MIN    55
2021 02 11 17 03 MAX   782
2021 02 11 23 27 MIN   114
2021 02 12 05 11 MAX   701
2021 02 12 11 22 MIN    30
2021 02 12 17 40 MAX   795
2021 02 13 00 04 MIN    91
2021 02 13 05 49 MAX   721
2021 02 13 12 01 MIN    21
2021 02 13 18 14 MAX   796
2021 02 14 00 37 MIN    81
2021 02 14 06 24 MAX   729
2021 02 14 12 35 MIN    26
2021 02 14 18 44 MAX   787
2021 02 15 01 06 MIN    81
2021 02 15 06 56 MAX   728
2021 02 15 13 06 MIN    44
2021 02 15 19 11 MAX   770
2021 02 16 01 33 MIN    89
2021 02 16 07 26 MAX   719
2021 02 16 13 36 MIN    73
2021 02 16 19 37 MAX   745
2021 02 17 01 58 MIN   105
2021 02 17 07 56 MAX   702
2021 02 17 14 05 MIN   115
2021 02 17 20 04 MAX   709
2021 02 18 02 24 MIN   128
2021 02 18 08 29 MAX   675
2021 02 18 14 37 MIN   168
2021 02 18 20 33 MAX   663
2021 02 19 02 53 MIN   160
2021 02 19 09 07 MAX   640
2021 02 19 15 13 MIN   229
2021 02 19 21 06 MAX   608
2021 02 20 03 29 MIN   200
2021 02 20 09 57 MAX   599
2021 02 20 16 01 MIN   294
2021 02 20 21 52 MAX   550
2021 02 21 04 22 MIN   242
2021 02 21 11 11 MAX   567
2021 02 21 17 21 MIN   344
2021 02 21 23 11 MAX   502
2021 02 22 05 49 MIN   267
2021 02 22 12 50 MAX   567
2021 02 22 19 26 MIN   345
2021 02 23 01 06 MAX   498
2021 02 23 07 28 MIN   248
2021 02 23 14 14 MAX   604
2021 02 23 20 50 MIN   299
2021 02 24 02 28 MAX   540
2021 02 24 08 39 MIN   197
2021 02 24 15 11 MAX   658
2021 02 24 21 41 MIN   241
2021 02 25 03 23 MAX   597
2021 02 25 09 33 MIN   136
2021 02 25 15 56 MAX   713
2021 02 25 22 22 MIN   181
2021 02 26 04 07 MAX   657
2021 02 26 10 19 MIN    76
2021 02 26 16 36 MAX   764
2021 02 26 23 00 MIN   125
2021 02 27 04 48 MAX   712
2021 02 27 11 02 MIN    25
2021 02 27 17 14 MAX   806
2021 02 27 23 37 MIN    76
2021 02 28 05 27 MAX   757
2021 02 28 11 43 MIN   -11
2021 02 28 17 51 MAX   835
2021 03 01 00 14 MIN    38
2021 03 01 06 06 MAX   790
2021 03 01 12 23 MIN   -27
2021 03 01 18 28 MAX   846
2021 03 02 00 49 MIN    14
2021 03 02 06 45 MAX   808
2021 03 02 13 02 MIN   -19
2021 03 02 19 03 MAX   837
2021 03 03 01 24 MIN     8
2021 03 03 07 23 MAX   807
2021 03 03 13 40 MIN    15
2021 03 03 19 38 MAX   807
2021 03 04 01 58 MIN    21
2021 03 04 08 03 MAX   788
2021 03 04 14 19 MIN    72
2021 03 04 20 14 MAX   757
2021 03 05 02 35 MIN    55
2021 03 05 08 46 MAX   749
2021 03 05 15 01 MIN   147
2021 03 05 20 53 MAX   691
2021 03 06 03 15 MIN   106
2021 03 06 09 37 MAX   696
2021 03 06 15 53 MIN   231
2021 03 06 21 41 MAX   616
2021 03 07 04 07 MIN   168
2021 03 07 10 47 MAX   641
2021 03 07 17 10 MIN   304
2021 03 07 22 56 MAX   545
2021 03 08 05 28 MIN   220
2021 03 08 12 31 MAX   616
2021 03 08 19 15 MIN   320
2021 03 09 00 56 MAX   522
2021 03 09 07 18 MIN   224
2021 03 09 14 13 MAX   644
2021 03 09 20 51 MIN   268
2021 03 10 02 33 MAX   565
2021 03 10 08 44 MIN   178
2021 03 10 15 21 MAX   695
2021 03 10 21 48 MIN   201
2021 03 11 03 34 MAX   628
2021 03 11 09 43 MIN   122
2021 03 11 16 08 MAX   739
2021 03 11 22 31 MIN   143
2021 03 12 04 19 MAX   684
2021 03 12 10 29 MIN    76
2021 03 12 16 46 MAX   768
2021 03 12 23 07 MIN   101
2021 03 13 04 57 MAX   724
2021 03 13 11 08 MIN    47
2021 03 13 17 19 MAX   782
2021 03 13 23 39 MIN    75
2021 03 14 05 31 MAX   748
2021 03 14 11 42 MIN    35
2021 03 14 17 48 MAX   784
2021 03 15 00 08 MIN    61
2021 03 15 06 02 MAX   760
2021 03 15 12 14 MIN    37
2021 03 15 18 15 MAX   777
2021 03 16 00 34 MIN    57
2021 03 16 06 31 MAX   762
2021 03 16 12 43 MIN    51
2021 03 16 18 41 MAX   764
2021 03 17 00 59 MIN    61
2021 03 17 06 59 MAX   756
2021 03 17 13 11 MIN    77
2021 03 17 19 06 MAX   742
2021 03 18 01 22 MIN    74
2021 03 18 07 27 MAX   742
2021 03 18 13 39 MIN   114
2021 03 18 19 31 MAX   711
2021 03 19 01 46 MIN    96
2021 03 19 07 56 MAX   718
2021 03 19 14 08 MIN   162
2021 03 19 19 57 MAX   670
2021 03 20 02 12 MIN   130
2021 03 20 08 28 MAX   684
2021 03 20 14 40 MIN   220
2021 03 20 20 27 MAX   620
2021 03 21 02 43 MIN   174
2021 03 21 09 08 MAX   641
2021 03 21 15 19 MIN   282
2021 03 21 21 03 MAX   564
2021 03 22 03 24 MIN   224
2021 03 22 10 06 MAX   597
2021 03 22 16 20 MIN   338
2021 03 22 22 04 MAX   511
2021 03 23 04 34 MIN   269
2021 03 23 11 40 MAX   573
2021 03 23 18 19 MIN   360
2021 03 24 00 04 MAX   490
2021 03 24 06 29 MIN   275
2021 03 24 13 23 MAX   597
2021 03 24 20 10 MIN   315
2021 03 25 01 50 MAX   533
2021 03 25 08 02 MIN   225
2021 03 25 14 33 MAX   653
2021 03 25 21 07 MIN   244
2021 03 26 02 53 MAX   606
2021 03 26 09 05 MIN   153
2021 03 26 15 24 MAX   717
2021 03 26 21 51 MIN   169
2021 03 27 03 41 MAX   683
2021 03 27 09 55 MIN    82
2021 03 27 16 06 MAX   774
2021 03 27 22 30 MIN    98
2021 03 28 04 24 MAX   752
2021 03 28 10 41 MIN    25
2021 03 28 16 47 MAX   817
2021 03 28 23 09 MIN    39
2021 03 29 05 06 MAX   807
2021 03 29 11 24 MIN   -11
2021 03 29 17 25 MAX   842
2021 03 29 23 46 MIN    -4
2021 03 30 05 46 MAX   843
2021 03 30 12 05 MIN   -22
2021 03 30 18 03 MAX   845
2021 03 31 00 23 MIN   -26
2021 03 31 06 26 MAX   857
2021 03 31 12 45 MIN    -6
2021 03 31 18 40 MAX   827
2021 04 01 00 58 MIN   -24
2021 04 01 07 06 MAX   849
2021 04 01 13 24 MIN    35
2021 04 01 19 16 MAX   789
2021 04 02 01 34 MIN     0
2021 04 02 07 46 MAX   820
2021 04 02 14 04 MIN    97
2021 04 02 19 53 MAX   735
2021 04 03 02 10 MIN    47
2021 04 03 08 29 MAX   771
2021 04 03 14 47 MIN   173
2021 04 03 20 33 MAX   667
2021 04 04 02 51 MIN   111
2021 04 04 09 19 MAX   709
2021 04 04 15 41 MIN   253
2021 04 04 21 23 MAX   594
2021 04 05 03 44 MIN   186
2021 04 05 10 30 MAX   647
2021 04 05 17 04 MIN   314
2021 04 05 22 46 MAX   531
2021 04 06 05 09 MIN   247
2021 04 06 12 15 MAX   617
2021 04 06 19 06 MIN   315
2021 04 07 00 50 MAX   524
2021 04 07 07 05 MIN   251
2021 04 07 13 54 MAX   640
2021 04 07 20 31 MIN   259
2021 04 08 02 21 MAX   579
2021 04 08 08 28 MIN   205
2021 04 08 14 58 MAX   683
2021 04 08 21 23 MIN   194
2021 04 09 03 16 MAX   646
2021 04 09 09 24 MIN   150
2021 04 09 15 42 MAX   721
2021 04 09 22 02 MIN   138
2021 04 10 03 58 MAX   703
2021 04 10 10 08 MIN   106
2021 04 10 16 17 MAX   746
2021 04 10 22 36 MIN    97
2021 04 11 04 33 MAX   744
2021 04 11 10 45 MIN    78
2021 04 11 16 48 MAX   757
2021 04 11 23 06 MIN    70
2021 04 12 05 05 MAX   769
2021 04 12 11 18 MIN    66
2021 04 12 17 17 MAX   760
2021 04 12 23 34 MIN    55
2021 04 13 05 36 MAX   781
2021 04 13 11 49 MIN    67
2021 04 13 17 44 MAX   755
2021 04 14 00 00 MIN    50
2021 04 14 00 00 MIN    50
2021 04 14 06 05 MAX   784
2021 04 14 12 19 MIN    79
2021 04 14 18 11 MAX   744
2021 04 15 00 25 MIN    53
2021 04 15 06 33 MAX   780
2021 04 15 12 48 MIN   100
2021 04 15 18 37 MAX   725
2021 04 16 00 50 MIN    66
2021 04 16 07 01 MAX   767
2021 04 16 13 17 MIN   131
2021 04 16 19 04 MAX   699
2021 04 17 01 16 MIN    89
2021 04 17 07 29 MAX   747
2021 04 17 13 46 MIN   171
2021 04 17 19 32 MAX   665
2021 04 18 01 43 MIN   120
2021 04 18 08 01 MAX   718
2021 04 18 14 18 MIN   218
2021 04 18 20 02 MAX   625
2021 04 19 02 14 MIN   160
2021 04 19 08 39 MAX   682
2021 04 19 14 56 MIN   269
2021 04 19 20 39 MAX   581
2021 04 20 02 54 MIN   207
2021 04 20 09 30 MAX   642
2021 04 20 15 52 MIN   315
2021 04 20 21 38 MAX   538
2021 04 21 03 57 MIN   252
2021 04 21 10 49 MAX   613
2021 04 21 17 26 MIN   335
2021 04 21 23 19 MAX   520
2021 04 22 05 38 MIN   269
2021 04 22 12 27 MAX   621
2021 04 22 19 11 MIN   299
2021 04 23 01 04 MAX   559
2021 04 23 07 18 MIN   232
2021 04 23 13 45 MAX   665
2021 04 23 20 19 MIN   228
2021 04 24 02 15 MAX   635
2021 04 24 08 30 MIN   166
2021 04 24 14 43 MAX   722
2021 04 24 21 09 MIN   149
2021 04 25 03 09 MAX   718
2021 04 25 09 26 MIN   100
2021 04 25 15 31 MAX   772
2021 04 25 21 54 MIN    75
2021 04 26 03 56 MAX   790
2021 04 26 10 15 MIN    49
2021 04 26 16 15 MAX   807
2021 04 26 22 35 MIN    17
2021 04 27 04 40 MAX   843
2021 04 27 11 01 MIN    21
2021 04 27 16 57 MAX   822
2021 04 27 23 16 MIN   -21
2021 04 28 05 24 MAX   873
2021 04 28 11 45 MIN    17
2021 04 28 17 37 MAX   817
2021 04 28 23 55 MIN   -34
2021 04 29 06 06 MAX   880
2021 04 29 12 28 MIN    37
2021 04 29 18 17 MAX   795
2021 04 30 00 34 MIN   -24
2021 04 30 06 48 MAX   865
2021 04 30 13 11 MIN    76
2021 04 30 18 57 MAX   757
2021 05 01 01 12 MIN     8
2021 05 01 07 31 MAX   831
2021 05 01 13 54 MIN   130
2021 05 01 19 38 MAX   708
2021 05 02 01 52 MIN    60
2021 05 02 08 16 MAX   781
2021 05 02 14 40 MIN   193
2021 05 02 20 23 MAX   651
2021 05 03 02 36 MIN   126
2021 05 03 09 08 MAX   723
2021 05 03 15 37 MIN   253
2021 05 03 21 19 MAX   593
2021 05 04 03 31 MIN   196
2021 05 04 10 15 MAX   667
2021 05 04 16 55 MIN   294
2021 05 04 22 39 MAX   550
2021 05 05 04 52 MIN   252
2021 05 05 11 43 MAX   634
2021 05 05 18 30 MIN   293
2021 05 06 00 22 MAX   550
2021 05 06 06 32 MIN   264
2021 05 06 13 11 MAX   637
2021 05 06 19 47 MIN   253
2021 05 07 01 46 MAX   596
2021 05 07 07 54 MIN   234
2021 05 07 14 15 MAX   662
2021 05 07 20 41 MIN   200
2021 05 08 02 43 MAX   656
2021 05 08 08 52 MIN   191
2021 05 08 15 02 MAX   689
2021 05 08 21 22 MIN   150
2021 05 09 03 27 MAX   709
2021 05 09 09 38 MIN   153
2021 05 09 15 40 MAX   709
2021 05 09 21 57 MIN   111
2021 05 10 04 03 MAX   749
2021 05 10 10 16 MIN   127
2021 05 10 16 13 MAX   722
2021 05 10 22 28 MIN    83
2021 05 11 04 37 MAX   774
2021 05 11 10 51 MIN   114
2021 05 11 16 44 MAX   727
2021 05 11 22 58 MIN    67
2021 05 12 05 09 MAX   787
2021 05 12 11 25 MIN   112
2021 05 12 17 15 MAX   726
2021 05 12 23 27 MIN    60
2021 05 13 05 39 MAX   791
2021 05 13 11 57 MIN   119
2021 05 13 17 45 MAX   718
2021 05 13 23 56 MIN    64
2021 05 14 06 09 MAX   787
2021 05 14 12 28 MIN   134
2021 05 14 18 15 MAX   705
2021 05 15 00 25 MIN    76
2021 05 15 06 39 MAX   778
2021 05 15 12 59 MIN   156
2021 05 15 18 45 MAX   686
2021 05 16 00 54 MIN    95
2021 05 16 07 10 MAX   765
2021 05 16 13 31 MIN   183
2021 05 16 19 15 MAX   663
2021 05 17 01 24 MIN   120
2021 05 17 07 43 MAX   746
2021 05 17 14 05 MIN   215
2021 05 17 19 49 MAX   637
2021 05 18 01 59 MIN   150
2021 05 18 08 22 MAX   722
2021 05 18 14 46 MIN   248
2021 05 18 20 30 MAX   609
2021 05 19 02 42 MIN   186
2021 05 19 09 11 MAX   693
2021 05 19 15 39 MIN   275
2021 05 19 21 28 MAX   583
2021 05 20 03 41 MIN   222
2021 05 20 10 18 MAX   668
2021 05 20 16 52 MIN   284
2021 05 20 22 50 MAX   576
2021 05 21 05 03 MIN   243
2021 05 21 11 37 MAX   662
2021 05 21 18 14 MIN   258
2021 05 22 00 20 MAX   608
2021 05 22 06 33 MIN   228
2021 05 22 12 54 MAX   683
2021 05 22 19 26 MIN   201
2021 05 23 01 35 MAX   672
2021 05 23 07 50 MIN   186
2021 05 23 13 58 MAX   717
2021 05 23 20 24 MIN   133
2021 05 24 02 35 MAX   745
2021 05 24 08 54 MIN   138
2021 05 24 14 53 MAX   750
2021 05 24 21 15 MIN    69
2021 05 25 03 27 MAX   808
2021 05 25 09 49 MIN   101
2021 05 25 15 43 MAX   772
2021 05 25 22 02 MIN    21
2021 05 26 04 16 MAX   852
2021 05 26 10 40 MIN    80
2021 05 26 16 29 MAX   780
2021 05 26 22 47 MIN    -7
2021 05 27 05 04 MAX   874
2021 05 27 11 28 MIN    78
2021 05 27 17 15 MAX   774
2021 05 27 23 31 MIN   -14
2021 05 28 05 50 MAX   876
2021 05 28 12 15 MIN    91
2021 05 28 18 00 MAX   757
2021 05 29 00 15 MIN     0
2021 05 29 06 35 MAX   860
2021 05 29 13 01 MIN   117
2021 05 29 18 44 MAX   731
2021 05 30 00 58 MIN    31
2021 05 30 07 20 MAX   831
2021 05 30 13 47 MIN   151
2021 05 30 19 29 MAX   698
2021 05 31 01 41 MIN    75
2021 05 31 08 06 MAX   792
2021 05 31 14 35 MIN   190
2021 05 31 20 17 MAX   660
2021 06 01 02 26 MIN   129
2021 06 01 08 55 MAX   745
2021 06 01 15 26 MIN   228
2021 06 01 21 10 MAX   622
2021 06 02 03 18 MIN   188
2021 06 02 09 50 MAX   697
2021 06 02 16 26 MIN   258
2021 06 02 22 16 MAX   592
2021 06 03 04 22 MIN   240
2021 06 03 10 55 MAX   657
2021 06 03 17 35 MIN   268
2021 06 03 23 35 MAX   585
2021 06 04 05 41 MIN   270
2021 06 04 12 07 MAX   635
2021 06 04 18 46 MIN   252
2021 06 05 00 54 MAX   608
2021 06 05 07 02 MIN   269
2021 06 05 13 16 MAX   634
2021 06 05 19 46 MIN   218
2021 06 06 01 58 MAX   651
2021 06 06 08 09 MIN   245
2021 06 06 14 12 MAX   648
2021 06 06 20 34 MIN   178
2021 06 07 02 49 MAX   697
2021 06 07 09 03 MIN   214
2021 06 07 14 58 MAX   665
2021 06 07 21 14 MIN   141
2021 06 08 03 31 MAX   736
2021 06 08 09 47 MIN   188
2021 06 08 15 38 MAX   680
2021 06 08 21 51 MIN   112
2021 06 09 04 08 MAX   762
2021 06 09 10 26 MIN   171
2021 06 09 16 15 MAX   692
2021 06 09 22 26 MIN    93
2021 06 10 04 44 MAX   777
2021 06 10 11 03 MIN   161
2021 06 10 16 50 MAX   698
2021 06 10 23 00 MIN    85
2021 06 11 05 18 MAX   784
2021 06 11 11 39 MIN   159
2021 06 11 17 24 MAX   698
2021 06 11 23 33 MIN    84
2021 06 12 05 51 MAX   786
2021 06 12 12 13 MIN   163
2021 06 12 17 58 MAX   695
2021 06 13 00 06 MIN    89
2021 06 13 06 24 MAX   786
2021 06 13 12 47 MIN   171
2021 06 13 18 31 MAX   688
2021 06 14 00 40 MIN    97
2021 06 14 06 57 MAX   783
2021 06 14 13 21 MIN   183
2021 06 14 19 05 MAX   679
2021 06 15 01 14 MIN   110
2021 06 15 07 32 MAX   777
2021 06 15 13 57 MIN   196
2021 06 15 19 42 MAX   669
2021 06 16 01 52 MIN   129
2021 06 16 08 10 MAX   765
2021 06 16 14 37 MIN   209
2021 06 16 20 24 MAX   656
2021 06 17 02 36 MIN   155
2021 06 17 08 56 MAX   745
2021 06 17 15 23 MIN   221
2021 06 17 21 17 MAX   645
2021 06 18 03 29 MIN   187
2021 06 18 09 50 MAX   720
2021 06 18 16 20 MIN   224
2021 06 18 22 23 MAX   641
2021 06 19 04 35 MIN   217
2021 06 19 10 54 MAX   698
2021 06 19 17 26 MIN   212
2021 06 19 23 40 MAX   658
2021 06 20 05 52 MIN   231
2021 06 20 12 05 MAX   688
2021 06 20 18 36 MIN   181
2021 06 21 00 56 MAX   698
2021 06 21 07 13 MIN   223
2021 06 21 13 15 MAX   693
2021 06 21 19 41 MIN   136
2021 06 22 02 04 MAX   750
2021 06 22 08 25 MIN   198
2021 06 22 14 19 MAX   707
2021 06 22 20 40 MIN    90
2021 06 23 03 04 MAX   798
2021 06 23 09 29 MIN   170
2021 06 23 15 17 MAX   722
2021 06 23 21 35 MIN    53
2021 06 24 03 59 MAX   834
2021 06 24 10 25 MIN   148
2021 06 24 16 10 MAX   733
2021 06 24 22 26 MIN    30
2021 06 25 04 50 MAX   854
2021 06 25 11 18 MIN   134
2021 06 25 17 01 MAX   737
2021 06 25 23 16 MIN    22
2021 06 26 05 39 MAX   860
2021 06 26 12 07 MIN   130
2021 06 26 17 50 MAX   735
2021 06 27 00 03 MIN    28
2021 06 27 06 26 MAX   853
2021 06 27 12 54 MIN   134
2021 06 27 18 36 MAX   727
2021 06 28 00 48 MIN    47
2021 06 28 07 10 MAX   835
2021 06 28 13 38 MIN   146
2021 06 28 19 21 MAX   713
2021 06 29 01 31 MIN    78
2021 06 29 07 52 MAX   807
2021 06 29 14 20 MIN   166
2021 06 29 20 04 MAX   692
2021 06 30 02 13 MIN   119
2021 06 30 08 32 MAX   771
2021 06 30 15 01 MIN   191
2021 06 30 20 49 MAX   667
2021 07 01 02 56 MIN   168
2021 07 01 09 13 MAX   727
2021 07 01 15 44 MIN   218
2021 07 01 21 40 MAX   641
2021 07 02 03 44 MIN   222
2021 07 02 09 59 MAX   680
2021 07 02 16 34 MIN   240
2021 07 02 22 39 MAX   621
2021 07 03 04 43 MIN   271
2021 07 03 10 55 MAX   637
2021 07 03 17 33 MIN   251
2021 07 03 23 51 MAX   617
2021 07 04 05 57 MIN   302
2021 07 04 12 04 MAX   609
2021 07 04 18 39 MIN   243
2021 07 05 01 05 MAX   637
2021 07 05 07 19 MIN   303
2021 07 05 13 15 MAX   603
2021 07 05 19 41 MIN   219
2021 07 06 02 09 MAX   671
2021 07 06 08 27 MIN   281
2021 07 06 14 16 MAX   616
2021 07 06 20 33 MIN   186
2021 07 07 03 01 MAX   707
2021 07 07 09 21 MIN   251
2021 07 07 15 07 MAX   637
2021 07 07 21 19 MIN   155
2021 07 08 03 45 MAX   738
2021 07 08 10 06 MIN   224
2021 07 08 15 51 MAX   659
2021 07 08 22 00 MIN   129
2021 07 09 04 24 MAX   761
2021 07 09 10 46 MIN   202
2021 07 09 16 31 MAX   679
2021 07 09 22 39 MIN   110
2021 07 10 05 00 MAX   778
2021 07 10 11 24 MIN   186
2021 07 10 17 08 MAX   694
2021 07 10 23 17 MIN    96
2021 07 11 05 35 MAX   792
2021 07 11 12 00 MIN   173
2021 07 11 17 44 MAX   705
2021 07 11 23 53 MIN    86
2021 07 12 06 10 MAX   804
2021 07 12 12 35 MIN   163
2021 07 12 18 20 MAX   714
2021 07 13 00 30 MIN    81
2021 07 13 06 44 MAX   813
2021 07 13 13 10 MIN   157
2021 07 13 18 55 MAX   719
2021 07 14 01 07 MIN    83
2021 07 14 07 19 MAX   816
2021 07 14 13 45 MIN   154
2021 07 14 19 32 MAX   721
2021 07 15 01 45 MIN    96
2021 07 15 07 56 MAX   808
2021 07 15 14 22 MIN   155
2021 07 15 20 13 MAX   719
2021 07 16 02 26 MIN   121
2021 07 16 08 36 MAX   787
2021 07 16 15 02 MIN   161
2021 07 16 21 00 MAX   710
2021 07 17 03 12 MIN   161
2021 07 17 09 20 MAX   753
2021 07 17 15 48 MIN   170
2021 07 17 21 56 MAX   698
2021 07 18 04 07 MIN   209
2021 07 18 10 13 MAX   711
2021 07 18 16 43 MIN   180
2021 07 18 23 04 MAX   691
2021 07 19 05 16 MIN   253
2021 07 19 11 19 MAX   671
2021 07 19 17 51 MIN   181
2021 07 20 00 23 MAX   701
2021 07 20 06 41 MIN   275
2021 07 20 12 37 MAX   648
2021 07 20 19 05 MIN   166
2021 07 21 01 42 MAX   730
2021 07 21 08 08 MIN   264
2021 07 21 13 55 MAX   651
2021 07 21 20 16 MIN   135
2021 07 22 02 51 MAX   769
2021 07 22 09 21 MIN   230
2021 07 22 15 04 MAX   672
2021 07 22 21 20 MIN   100
2021 07 23 03 52 MAX   807
2021 07 23 10 21 MIN   191
2021 07 23 16 03 MAX   700
2021 07 23 22 17 MIN    70
2021 07 24 04 45 MAX   835
2021 07 24 11 14 MIN   158
2021 07 24 16 56 MAX   725
2021 07 24 23 09 MIN    49
2021 07 25 05 32 MAX   850
2021 07 25 12 00 MIN   134
2021 07 25 17 43 MAX   742
2021 07 25 23 55 MIN    42
2021 07 26 06 15 MAX   852
2021 07 26 12 42 MIN   122
2021 07 26 18 25 MAX   749
2021 07 27 00 37 MIN    50
2021 07 27 06 53 MAX   841
2021 07 27 13 19 MIN   123
2021 07 27 19 05 MAX   745
2021 07 28 01 15 MIN    71
2021 07 28 07 28 MAX   819
2021 07 28 13 53 MIN   134
2021 07 28 19 42 MAX   733
2021 07 29 01 51 MIN   105
2021 07 29 08 00 MAX   787
2021 07 29 14 25 MIN   153
2021 07 29 20 19 MAX   713
2021 07 30 02 26 MIN   151
2021 07 30 08 31 MAX   746
2021 07 30 14 57 MIN   178
2021 07 30 20 58 MAX   687
2021 07 31 03 04 MIN   207
2021 07 31 09 06 MAX   697
2021 07 31 15 32 MIN   208
2021 07 31 21 44 MAX   657
2021 08 01 03 48 MIN   267
2021 08 01 09 48 MAX   643
2021 08 01 16 17 MIN   240
2021 08 01 22 46 MAX   629
2021 08 02 04 48 MIN   323
2021 08 02 10 45 MAX   591
2021 08 02 17 21 MIN   264
2021 08 03 00 05 MAX   619
2021 08 03 06 19 MIN   353
2021 08 03 12 09 MAX   560
2021 08 03 18 42 MIN   265
2021 08 04 01 27 MAX   636
2021 08 04 07 54 MIN   340
2021 08 04 13 37 MAX   566
2021 08 04 19 55 MIN   240
2021 08 05 02 33 MAX   672
2021 08 05 09 02 MIN   303
2021 08 05 14 42 MAX   597
2021 08 05 20 52 MIN   201
2021 08 06 03 24 MAX   711
2021 08 06 09 50 MIN   261
2021 08 06 15 32 MAX   636
2021 08 06 21 40 MIN   161
2021 08 07 04 05 MAX   748
2021 08 07 10 30 MIN   221
2021 08 07 16 14 MAX   675
2021 08 07 22 22 MIN   123
2021 08 08 04 42 MAX   780
2021 08 08 11 07 MIN   185
2021 08 08 16 51 MAX   709
2021 08 08 23 02 MIN    90
2021 08 09 05 18 MAX   808
2021 08 09 11 43 MIN   154
2021 08 09 17 28 MAX   738
2021 08 09 23 40 MIN    65
2021 08 10 05 52 MAX   832
2021 08 10 12 17 MIN   127
2021 08 10 18 04 MAX   761
2021 08 11 00 18 MIN    49
2021 08 11 06 27 MAX   846
2021 08 11 12 51 MIN   107
2021 08 11 18 40 MAX   777
2021 08 12 00 55 MIN    48
2021 08 12 07 01 MAX   849
2021 08 12 13 25 MIN    95
2021 08 12 19 17 MAX   784
2021 08 13 01 33 MIN    64
2021 08 13 07 36 MAX   836
2021 08 13 13 59 MIN    95
2021 08 13 19 56 MAX   781
2021 08 14 02 11 MIN   100
2021 08 14 08 11 MAX   805
2021 08 14 14 34 MIN   108
2021 08 14 20 38 MAX   764
2021 08 15 02 53 MIN   154
2021 08 15 08 50 MAX   757
2021 08 15 15 15 MIN   133
2021 08 15 21 29 MAX   735
2021 08 16 03 42 MIN   222
2021 08 16 09 37 MAX   696
2021 08 16 16 04 MIN   169
2021 08 16 22 33 MAX   701
2021 08 17 04 48 MIN   289
2021 08 17 10 40 MAX   633
2021 08 17 17 13 MIN   203
2021 08 17 23 58 MAX   682
2021 08 18 06 24 MIN   326
2021 08 18 12 12 MAX   594
2021 08 18 18 42 MIN   212
2021 08 19 01 33 MAX   698
2021 08 19 08 10 MIN   307
2021 08 19 13 51 MAX   602
2021 08 19 20 09 MIN   185
2021 08 20 02 51 MAX   742
2021 08 20 09 25 MIN   250
2021 08 20 15 07 MAX   648
2021 08 20 21 18 MIN   137
2021 08 21 03 50 MAX   790
2021 08 21 10 19 MIN   191
2021 08 21 16 03 MAX   700
2021 08 21 22 14 MIN    91
2021 08 22 04 38 MAX   825
2021 08 22 11 04 MIN   142
2021 08 22 16 50 MAX   743
2021 08 22 23 01 MIN    59
2021 08 23 05 19 MAX   844
2021 08 23 11 44 MIN   110
2021 08 23 17 31 MAX   770
2021 08 23 23 42 MIN    45
2021 08 24 05 55 MAX   847
2021 08 24 12 19 MIN    94
2021 08 24 18 08 MAX   781
2021 08 25 00 19 MIN    48
2021 08 25 06 27 MAX   837
2021 08 25 12 50 MIN    91
2021 08 25 18 42 MAX   781
2021 08 26 00 53 MIN    67
2021 08 26 06 56 MAX   816
2021 08 26 13 19 MIN    99
2021 08 26 19 13 MAX   771
2021 08 27 01 24 MIN    99
2021 08 27 07 23 MAX   787
2021 08 27 13 45 MIN   116
2021 08 27 19 45 MAX   753
2021 08 28 01 54 MIN   143
2021 08 28 07 50 MAX   749
2021 08 28 14 11 MIN   141
2021 08 28 20 18 MAX   726
2021 08 29 02 26 MIN   197
2021 08 29 08 19 MAX   701
2021 08 29 14 39 MIN   175
2021 08 29 20 55 MAX   689
2021 08 30 03 02 MIN   260
2021 08 30 08 52 MAX   643
2021 08 30 15 14 MIN   219
2021 08 30 21 44 MAX   646
2021 08 31 03 50 MIN   326
2021 08 31 09 36 MAX   582
2021 08 31 16 04 MIN   267
2021 08 31 22 57 MAX   609
2021 09 01 05 09 MIN   378
2021 09 01 10 54 MAX   529
2021 09 01 17 29 MIN   300
2021 09 02 00 38 MAX   604
2021 09 02 07 20 MIN   379
2021 09 02 12 55 MAX   523
2021 09 02 19 13 MIN   288
2021 09 03 02 03 MAX   638
2021 09 03 08 43 MIN   331
2021 09 03 14 19 MAX   566
2021 09 03 20 26 MIN   240
2021 09 04 02 59 MAX   688
2021 09 04 09 30 MIN   273
2021 09 04 15 11 MAX   625
2021 09 04 21 18 MIN   180
2021 09 05 03 41 MAX   739
2021 09 05 10 07 MIN   215
2021 09 05 15 53 MAX   684
2021 09 05 22 02 MIN   123
2021 09 06 04 18 MAX   787
2021 09 06 10 42 MIN   160
2021 09 06 16 30 MAX   738
2021 09 06 22 43 MIN    73
2021 09 07 04 53 MAX   826
2021 09 07 11 16 MIN   112
2021 09 07 17 07 MAX   783
2021 09 07 23 22 MIN    37
2021 09 08 05 28 MAX   853
2021 09 08 11 51 MIN    73
2021 09 08 17 44 MAX   816
2021 09 09 00 01 MIN    19
2021 09 09 06 03 MAX   866
2021 09 09 12 24 MIN    46
2021 09 09 18 21 MAX   836
2021 09 10 00 38 MIN    22
2021 09 10 06 37 MAX   860
2021 09 10 12 58 MIN    36
2021 09 10 18 58 MAX   841
2021 09 11 01 16 MIN    49
2021 09 11 07 12 MAX   835
2021 09 11 13 32 MIN    43
2021 09 11 19 36 MAX   828
2021 09 12 01 54 MIN    97
2021 09 12 07 46 MAX   792
2021 09 12 14 07 MIN    70
2021 09 12 20 17 MAX   796
2021 09 13 02 34 MIN   165
2021 09 13 08 24 MAX   732
2021 09 13 14 45 MIN   115
2021 09 13 21 05 MAX   748
2021 09 14 03 22 MIN   244
2021 09 14 09 09 MAX   659
2021 09 14 15 32 MIN   175
2021 09 14 22 09 MAX   693
2021 09 15 04 31 MIN   319
2021 09 15 10 15 MAX   586
2021 09 15 16 45 MIN   234
2021 09 15 23 46 MAX   657
2021 09 16 06 28 MIN   349
2021 09 16 12 11 MAX   550
2021 09 16 18 34 MIN   253
2021 09 17 01 34 MAX   675
2021 09 17 08 17 MIN   303
2021 09 17 13 59 MAX   587
2021 09 17 20 10 MIN   212
2021 09 18 02 49 MAX   727
2021 09 18 09 20 MIN   229
2021 09 18 15 07 MAX   656
2021 09 18 21 15 MIN   151
2021 09 19 03 41 MAX   777
2021 09 19 10 05 MIN   162
2021 09 19 15 55 MAX   721
2021 09 19 22 05 MIN    98
2021 09 20 04 21 MAX   811
2021 09 20 10 43 MIN   112
2021 09 20 16 36 MAX   768
2021 09 20 22 46 MIN    64
2021 09 21 04 56 MAX   826
2021 09 21 11 17 MIN    80
2021 09 21 17 11 MAX   796
2021 09 21 23 23 MIN    51
2021 09 22 05 28 MAX   826
2021 09 22 11 48 MIN    64
2021 09 22 17 44 MAX   808
2021 09 22 23 56 MIN    55
2021 09 23 05 56 MAX   814
2021 09 23 12 16 MIN    62
2021 09 23 18 14 MAX   807
2021 09 24 00 27 MIN    73
2021 09 24 06 23 MAX   795
2021 09 24 12 41 MIN    69
2021 09 24 18 44 MAX   797
2021 09 25 00 57 MIN   102
2021 09 25 06 49 MAX   768
2021 09 25 13 06 MIN    85
2021 09 25 19 12 MAX   779
2021 09 26 01 26 MIN   142
2021 09 26 07 15 MAX   733
2021 09 26 13 30 MIN   111
2021 09 26 19 42 MAX   752
2021 09 27 01 55 MIN   192
2021 09 27 07 42 MAX   688
2021 09 27 13 56 MIN   148
2021 09 27 20 15 MAX   714
2021 09 28 02 27 MIN   250
2021 09 28 08 12 MAX   635
2021 09 28 14 26 MIN   196
2021 09 28 20 55 MAX   666
2021 09 29 03 07 MIN   313
2021 09 29 08 48 MAX   576
2021 09 29 15 07 MIN   251
2021 09 29 21 53 MAX   617
2021 09 30 04 10 MIN   370
2021 09 30 09 50 MAX   520
2021 09 30 16 16 MIN   303
2021 09 30 23 31 MAX   590
2021 10 01 06 22 MIN   386
2021 10 01 12 00 MAX   501
2021 10 01 18 18 MIN   312
2021 10 02 01 16 MAX   614
2021 10 02 08 04 MIN   336
2021 10 02 13 44 MAX   548
2021 10 02 19 51 MIN   261
2021 10 03 02 21 MAX   668
2021 10 03 08 54 MIN   266
2021 10 03 14 41 MAX   622
2021 10 03 20 49 MIN   190
2021 10 04 03 06 MAX   728
2021 10 04 09 32 MIN   192
2021 10 04 15 24 MAX   699
2021 10 04 21 35 MIN   120
2021 10 05 03 45 MAX   783
2021 10 05 10 08 MIN   123
2021 10 05 16 03 MAX   768
2021 10 05 22 18 MIN    62
2021 10 06 04 23 MAX   825
2021 10 06 10 44 MIN    63
2021 10 06 16 42 MAX   823
2021 10 06 22 59 MIN    24
2021 10 07 04 59 MAX   850
2021 10 07 11 19 MIN    19
2021 10 07 17 20 MAX   861
2021 10 07 23 39 MIN    10
2021 10 08 05 36 MAX   856
2021 10 08 11 55 MIN    -6
2021 10 08 17 59 MAX   878
2021 10 09 00 19 MIN    21
2021 10 09 06 12 MAX   841
2021 10 09 12 31 MIN    -9
2021 10 09 18 38 MAX   874
2021 10 10 00 59 MIN    55
2021 10 10 06 48 MAX   807
2021 10 10 13 06 MIN    10
2021 10 10 19 17 MAX   849
2021 10 11 01 38 MIN   111
2021 10 11 07 25 MAX   757
2021 10 11 13 42 MIN    51
2021 10 11 20 00 MAX   805
2021 10 12 02 21 MIN   181
2021 10 12 08 05 MAX   693
2021 10 12 14 22 MIN   111
2021 10 12 20 49 MAX   745
2021 10 13 03 13 MIN   257
2021 10 13 08 54 MAX   621
2021 10 13 15 13 MIN   185
2021 10 13 21 56 MAX   681
2021 10 14 04 30 MIN   321
2021 10 14 10 10 MAX   555
2021 10 14 16 32 MIN   252
2021 10 14 23 37 MAX   643
2021 10 15 06 28 MIN   329
2021 10 15 12 14 MAX   539
2021 10 15 18 28 MIN   267
2021 10 16 01 22 MAX   660
2021 10 16 08 01 MIN   273
2021 10 16 13 53 MAX   594
2021 10 16 20 00 MIN   222
2021 10 17 02 30 MAX   705
2021 10 17 08 57 MIN   202
2021 10 17 14 53 MAX   667
2021 10 17 21 00 MIN   163
2021 10 18 03 17 MAX   746
2021 10 18 09 38 MIN   139
2021 10 18 15 36 MAX   731
2021 10 18 21 45 MIN   114
2021 10 19 03 54 MAX   773
2021 10 19 10 13 MIN    92
2021 10 19 16 13 MAX   777
2021 10 19 22 24 MIN    84
2021 10 20 04 27 MAX   784
2021 10 20 10 45 MIN    62
2021 10 20 16 47 MAX   803
2021 10 20 22 59 MIN    72
2021 10 21 04 57 MAX   783
2021 10 21 11 14 MIN    47
2021 10 21 17 18 MAX   814
2021 10 21 23 32 MIN    75
2021 10 22 05 25 MAX   773
2021 10 22 11 41 MIN    45
2021 10 22 17 47 MAX   813
2021 10 23 00 03 MIN    89
2021 10 23 05 53 MAX   757
2021 10 23 12 07 MIN    52
2021 10 23 18 16 MAX   803
2021 10 24 00 32 MIN   113
2021 10 24 06 20 MAX   734
2021 10 24 12 32 MIN    67
2021 10 24 18 44 MAX   786
2021 10 25 01 02 MIN   146
2021 10 25 06 47 MAX   705
2021 10 25 12 58 MIN    93
2021 10 25 19 14 MAX   761
2021 10 26 01 31 MIN   187
2021 10 26 07 15 MAX   668
2021 10 26 13 26 MIN   128
2021 10 26 19 45 MAX   727
2021 10 27 02 03 MIN   235
2021 10 27 07 45 MAX   625
2021 10 27 13 56 MIN   172
2021 10 27 20 22 MAX   686
2021 10 28 02 41 MIN   286
2021 10 28 08 22 MAX   578
2021 10 28 14 35 MIN   223
2021 10 28 21 11 MAX   641
2021 10 29 03 35 MIN   332
2021 10 29 09 18 MAX   533
2021 10 29 15 34 MIN   272
2021 10 29 22 28 MAX   607
2021 10 30 05 10 MIN   352
2021 10 30 11 00 MAX   511
2021 10 30 17 15 MIN   296
2021 10 31 00 08 MAX   610
2021 10 31 06 56 MIN   317
2021 10 31 12 49 MAX   549
2021 10 31 18 59 MIN   262
2021 11 01 01 26 MAX   651
2021 11 01 08 00 MIN   247
2021 11 01 13 58 MAX   624
2021 11 01 20 09 MIN   197
2021 11 02 02 21 MAX   707
2021 11 02 08 47 MIN   167
2021 11 02 14 48 MAX   708
2021 11 02 21 03 MIN   129
2021 11 03 03 07 MAX   758
2021 11 03 09 28 MIN    91
2021 11 03 15 33 MAX   783
2021 11 03 21 50 MIN    74
2021 11 04 03 49 MAX   796
2021 11 04 10 08 MIN    29
2021 11 04 16 15 MAX   841
2021 11 04 22 35 MIN    41
2021 11 05 04 30 MAX   815
2021 11 05 10 48 MIN   -13
2021 11 05 16 57 MAX   876
2021 11 05 23 19 MIN    31
2021 11 06 05 10 MAX   815
2021 11 06 11 27 MIN   -33
2021 11 06 17 38 MAX   887
2021 11 07 00 02 MIN    44
2021 11 07 05 50 MAX   797
2021 11 07 12 06 MIN   -29
2021 11 07 18 21 MAX   876
2021 11 08 00 45 MIN    77
2021 11 08 06 30 MAX   764
2021 11 08 12 46 MIN    -2
2021 11 08 19 04 MAX   845
2021 11 09 01 28 MIN   125
2021 11 09 07 12 MAX   718
2021 11 09 13 26 MIN    45
2021 11 09 19 49 MAX   799
2021 11 10 02 15 MIN   183
2021 11 10 07 57 MAX   664
2021 11 10 14 11 MIN   107
2021 11 10 20 41 MAX   741
2021 11 11 03 11 MIN   240
2021 11 11 08 51 MAX   606
2021 11 11 15 05 MIN   178
2021 11 11 21 45 MAX   683
2021 11 12 04 24 MIN   283
2021 11 12 10 08 MAX   559
2021 11 12 16 21 MIN   239
2021 11 12 23 10 MAX   643
2021 11 13 05 57 MIN   287
2021 11 13 11 50 MAX   552
2021 11 13 18 00 MIN   261
2021 11 14 00 41 MAX   640
2021 11 14 07 19 MIN   249
2021 11 14 13 21 MAX   595
2021 11 14 19 28 MIN   236
2021 11 15 01 51 MAX   662
2021 11 15 08 17 MIN   193
2021 11 15 14 22 MAX   656
2021 11 15 20 30 MIN   192
2021 11 16 02 41 MAX   689
2021 11 16 09 00 MIN   140
2021 11 16 15 08 MAX   713
2021 11 16 21 19 MIN   152
2021 11 17 03 21 MAX   710
2021 11 17 09 37 MIN    97
2021 11 17 15 47 MAX   756
2021 11 17 21 59 MIN   124
2021 11 18 03 55 MAX   722
2021 11 18 10 10 MIN    67
2021 11 18 16 21 MAX   783
2021 11 18 22 36 MIN   110
2021 11 19 04 28 MAX   726
2021 11 19 10 41 MIN    50
2021 11 19 16 53 MAX   795
2021 11 19 23 10 MIN   107
2021 11 20 04 59 MAX   722
2021 11 20 11 11 MIN    45
2021 11 20 17 24 MAX   796
2021 11 20 23 42 MIN   115
2021 11 21 05 29 MAX   713
2021 11 21 11 40 MIN    50
2021 11 21 17 55 MAX   788
2021 11 22 00 14 MIN   130
2021 11 22 05 59 MAX   698
2021 11 22 12 08 MIN    64
2021 11 22 18 25 MAX   775
2021 11 23 00 45 MIN   152
2021 11 23 06 30 MAX   678
2021 11 23 12 38 MIN    84
2021 11 23 18 55 MAX   758
2021 11 24 01 16 MIN   180
2021 11 24 07 00 MAX   654
2021 11 24 13 08 MIN   111
2021 11 24 19 27 MAX   735
2021 11 25 01 49 MIN   211
2021 11 25 07 32 MAX   626
2021 11 25 13 41 MIN   143
2021 11 25 20 03 MAX   708
2021 11 26 02 26 MIN   243
2021 11 26 08 10 MAX   596
2021 11 26 14 20 MIN   180
2021 11 26 20 47 MAX   677
2021 11 27 03 14 MIN   271
2021 11 27 09 01 MAX   568
2021 11 27 15 13 MIN   219
2021 11 27 21 46 MAX   647
2021 11 28 04 20 MIN   285
2021 11 28 10 16 MAX   552
2021 11 28 16 28 MIN   248
2021 11 28 23 03 MAX   631
2021 11 29 05 41 MIN   269
2021 11 29 11 48 MAX   572
2021 11 29 17 59 MIN   246
2021 11 30 00 23 MAX   642
2021 11 30 06 56 MIN   219
2021 11 30 13 07 MAX   630
2021 11 30 19 21 MIN   209
2021 12 01 01 30 MAX   674
2021 12 01 07 56 MIN   150
2021 12 01 14 09 MAX   703
2021 12 01 20 27 MIN   160
2021 12 02 02 26 MAX   709
2021 12 02 08 48 MIN    82
2021 12 02 15 02 MAX   772
2021 12 02 21 23 MIN   116
2021 12 03 03 16 MAX   738
2021 12 03 09 35 MIN    26
2021 12 03 15 51 MAX   825
2021 12 03 22 14 MIN    87
2021 12 04 04 03 MAX   755
2021 12 04 10 20 MIN   -12
2021 12 04 16 38 MAX   856
2021 12 04 23 03 MIN    76
2021 12 05 04 49 MAX   757
2021 12 05 11 05 MIN   -29
2021 12 05 17 24 MAX   865
2021 12 05 23 50 MIN    80
2021 12 06 05 35 MAX   748
2021 12 06 11 50 MIN   -25
2021 12 06 18 11 MAX   856
2021 12 07 00 37 MIN    97
2021 12 07 06 20 MAX   728
2021 12 07 12 34 MIN    -2
2021 12 07 18 57 MAX   832
2021 12 08 01 24 MIN   124
2021 12 08 07 06 MAX   699
2021 12 08 13 19 MIN    36
2021 12 08 19 43 MAX   796
2021 12 09 02 12 MIN   158
2021 12 09 07 54 MAX   664
2021 12 09 14 06 MIN    87
2021 12 09 20 31 MAX   750
2021 12 10 03 02 MIN   194
2021 12 10 08 46 MAX   626
2021 12 10 14 56 MIN   146
2021 12 10 21 24 MAX   700
2021 12 11 03 58 MIN   225
2021 12 11 09 48 MAX   591
2021 12 11 15 56 MIN   204
2021 12 11 22 25 MAX   652
2021 12 12 05 04 MIN   242
2021 12 12 11 03 MAX   573
2021 12 12 17 10 MIN   247
2021 12 12 23 36 MAX   619
2021 12 13 06 16 MIN   236
2021 12 13 12 26 MAX   585
2021 12 13 18 34 MIN   260
2021 12 14 00 50 MAX   608
2021 12 14 07 22 MIN   208
2021 12 14 13 38 MAX   623
2021 12 14 19 48 MIN   242
2021 12 15 01 53 MAX   616
2021 12 15 08 15 MIN   168
2021 12 15 14 34 MAX   670
2021 12 15 20 47 MIN   212
2021 12 16 02 43 MAX   633
2021 12 16 08 59 MIN   129
2021 12 16 15 19 MAX   711
2021 12 16 21 34 MIN   182
2021 12 17 03 25 MAX   650
2021 12 17 09 38 MIN    97
2021 12 17 15 58 MAX   740
2021 12 17 22 15 MIN   160
2021 12 18 04 03 MAX   665
2021 12 18 10 14 MIN    75
2021 12 18 16 34 MAX   757
2021 12 18 22 53 MIN   148
2021 12 19 04 39 MAX   674
2021 12 19 10 48 MIN    63
2021 12 19 17 08 MAX   764
2021 12 19 23 28 MIN   143
2021 12 20 05 13 MAX   677
2021 12 20 11 21 MIN    60
2021 12 20 17 40 MAX   765
2021 12 21 00 02 MIN   144
2021 12 21 05 46 MAX   676
2021 12 21 11 54 MIN    64
2021 12 21 18 12 MAX   762
2021 12 22 00 35 MIN   151
2021 12 22 06 18 MAX   670
2021 12 22 12 26 MIN    72
2021 12 22 18 43 MAX   758
2021 12 23 01 07 MIN   160
2021 12 23 06 50 MAX   661
2021 12 23 13 00 MIN    84
2021 12 23 19 15 MAX   751
2021 12 24 01 39 MIN   172
2021 12 24 07 24 MAX   650
2021 12 24 13 34 MIN   102
2021 12 24 19 50 MAX   740
2021 12 25 02 15 MIN   184
2021 12 25 08 01 MAX   638
2021 12 25 14 12 MIN   126
2021 12 25 20 28 MAX   720
2021 12 26 02 55 MIN   196
2021 12 26 08 45 MAX   623
2021 12 26 14 58 MIN   159
2021 12 26 21 15 MAX   693
2021 12 27 03 43 MIN   205
2021 12 27 09 42 MAX   612
2021 12 27 15 55 MIN   196
2021 12 27 22 11 MAX   663
2021 12 28 04 43 MIN   205
2021 12 28 10 55 MAX   612
2021 12 28 17 07 MIN   225
2021 12 28 23 20 MAX   640
2021 12 29 05 53 MIN   188
2021 12 29 12 15 MAX   637
2021 12 29 18 30 MIN   232
2021 12 30 00 35 MAX   633
2021 12 30 07 04 MIN   151
2021 12 30 13 30 MAX   683
2021 12 30 19 51 MIN   213
2021 12 31 01 46 MAX   645
2021 12 31 08 09 MIN   103
2021 12 31 14 35 MAX   736
2021 12 31 21 01 MIN   180
