 <API - 조위예측극치자료>

대상조위관측소 : 옹진소청초
위도(WGS84) : N 124.7381
경도(WGS84) : E 37.4231
관측기관 : 20201221 ~ 20220101

2020 12 21 04 16 MIN   117
2020 12 21 09 35 MAX   227
2020 12 21 15 26 MIN    81
2020 12 21 22 23 MAX   285
2020 12 22 05 07 MIN   120
2020 12 22 10 38 MAX   219
2020 12 22 16 22 MIN   107
2020 12 22 23 16 MAX   264
2020 12 23 06 06 MIN   118
2020 12 23 11 57 MAX   219
2020 12 23 17 41 MIN   130
2020 12 24 00 17 MAX   249
2020 12 24 07 07 MIN   110
2020 12 24 13 20 MAX   232
2020 12 24 19 20 MIN   141
2020 12 25 01 21 MAX   241
2020 12 25 08 01 MIN    96
2020 12 25 14 31 MAX   254
2020 12 25 20 44 MIN   139
2020 12 26 02 19 MAX   241
2020 12 26 08 46 MIN    80
2020 12 26 15 25 MAX   279
2020 12 26 21 43 MIN   131
2020 12 27 03 07 MAX   245
2020 12 27 09 26 MIN    64
2020 12 27 16 07 MAX   302
2020 12 27 22 29 MIN   123
2020 12 28 03 48 MAX   251
2020 12 28 10 02 MIN    50
2020 12 28 16 44 MAX   320
2020 12 28 23 09 MIN   116
2020 12 29 04 26 MAX   257
2020 12 29 10 38 MIN    38
2020 12 29 17 18 MAX   334
2020 12 29 23 46 MIN   111
2020 12 30 05 02 MAX   263
2020 12 30 11 12 MIN    29
2020 12 30 17 52 MAX   343
2020 12 31 00 22 MIN   106
2020 12 31 05 37 MAX   266
2020 12 31 11 47 MIN    22
2020 12 31 18 27 MAX   349
2021 01 01 00 58 MIN   102
2021 01 01 06 13 MAX   267
2021 01 01 12 23 MIN    18
2021 01 01 19 02 MAX   352
2021 01 02 01 35 MIN    99
2021 01 02 06 51 MAX   266
2021 01 02 13 00 MIN    18
2021 01 02 19 40 MAX   351
2021 01 03 02 13 MIN    97
2021 01 03 07 32 MAX   263
2021 01 03 13 39 MIN    22
2021 01 03 20 20 MAX   345
2021 01 04 02 53 MIN    96
2021 01 04 08 17 MAX   259
2021 01 04 14 21 MIN    34
2021 01 04 21 02 MAX   333
2021 01 05 03 35 MIN    95
2021 01 05 09 08 MAX   253
2021 01 05 15 09 MIN    53
2021 01 05 21 49 MAX   315
2021 01 06 04 23 MIN    93
2021 01 06 10 10 MAX   250
2021 01 06 16 07 MIN    78
2021 01 06 22 41 MAX   294
2021 01 07 05 18 MIN    88
2021 01 07 11 23 MAX   252
2021 01 07 17 22 MIN   104
2021 01 07 23 41 MAX   274
2021 01 08 06 20 MIN    79
2021 01 08 12 45 MAX   265
2021 01 08 18 56 MIN   120
2021 01 09 00 48 MAX   259
2021 01 09 07 25 MIN    66
2021 01 09 14 04 MAX   289
2021 01 09 20 31 MIN   122
2021 01 10 01 57 MAX   251
2021 01 10 08 26 MIN    48
2021 01 10 15 12 MAX   317
2021 01 10 21 49 MIN   114
2021 01 11 03 00 MAX   252
2021 01 11 09 21 MIN    30
2021 01 11 16 10 MAX   342
2021 01 11 22 50 MIN   103
2021 01 12 03 57 MAX   257
2021 01 12 10 13 MIN    16
2021 01 12 17 01 MAX   359
2021 01 12 23 42 MIN    94
2021 01 13 04 48 MAX   263
2021 01 13 11 01 MIN     6
2021 01 13 17 48 MAX   367
2021 01 14 00 28 MIN    88
2021 01 14 05 36 MAX   268
2021 01 14 11 46 MIN     3
2021 01 14 18 31 MAX   367
2021 01 15 01 10 MIN    84
2021 01 15 06 20 MAX   270
2021 01 15 12 28 MIN     5
2021 01 15 19 11 MAX   360
2021 01 16 01 47 MIN    84
2021 01 16 07 01 MAX   269
2021 01 16 13 07 MIN    13
2021 01 16 19 48 MAX   347
2021 01 17 02 21 MIN    85
2021 01 17 07 42 MAX   265
2021 01 17 13 44 MIN    26
2021 01 17 20 23 MAX   330
2021 01 18 02 52 MIN    87
2021 01 18 08 21 MAX   259
2021 01 18 14 20 MIN    44
2021 01 18 20 56 MAX   310
2021 01 19 03 22 MIN    89
2021 01 19 09 03 MAX   251
2021 01 19 14 57 MIN    68
2021 01 19 21 29 MAX   289
2021 01 20 03 55 MIN    93
2021 01 20 09 50 MAX   242
2021 01 20 15 39 MIN    95
2021 01 20 22 05 MAX   266
2021 01 21 04 35 MIN    97
2021 01 21 10 48 MAX   234
2021 01 21 16 32 MIN   125
2021 01 21 22 48 MAX   244
2021 01 22 05 27 MIN   100
2021 01 22 12 04 MAX   232
2021 01 22 17 53 MIN   151
2021 01 22 23 46 MAX   225
2021 01 23 06 35 MIN   100
2021 01 23 13 35 MAX   241
2021 01 23 19 50 MIN   161
2021 01 24 01 04 MAX   215
2021 01 24 07 46 MIN    92
2021 01 24 14 53 MAX   262
2021 01 24 21 20 MIN   154
2021 01 25 02 21 MAX   217
2021 01 25 08 46 MIN    77
2021 01 25 15 47 MAX   286
2021 01 25 22 16 MIN   141
2021 01 26 03 19 MAX   227
2021 01 26 09 35 MIN    60
2021 01 26 16 28 MAX   307
2021 01 26 22 58 MIN   127
2021 01 27 04 05 MAX   241
2021 01 27 10 17 MIN    43
2021 01 27 17 04 MAX   326
2021 01 27 23 34 MIN   113
2021 01 28 04 46 MAX   255
2021 01 28 10 57 MIN    27
2021 01 28 17 38 MAX   342
2021 01 29 00 10 MIN   100
2021 01 29 05 24 MAX   267
2021 01 29 11 36 MIN    14
2021 01 29 18 12 MAX   354
2021 01 30 00 45 MIN    88
2021 01 30 06 03 MAX   277
2021 01 30 12 15 MIN     5
2021 01 30 18 48 MAX   360
2021 01 31 01 19 MIN    77
2021 01 31 06 43 MAX   284
2021 01 31 12 54 MIN     3
2021 01 31 19 24 MAX   360
2021 02 01 01 54 MIN    69
2021 02 01 07 24 MAX   288
2021 02 01 13 34 MIN     8
2021 02 01 20 01 MAX   352
2021 02 02 02 28 MIN    63
2021 02 02 08 08 MAX   289
2021 02 02 14 16 MIN    23
2021 02 02 20 39 MAX   336
2021 02 03 03 04 MIN    60
2021 02 03 08 55 MAX   287
2021 02 03 15 01 MIN    47
2021 02 03 21 19 MAX   313
2021 02 04 03 43 MIN    60
2021 02 04 09 49 MAX   281
2021 02 04 15 53 MIN    79
2021 02 04 22 03 MAX   286
2021 02 05 04 28 MIN    63
2021 02 05 10 55 MAX   274
2021 02 05 16 59 MIN   113
2021 02 05 22 55 MAX   257
2021 02 06 05 26 MIN    67
2021 02 06 12 16 MAX   273
2021 02 06 18 35 MIN   138
2021 02 07 00 02 MAX   233
2021 02 07 06 39 MIN    68
2021 02 07 13 47 MAX   283
2021 02 07 20 31 MIN   142
2021 02 08 01 28 MAX   221
2021 02 08 07 59 MIN    61
2021 02 08 15 07 MAX   304
2021 02 08 21 57 MIN   128
2021 02 09 02 50 MAX   225
2021 02 09 09 11 MIN    47
2021 02 09 16 09 MAX   326
2021 02 09 22 55 MIN   110
2021 02 10 03 54 MAX   239
2021 02 10 10 09 MIN    32
2021 02 10 16 58 MAX   343
2021 02 10 23 40 MIN    94
2021 02 11 04 47 MAX   256
2021 02 11 10 59 MIN    20
2021 02 11 17 40 MAX   352
2021 02 12 00 18 MIN    82
2021 02 12 05 31 MAX   271
2021 02 12 11 42 MIN    13
2021 02 12 18 16 MAX   353
2021 02 13 00 51 MIN    73
2021 02 13 06 11 MAX   281
2021 02 13 12 21 MIN    13
2021 02 13 18 50 MAX   348
2021 02 14 01 19 MIN    67
2021 02 14 06 48 MAX   287
2021 02 14 12 55 MIN    18
2021 02 14 19 20 MAX   338
2021 02 15 01 44 MIN    63
2021 02 15 07 23 MAX   289
2021 02 15 13 28 MIN    28
2021 02 15 19 48 MAX   325
2021 02 16 02 07 MIN    61
2021 02 16 07 57 MAX   287
2021 02 16 14 00 MIN    44
2021 02 16 20 15 MAX   308
2021 02 17 02 31 MIN    62
2021 02 17 08 32 MAX   282
2021 02 17 14 32 MIN    66
2021 02 17 20 42 MAX   289
2021 02 18 02 58 MIN    66
2021 02 18 09 10 MAX   272
2021 02 18 15 07 MIN    93
2021 02 18 21 10 MAX   268
2021 02 19 03 29 MIN    74
2021 02 19 09 55 MAX   260
2021 02 19 15 49 MIN   124
2021 02 19 21 39 MAX   245
2021 02 20 04 08 MIN    85
2021 02 20 10 54 MAX   247
2021 02 20 16 47 MIN   154
2021 02 20 22 16 MAX   222
2021 02 21 05 04 MIN    97
2021 02 21 12 22 MAX   241
2021 02 21 18 44 MIN   174
2021 02 21 23 25 MAX   202
2021 02 22 06 29 MIN   103
2021 02 22 14 08 MAX   253
2021 02 22 21 01 MIN   167
2021 02 23 01 28 MAX   197
2021 02 23 07 59 MIN    95
2021 02 23 15 18 MAX   277
2021 02 23 22 03 MIN   147
2021 02 24 02 53 MAX   212
2021 02 24 09 05 MIN    75
2021 02 24 16 04 MAX   302
2021 02 24 22 41 MIN   126
2021 02 25 03 47 MAX   234
2021 02 25 09 56 MIN    52
2021 02 25 16 40 MAX   325
2021 02 25 23 15 MIN   105
2021 02 26 04 30 MAX   258
2021 02 26 10 41 MIN    31
2021 02 26 17 15 MAX   344
2021 02 26 23 47 MIN    84
2021 02 27 05 10 MAX   280
2021 02 27 11 23 MIN    14
2021 02 27 17 49 MAX   357
2021 02 28 00 20 MIN    66
2021 02 28 05 50 MAX   300
2021 02 28 12 05 MIN     3
2021 02 28 18 24 MAX   363
2021 03 01 00 52 MIN    50
2021 03 01 06 30 MAX   315
2021 03 01 12 46 MIN     2
2021 03 01 18 59 MAX   360
2021 03 02 01 24 MIN    39
2021 03 02 07 11 MAX   325
2021 03 02 13 27 MIN    10
2021 03 02 19 35 MAX   348
2021 03 03 01 57 MIN    31
2021 03 03 07 54 MAX   328
2021 03 03 14 10 MIN    29
2021 03 03 20 11 MAX   328
2021 03 04 02 30 MIN    30
2021 03 04 08 41 MAX   324
2021 03 04 14 55 MIN    58
2021 03 04 20 49 MAX   302
2021 03 05 03 06 MIN    35
2021 03 05 09 32 MAX   312
2021 03 05 15 45 MIN    92
2021 03 05 21 29 MAX   272
2021 03 06 03 48 MIN    46
2021 03 06 10 34 MAX   296
2021 03 06 16 50 MIN   128
2021 03 06 22 18 MAX   240
2021 03 07 04 41 MIN    63
2021 03 07 11 55 MAX   282
2021 03 07 18 35 MIN   153
2021 03 07 23 28 MAX   212
2021 03 08 06 00 MIN    78
2021 03 08 13 37 MAX   282
2021 03 08 20 45 MIN   149
2021 03 09 01 17 MAX   201
2021 03 09 07 43 MIN    81
2021 03 09 15 03 MAX   298
2021 03 09 22 01 MIN   127
2021 03 10 02 53 MAX   215
2021 03 10 09 08 MIN    68
2021 03 10 16 02 MAX   316
2021 03 10 22 48 MIN   105
2021 03 11 03 56 MAX   240
2021 03 11 10 09 MIN    51
2021 03 11 16 45 MAX   330
2021 03 11 23 24 MIN    86
2021 03 12 04 42 MAX   265
2021 03 12 10 56 MIN    38
2021 03 12 17 21 MAX   336
2021 03 12 23 53 MIN    72
2021 03 13 05 21 MAX   286
2021 03 13 11 34 MIN    31
2021 03 13 17 51 MAX   337
2021 03 14 00 19 MIN    61
2021 03 14 05 56 MAX   302
2021 03 14 12 09 MIN    30
2021 03 14 18 19 MAX   333
2021 03 15 00 41 MIN    53
2021 03 15 06 28 MAX   312
2021 03 15 12 40 MIN    34
2021 03 15 18 46 MAX   325
2021 03 16 01 02 MIN    47
2021 03 16 07 00 MAX   317
2021 03 16 13 10 MIN    44
2021 03 16 19 11 MAX   314
2021 03 17 01 24 MIN    43
2021 03 17 07 31 MAX   317
2021 03 17 13 41 MIN    58
2021 03 17 19 37 MAX   301
2021 03 18 01 47 MIN    44
2021 03 18 08 03 MAX   313
2021 03 18 14 12 MIN    78
2021 03 18 20 02 MAX   284
2021 03 19 02 12 MIN    49
2021 03 19 08 37 MAX   303
2021 03 19 14 44 MIN   102
2021 03 19 20 27 MAX   265
2021 03 20 02 41 MIN    60
2021 03 20 09 16 MAX   289
2021 03 20 15 22 MIN   129
2021 03 20 20 52 MAX   245
2021 03 21 03 13 MIN    75
2021 03 21 10 04 MAX   272
2021 03 21 16 12 MIN   157
2021 03 21 21 24 MAX   223
2021 03 22 03 58 MIN    93
2021 03 22 11 17 MAX   258
2021 03 22 17 52 MIN   177
2021 03 22 22 19 MAX   202
2021 03 23 05 12 MIN   108
2021 03 23 13 05 MAX   259
2021 03 23 20 26 MIN   170
2021 03 24 00 39 MAX   192
2021 03 24 07 03 MIN   110
2021 03 24 14 32 MAX   278
2021 03 24 21 31 MIN   146
2021 03 25 02 26 MAX   211
2021 03 25 08 30 MIN    92
2021 03 25 15 25 MAX   302
2021 03 25 22 09 MIN   120
2021 03 26 03 25 MAX   241
2021 03 26 09 31 MIN    67
2021 03 26 16 05 MAX   325
2021 03 26 22 41 MIN    93
2021 03 27 04 10 MAX   274
2021 03 27 10 21 MIN    44
2021 03 27 16 42 MAX   343
2021 03 27 23 13 MIN    69
2021 03 28 04 52 MAX   305
2021 03 28 11 07 MIN    27
2021 03 28 17 18 MAX   354
2021 03 28 23 45 MIN    46
2021 03 29 05 32 MAX   332
2021 03 29 11 51 MIN    18
2021 03 29 17 54 MAX   355
2021 03 30 00 17 MIN    29
2021 03 30 06 13 MAX   353
2021 03 30 12 36 MIN    19
2021 03 30 18 30 MAX   349
2021 03 31 00 50 MIN    16
2021 03 31 06 56 MAX   364
2021 03 31 13 19 MIN    31
2021 03 31 19 07 MAX   334
2021 04 01 01 23 MIN    11
2021 04 01 07 40 MAX   366
2021 04 01 14 04 MIN    52
2021 04 01 19 44 MAX   313
2021 04 02 01 58 MIN    13
2021 04 02 08 27 MAX   357
2021 04 02 14 51 MIN    80
2021 04 02 20 23 MAX   287
2021 04 03 02 35 MIN    25
2021 04 03 09 18 MAX   338
2021 04 03 15 44 MIN   112
2021 04 03 21 05 MAX   257
2021 04 04 03 17 MIN    45
2021 04 04 10 20 MAX   315
2021 04 04 16 54 MIN   142
2021 04 04 21 56 MAX   228
2021 04 05 04 12 MIN    71
2021 04 05 11 41 MAX   293
2021 04 05 18 44 MIN   157
2021 04 05 23 18 MAX   204
2021 04 06 05 35 MIN    95
2021 04 06 13 20 MAX   287
2021 04 06 20 37 MIN   145
2021 04 07 01 18 MAX   202
2021 04 07 07 31 MIN   102
2021 04 07 14 42 MAX   296
2021 04 07 21 40 MIN   123
2021 04 08 02 49 MAX   225
2021 04 08 09 00 MIN    91
2021 04 08 15 37 MAX   307
2021 04 08 22 20 MIN   101
2021 04 09 03 46 MAX   255
2021 04 09 09 59 MIN    77
2021 04 09 16 17 MAX   316
2021 04 09 22 50 MIN    82
2021 04 10 04 28 MAX   283
2021 04 10 10 42 MIN    65
2021 04 10 16 49 MAX   320
2021 04 10 23 15 MIN    68
2021 04 11 05 03 MAX   307
2021 04 11 11 19 MIN    60
2021 04 11 17 17 MAX   319
2021 04 11 23 38 MIN    56
2021 04 12 05 35 MAX   324
2021 04 12 11 51 MIN    59
2021 04 12 17 44 MAX   316
2021 04 12 23 59 MIN    47
2021 04 13 06 06 MAX   336
2021 04 13 12 23 MIN    63
2021 04 13 18 10 MAX   310
2021 04 14 00 21 MIN    41
2021 04 14 06 37 MAX   342
2021 04 14 12 54 MIN    71
2021 04 14 18 37 MAX   302
2021 04 15 00 45 MIN    39
2021 04 15 07 07 MAX   342
2021 04 15 13 25 MIN    84
2021 04 15 19 03 MAX   291
2021 04 16 01 10 MIN    42
2021 04 16 07 38 MAX   338
2021 04 16 13 56 MIN   100
2021 04 16 19 29 MAX   278
2021 04 17 01 37 MIN    48
2021 04 17 08 11 MAX   328
2021 04 17 14 30 MIN   119
2021 04 17 19 56 MAX   263
2021 04 18 02 06 MIN    59
2021 04 18 08 48 MAX   315
2021 04 18 15 08 MIN   139
2021 04 18 20 25 MAX   246
2021 04 19 02 39 MIN    74
2021 04 19 09 34 MAX   300
2021 04 19 16 00 MIN   159
2021 04 19 21 03 MAX   228
2021 04 20 03 22 MIN    92
2021 04 20 10 38 MAX   285
2021 04 20 17 25 MIN   171
2021 04 20 22 07 MAX   210
2021 04 21 04 29 MIN   110
2021 04 21 12 06 MAX   280
2021 04 21 19 23 MIN   165
2021 04 22 00 08 MAX   204
2021 04 22 06 11 MIN   119
2021 04 22 13 32 MAX   289
2021 04 22 20 36 MIN   142
2021 04 23 01 50 MAX   225
2021 04 23 07 50 MIN   108
2021 04 23 14 34 MAX   306
2021 04 23 21 20 MIN   115
2021 04 24 02 55 MAX   260
2021 04 24 09 01 MIN    88
2021 04 24 15 22 MAX   323
2021 04 24 21 56 MIN    86
2021 04 25 03 44 MAX   299
2021 04 25 09 58 MIN    68
2021 04 25 16 03 MAX   336
2021 04 25 22 30 MIN    60
2021 04 26 04 28 MAX   336
2021 04 26 10 48 MIN    54
2021 04 26 16 43 MAX   342
2021 04 26 23 04 MIN    37
2021 04 27 05 11 MAX   366
2021 04 27 11 37 MIN    48
2021 04 27 17 22 MAX   340
2021 04 27 23 39 MIN    19
2021 04 28 05 55 MAX   387
2021 04 28 12 25 MIN    52
2021 04 28 18 01 MAX   331
2021 04 29 00 15 MIN     9
2021 04 29 06 40 MAX   396
2021 04 29 13 12 MIN    63
2021 04 29 18 41 MAX   317
2021 04 30 00 53 MIN     7
2021 04 30 07 26 MAX   393
2021 04 30 14 00 MIN    82
2021 04 30 19 22 MAX   298
2021 05 01 01 32 MIN    15
2021 05 01 08 15 MAX   380
2021 05 01 14 50 MIN   105
2021 05 01 20 05 MAX   276
2021 05 02 02 13 MIN    32
2021 05 02 09 08 MAX   358
2021 05 02 15 46 MIN   128
2021 05 02 20 52 MAX   252
2021 05 03 02 59 MIN    56
2021 05 03 10 08 MAX   332
2021 05 03 16 56 MIN   147
2021 05 03 21 51 MAX   229
2021 05 04 03 54 MIN    85
2021 05 04 11 22 MAX   308
2021 05 04 18 28 MIN   153
2021 05 04 23 16 MAX   215
2021 05 05 05 15 MIN   112
2021 05 05 12 45 MAX   295
2021 05 05 19 56 MIN   143
2021 05 06 01 01 MAX   219
2021 05 06 07 04 MIN   124
2021 05 06 13 59 MAX   293
2021 05 06 20 55 MIN   125
2021 05 07 02 25 MAX   242
2021 05 07 08 33 MIN   119
2021 05 07 14 54 MAX   296
2021 05 07 21 34 MIN   106
2021 05 08 03 21 MAX   272
2021 05 08 09 34 MIN   110
2021 05 08 15 36 MAX   300
2021 05 08 22 05 MIN    89
2021 05 09 04 03 MAX   300
2021 05 09 10 20 MIN   102
2021 05 09 16 10 MAX   302
2021 05 09 22 30 MIN    74
2021 05 10 04 39 MAX   324
2021 05 10 10 58 MIN    97
2021 05 10 16 40 MAX   302
2021 05 10 22 54 MIN    63
2021 05 11 05 12 MAX   342
2021 05 11 11 33 MIN    97
2021 05 11 17 09 MAX   301
2021 05 11 23 19 MIN    54
2021 05 12 05 44 MAX   353
2021 05 12 12 06 MIN   100
2021 05 12 17 37 MAX   298
2021 05 12 23 45 MIN    50
2021 05 13 06 15 MAX   359
2021 05 13 12 38 MIN   106
2021 05 13 18 06 MAX   292
2021 05 14 00 13 MIN    49
2021 05 14 06 46 MAX   359
2021 05 14 13 12 MIN   114
2021 05 14 18 36 MAX   285
2021 05 15 00 42 MIN    52
2021 05 15 07 19 MAX   355
2021 05 15 13 46 MIN   124
2021 05 15 19 05 MAX   276
2021 05 16 01 12 MIN    58
2021 05 16 07 53 MAX   349
2021 05 16 14 22 MIN   135
2021 05 16 19 37 MAX   266
2021 05 17 01 44 MIN    67
2021 05 17 08 32 MAX   339
2021 05 17 15 03 MIN   147
2021 05 17 20 14 MAX   254
2021 05 18 02 21 MIN    79
2021 05 18 09 17 MAX   328
2021 05 18 15 53 MIN   156
2021 05 18 21 01 MAX   240
2021 05 19 03 06 MIN    94
2021 05 19 10 13 MAX   316
2021 05 19 17 01 MIN   161
2021 05 19 22 09 MAX   230
2021 05 20 04 08 MIN   112
2021 05 20 11 22 MAX   307
2021 05 20 18 21 MIN   154
2021 05 20 23 41 MAX   231
2021 05 21 05 33 MIN   124
2021 05 21 12 35 MAX   306
2021 05 21 19 30 MIN   136
2021 05 22 01 10 MAX   252
2021 05 22 07 08 MIN   125
2021 05 22 13 40 MAX   311
2021 05 22 20 22 MIN   112
2021 05 23 02 19 MAX   286
2021 05 23 08 29 MIN   114
2021 05 23 14 35 MAX   317
2021 05 23 21 06 MIN    85
2021 05 24 03 15 MAX   326
2021 05 24 09 34 MIN   102
2021 05 24 15 23 MAX   323
2021 05 24 21 46 MIN    59
2021 05 25 04 05 MAX   362
2021 05 25 10 32 MIN    92
2021 05 25 16 08 MAX   324
2021 05 25 22 25 MIN    38
2021 05 26 04 52 MAX   391
2021 05 26 11 25 MIN    88
2021 05 26 16 52 MAX   321
2021 05 26 23 06 MIN    23
2021 05 27 05 40 MAX   408
2021 05 27 12 16 MIN    90
2021 05 27 17 36 MAX   315
2021 05 27 23 47 MIN    16
2021 05 28 06 28 MAX   414
2021 05 28 13 07 MIN    98
2021 05 28 18 21 MAX   305
2021 05 29 00 30 MIN    18
2021 05 29 07 17 MAX   408
2021 05 29 13 57 MIN   109
2021 05 29 19 07 MAX   292
2021 05 30 01 14 MIN    28
2021 05 30 08 07 MAX   393
2021 05 30 14 48 MIN   122
2021 05 30 19 55 MAX   277
2021 05 31 02 00 MIN    46
2021 05 31 08 58 MAX   372
2021 05 31 15 42 MIN   135
2021 05 31 20 47 MAX   262
2021 06 01 02 47 MIN    70
2021 06 01 09 52 MAX   348
2021 06 01 16 40 MIN   144
2021 06 01 21 45 MAX   248
2021 06 02 03 41 MIN    97
2021 06 02 10 50 MAX   324
2021 06 02 17 45 MIN   147
2021 06 02 22 57 MAX   239
2021 06 03 04 47 MIN   124
2021 06 03 11 52 MAX   304
2021 06 03 18 51 MIN   143
2021 06 04 00 21 MAX   243
2021 06 04 06 14 MIN   144
2021 06 04 12 56 MAX   291
2021 06 04 19 48 MIN   132
2021 06 05 01 41 MAX   259
2021 06 05 07 45 MIN   150
2021 06 05 13 55 MAX   285
2021 06 05 20 34 MIN   118
2021 06 06 02 45 MAX   284
2021 06 06 08 58 MIN   148
2021 06 06 14 44 MAX   284
2021 06 06 21 11 MIN   103
2021 06 07 03 34 MAX   310
2021 06 07 09 52 MIN   143
2021 06 07 15 25 MAX   285
2021 06 07 21 43 MIN    89
2021 06 08 04 14 MAX   333
2021 06 08 10 36 MIN   138
2021 06 08 16 02 MAX   287
2021 06 08 22 14 MIN    78
2021 06 09 04 51 MAX   350
2021 06 09 11 15 MIN   136
2021 06 09 16 37 MAX   289
2021 06 09 22 46 MIN    69
2021 06 10 05 25 MAX   361
2021 06 10 11 51 MIN   135
2021 06 10 17 10 MAX   290
2021 06 10 23 18 MIN    65
2021 06 11 05 58 MAX   368
2021 06 11 12 27 MIN   136
2021 06 11 17 44 MAX   289
2021 06 11 23 50 MIN    63
2021 06 12 06 31 MAX   370
2021 06 12 13 02 MIN   138
2021 06 12 18 17 MAX   287
2021 06 13 00 23 MIN    63
2021 06 13 07 05 MAX   370
2021 06 13 13 38 MIN   140
2021 06 13 18 51 MAX   283
2021 06 14 00 57 MIN    66
2021 06 14 07 41 MAX   367
2021 06 14 14 16 MIN   143
2021 06 14 19 29 MAX   278
2021 06 15 01 33 MIN    71
2021 06 15 08 20 MAX   363
2021 06 15 14 56 MIN   145
2021 06 15 20 10 MAX   271
2021 06 16 02 12 MIN    80
2021 06 16 09 02 MAX   355
2021 06 16 15 40 MIN   146
2021 06 16 20 59 MAX   265
2021 06 17 02 58 MIN    94
2021 06 17 09 49 MAX   344
2021 06 17 16 30 MIN   145
2021 06 17 22 00 MAX   262
2021 06 18 03 53 MIN   112
2021 06 18 10 43 MAX   331
2021 06 18 17 27 MIN   139
2021 06 18 23 13 MAX   266
2021 06 19 05 05 MIN   130
2021 06 19 11 44 MAX   319
2021 06 19 18 27 MIN   127
2021 06 20 00 32 MAX   283
2021 06 20 06 31 MIN   142
2021 06 20 12 47 MAX   310
2021 06 20 19 25 MIN   109
2021 06 21 01 46 MAX   311
2021 06 21 07 59 MIN   144
2021 06 21 13 48 MAX   306
2021 06 21 20 17 MIN    88
2021 06 22 02 50 MAX   344
2021 06 22 09 16 MIN   139
2021 06 22 14 46 MAX   304
2021 06 22 21 07 MIN    66
2021 06 23 03 47 MAX   376
2021 06 23 10 21 MIN   131
2021 06 23 15 39 MAX   305
2021 06 23 21 55 MIN    49
2021 06 24 04 40 MAX   400
2021 06 24 11 19 MIN   125
2021 06 24 16 30 MAX   305
2021 06 24 22 43 MIN    37
2021 06 25 05 30 MAX   414
2021 06 25 12 13 MIN   122
2021 06 25 17 20 MAX   304
2021 06 25 23 31 MIN    32
2021 06 26 06 20 MAX   418
2021 06 26 13 04 MIN   121
2021 06 26 18 09 MAX   302
2021 06 27 00 18 MIN    34
2021 06 27 07 08 MAX   412
2021 06 27 13 52 MIN   123
2021 06 27 18 58 MAX   297
2021 06 28 01 05 MIN    43
2021 06 28 07 55 MAX   399
2021 06 28 14 38 MIN   126
2021 06 28 19 47 MAX   291
2021 06 29 01 50 MIN    58
2021 06 29 08 40 MAX   381
2021 06 29 15 21 MIN   130
2021 06 29 20 35 MAX   284
2021 06 30 02 35 MIN    79
2021 06 30 09 23 MAX   359
2021 06 30 16 03 MIN   134
2021 06 30 21 26 MAX   275
2021 07 01 03 20 MIN   104
2021 07 01 10 06 MAX   335
2021 07 01 16 47 MIN   137
2021 07 01 22 23 MAX   269
2021 07 02 04 11 MIN   131
2021 07 02 10 51 MAX   312
2021 07 02 17 34 MIN   138
2021 07 02 23 29 MAX   267
2021 07 03 05 16 MIN   158
2021 07 03 11 41 MAX   291
2021 07 03 18 26 MIN   135
2021 07 04 00 46 MAX   273
2021 07 04 06 40 MIN   177
2021 07 04 12 40 MAX   276
2021 07 04 19 21 MIN   129
2021 07 05 02 01 MAX   290
2021 07 05 08 13 MIN   183
2021 07 05 13 42 MAX   268
2021 07 05 20 13 MIN   118
2021 07 06 03 04 MAX   311
2021 07 06 09 26 MIN   179
2021 07 06 14 39 MAX   268
2021 07 06 21 00 MIN   107
2021 07 07 03 53 MAX   333
2021 07 07 10 20 MIN   172
2021 07 07 15 28 MAX   273
2021 07 07 21 42 MIN    95
2021 07 08 04 34 MAX   350
2021 07 08 11 03 MIN   165
2021 07 08 16 11 MAX   279
2021 07 08 22 21 MIN    84
2021 07 09 05 11 MAX   364
2021 07 09 11 41 MIN   158
2021 07 09 16 50 MAX   286
2021 07 09 22 58 MIN    76
2021 07 10 05 45 MAX   373
2021 07 10 12 17 MIN   152
2021 07 10 17 27 MAX   292
2021 07 10 23 35 MIN    70
2021 07 11 06 19 MAX   380
2021 07 11 12 52 MIN   146
2021 07 11 18 04 MAX   296
2021 07 12 00 11 MIN    66
2021 07 12 06 52 MAX   384
2021 07 12 13 27 MIN   140
2021 07 12 18 41 MAX   298
2021 07 13 00 48 MIN    65
2021 07 13 07 27 MAX   385
2021 07 13 14 02 MIN   135
2021 07 13 19 20 MAX   299
2021 07 14 01 25 MIN    68
2021 07 14 08 03 MAX   383
2021 07 14 14 38 MIN   130
2021 07 14 20 02 MAX   298
2021 07 15 02 05 MIN    76
2021 07 15 08 41 MAX   374
2021 07 15 15 15 MIN   126
2021 07 15 20 49 MAX   297
2021 07 16 02 49 MIN    91
2021 07 16 09 22 MAX   361
2021 07 16 15 54 MIN   123
2021 07 16 21 43 MAX   297
2021 07 17 03 39 MIN   113
2021 07 17 10 07 MAX   342
2021 07 17 16 39 MIN   119
2021 07 17 22 46 MAX   299
2021 07 18 04 41 MIN   139
2021 07 18 10 58 MAX   320
2021 07 18 17 32 MIN   114
2021 07 19 00 00 MAX   308
2021 07 19 00 00 MAX   308
2021 07 19 06 03 MIN   162
2021 07 19 11 58 MAX   300
2021 07 19 18 33 MIN   106
2021 07 20 01 19 MAX   325
2021 07 20 07 41 MIN   173
2021 07 20 13 07 MAX   286
2021 07 20 19 38 MIN    94
2021 07 21 02 34 MAX   350
2021 07 21 09 11 MIN   169
2021 07 21 14 18 MAX   282
2021 07 21 20 40 MIN    78
2021 07 22 03 39 MAX   376
2021 07 22 10 23 MIN   157
2021 07 22 15 23 MAX   285
2021 07 22 21 39 MIN    64
2021 07 23 04 35 MAX   396
2021 07 23 11 20 MIN   144
2021 07 23 16 22 MAX   293
2021 07 23 22 34 MIN    52
2021 07 24 05 26 MAX   409
2021 07 24 12 10 MIN   133
2021 07 24 17 14 MAX   302
2021 07 24 23 25 MIN    45
2021 07 25 06 12 MAX   413
2021 07 25 12 55 MIN   124
2021 07 25 18 03 MAX   309
2021 07 26 00 13 MIN    45
2021 07 26 06 55 MAX   408
2021 07 26 13 35 MIN   119
2021 07 26 18 49 MAX   313
2021 07 27 00 56 MIN    52
2021 07 27 07 34 MAX   397
2021 07 27 14 11 MIN   116
2021 07 27 19 32 MAX   313
2021 07 28 01 37 MIN    64
2021 07 28 08 10 MAX   380
2021 07 28 14 44 MIN   115
2021 07 28 20 14 MAX   310
2021 07 29 02 16 MIN    83
2021 07 29 08 44 MAX   360
2021 07 29 15 14 MIN   116
2021 07 29 20 57 MAX   304
2021 07 30 02 53 MIN   107
2021 07 30 09 17 MAX   337
2021 07 30 15 44 MIN   119
2021 07 30 21 43 MAX   296
2021 07 31 03 34 MIN   135
2021 07 31 09 50 MAX   313
2021 07 31 16 19 MIN   124
2021 07 31 22 37 MAX   288
2021 08 01 04 23 MIN   165
2021 08 01 10 27 MAX   289
2021 08 01 17 03 MIN   130
2021 08 01 23 44 MAX   284
2021 08 02 05 35 MIN   192
2021 08 02 11 16 MAX   267
2021 08 02 18 01 MIN   134
2021 08 03 01 10 MAX   288
2021 08 03 07 26 MIN   207
2021 08 03 12 27 MAX   252
2021 08 03 19 12 MIN   132
2021 08 04 02 34 MAX   304
2021 08 04 09 10 MIN   202
2021 08 04 13 53 MAX   249
2021 08 04 20 20 MIN   123
2021 08 05 03 35 MAX   326
2021 08 05 10 11 MIN   189
2021 08 05 15 02 MAX   257
2021 08 05 21 15 MIN   109
2021 08 06 04 19 MAX   346
2021 08 06 10 53 MIN   175
2021 08 06 15 53 MAX   271
2021 08 06 22 01 MIN    94
2021 08 07 04 54 MAX   363
2021 08 07 11 27 MIN   161
2021 08 07 16 35 MAX   286
2021 08 07 22 43 MIN    79
2021 08 08 05 27 MAX   376
2021 08 08 12 00 MIN   147
2021 08 08 17 13 MAX   300
2021 08 08 23 22 MIN    67
2021 08 09 05 59 MAX   387
2021 08 09 12 32 MIN   133
2021 08 09 17 50 MAX   311
2021 08 10 00 00 MIN    59
2021 08 10 00 00 MIN    59
2021 08 10 06 31 MAX   393
2021 08 10 13 04 MIN   121
2021 08 10 18 28 MAX   320
2021 08 11 00 37 MIN    56
2021 08 11 07 05 MAX   394
2021 08 11 13 36 MIN   111
2021 08 11 19 07 MAX   326
2021 08 12 01 16 MIN    60
2021 08 12 07 39 MAX   389
2021 08 12 14 08 MIN   102
2021 08 12 19 48 MAX   330
2021 08 13 01 56 MIN    71
2021 08 13 08 14 MAX   377
2021 08 13 14 40 MIN    97
2021 08 13 20 33 MAX   331
2021 08 14 02 39 MIN    91
2021 08 14 08 51 MAX   358
2021 08 14 15 15 MIN    95
2021 08 14 21 23 MAX   329
2021 08 15 03 27 MIN   118
2021 08 15 09 31 MAX   333
2021 08 15 15 55 MIN    96
2021 08 15 22 22 MAX   324
2021 08 16 04 26 MIN   150
2021 08 16 10 18 MAX   305
2021 08 16 16 45 MIN   100
2021 08 16 23 35 MAX   321
2021 08 17 05 49 MIN   178
2021 08 17 11 18 MAX   278
2021 08 17 17 51 MIN   104
2021 08 18 01 03 MAX   327
2021 08 18 07 44 MIN   189
2021 08 18 12 39 MAX   260
2021 08 18 19 12 MIN   102
2021 08 19 02 30 MAX   344
2021 08 19 09 24 MIN   177
2021 08 19 14 10 MAX   258
2021 08 19 20 31 MIN    92
2021 08 20 03 39 MAX   366
2021 08 20 10 29 MIN   157
2021 08 20 15 24 MAX   272
2021 08 20 21 39 MIN    76
2021 08 21 04 32 MAX   384
2021 08 21 11 18 MIN   137
2021 08 21 16 22 MAX   291
2021 08 21 22 35 MIN    62
2021 08 22 05 17 MAX   395
2021 08 22 11 58 MIN   120
2021 08 22 17 11 MAX   309
2021 08 22 23 23 MIN    53
2021 08 23 05 56 MAX   397
2021 08 23 12 33 MIN   108
2021 08 23 17 54 MAX   323
2021 08 24 00 06 MIN    52
2021 08 24 06 31 MAX   392
2021 08 24 13 04 MIN   100
2021 08 24 18 33 MAX   332
2021 08 25 00 44 MIN    57
2021 08 25 07 04 MAX   381
2021 08 25 13 31 MIN    95
2021 08 25 19 11 MAX   335
2021 08 26 01 19 MIN    69
2021 08 26 07 33 MAX   366
2021 08 26 13 56 MIN    92
2021 08 26 19 47 MAX   334
2021 08 27 01 53 MIN    86
2021 08 27 08 02 MAX   347
2021 08 27 14 20 MIN    92
2021 08 27 20 24 MAX   329
2021 08 28 02 26 MIN   108
2021 08 28 08 29 MAX   326
2021 08 28 14 46 MIN    96
2021 08 28 21 02 MAX   319
2021 08 29 03 02 MIN   135
2021 08 29 08 56 MAX   304
2021 08 29 15 15 MIN   104
2021 08 29 21 47 MAX   306
2021 08 30 03 44 MIN   165
2021 08 30 09 25 MAX   280
2021 08 30 15 51 MIN   116
2021 08 30 22 44 MAX   292
2021 08 31 04 43 MIN   195
2021 08 31 09 59 MAX   256
2021 08 31 16 43 MIN   130
2021 09 01 00 10 MAX   284
2021 09 01 06 40 MIN   213
2021 09 01 11 01 MAX   235
2021 09 01 18 05 MIN   140
2021 09 02 01 58 MAX   293
2021 09 02 09 02 MIN   205
2021 09 02 13 13 MAX   228
2021 09 02 19 39 MIN   135
2021 09 03 03 09 MAX   313
2021 09 03 09 58 MIN   185
2021 09 03 14 44 MAX   242
2021 09 03 20 50 MIN   118
2021 09 04 03 53 MAX   335
2021 09 04 10 31 MIN   164
2021 09 04 15 37 MAX   265
2021 09 04 21 42 MIN    97
2021 09 05 04 28 MAX   355
2021 09 05 11 02 MIN   143
2021 09 05 16 19 MAX   289
2021 09 05 22 25 MIN    77
2021 09 06 04 59 MAX   371
2021 09 06 11 30 MIN   123
2021 09 06 16 56 MAX   311
2021 09 06 23 06 MIN    61
2021 09 07 05 31 MAX   383
2021 09 07 12 00 MIN   105
2021 09 07 17 33 MAX   330
2021 09 07 23 45 MIN    52
2021 09 08 06 03 MAX   388
2021 09 08 12 30 MIN    89
2021 09 08 18 10 MAX   346
2021 09 09 00 25 MIN    49
2021 09 09 06 36 MAX   386
2021 09 09 13 00 MIN    76
2021 09 09 18 49 MAX   357
2021 09 10 01 06 MIN    55
2021 09 10 07 09 MAX   376
2021 09 10 13 31 MIN    67
2021 09 10 19 30 MAX   363
2021 09 11 01 47 MIN    71
2021 09 11 07 44 MAX   359
2021 09 11 14 03 MIN    63
2021 09 11 20 14 MAX   361
2021 09 12 02 31 MIN    94
2021 09 12 08 21 MAX   336
2021 09 12 14 37 MIN    65
2021 09 12 21 04 MAX   352
2021 09 13 03 19 MIN   125
2021 09 13 09 00 MAX   307
2021 09 13 15 17 MIN    74
2021 09 13 22 02 MAX   338
2021 09 14 04 21 MIN   158
2021 09 14 09 46 MAX   277
2021 09 14 16 07 MIN    89
2021 09 14 23 18 MAX   323
2021 09 15 05 56 MIN   183
2021 09 15 10 51 MAX   248
2021 09 15 17 20 MIN   105
2021 09 16 00 56 MAX   319
2021 09 16 08 04 MIN   182
2021 09 16 12 36 MAX   233
2021 09 16 19 01 MIN   111
2021 09 17 02 28 MAX   331
2021 09 17 09 29 MIN   160
2021 09 17 14 19 MAX   244
2021 09 17 20 34 MIN   100
2021 09 18 03 32 MAX   349
2021 09 18 10 20 MIN   135
2021 09 18 15 29 MAX   270
2021 09 18 21 42 MIN    82
2021 09 19 04 19 MAX   363
2021 09 19 10 58 MIN   114
2021 09 19 16 20 MAX   297
2021 09 19 22 34 MIN    68
2021 09 20 04 57 MAX   369
2021 09 20 11 30 MIN    96
2021 09 20 17 01 MAX   321
2021 09 20 23 16 MIN    60
2021 09 21 05 30 MAX   369
2021 09 21 11 58 MIN    83
2021 09 21 17 38 MAX   338
2021 09 21 23 54 MIN    59
2021 09 22 06 00 MAX   363
2021 09 22 12 22 MIN    75
2021 09 22 18 13 MAX   348
2021 09 23 00 28 MIN    64
2021 09 23 06 28 MAX   352
2021 09 23 12 45 MIN    69
2021 09 23 18 46 MAX   353
2021 09 24 01 00 MIN    75
2021 09 24 06 55 MAX   339
2021 09 24 13 07 MIN    66
2021 09 24 19 18 MAX   352
2021 09 25 01 31 MIN    90
2021 09 25 07 21 MAX   323
2021 09 25 13 30 MIN    68
2021 09 25 19 51 MAX   345
2021 09 26 02 03 MIN   110
2021 09 26 07 46 MAX   304
2021 09 26 13 56 MIN    74
2021 09 26 20 26 MAX   334
2021 09 27 02 37 MIN   134
2021 09 27 08 12 MAX   285
2021 09 27 14 24 MIN    85
2021 09 27 21 05 MAX   318
2021 09 28 03 15 MIN   160
2021 09 28 08 38 MAX   263
2021 09 28 14 57 MIN   100
2021 09 28 21 54 MAX   299
2021 09 29 04 09 MIN   186
2021 09 29 09 07 MAX   242
2021 09 29 15 40 MIN   119
2021 09 29 23 08 MAX   283
2021 09 30 05 56 MIN   202
2021 09 30 10 02 MAX   220
2021 09 30 16 56 MIN   137
2021 10 01 00 58 MAX   281
2021 10 01 08 29 MIN   192
2021 10 01 12 36 MAX   212
2021 10 01 18 51 MIN   139
2021 10 02 02 23 MAX   297
2021 10 02 09 22 MIN   168
2021 10 02 14 19 MAX   231
2021 10 02 20 19 MIN   123
2021 10 03 03 12 MAX   319
2021 10 03 09 54 MIN   143
2021 10 03 15 14 MAX   261
2021 10 03 21 17 MIN    99
2021 10 04 03 49 MAX   339
2021 10 04 10 23 MIN   117
2021 10 04 15 56 MAX   293
2021 10 04 22 04 MIN    77
2021 10 05 04 23 MAX   354
2021 10 05 10 51 MIN    93
2021 10 05 16 34 MAX   324
2021 10 05 22 47 MIN    60
2021 10 06 04 56 MAX   364
2021 10 06 11 20 MIN    71
2021 10 06 17 11 MAX   350
2021 10 06 23 29 MIN    50
2021 10 07 05 29 MAX   366
2021 10 07 11 50 MIN    53
2021 10 07 17 50 MAX   371
2021 10 08 00 12 MIN    50
2021 10 08 06 04 MAX   361
2021 10 08 12 21 MIN    39
2021 10 08 18 30 MAX   384
2021 10 09 00 54 MIN    58
2021 10 09 06 39 MAX   348
2021 10 09 12 53 MIN    32
2021 10 09 19 12 MAX   387
2021 10 10 01 39 MIN    75
2021 10 10 07 16 MAX   328
2021 10 10 13 28 MIN    32
2021 10 10 19 58 MAX   380
2021 10 11 02 26 MIN   100
2021 10 11 07 55 MAX   304
2021 10 11 14 06 MIN    41
2021 10 11 20 49 MAX   363
2021 10 12 03 19 MIN   128
2021 10 12 08 37 MAX   276
2021 10 12 14 48 MIN    58
2021 10 12 21 49 MAX   340
2021 10 13 04 27 MIN   155
2021 10 13 09 29 MAX   248
2021 10 13 15 42 MIN    82
2021 10 13 23 07 MAX   318
2021 10 14 06 09 MIN   169
2021 10 14 10 48 MAX   223
2021 10 14 17 02 MIN   106
2021 10 15 00 44 MAX   308
2021 10 15 08 01 MIN   159
2021 10 15 12 44 MAX   219
2021 10 15 18 57 MIN   115
2021 10 16 02 10 MAX   313
2021 10 16 09 09 MIN   135
2021 10 16 14 21 MAX   241
2021 10 16 20 32 MIN   105
2021 10 17 03 09 MAX   323
2021 10 17 09 52 MIN   111
2021 10 17 15 22 MAX   272
2021 10 17 21 36 MIN    89
2021 10 18 03 52 MAX   330
2021 10 18 10 26 MIN    90
2021 10 18 16 07 MAX   302
2021 10 18 22 24 MIN    77
2021 10 19 04 27 MAX   333
2021 10 19 10 53 MIN    73
2021 10 19 16 44 MAX   327
2021 10 19 23 03 MIN    71
2021 10 20 04 57 MAX   331
2021 10 20 11 17 MIN    61
2021 10 20 17 18 MAX   345
2021 10 20 23 37 MIN    71
2021 10 21 05 25 MAX   326
2021 10 21 11 39 MIN    53
2021 10 21 17 50 MAX   356
2021 10 22 00 10 MIN    76
2021 10 22 05 53 MAX   317
2021 10 22 12 02 MIN    48
2021 10 22 18 21 MAX   360
2021 10 23 00 41 MIN    85
2021 10 23 06 20 MAX   307
2021 10 23 12 25 MIN    47
2021 10 23 18 52 MAX   358
2021 10 24 01 12 MIN    97
2021 10 24 06 46 MAX   294
2021 10 24 12 51 MIN    49
2021 10 24 19 23 MAX   351
2021 10 25 01 44 MIN   113
2021 10 25 07 13 MAX   280
2021 10 25 13 18 MIN    57
2021 10 25 19 57 MAX   339
2021 10 26 02 18 MIN   131
2021 10 26 07 40 MAX   264
2021 10 26 13 48 MIN    68
2021 10 26 20 34 MAX   323
2021 10 27 02 57 MIN   150
2021 10 27 08 09 MAX   247
2021 10 27 14 21 MIN    84
2021 10 27 21 19 MAX   304
2021 10 28 03 50 MIN   168
2021 10 28 08 45 MAX   229
2021 10 28 15 03 MIN   103
2021 10 28 22 21 MAX   287
2021 10 29 05 15 MIN   178
2021 10 29 09 49 MAX   211
2021 10 29 16 07 MIN   122
2021 10 29 23 48 MAX   279
2021 10 30 07 12 MIN   171
2021 10 30 11 54 MAX   205
2021 10 30 17 52 MIN   132
2021 10 31 01 15 MAX   285
2021 10 31 08 21 MIN   148
2021 10 31 13 38 MAX   225
2021 10 31 19 34 MIN   123
2021 11 01 02 16 MAX   299
2021 11 01 09 02 MIN   121
2021 11 01 14 40 MAX   259
2021 11 01 20 44 MIN   103
2021 11 02 03 02 MAX   315
2021 11 02 09 35 MIN    93
2021 11 02 15 26 MAX   297
2021 11 02 21 39 MIN    83
2021 11 03 03 41 MAX   327
2021 11 03 10 06 MIN    66
2021 11 03 16 08 MAX   333
2021 11 03 22 27 MIN    67
2021 11 04 04 19 MAX   333
2021 11 04 10 38 MIN    42
2021 11 04 16 48 MAX   364
2021 11 04 23 13 MIN    59
2021 11 05 04 56 MAX   333
2021 11 05 11 11 MIN    23
2021 11 05 17 30 MAX   387
2021 11 05 23 59 MIN    60
2021 11 06 05 34 MAX   327
2021 11 06 11 46 MIN    11
2021 11 06 18 13 MAX   398
2021 11 07 00 46 MIN    68
2021 11 07 06 13 MAX   315
2021 11 07 12 23 MIN     6
2021 11 07 18 59 MAX   397
2021 11 08 01 33 MIN    83
2021 11 08 06 54 MAX   298
2021 11 08 13 03 MIN    11
2021 11 08 19 47 MAX   385
2021 11 09 02 24 MIN   102
2021 11 09 07 38 MAX   277
2021 11 09 13 46 MIN    24
2021 11 09 20 40 MAX   364
2021 11 10 03 21 MIN   123
2021 11 10 08 26 MAX   254
2021 11 10 14 33 MIN    46
2021 11 10 21 40 MAX   338
2021 11 11 04 29 MIN   139
2021 11 11 09 25 MAX   232
2021 11 11 15 29 MIN    73
2021 11 11 22 51 MAX   313
2021 11 12 05 55 MIN   145
2021 11 12 10 46 MAX   216
2021 11 12 16 47 MIN   101
2021 11 13 00 13 MAX   296
2021 11 13 07 22 MIN   135
2021 11 13 12 29 MAX   217
2021 11 13 18 35 MIN   115
2021 11 14 01 29 MAX   290
2021 11 14 08 26 MIN   116
2021 11 14 13 58 MAX   239
2021 11 14 20 09 MIN   113
2021 11 15 02 29 MAX   290
2021 11 15 09 10 MIN    95
2021 11 15 15 00 MAX   269
2021 11 15 21 15 MIN   103
2021 11 16 03 14 MAX   292
2021 11 16 09 43 MIN    77
2021 11 16 15 45 MAX   298
2021 11 16 22 04 MIN    95
2021 11 17 03 50 MAX   292
2021 11 17 10 11 MIN    61
2021 11 17 16 23 MAX   322
2021 11 17 22 45 MIN    90
2021 11 18 04 22 MAX   291
2021 11 18 10 37 MIN    49
2021 11 18 16 57 MAX   339
2021 11 18 23 21 MIN    89
2021 11 19 04 52 MAX   289
2021 11 19 11 02 MIN    41
2021 11 19 17 29 MAX   350
2021 11 19 23 53 MIN    92
2021 11 20 05 22 MAX   285
2021 11 20 11 28 MIN    36
2021 11 20 18 01 MAX   354
2021 11 21 00 26 MIN    98
2021 11 21 05 51 MAX   279
2021 11 21 11 56 MIN    36
2021 11 21 18 33 MAX   352
2021 11 22 00 59 MIN   105
2021 11 22 06 21 MAX   272
2021 11 22 12 25 MIN    38
2021 11 22 19 05 MAX   347
2021 11 23 01 32 MIN   114
2021 11 23 06 51 MAX   263
2021 11 23 12 55 MIN    44
2021 11 23 19 39 MAX   337
2021 11 24 02 07 MIN   124
2021 11 24 07 22 MAX   252
2021 11 24 13 28 MIN    53
2021 11 24 20 16 MAX   326
2021 11 25 02 46 MIN   135
2021 11 25 07 57 MAX   240
2021 11 25 14 03 MIN    66
2021 11 25 20 58 MAX   312
2021 11 26 03 33 MIN   143
2021 11 26 08 40 MAX   227
2021 11 26 14 45 MIN    81
2021 11 26 21 49 MAX   298
2021 11 27 04 34 MIN   148
2021 11 27 09 42 MAX   215
2021 11 27 15 40 MIN    99
2021 11 27 22 52 MAX   286
2021 11 28 05 51 MIN   143
2021 11 28 11 10 MAX   212
2021 11 28 17 00 MIN   115
2021 11 29 00 04 MAX   281
2021 11 29 07 03 MIN   127
2021 11 29 12 43 MAX   227
2021 11 29 18 38 MIN   120
2021 11 30 01 11 MAX   282
2021 11 30 07 58 MIN   104
2021 11 30 13 56 MAX   259
2021 11 30 20 03 MIN   112
2021 12 01 02 08 MAX   288
2021 12 01 08 41 MIN    77
2021 12 01 14 53 MAX   297
2021 12 01 21 10 MIN    98
2021 12 02 02 57 MAX   294
2021 12 02 09 21 MIN    50
2021 12 02 15 42 MAX   335
2021 12 02 22 08 MIN    86
2021 12 03 03 42 MAX   298
2021 12 03 09 59 MIN    26
2021 12 03 16 28 MAX   366
2021 12 03 23 00 MIN    78
2021 12 04 04 26 MAX   298
2021 12 04 10 39 MIN     7
2021 12 04 17 15 MAX   387
2021 12 04 23 51 MIN    77
2021 12 05 05 10 MAX   295
2021 12 05 11 22 MIN    -5
2021 12 05 18 03 MAX   396
2021 12 06 00 41 MIN    80
2021 12 06 05 55 MAX   288
2021 12 06 12 05 MIN    -8
2021 12 06 18 51 MAX   394
2021 12 07 01 31 MIN    88
2021 12 07 06 41 MAX   278
2021 12 07 12 50 MIN    -2
2021 12 07 19 41 MAX   381
2021 12 08 02 22 MIN    98
2021 12 08 07 29 MAX   265
2021 12 08 13 37 MIN    12
2021 12 08 20 32 MAX   361
2021 12 09 03 15 MIN   108
2021 12 09 08 20 MAX   250
2021 12 09 14 26 MIN    34
2021 12 09 21 25 MAX   336
2021 12 10 04 11 MIN   116
2021 12 10 09 18 MAX   235
2021 12 10 15 19 MIN    61
2021 12 10 22 21 MAX   310
2021 12 11 05 13 MIN   119
2021 12 11 10 27 MAX   224
2021 12 11 16 22 MIN    90
2021 12 11 23 22 MAX   286
2021 12 12 06 18 MIN   116
2021 12 12 11 48 MAX   223
2021 12 12 17 44 MIN   114
2021 12 13 00 26 MAX   268
2021 12 13 07 20 MIN   106
2021 12 13 13 13 MAX   235
2021 12 13 19 20 MIN   126
2021 12 14 01 28 MAX   258
2021 12 14 08 11 MIN    92
2021 12 14 14 24 MAX   257
2021 12 14 20 40 MIN   126
2021 12 15 02 22 MAX   254
2021 12 15 08 53 MIN    77
2021 12 15 15 19 MAX   283
2021 12 15 21 40 MIN   121
2021 12 16 03 09 MAX   254
2021 12 16 09 29 MIN    63
2021 12 16 16 03 MAX   306
2021 12 16 22 28 MIN   115
2021 12 17 03 49 MAX   256
2021 12 17 10 02 MIN    50
2021 12 17 16 41 MAX   323
2021 12 17 23 07 MIN   111
2021 12 18 04 25 MAX   258
2021 12 18 10 33 MIN    41
2021 12 18 17 16 MAX   335
2021 12 18 23 42 MIN   110
2021 12 19 04 59 MAX   261
2021 12 19 11 06 MIN    34
2021 12 19 17 49 MAX   341
2021 12 20 00 16 MIN   109
2021 12 20 05 32 MAX   262
2021 12 20 11 38 MIN    31
2021 12 20 18 21 MAX   342
2021 12 21 00 49 MIN   110
2021 12 21 06 05 MAX   261
2021 12 21 12 11 MIN    30
2021 12 21 18 54 MAX   341
2021 12 22 01 22 MIN   111
2021 12 22 06 38 MAX   258
2021 12 22 12 44 MIN    32
2021 12 22 19 27 MAX   338
2021 12 23 01 57 MIN   112
2021 12 23 07 13 MAX   253
2021 12 23 13 19 MIN    36
2021 12 23 20 02 MAX   332
2021 12 24 02 33 MIN   113
2021 12 24 07 50 MAX   247
2021 12 24 13 55 MIN    45
2021 12 24 20 39 MAX   323
2021 12 25 03 12 MIN   114
2021 12 25 08 34 MAX   240
2021 12 25 14 34 MIN    58
2021 12 25 21 21 MAX   312
2021 12 26 03 55 MIN   114
2021 12 26 09 26 MAX   234
2021 12 26 15 22 MIN    76
2021 12 26 22 08 MAX   297
2021 12 27 04 46 MIN   111
2021 12 27 10 31 MAX   232
2021 12 27 16 23 MIN    98
2021 12 27 23 04 MAX   282
2021 12 28 05 45 MIN   103
2021 12 28 11 49 MAX   241
2021 12 28 17 44 MIN   116
2021 12 28 23 59 MAX   269
2021 12 29 06 47 MIN    89
2021 12 29 13 10 MAX   263
2021 12 29 19 19 MIN   124
2021 12 30 01 12 MAX   262
2021 12 30 07 45 MIN    69
2021 12 30 14 21 MAX   294
2021 12 30 20 46 MIN   119
2021 12 31 02 15 MAX   260
2021 12 31 08 39 MIN    46
2021 12 31 15 22 MAX   327
2021 12 31 21 56 MIN   109
