 <API - 조위예측극치자료>

대상조위관측소 : 완도
위도(WGS84) : N 126.7597
경도(WGS84) : E 34.3156
관측기관 : 20201221 ~ 20220101

2020 12 21 02 21 MAX   239
2020 12 21 08 42 MIN   110
2020 12 21 15 08 MAX   283
2020 12 21 22 07 MIN   130
2020 12 22 03 32 MAX   230
2020 12 22 09 43 MIN   134
2020 12 22 16 08 MAX   265
2020 12 22 23 09 MIN   129
2020 12 23 05 00 MAX   231
2020 12 23 11 00 MIN   150
2020 12 23 17 16 MAX   254
2020 12 24 00 09 MIN   121
2020 12 24 06 22 MAX   243
2020 12 24 12 25 MIN   154
2020 12 24 18 21 MAX   250
2020 12 25 01 00 MIN   109
2020 12 25 07 23 MAX   262
2020 12 25 13 36 MIN   147
2020 12 25 19 15 MAX   250
2020 12 26 01 43 MIN    94
2020 12 26 08 09 MAX   282
2020 12 26 14 30 MIN   135
2020 12 26 19 59 MAX   253
2020 12 27 02 21 MIN    78
2020 12 27 08 48 MAX   302
2020 12 27 15 13 MIN   122
2020 12 27 20 37 MAX   258
2020 12 28 02 56 MIN    61
2020 12 28 09 23 MAX   321
2020 12 28 15 51 MIN   109
2020 12 28 21 12 MAX   265
2020 12 29 03 31 MIN    45
2020 12 29 09 56 MAX   337
2020 12 29 16 27 MIN    98
2020 12 29 21 46 MAX   273
2020 12 30 04 07 MIN    31
2020 12 30 10 30 MAX   351
2020 12 30 17 02 MIN    89
2020 12 30 22 21 MAX   280
2020 12 31 04 44 MIN    20
2020 12 31 11 04 MAX   360
2020 12 31 17 38 MIN    84
2020 12 31 22 57 MAX   286
2021 01 01 05 23 MIN    16
2021 01 01 11 41 MAX   364
2021 01 01 18 17 MIN    82
2021 01 01 23 35 MAX   287
2021 01 02 06 03 MIN    19
2021 01 02 12 19 MAX   361
2021 01 02 18 57 MIN    83
2021 01 03 00 16 MAX   284
2021 01 03 06 47 MIN    29
2021 01 03 12 59 MAX   352
2021 01 03 19 40 MIN    88
2021 01 04 01 01 MAX   277
2021 01 04 07 33 MIN    47
2021 01 04 13 43 MAX   337
2021 01 04 20 27 MIN    92
2021 01 05 01 54 MAX   268
2021 01 05 08 25 MIN    69
2021 01 05 14 31 MAX   318
2021 01 05 21 20 MIN    96
2021 01 06 02 58 MAX   261
2021 01 06 09 25 MIN    93
2021 01 06 15 26 MAX   297
2021 01 06 22 20 MIN    95
2021 01 07 04 17 MAX   260
2021 01 07 10 40 MIN   113
2021 01 07 16 32 MAX   279
2021 01 07 23 26 MIN    88
2021 01 08 05 46 MAX   271
2021 01 08 12 06 MIN   121
2021 01 08 17 45 MAX   267
2021 01 09 00 33 MIN    74
2021 01 09 07 06 MAX   294
2021 01 09 13 28 MIN   115
2021 01 09 18 57 MAX   265
2021 01 10 01 34 MIN    55
2021 01 10 08 10 MAX   322
2021 01 10 14 37 MIN   100
2021 01 10 19 59 MAX   271
2021 01 11 02 30 MIN    34
2021 01 11 09 03 MAX   348
2021 01 11 15 33 MIN    84
2021 01 11 20 52 MAX   280
2021 01 12 03 20 MIN    15
2021 01 12 09 50 MAX   367
2021 01 12 16 22 MIN    70
2021 01 12 21 39 MAX   290
2021 01 13 04 07 MIN     2
2021 01 13 10 34 MAX   378
2021 01 13 17 07 MIN    62
2021 01 13 22 22 MAX   298
2021 01 14 04 51 MIN    -3
2021 01 14 11 14 MAX   380
2021 01 14 17 48 MIN    61
2021 01 14 23 03 MAX   301
2021 01 15 05 33 MIN     2
2021 01 15 11 51 MAX   373
2021 01 15 18 26 MIN    65
2021 01 15 23 43 MAX   299
2021 01 16 06 11 MIN    16
2021 01 16 12 27 MAX   359
2021 01 16 19 04 MIN    74
2021 01 17 00 21 MAX   292
2021 01 17 06 48 MIN    37
2021 01 17 13 00 MAX   339
2021 01 17 19 40 MIN    86
2021 01 18 01 01 MAX   281
2021 01 18 07 25 MIN    64
2021 01 18 13 34 MAX   317
2021 01 18 20 16 MIN    98
2021 01 19 01 43 MAX   266
2021 01 19 08 02 MIN    93
2021 01 19 14 08 MAX   293
2021 01 19 20 56 MIN   108
2021 01 20 02 32 MAX   252
2021 01 20 08 44 MIN   122
2021 01 20 14 45 MAX   270
2021 01 20 21 41 MIN   117
2021 01 21 03 34 MAX   240
2021 01 21 09 39 MIN   148
2021 01 21 15 32 MAX   247
2021 01 21 22 37 MIN   122
2021 01 22 04 59 MAX   236
2021 01 22 11 00 MIN   165
2021 01 22 16 42 MAX   229
2021 01 22 23 43 MIN   119
2021 01 23 06 35 MAX   246
2021 01 23 12 48 MIN   167
2021 01 23 18 15 MAX   222
2021 01 24 00 49 MIN   109
2021 01 24 07 44 MAX   265
2021 01 24 14 10 MIN   154
2021 01 24 19 27 MAX   226
2021 01 25 01 44 MIN    93
2021 01 25 08 31 MAX   287
2021 01 25 15 02 MIN   135
2021 01 25 20 18 MAX   237
2021 01 26 02 32 MIN    72
2021 01 26 09 09 MAX   310
2021 01 26 15 40 MIN   116
2021 01 26 20 58 MAX   253
2021 01 27 03 14 MIN    49
2021 01 27 09 44 MAX   332
2021 01 27 16 15 MIN    97
2021 01 27 21 35 MAX   271
2021 01 28 03 55 MIN    27
2021 01 28 10 17 MAX   352
2021 01 28 16 49 MIN    79
2021 01 28 22 12 MAX   289
2021 01 29 04 35 MIN     8
2021 01 29 10 51 MAX   368
2021 01 29 17 24 MIN    64
2021 01 29 22 48 MAX   304
2021 01 30 05 15 MIN    -4
2021 01 30 11 26 MAX   378
2021 01 30 18 00 MIN    54
2021 01 30 23 26 MAX   314
2021 01 31 05 55 MIN    -5
2021 01 31 12 02 MAX   379
2021 01 31 18 37 MIN    49
2021 02 01 00 06 MAX   317
2021 02 01 06 37 MIN     4
2021 02 01 12 39 MAX   370
2021 02 01 19 16 MIN    50
2021 02 02 00 49 MAX   314
2021 02 02 07 20 MIN    25
2021 02 02 13 17 MAX   351
2021 02 02 19 56 MIN    57
2021 02 03 01 37 MAX   303
2021 02 03 08 08 MIN    55
2021 02 03 13 59 MAX   324
2021 02 03 20 41 MIN    67
2021 02 04 02 32 MAX   289
2021 02 04 09 03 MIN    90
2021 02 04 14 45 MAX   292
2021 02 04 21 34 MIN    79
2021 02 05 03 43 MAX   275
2021 02 05 10 13 MIN   123
2021 02 05 15 43 MAX   261
2021 02 05 22 40 MIN    87
2021 02 06 05 21 MAX   271
2021 02 06 11 49 MIN   141
2021 02 06 17 06 MAX   237
2021 02 06 23 59 MIN    87
2021 02 07 07 03 MAX   285
2021 02 07 13 29 MIN   136
2021 02 07 18 44 MAX   233
2021 02 08 01 18 MIN    75
2021 02 08 08 14 MAX   309
2021 02 08 14 42 MIN   117
2021 02 08 19 57 MAX   246
2021 02 09 02 24 MIN    54
2021 02 09 09 05 MAX   332
2021 02 09 15 33 MIN    95
2021 02 09 20 50 MAX   265
2021 02 10 03 17 MIN    33
2021 02 10 09 47 MAX   351
2021 02 10 16 16 MIN    76
2021 02 10 21 34 MAX   286
2021 02 11 04 02 MIN    16
2021 02 11 10 23 MAX   363
2021 02 11 16 53 MIN    62
2021 02 11 22 14 MAX   303
2021 02 12 04 43 MIN     6
2021 02 12 10 57 MAX   368
2021 02 12 17 27 MIN    54
2021 02 12 22 50 MAX   315
2021 02 13 05 20 MIN     6
2021 02 13 11 28 MAX   366
2021 02 13 18 00 MIN    52
2021 02 13 23 25 MAX   319
2021 02 14 05 54 MIN    15
2021 02 14 11 57 MAX   357
2021 02 14 18 30 MIN    55
2021 02 14 23 59 MAX   317
2021 02 15 06 26 MIN    33
2021 02 15 12 25 MAX   342
2021 02 15 18 59 MIN    63
2021 02 16 00 34 MAX   308
2021 02 16 06 57 MIN    56
2021 02 16 12 53 MAX   322
2021 02 16 19 28 MIN    73
2021 02 17 01 09 MAX   295
2021 02 17 07 29 MIN    84
2021 02 17 13 20 MAX   300
2021 02 17 19 57 MIN    86
2021 02 18 01 48 MAX   279
2021 02 18 08 03 MIN   113
2021 02 18 13 48 MAX   275
2021 02 18 20 31 MIN    99
2021 02 19 02 33 MAX   262
2021 02 19 08 46 MIN   142
2021 02 19 14 19 MAX   249
2021 02 19 21 15 MIN   113
2021 02 20 03 35 MAX   246
2021 02 20 09 49 MIN   167
2021 02 20 15 02 MAX   224
2021 02 20 22 18 MIN   123
2021 02 21 05 21 MAX   241
2021 02 21 11 47 MIN   178
2021 02 21 16 45 MAX   204
2021 02 21 23 45 MIN   124
2021 02 22 07 10 MAX   255
2021 02 22 13 54 MIN   164
2021 02 22 19 00 MAX   209
2021 02 23 01 08 MIN   109
2021 02 23 08 09 MAX   278
2021 02 23 14 48 MIN   140
2021 02 23 20 02 MAX   228
2021 02 24 02 09 MIN    84
2021 02 24 08 49 MAX   304
2021 02 24 15 23 MIN   115
2021 02 24 20 44 MAX   252
2021 02 25 02 58 MIN    55
2021 02 25 09 23 MAX   331
2021 02 25 15 55 MIN    89
2021 02 25 21 21 MAX   280
2021 02 26 03 41 MIN    26
2021 02 26 09 56 MAX   356
2021 02 26 16 28 MIN    63
2021 02 26 21 57 MAX   307
2021 02 27 04 21 MIN     1
2021 02 27 10 29 MAX   376
2021 02 27 17 01 MIN    41
2021 02 27 22 33 MAX   331
2021 02 28 05 01 MIN   -14
2021 02 28 11 03 MAX   388
2021 02 28 17 35 MIN    24
2021 02 28 23 12 MAX   348
2021 03 01 05 42 MIN   -18
2021 03 01 11 38 MAX   388
2021 03 01 18 11 MIN    16
2021 03 01 23 52 MAX   355
2021 03 02 06 23 MIN    -6
2021 03 02 12 14 MAX   375
2021 03 02 18 48 MIN    17
2021 03 03 00 34 MAX   351
2021 03 03 07 07 MIN    20
2021 03 03 12 51 MAX   351
2021 03 03 19 26 MIN    28
2021 03 04 01 21 MAX   336
2021 03 04 07 53 MIN    57
2021 03 04 13 29 MAX   317
2021 03 04 20 08 MIN    47
2021 03 05 02 13 MAX   313
2021 03 05 08 48 MIN    99
2021 03 05 14 12 MAX   278
2021 03 05 20 57 MIN    71
2021 03 06 03 20 MAX   287
2021 03 06 10 00 MIN   137
2021 03 06 15 06 MAX   241
2021 03 06 22 02 MIN    93
2021 03 07 05 09 MAX   272
2021 03 07 11 48 MIN   155
2021 03 07 16 42 MAX   214
2021 03 07 23 35 MIN   104
2021 03 08 07 05 MAX   282
2021 03 08 13 37 MIN   143
2021 03 08 18 49 MAX   217
2021 03 09 01 12 MIN    95
2021 03 09 08 13 MAX   302
2021 03 09 14 41 MIN   120
2021 03 09 20 00 MAX   240
2021 03 10 02 20 MIN    74
2021 03 10 08 57 MAX   320
2021 03 10 15 23 MIN    96
2021 03 10 20 47 MAX   266
2021 03 11 03 11 MIN    52
2021 03 11 09 32 MAX   336
2021 03 11 15 58 MIN    76
2021 03 11 21 25 MAX   292
2021 03 12 03 52 MIN    34
2021 03 12 10 03 MAX   346
2021 03 12 16 30 MIN    59
2021 03 12 21 59 MAX   313
2021 03 13 04 28 MIN    24
2021 03 13 10 31 MAX   352
2021 03 13 16 59 MIN    48
2021 03 13 22 32 MAX   328
2021 03 14 05 01 MIN    22
2021 03 14 10 58 MAX   352
2021 03 14 17 27 MIN    42
2021 03 14 23 04 MAX   336
2021 03 15 05 32 MIN    28
2021 03 15 11 25 MAX   346
2021 03 15 17 53 MIN    42
2021 03 15 23 35 MAX   337
2021 03 16 06 02 MIN    42
2021 03 16 11 50 MAX   334
2021 03 16 18 19 MIN    46
2021 03 17 00 07 MAX   332
2021 03 17 06 31 MIN    62
2021 03 17 12 15 MAX   317
2021 03 17 18 44 MIN    55
2021 03 18 00 39 MAX   321
2021 03 18 07 02 MIN    85
2021 03 18 12 40 MAX   297
2021 03 18 19 10 MIN    68
2021 03 19 01 13 MAX   305
2021 03 19 07 35 MIN   112
2021 03 19 13 06 MAX   274
2021 03 19 19 41 MIN    84
2021 03 20 01 52 MAX   287
2021 03 20 08 14 MIN   139
2021 03 20 13 34 MAX   249
2021 03 20 20 18 MIN   102
2021 03 21 02 43 MAX   266
2021 03 21 09 10 MIN   164
2021 03 21 14 08 MAX   224
2021 03 21 21 14 MIN   120
2021 03 22 04 07 MAX   251
2021 03 22 10 55 MIN   178
2021 03 22 15 26 MAX   201
2021 03 22 22 44 MIN   130
2021 03 23 06 16 MAX   255
2021 03 23 13 19 MIN   165
2021 03 23 18 28 MAX   204
2021 03 24 00 27 MIN   121
2021 03 24 07 30 MAX   276
2021 03 24 14 15 MIN   139
2021 03 24 19 37 MAX   229
2021 03 25 01 41 MIN    95
2021 03 25 08 14 MAX   302
2021 03 25 14 51 MIN   110
2021 03 25 20 20 MAX   261
2021 03 26 02 34 MIN    64
2021 03 26 08 50 MAX   330
2021 03 26 15 24 MIN    78
2021 03 26 20 59 MAX   295
2021 03 27 03 19 MIN    32
2021 03 27 09 25 MAX   355
2021 03 27 15 57 MIN    48
2021 03 27 21 36 MAX   329
2021 03 28 04 02 MIN     6
2021 03 28 10 00 MAX   375
2021 03 28 16 31 MIN    20
2021 03 28 22 15 MAX   359
2021 03 29 04 44 MIN   -10
2021 03 29 10 35 MAX   384
2021 03 29 17 06 MIN     0
2021 03 29 22 55 MAX   379
2021 03 30 05 26 MIN   -11
2021 03 30 11 11 MAX   381
2021 03 30 17 42 MIN    -9
2021 03 30 23 36 MAX   386
2021 03 31 06 09 MIN     4
2021 03 31 11 48 MAX   364
2021 03 31 18 20 MIN    -5
2021 04 01 00 20 MAX   379
2021 04 01 06 54 MIN    33
2021 04 01 12 26 MAX   335
2021 04 01 18 59 MIN    12
2021 04 02 01 07 MAX   359
2021 04 02 07 43 MIN    71
2021 04 02 13 05 MAX   299
2021 04 02 19 41 MIN    39
2021 04 03 01 59 MAX   330
2021 04 03 08 40 MIN   112
2021 04 03 13 48 MAX   261
2021 04 03 20 30 MIN    71
2021 04 04 03 08 MAX   298
2021 04 04 09 57 MIN   145
2021 04 04 14 46 MAX   226
2021 04 04 21 36 MIN   101
2021 04 05 05 00 MAX   279
2021 04 05 11 48 MIN   156
2021 04 05 16 41 MAX   206
2021 04 05 23 17 MIN   118
2021 04 06 06 49 MAX   282
2021 04 06 13 23 MIN   141
2021 04 06 18 47 MAX   219
2021 04 07 00 58 MIN   112
2021 04 07 07 51 MAX   295
2021 04 07 14 18 MIN   119
2021 04 07 19 49 MAX   246
2021 04 08 02 06 MIN    94
2021 04 08 08 32 MAX   307
2021 04 08 14 57 MIN    97
2021 04 08 20 31 MAX   274
2021 04 09 02 54 MIN    76
2021 04 09 09 04 MAX   318
2021 04 09 15 29 MIN    77
2021 04 09 21 07 MAX   299
2021 04 10 03 33 MIN    61
2021 04 10 09 31 MAX   326
2021 04 10 15 58 MIN    61
2021 04 10 21 39 MAX   320
2021 04 11 04 07 MIN    52
2021 04 11 09 58 MAX   330
2021 04 11 16 25 MIN    49
2021 04 11 22 10 MAX   336
2021 04 12 04 39 MIN    50
2021 04 12 10 24 MAX   331
2021 04 12 16 51 MIN    41
2021 04 12 22 41 MAX   345
2021 04 13 05 09 MIN    53
2021 04 13 10 50 MAX   326
2021 04 13 17 16 MIN    38
2021 04 13 23 11 MAX   349
2021 04 14 05 39 MIN    62
2021 04 14 11 15 MAX   317
2021 04 14 17 41 MIN    40
2021 04 14 23 42 MAX   347
2021 04 15 06 09 MIN    77
2021 04 15 11 41 MAX   304
2021 04 15 18 07 MIN    46
2021 04 16 00 14 MAX   339
2021 04 16 06 41 MIN    95
2021 04 16 12 08 MAX   288
2021 04 16 18 34 MIN    58
2021 04 17 00 48 MAX   325
2021 04 17 07 16 MIN   116
2021 04 17 12 36 MAX   269
2021 04 17 19 06 MIN    75
2021 04 18 01 26 MAX   307
2021 04 18 07 58 MIN   139
2021 04 18 13 07 MAX   248
2021 04 18 19 45 MIN    95
2021 04 19 02 14 MAX   287
2021 04 19 08 54 MIN   159
2021 04 19 13 50 MAX   226
2021 04 19 20 39 MIN   115
2021 04 20 03 25 MAX   270
2021 04 20 10 24 MIN   169
2021 04 20 15 12 MAX   208
2021 04 20 22 03 MIN   129
2021 04 21 05 10 MAX   267
2021 04 21 12 15 MIN   159
2021 04 21 17 41 MAX   212
2021 04 21 23 43 MIN   125
2021 04 22 06 32 MAX   281
2021 04 22 13 22 MIN   134
2021 04 22 18 58 MAX   239
2021 04 23 01 03 MIN   105
2021 04 23 07 26 MAX   303
2021 04 23 14 06 MIN   103
2021 04 23 19 48 MAX   274
2021 04 24 02 02 MIN    77
2021 04 24 08 08 MAX   326
2021 04 24 14 43 MIN    70
2021 04 24 20 31 MAX   312
2021 04 25 02 53 MIN    48
2021 04 25 08 47 MAX   347
2021 04 25 15 20 MIN    37
2021 04 25 21 12 MAX   348
2021 04 26 03 39 MIN    26
2021 04 26 09 26 MAX   362
2021 04 26 15 58 MIN     9
2021 04 26 21 54 MAX   379
2021 04 27 04 25 MIN    13
2021 04 27 10 05 MAX   366
2021 04 27 16 36 MIN   -10
2021 04 27 22 38 MAX   399
2021 04 28 05 10 MIN    14
2021 04 28 10 44 MAX   359
2021 04 28 17 15 MIN   -17
2021 04 28 23 22 MAX   405
2021 04 29 05 57 MIN    29
2021 04 29 11 25 MAX   341
2021 04 29 17 55 MIN   -10
2021 04 30 00 08 MAX   395
2021 04 30 06 45 MIN    55
2021 04 30 12 05 MAX   315
2021 04 30 18 36 MIN    11
2021 05 01 00 56 MAX   372
2021 05 01 07 36 MIN    88
2021 05 01 12 48 MAX   283
2021 05 01 19 21 MIN    41
2021 05 02 01 51 MAX   342
2021 05 02 08 36 MIN   121
2021 05 02 13 36 MAX   252
2021 05 02 20 13 MIN    75
2021 05 03 02 58 MAX   310
2021 05 03 09 51 MIN   144
2021 05 03 14 41 MAX   226
2021 05 03 21 19 MIN   107
2021 05 04 04 32 MAX   289
2021 05 04 11 22 MIN   150
2021 05 04 16 30 MAX   216
2021 05 04 22 51 MIN   127
2021 05 05 06 04 MAX   283
2021 05 05 12 42 MIN   139
2021 05 05 18 19 MAX   230
2021 05 06 00 25 MIN   129
2021 05 06 07 07 MAX   286
2021 05 06 13 37 MIN   122
2021 05 06 19 22 MAX   253
2021 05 07 01 35 MIN   120
2021 05 07 07 49 MAX   292
2021 05 07 14 17 MIN   103
2021 05 07 20 06 MAX   278
2021 05 08 02 26 MIN   108
2021 05 08 08 23 MAX   298
2021 05 08 14 50 MIN    86
2021 05 08 20 42 MAX   300
2021 05 09 03 07 MIN    97
2021 05 09 08 53 MAX   302
2021 05 09 15 20 MIN    71
2021 05 09 21 15 MAX   320
2021 05 10 03 42 MIN    90
2021 05 10 09 21 MAX   306
2021 05 10 15 48 MIN    59
2021 05 10 21 47 MAX   335
2021 05 11 04 15 MIN    85
2021 05 11 09 49 MAX   306
2021 05 11 16 14 MIN    50
2021 05 11 22 18 MAX   347
2021 05 12 04 47 MIN    85
2021 05 12 10 17 MAX   304
2021 05 12 16 40 MIN    45
2021 05 12 22 49 MAX   353
2021 05 13 05 19 MIN    89
2021 05 13 10 45 MAX   299
2021 05 13 17 07 MIN    43
2021 05 13 23 21 MAX   354
2021 05 14 05 51 MIN    97
2021 05 14 11 13 MAX   291
2021 05 14 17 37 MIN    47
2021 05 14 23 54 MAX   350
2021 05 15 06 26 MIN   109
2021 05 15 11 44 MAX   280
2021 05 15 18 10 MIN    57
2021 05 16 00 30 MAX   340
2021 05 16 07 03 MIN   123
2021 05 16 12 17 MAX   267
2021 05 16 18 46 MIN    72
2021 05 17 01 10 MAX   325
2021 05 17 07 48 MIN   138
2021 05 17 12 56 MAX   252
2021 05 17 19 29 MIN    90
2021 05 18 01 58 MAX   309
2021 05 18 08 44 MIN   150
2021 05 18 13 47 MAX   237
2021 05 18 20 24 MIN   109
2021 05 19 02 58 MAX   295
2021 05 19 09 55 MIN   155
2021 05 19 15 04 MAX   226
2021 05 19 21 36 MIN   122
2021 05 20 04 14 MAX   289
2021 05 20 11 14 MIN   147
2021 05 20 16 49 MAX   232
2021 05 20 23 00 MIN   125
2021 05 21 05 29 MAX   293
2021 05 21 12 21 MIN   126
2021 05 21 18 11 MAX   255
2021 05 22 00 20 MIN   115
2021 05 22 06 30 MAX   304
2021 05 22 13 14 MIN    99
2021 05 22 19 11 MAX   288
2021 05 23 01 27 MIN    97
2021 05 23 07 22 MAX   318
2021 05 23 13 59 MIN    68
2021 05 23 20 02 MAX   325
2021 05 24 02 26 MIN    76
2021 05 24 08 09 MAX   331
2021 05 24 14 43 MIN    38
2021 05 24 20 49 MAX   360
2021 05 25 03 19 MIN    59
2021 05 25 08 54 MAX   339
2021 05 25 15 26 MIN    13
2021 05 25 21 36 MAX   388
2021 05 26 04 10 MIN    49
2021 05 26 09 38 MAX   340
2021 05 26 16 09 MIN    -3
2021 05 26 22 23 MAX   405
2021 05 27 04 59 MIN    49
2021 05 27 10 22 MAX   334
2021 05 27 16 52 MIN    -8
2021 05 27 23 11 MAX   409
2021 05 28 05 48 MIN    59
2021 05 28 11 06 MAX   320
2021 05 28 17 36 MIN     0
2021 05 28 23 59 MAX   400
2021 05 29 06 38 MIN    77
2021 05 29 11 50 MAX   302
2021 05 29 18 21 MIN    20
2021 05 30 00 48 MAX   379
2021 05 30 07 30 MIN   100
2021 05 30 12 36 MAX   281
2021 05 30 19 08 MIN    48
2021 05 31 01 40 MAX   352
2021 05 31 08 26 MIN   121
2021 05 31 13 27 MAX   260
2021 05 31 20 00 MIN    80
2021 06 01 02 38 MAX   324
2021 06 01 09 28 MIN   137
2021 06 01 14 30 MAX   243
2021 06 01 20 59 MIN   111
2021 06 02 03 44 MAX   301
2021 06 02 10 37 MIN   143
2021 06 02 15 54 MAX   235
2021 06 02 22 11 MIN   135
2021 06 03 04 56 MAX   285
2021 06 03 11 44 MIN   140
2021 06 03 17 28 MAX   242
2021 06 03 23 32 MIN   148
2021 06 04 06 01 MAX   278
2021 06 04 12 41 MIN   129
2021 06 04 18 40 MAX   258
2021 06 05 00 48 MIN   150
2021 06 05 06 52 MAX   277
2021 06 05 13 27 MIN   116
2021 06 05 19 33 MAX   278
2021 06 06 01 50 MIN   145
2021 06 06 07 34 MAX   278
2021 06 06 14 05 MIN   102
2021 06 06 20 15 MAX   297
2021 06 07 02 38 MIN   137
2021 06 07 08 11 MAX   280
2021 06 07 14 38 MIN    89
2021 06 07 20 51 MAX   315
2021 06 08 03 18 MIN   129
2021 06 08 08 45 MAX   282
2021 06 08 15 09 MIN    77
2021 06 08 21 26 MAX   331
2021 06 09 03 55 MIN   121
2021 06 09 09 17 MAX   284
2021 06 09 15 40 MIN    66
2021 06 09 21 58 MAX   344
2021 06 10 04 30 MIN   116
2021 06 10 09 49 MAX   286
2021 06 10 16 11 MIN    58
2021 06 10 22 31 MAX   353
2021 06 11 05 04 MIN   114
2021 06 11 10 21 MAX   286
2021 06 11 16 43 MIN    53
2021 06 11 23 05 MAX   358
2021 06 12 05 39 MIN   115
2021 06 12 10 54 MAX   286
2021 06 12 17 18 MIN    53
2021 06 12 23 40 MAX   358
2021 06 13 06 15 MIN   119
2021 06 13 11 29 MAX   282
2021 06 13 17 56 MIN    58
2021 06 14 00 17 MAX   353
2021 06 14 06 55 MIN   125
2021 06 14 12 07 MAX   276
2021 06 14 18 36 MIN    69
2021 06 15 00 57 MAX   345
2021 06 15 07 38 MIN   132
2021 06 15 12 49 MAX   269
2021 06 15 19 21 MIN    84
2021 06 16 01 41 MAX   333
2021 06 16 08 27 MIN   137
2021 06 16 13 41 MAX   260
2021 06 16 20 12 MIN   100
2021 06 17 02 31 MAX   322
2021 06 17 09 23 MIN   138
2021 06 17 14 46 MAX   255
2021 06 17 21 13 MIN   116
2021 06 18 03 28 MAX   311
2021 06 18 10 24 MIN   132
2021 06 18 16 06 MAX   259
2021 06 18 22 24 MIN   127
2021 06 19 04 32 MAX   304
2021 06 19 11 25 MIN   118
2021 06 19 17 27 MAX   275
2021 06 19 23 42 MIN   130
2021 06 20 05 38 MAX   302
2021 06 20 12 24 MIN    99
2021 06 20 18 38 MAX   301
2021 06 21 00 58 MIN   124
2021 06 21 06 39 MAX   303
2021 06 21 13 19 MIN    75
2021 06 21 19 39 MAX   332
2021 06 22 02 06 MIN   111
2021 06 22 07 36 MAX   307
2021 06 22 14 11 MIN    52
2021 06 22 20 35 MAX   362
2021 06 23 03 06 MIN    97
2021 06 23 08 29 MAX   312
2021 06 23 15 01 MIN    31
2021 06 23 21 26 MAX   386
2021 06 24 04 01 MIN    87
2021 06 24 09 19 MAX   315
2021 06 24 15 49 MIN    17
2021 06 24 22 16 MAX   402
2021 06 25 04 52 MIN    81
2021 06 25 10 07 MAX   315
2021 06 25 16 37 MIN    11
2021 06 25 23 03 MAX   406
2021 06 26 05 41 MIN    83
2021 06 26 10 53 MAX   312
2021 06 26 17 24 MIN    16
2021 06 26 23 50 MAX   400
2021 06 27 06 29 MIN    91
2021 06 27 11 39 MAX   305
2021 06 27 18 10 MIN    31
2021 06 28 00 35 MAX   384
2021 06 28 07 16 MIN   103
2021 06 28 12 25 MAX   295
2021 06 28 18 56 MIN    55
2021 06 29 01 19 MAX   361
2021 06 29 08 03 MIN   117
2021 06 29 13 13 MAX   282
2021 06 29 19 42 MIN    84
2021 06 30 02 03 MAX   336
2021 06 30 08 51 MIN   129
2021 06 30 14 06 MAX   269
2021 06 30 20 31 MIN   115
2021 07 01 02 49 MAX   312
2021 07 01 09 43 MIN   138
2021 07 01 15 08 MAX   258
2021 07 01 21 24 MIN   144
2021 07 02 03 38 MAX   290
2021 07 02 10 37 MIN   141
2021 07 02 16 25 MAX   255
2021 07 02 22 29 MIN   166
2021 07 03 04 35 MAX   274
2021 07 03 11 34 MIN   139
2021 07 03 17 48 MAX   261
2021 07 03 23 48 MIN   179
2021 07 04 05 39 MAX   263
2021 07 04 12 27 MIN   133
2021 07 04 18 57 MAX   275
2021 07 05 01 09 MIN   179
2021 07 05 06 40 MAX   259
2021 07 05 13 15 MIN   123
2021 07 05 19 50 MAX   292
2021 07 06 02 13 MIN   171
2021 07 06 07 31 MAX   259
2021 07 06 13 56 MIN   111
2021 07 06 20 32 MAX   309
2021 07 07 03 02 MIN   160
2021 07 07 08 15 MAX   263
2021 07 07 14 35 MIN    98
2021 07 07 21 10 MAX   326
2021 07 08 03 42 MIN   149
2021 07 08 08 54 MAX   270
2021 07 08 15 12 MIN    84
2021 07 08 21 44 MAX   342
2021 07 09 04 18 MIN   138
2021 07 09 09 31 MAX   277
2021 07 09 15 50 MIN    71
2021 07 09 22 18 MAX   355
2021 07 10 04 52 MIN   129
2021 07 10 10 06 MAX   286
2021 07 10 16 27 MIN    61
2021 07 10 22 51 MAX   364
2021 07 11 05 27 MIN   123
2021 07 11 10 41 MAX   293
2021 07 11 17 06 MIN    55
2021 07 11 23 26 MAX   370
2021 07 12 06 03 MIN   119
2021 07 12 11 18 MAX   298
2021 07 12 17 46 MIN    55
2021 07 13 00 02 MAX   371
2021 07 13 06 40 MIN   117
2021 07 13 11 56 MAX   299
2021 07 13 18 27 MIN    62
2021 07 14 00 39 MAX   366
2021 07 14 07 19 MIN   117
2021 07 14 12 39 MAX   297
2021 07 14 19 11 MIN    75
2021 07 15 01 18 MAX   356
2021 07 15 08 02 MIN   118
2021 07 15 13 27 MAX   292
2021 07 15 19 58 MIN    94
2021 07 16 02 01 MAX   342
2021 07 16 08 48 MIN   119
2021 07 16 14 24 MAX   287
2021 07 16 20 52 MIN   116
2021 07 17 02 48 MAX   324
2021 07 17 09 39 MIN   118
2021 07 17 15 32 MAX   285
2021 07 17 21 56 MIN   137
2021 07 18 03 44 MAX   305
2021 07 18 10 38 MIN   114
2021 07 18 16 53 MAX   291
2021 07 18 23 15 MIN   152
2021 07 19 04 51 MAX   289
2021 07 19 11 43 MIN   105
2021 07 19 18 19 MAX   307
2021 07 20 00 42 MIN   154
2021 07 20 06 06 MAX   280
2021 07 20 12 48 MIN    91
2021 07 20 19 31 MAX   331
2021 07 21 02 01 MIN   143
2021 07 21 07 17 MAX   281
2021 07 21 13 50 MIN    73
2021 07 21 20 32 MAX   357
2021 07 22 03 05 MIN   127
2021 07 22 08 18 MAX   290
2021 07 22 14 48 MIN    55
2021 07 22 21 24 MAX   379
2021 07 23 03 59 MIN   111
2021 07 23 09 11 MAX   301
2021 07 23 15 40 MIN    39
2021 07 23 22 11 MAX   394
2021 07 24 04 47 MIN    99
2021 07 24 09 59 MAX   312
2021 07 24 16 29 MIN    30
2021 07 24 22 54 MAX   400
2021 07 25 05 30 MIN    93
2021 07 25 10 43 MAX   319
2021 07 25 17 15 MIN    31
2021 07 25 23 34 MAX   396
2021 07 26 06 11 MIN    93
2021 07 26 11 26 MAX   321
2021 07 26 17 58 MIN    42
2021 07 27 00 12 MAX   384
2021 07 27 06 51 MIN    99
2021 07 27 12 07 MAX   317
2021 07 27 18 38 MIN    62
2021 07 28 00 47 MAX   365
2021 07 28 07 28 MIN   108
2021 07 28 12 49 MAX   307
2021 07 28 19 17 MIN    90
2021 07 29 01 21 MAX   343
2021 07 29 08 06 MIN   119
2021 07 29 13 32 MAX   295
2021 07 29 19 56 MIN   121
2021 07 30 01 54 MAX   318
2021 07 30 08 44 MIN   130
2021 07 30 14 21 MAX   281
2021 07 30 20 38 MIN   152
2021 07 31 02 28 MAX   294
2021 07 31 09 26 MIN   140
2021 07 31 15 20 MAX   270
2021 07 31 21 29 MIN   179
2021 08 01 03 07 MAX   272
2021 08 01 10 16 MIN   147
2021 08 01 16 41 MAX   265
2021 08 01 22 42 MIN   198
2021 08 02 04 05 MAX   252
2021 08 02 11 16 MIN   148
2021 08 02 18 19 MAX   271
2021 08 03 00 32 MIN   203
2021 08 03 05 39 MAX   241
2021 08 03 12 20 MIN   143
2021 08 03 19 30 MAX   287
2021 08 04 02 03 MIN   192
2021 08 04 07 03 MAX   242
2021 08 04 13 19 MIN   132
2021 08 04 20 19 MAX   305
2021 08 05 02 56 MIN   176
2021 08 05 07 59 MAX   251
2021 08 05 14 10 MIN   116
2021 08 05 20 57 MAX   324
2021 08 06 03 33 MIN   160
2021 08 06 08 42 MAX   265
2021 08 06 14 55 MIN    97
2021 08 06 21 30 MAX   342
2021 08 07 04 06 MIN   144
2021 08 07 09 18 MAX   280
2021 08 07 15 36 MIN    79
2021 08 07 22 02 MAX   359
2021 08 08 04 37 MIN   128
2021 08 08 09 53 MAX   297
2021 08 08 16 16 MIN    62
2021 08 08 22 33 MAX   373
2021 08 09 05 09 MIN   114
2021 08 09 10 28 MAX   312
2021 08 09 16 54 MIN    50
2021 08 09 23 05 MAX   383
2021 08 10 05 42 MIN   103
2021 08 10 11 04 MAX   324
2021 08 10 17 34 MIN    47
2021 08 10 23 39 MAX   386
2021 08 11 06 16 MIN    94
2021 08 11 11 43 MAX   331
2021 08 11 18 14 MIN    52
2021 08 12 00 13 MAX   382
2021 08 12 06 52 MIN    91
2021 08 12 12 24 MAX   332
2021 08 12 18 57 MIN    68
2021 08 13 00 50 MAX   368
2021 08 13 07 31 MIN    92
2021 08 13 13 10 MAX   326
2021 08 13 19 42 MIN    92
2021 08 14 01 29 MAX   347
2021 08 14 08 13 MIN    97
2021 08 14 14 02 MAX   317
2021 08 14 20 34 MIN   122
2021 08 15 02 12 MAX   320
2021 08 15 09 01 MIN   106
2021 08 15 15 06 MAX   305
2021 08 15 21 39 MIN   152
2021 08 16 03 03 MAX   291
2021 08 16 09 59 MIN   115
2021 08 16 16 34 MAX   299
2021 08 16 23 06 MIN   173
2021 08 17 04 16 MAX   265
2021 08 17 11 12 MIN   118
2021 08 17 18 20 MAX   308
2021 08 18 00 49 MIN   173
2021 08 18 05 55 MAX   254
2021 08 18 12 34 MIN   110
2021 08 18 19 40 MAX   330
2021 08 19 02 11 MIN   157
2021 08 19 07 20 MAX   262
2021 08 19 13 46 MIN    94
2021 08 19 20 37 MAX   353
2021 08 20 03 08 MIN   135
2021 08 20 08 21 MAX   281
2021 08 20 14 46 MIN    73
2021 08 20 21 22 MAX   372
2021 08 21 03 54 MIN   115
2021 08 21 09 09 MAX   302
2021 08 21 15 37 MIN    55
2021 08 21 22 01 MAX   384
2021 08 22 04 33 MIN    99
2021 08 22 09 51 MAX   321
2021 08 22 16 21 MIN    44
2021 08 22 22 36 MAX   389
2021 08 23 05 09 MIN    89
2021 08 23 10 30 MAX   334
2021 08 23 17 02 MIN    43
2021 08 23 23 09 MAX   386
2021 08 24 05 43 MIN    85
2021 08 24 11 08 MAX   340
2021 08 24 17 39 MIN    53
2021 08 24 23 40 MAX   376
2021 08 25 06 16 MIN    87
2021 08 25 11 44 MAX   339
2021 08 25 18 15 MIN    72
2021 08 26 00 09 MAX   359
2021 08 26 06 47 MIN    94
2021 08 26 12 21 MAX   330
2021 08 26 18 49 MIN    98
2021 08 27 00 36 MAX   339
2021 08 27 07 17 MIN   105
2021 08 27 12 58 MAX   317
2021 08 27 19 21 MIN   127
2021 08 28 01 03 MAX   315
2021 08 28 07 46 MIN   118
2021 08 28 13 37 MAX   302
2021 08 28 19 57 MIN   156
2021 08 29 01 29 MAX   291
2021 08 29 08 18 MIN   131
2021 08 29 14 24 MAX   286
2021 08 29 20 41 MIN   183
2021 08 30 01 58 MAX   267
2021 08 30 09 00 MIN   145
2021 08 30 15 30 MAX   272
2021 08 30 21 48 MIN   205
2021 08 31 02 35 MAX   243
2021 08 31 10 00 MIN   155
2021 08 31 17 28 MAX   269
2021 09 01 00 07 MIN   212
2021 09 01 04 24 MAX   224
2021 09 01 11 26 MIN   157
2021 09 01 19 07 MAX   283
2021 09 02 02 06 MIN   195
2021 09 02 06 54 MAX   229
2021 09 02 12 49 MIN   146
2021 09 02 20 00 MAX   302
2021 09 03 02 46 MIN   174
2021 09 03 07 51 MAX   246
2021 09 03 13 51 MIN   126
2021 09 03 20 36 MAX   322
2021 09 04 03 15 MIN   154
2021 09 04 08 30 MAX   267
2021 09 04 14 39 MIN   102
2021 09 04 21 07 MAX   342
2021 09 05 03 42 MIN   133
2021 09 05 09 03 MAX   290
2021 09 05 15 20 MIN    78
2021 09 05 21 36 MAX   361
2021 09 06 04 10 MIN   111
2021 09 06 09 37 MAX   314
2021 09 06 16 00 MIN    57
2021 09 06 22 06 MAX   378
2021 09 07 04 40 MIN    91
2021 09 07 10 11 MAX   336
2021 09 07 16 38 MIN    43
2021 09 07 22 38 MAX   389
2021 09 08 05 12 MIN    73
2021 09 08 10 47 MAX   354
2021 09 08 17 17 MIN    38
2021 09 08 23 11 MAX   391
2021 09 09 05 45 MIN    61
2021 09 09 11 26 MAX   364
2021 09 09 17 59 MIN    45
2021 09 09 23 45 MAX   383
2021 09 10 06 21 MIN    57
2021 09 10 12 07 MAX   365
2021 09 10 18 42 MIN    65
2021 09 11 00 21 MAX   363
2021 09 11 06 59 MIN    62
2021 09 11 12 53 MAX   355
2021 09 11 19 29 MIN    95
2021 09 12 00 59 MAX   334
2021 09 12 07 39 MIN    76
2021 09 12 13 44 MAX   337
2021 09 12 20 23 MIN   131
2021 09 13 01 41 MAX   300
2021 09 13 08 27 MIN    96
2021 09 13 14 50 MAX   316
2021 09 13 21 34 MIN   164
2021 09 14 02 33 MAX   264
2021 09 14 09 29 MIN   117
2021 09 14 16 33 MAX   301
2021 09 14 23 17 MIN   180
2021 09 15 04 02 MAX   237
2021 09 15 10 57 MIN   129
2021 09 15 18 33 MAX   309
2021 09 16 01 06 MIN   170
2021 09 16 06 16 MAX   237
2021 09 16 12 34 MIN   123
2021 09 16 19 43 MAX   327
2021 09 17 02 13 MIN   147
2021 09 17 07 33 MAX   259
2021 09 17 13 48 MIN   104
2021 09 17 20 30 MAX   345
2021 09 18 02 58 MIN   124
2021 09 18 08 22 MAX   285
2021 09 18 14 43 MIN    83
2021 09 18 21 07 MAX   358
2021 09 19 03 35 MIN   104
2021 09 19 09 02 MAX   310
2021 09 19 15 28 MIN    67
2021 09 19 21 40 MAX   366
2021 09 20 04 08 MIN    88
2021 09 20 09 38 MAX   332
2021 09 20 16 08 MIN    57
2021 09 20 22 09 MAX   369
2021 09 21 04 39 MIN    76
2021 09 21 10 13 MAX   346
2021 09 21 16 44 MIN    57
2021 09 21 22 37 MAX   366
2021 09 22 05 09 MIN    70
2021 09 22 10 46 MAX   353
2021 09 22 17 17 MIN    66
2021 09 22 23 04 MAX   357
2021 09 23 05 37 MIN    71
2021 09 23 11 19 MAX   353
2021 09 23 17 49 MIN    82
2021 09 23 23 30 MAX   342
2021 09 24 06 03 MIN    76
2021 09 24 11 52 MAX   346
2021 09 24 18 21 MIN   104
2021 09 24 23 55 MAX   324
2021 09 25 06 28 MIN    86
2021 09 25 12 25 MAX   334
2021 09 25 18 52 MIN   128
2021 09 26 00 20 MAX   303
2021 09 26 06 54 MIN    99
2021 09 26 13 01 MAX   319
2021 09 26 19 26 MIN   153
2021 09 27 00 44 MAX   280
2021 09 27 07 23 MIN   115
2021 09 27 13 42 MAX   300
2021 09 27 20 09 MIN   178
2021 09 28 01 10 MAX   256
2021 09 28 08 00 MIN   133
2021 09 28 14 37 MAX   282
2021 09 28 21 14 MIN   198
2021 09 29 01 43 MAX   233
2021 09 29 08 58 MIN   150
2021 09 29 16 17 MAX   269
2021 09 29 23 36 MIN   204
2021 09 30 03 17 MAX   212
2021 09 30 10 34 MIN   159
2021 09 30 18 24 MAX   277
2021 10 01 01 35 MIN   185
2021 10 01 06 37 MAX   221
2021 10 01 12 15 MIN   151
2021 10 01 19 22 MAX   295
2021 10 02 02 11 MIN   162
2021 10 02 07 31 MAX   244
2021 10 02 13 25 MIN   129
2021 10 02 20 00 MAX   315
2021 10 03 02 38 MIN   138
2021 10 03 08 07 MAX   271
2021 10 03 14 14 MIN   103
2021 10 03 20 31 MAX   335
2021 10 04 03 05 MIN   112
2021 10 04 08 41 MAX   301
2021 10 04 14 57 MIN    76
2021 10 04 21 01 MAX   355
2021 10 05 03 34 MIN    85
2021 10 05 09 14 MAX   331
2021 10 05 15 38 MIN    54
2021 10 05 21 33 MAX   371
2021 10 06 04 06 MIN    59
2021 10 06 09 50 MAX   359
2021 10 06 16 19 MIN    38
2021 10 06 22 07 MAX   380
2021 10 07 04 39 MIN    37
2021 10 07 10 28 MAX   380
2021 10 07 17 00 MIN    34
2021 10 07 22 41 MAX   379
2021 10 08 05 14 MIN    25
2021 10 08 11 09 MAX   391
2021 10 08 17 43 MIN    44
2021 10 08 23 18 MAX   366
2021 10 09 05 51 MIN    24
2021 10 09 11 52 MAX   389
2021 10 09 18 29 MIN    66
2021 10 09 23 56 MAX   342
2021 10 10 06 30 MIN    35
2021 10 10 12 40 MAX   374
2021 10 10 19 19 MIN    97
2021 10 11 00 36 MAX   309
2021 10 11 07 13 MIN    57
2021 10 11 13 33 MAX   349
2021 10 11 20 18 MIN   132
2021 10 12 01 21 MAX   274
2021 10 12 08 03 MIN    86
2021 10 12 14 43 MAX   321
2021 10 12 21 37 MIN   160
2021 10 13 02 20 MAX   240
2021 10 13 09 11 MIN   114
2021 10 13 16 33 MAX   303
2021 10 13 23 23 MIN   167
2021 10 14 04 16 MAX   221
2021 10 14 10 48 MIN   131
2021 10 14 18 21 MAX   306
2021 10 15 00 56 MIN   152
2021 10 15 06 25 MAX   234
2021 10 15 12 27 MIN   126
2021 10 15 19 24 MAX   317
2021 10 16 01 52 MIN   131
2021 10 16 07 28 MAX   261
2021 10 16 13 38 MIN   110
2021 10 16 20 07 MAX   326
2021 10 17 02 32 MIN   109
2021 10 17 08 11 MAX   289
2021 10 17 14 30 MIN    94
2021 10 17 20 40 MAX   333
2021 10 18 03 06 MIN    90
2021 10 18 08 47 MAX   313
2021 10 18 15 12 MIN    81
2021 10 18 21 10 MAX   337
2021 10 19 03 37 MIN    74
2021 10 19 09 20 MAX   333
2021 10 19 15 49 MIN    75
2021 10 19 21 37 MAX   338
2021 10 20 04 06 MIN    63
2021 10 20 09 53 MAX   348
2021 10 20 16 23 MIN    74
2021 10 20 22 03 MAX   335
2021 10 21 04 32 MIN    57
2021 10 21 10 24 MAX   355
2021 10 21 16 55 MIN    80
2021 10 21 22 29 MAX   328
2021 10 22 04 58 MIN    55
2021 10 22 10 56 MAX   357
2021 10 22 17 26 MIN    91
2021 10 22 22 55 MAX   316
2021 10 23 05 23 MIN    59
2021 10 23 11 27 MAX   353
2021 10 23 17 57 MIN   106
2021 10 23 23 22 MAX   302
2021 10 24 05 48 MIN    66
2021 10 24 11 59 MAX   344
2021 10 24 18 30 MIN   124
2021 10 24 23 48 MAX   285
2021 10 25 06 15 MIN    78
2021 10 25 12 34 MAX   330
2021 10 25 19 06 MIN   143
2021 10 26 00 16 MAX   266
2021 10 26 06 47 MIN    95
2021 10 26 13 14 MAX   312
2021 10 26 19 50 MIN   163
2021 10 27 00 48 MAX   246
2021 10 27 07 26 MIN   114
2021 10 27 14 04 MAX   292
2021 10 27 20 52 MIN   179
2021 10 28 01 30 MAX   225
2021 10 28 08 22 MIN   135
2021 10 28 15 18 MAX   276
2021 10 28 22 34 MIN   184
2021 10 29 03 04 MAX   208
2021 10 29 09 49 MIN   148
2021 10 29 17 06 MAX   273
2021 10 30 00 18 MIN   170
2021 10 30 05 45 MAX   216
2021 10 30 11 28 MIN   145
2021 10 30 18 21 MAX   285
2021 10 31 01 11 MIN   147
2021 10 31 06 51 MAX   242
2021 10 31 12 44 MIN   128
2021 10 31 19 08 MAX   302
2021 11 01 01 48 MIN   120
2021 11 01 07 33 MAX   273
2021 11 01 13 41 MIN   104
2021 11 01 19 46 MAX   320
2021 11 02 02 21 MIN    90
2021 11 02 08 11 MAX   307
2021 11 02 14 29 MIN    79
2021 11 02 20 22 MAX   338
2021 11 03 02 55 MIN    59
2021 11 03 08 50 MAX   342
2021 11 03 15 15 MIN    57
2021 11 03 20 59 MAX   351
2021 11 04 03 30 MIN    30
2021 11 04 09 30 MAX   373
2021 11 04 16 00 MIN    43
2021 11 04 21 36 MAX   357
2021 11 05 04 07 MIN     8
2021 11 05 10 12 MAX   395
2021 11 05 16 45 MIN    39
2021 11 05 22 16 MAX   353
2021 11 06 04 46 MIN    -3
2021 11 06 10 56 MAX   405
2021 11 06 17 32 MIN    47
2021 11 06 22 56 MAX   339
2021 11 07 05 27 MIN    -1
2021 11 07 11 42 MAX   401
2021 11 07 18 21 MIN    66
2021 11 07 23 38 MAX   316
2021 11 08 06 09 MIN    14
2021 11 08 12 31 MAX   383
2021 11 08 19 14 MIN    93
2021 11 09 00 22 MAX   288
2021 11 09 06 56 MIN    40
2021 11 09 13 26 MAX   356
2021 11 09 20 15 MIN   120
2021 11 10 01 13 MAX   258
2021 11 10 07 50 MIN    72
2021 11 10 14 33 MAX   326
2021 11 10 21 28 MIN   141
2021 11 11 02 19 MAX   233
2021 11 11 08 57 MIN   103
2021 11 11 16 03 MAX   303
2021 11 11 22 55 MIN   146
2021 11 12 04 05 MAX   222
2021 11 12 10 25 MIN   123
2021 11 12 17 37 MAX   295
2021 11 13 00 14 MIN   136
2021 11 13 05 56 MAX   235
2021 11 13 11 57 MIN   128
2021 11 13 18 42 MAX   295
2021 11 14 01 11 MIN   119
2021 11 14 07 03 MAX   259
2021 11 14 13 10 MIN   121
2021 11 14 19 28 MAX   297
2021 11 15 01 54 MIN   100
2021 11 15 07 50 MAX   283
2021 11 15 14 06 MIN   112
2021 11 15 20 04 MAX   299
2021 11 16 02 29 MIN    84
2021 11 16 08 28 MAX   305
2021 11 16 14 50 MIN   103
2021 11 16 20 35 MAX   301
2021 11 17 03 01 MIN    69
2021 11 17 09 02 MAX   323
2021 11 17 15 29 MIN    97
2021 11 17 21 04 MAX   301
2021 11 18 03 30 MIN    58
2021 11 18 09 34 MAX   337
2021 11 18 16 04 MIN    94
2021 11 18 21 33 MAX   300
2021 11 19 03 58 MIN    50
2021 11 19 10 06 MAX   347
2021 11 19 16 36 MIN    94
2021 11 19 22 01 MAX   296
2021 11 20 04 24 MIN    46
2021 11 20 10 37 MAX   352
2021 11 20 17 09 MIN    97
2021 11 20 22 30 MAX   290
2021 11 21 04 52 MIN    45
2021 11 21 11 09 MAX   352
2021 11 21 17 41 MIN   104
2021 11 21 23 00 MAX   282
2021 11 22 05 21 MIN    50
2021 11 22 11 43 MAX   347
2021 11 22 18 15 MIN   114
2021 11 22 23 30 MAX   272
2021 11 23 05 54 MIN    59
2021 11 23 12 18 MAX   337
2021 11 23 18 53 MIN   127
2021 11 24 00 04 MAX   260
2021 11 24 06 30 MIN    73
2021 11 24 12 57 MAX   322
2021 11 24 19 37 MIN   140
2021 11 25 00 41 MAX   245
2021 11 25 07 12 MIN    91
2021 11 25 13 42 MAX   306
2021 11 25 20 30 MIN   150
2021 11 26 01 29 MAX   230
2021 11 26 08 04 MIN   109
2021 11 26 14 38 MAX   290
2021 11 26 21 37 MIN   155
2021 11 27 02 42 MAX   220
2021 11 27 09 12 MIN   125
2021 11 27 15 47 MAX   281
2021 11 27 22 52 MIN   148
2021 11 28 04 25 MAX   222
2021 11 28 10 33 MIN   131
2021 11 28 17 01 MAX   280
2021 11 28 23 57 MIN   129
2021 11 29 05 51 MAX   242
2021 11 29 11 53 MIN   125
2021 11 29 18 03 MAX   288
2021 11 30 00 49 MIN   104
2021 11 30 06 51 MAX   272
2021 11 30 13 02 MIN   110
2021 11 30 18 55 MAX   299
2021 12 01 01 34 MIN    75
2021 12 01 07 41 MAX   306
2021 12 01 14 01 MIN    90
2021 12 01 19 43 MAX   310
2021 12 02 02 17 MIN    44
2021 12 02 08 28 MAX   342
2021 12 02 14 55 MIN    70
2021 12 02 20 28 MAX   319
2021 12 03 02 59 MIN    16
2021 12 03 09 14 MAX   373
2021 12 03 15 46 MIN    56
2021 12 03 21 13 MAX   324
2021 12 04 03 43 MIN    -5
2021 12 04 10 01 MAX   395
2021 12 04 16 36 MIN    49
2021 12 04 21 58 MAX   323
2021 12 05 04 26 MIN   -16
2021 12 05 10 48 MAX   406
2021 12 05 17 25 MIN    51
2021 12 05 22 43 MAX   315
2021 12 06 05 12 MIN   -15
2021 12 06 11 36 MAX   402
2021 12 06 18 15 MIN    62
2021 12 06 23 28 MAX   301
2021 12 07 05 58 MIN    -2
2021 12 07 12 25 MAX   387
2021 12 07 19 07 MIN    79
2021 12 08 00 16 MAX   284
2021 12 08 06 47 MIN    22
2021 12 08 13 16 MAX   362
2021 12 08 20 01 MIN    98
2021 12 09 01 07 MAX   264
2021 12 09 07 39 MIN    53
2021 12 09 14 11 MAX   333
2021 12 09 21 00 MIN   114
2021 12 10 02 07 MAX   246
2021 12 10 08 37 MIN    85
2021 12 10 15 13 MAX   305
2021 12 10 22 05 MIN   123
2021 12 11 03 23 MAX   235
2021 12 11 09 45 MIN   114
2021 12 11 16 22 MAX   284
2021 12 11 23 11 MIN   123
2021 12 12 04 56 MAX   236
2021 12 12 11 04 MIN   133
2021 12 12 17 32 MAX   270
2021 12 13 00 13 MIN   115
2021 12 13 06 20 MAX   249
2021 12 13 12 25 MIN   140
2021 12 13 18 30 MAX   264
2021 12 14 01 05 MIN   103
2021 12 14 07 20 MAX   268
2021 12 14 13 34 MIN   137
2021 12 14 19 18 MAX   262
2021 12 15 01 48 MIN    89
2021 12 15 08 07 MAX   287
2021 12 15 14 28 MIN   130
2021 12 15 19 59 MAX   263
2021 12 16 02 25 MIN    76
2021 12 16 08 45 MAX   305
2021 12 16 15 12 MIN   121
2021 12 16 20 35 MAX   265
2021 12 17 02 58 MIN    64
2021 12 17 09 20 MAX   320
2021 12 17 15 50 MIN   112
2021 12 17 21 09 MAX   268
2021 12 18 03 30 MIN    53
2021 12 18 09 53 MAX   333
2021 12 18 16 25 MIN   105
2021 12 18 21 42 MAX   271
2021 12 19 04 02 MIN    44
2021 12 19 10 25 MAX   343
2021 12 19 16 57 MIN   101
2021 12 19 22 15 MAX   273
2021 12 20 04 34 MIN    38
2021 12 20 10 58 MAX   348
2021 12 20 17 31 MIN    99
2021 12 20 22 48 MAX   274
2021 12 21 05 08 MIN    36
2021 12 21 11 31 MAX   349
2021 12 21 18 05 MIN   101
2021 12 21 23 21 MAX   272
2021 12 22 05 44 MIN    39
2021 12 22 12 06 MAX   344
2021 12 22 18 41 MIN   106
2021 12 22 23 57 MAX   268
2021 12 23 06 22 MIN    48
2021 12 23 12 42 MAX   336
2021 12 23 19 20 MIN   111
2021 12 24 00 35 MAX   261
2021 12 24 07 03 MIN    62
2021 12 24 13 21 MAX   324
2021 12 24 20 03 MIN   117
2021 12 25 01 20 MAX   253
2021 12 25 07 49 MIN    80
2021 12 25 14 04 MAX   310
2021 12 25 20 51 MIN   119
2021 12 26 02 14 MAX   245
2021 12 26 08 41 MIN    98
2021 12 26 14 53 MAX   296
2021 12 26 21 46 MIN   117
2021 12 27 03 24 MAX   242
2021 12 27 09 46 MIN   114
2021 12 27 15 51 MAX   284
2021 12 27 22 46 MIN   109
2021 12 28 04 47 MAX   250
2021 12 28 11 03 MIN   124
2021 12 28 16 57 MAX   276
2021 12 28 23 49 MIN    93
2021 12 29 06 07 MAX   270
2021 12 29 12 24 MIN   122
2021 12 29 18 05 MAX   273
2021 12 30 00 48 MIN    71
2021 12 30 07 15 MAX   300
2021 12 30 13 39 MIN   109
2021 12 30 19 09 MAX   277
2021 12 31 01 44 MIN    46
2021 12 31 08 14 MAX   332
2021 12 31 14 44 MIN    90
2021 12 31 20 07 MAX   284
