<TOPS - 조위예측극치자료>

대상조위관측소 : 왕돌초
위도(WGS84) : N  36도 43분 09초
경도(WGS84) : E 129도 43분 57초
관측기간 : 2022-01-01 00:00:00 ~ 2022-12-31 23:59:00

2021 12 01 00 27 MAX    17
2021 12 01 06 43 MIN     7
2021 12 01 12 53 MAX    16
2021 12 01 18 53 MIN     9
2021 12 02 00 44 MAX    18
2021 12 02 07 25 MIN     4
2021 12 02 14 10 MAX    17
2021 12 02 19 26 MIN    12
2021 12 03 01 07 MAX    21
2021 12 03 08 06 MIN     2
2021 12 03 15 54 MAX    19
2021 12 03 19 55 MIN    16
2021 12 04 01 36 MAX    24
2021 12 04 08 51 MIN     1
2021 12 04 17 34 MAX    20
2021 12 04 20 25 MIN    18
2021 12 05 02 13 MAX    27
2021 12 05 09 42 MIN     0
2021 12 05 18 39 MAX    21
2021 12 05 20 56 MIN    20
2021 12 06 02 54 MAX    29
2021 12 06 10 39 MIN     0
2021 12 07 03 41 MAX    30
2021 12 07 11 45 MIN     0
2021 12 08 04 33 MAX    29
2021 12 08 12 50 MIN     1
2021 12 08 21 23 MAX    20
2021 12 08 23 27 MIN    19
2021 12 09 05 32 MAX    27
2021 12 09 13 49 MIN     2
2021 12 09 22 02 MAX    18
2021 12 10 01 24 MIN    17
2021 12 10 06 44 MAX    23
2021 12 10 14 45 MIN     3
2021 12 10 22 31 MAX    17
2021 12 11 02 50 MIN    14
2021 12 11 08 06 MAX    20
2021 12 11 15 39 MIN     4
2021 12 11 22 52 MAX    16
2021 12 12 04 15 MIN    11
2021 12 12 09 29 MAX    16
2021 12 12 16 32 MIN     5
2021 12 12 23 10 MAX    15
2021 12 13 05 37 MIN     7
2021 12 13 10 57 MAX    13
2021 12 13 17 23 MIN     6
2021 12 13 23 32 MAX    15
2021 12 14 06 39 MIN     4
2021 12 14 12 36 MAX    11
2021 12 14 18 07 MIN     7
2021 12 14 23 57 MAX    15
2021 12 15 07 27 MIN     1
2021 12 15 14 30 MAX    11
2021 12 15 18 45 MIN     8
2021 12 16 00 23 MAX    15
2021 12 16 08 07 MIN     0
2021 12 16 15 56 MAX    12
2021 12 16 19 17 MIN    10
2021 12 17 00 50 MAX    16
2021 12 17 08 41 MIN    -1
2021 12 17 16 53 MAX    13
2021 12 17 19 41 MIN    11
2021 12 18 01 15 MAX    17
2021 12 18 09 14 MIN    -1
2021 12 18 17 41 MAX    14
2021 12 18 19 58 MIN    13
2021 12 19 01 42 MAX    18
2021 12 19 09 46 MIN    -1
2021 12 20 02 12 MAX    19
2021 12 20 10 20 MIN    -1
2021 12 21 02 47 MAX    20
2021 12 21 10 59 MIN    -1
2021 12 22 03 24 MAX    20
2021 12 22 11 42 MIN     0
2021 12 23 04 06 MAX    20
2021 12 23 12 27 MIN     0
2021 12 24 04 51 MAX    19
2021 12 24 13 12 MIN     0
2021 12 25 05 41 MAX    18
2021 12 25 13 57 MIN     0
2021 12 25 21 54 MAX    13
2021 12 26 01 36 MIN    11
2021 12 26 06 44 MAX    15
2021 12 26 14 43 MIN     1
2021 12 26 22 16 MAX    13
2021 12 27 03 01 MIN     9
2021 12 27 08 02 MAX    13
2021 12 27 15 32 MIN     3
2021 12 27 22 33 MAX    13
2021 12 28 04 21 MIN     7
2021 12 28 09 37 MAX    12
2021 12 28 16 24 MIN     5
2021 12 28 22 50 MAX    14
2021 12 29 05 27 MIN     4
2021 12 29 11 33 MAX    11
2021 12 29 17 15 MIN     8
2021 12 29 23 12 MAX    15
2021 12 30 06 21 MIN     1
2021 12 30 14 11 MAX    12
2021 12 30 17 58 MIN    10
2021 12 30 23 43 MAX    17
2021 12 31 07 09 MIN    -1
2021 12 31 15 57 MAX    14
2021 12 31 18 35 MIN    13
2022 01 01 00 19 MAX    20
2022 01 01 07 58 MIN    -3
2022 01 01 17 02 MAX    16
2022 01 01 18 57 MIN    15
2022 01 02 01 01 MAX    22
2022 01 02 08 50 MIN    -4
2022 01 02 17 58 MAX    17
2022 01 02 19 30 MIN    16
2022 01 03 01 54 MAX    25
2022 01 03 09 47 MIN    -4
2022 01 04 02 43 MAX    26
2022 01 04 10 44 MIN    -4
2022 01 05 03 35 MAX    26
2022 01 05 11 42 MIN    -3
2022 01 06 04 29 MAX    25
2022 01 06 12 34 MIN    -2
2022 01 06 21 00 MAX    14
2022 01 06 23 33 MIN    13
2022 01 07 05 25 MAX    22
2022 01 07 13 21 MIN    -1
2022 01 07 21 07 MAX    13
2022 01 08 00 56 MIN    11
2022 01 08 06 28 MAX    18
2022 01 08 14 04 MIN     0
2022 01 08 21 19 MAX    12
2022 01 09 02 20 MIN     8
2022 01 09 07 40 MAX    14
2022 01 09 14 45 MIN     2
2022 01 09 21 34 MAX    11
2022 01 10 03 46 MIN     5
2022 01 10 09 04 MAX    10
2022 01 10 15 24 MIN     3
2022 01 10 21 52 MAX    11
2022 01 11 05 06 MIN     1
2022 01 11 10 56 MAX     7
2022 01 11 16 06 MIN     4
2022 01 11 22 16 MAX    11
2022 01 12 06 14 MIN    -1
2022 01 12 22 45 MAX    11
2022 01 13 07 04 MIN    -4
2022 01 13 23 15 MAX    11
2022 01 14 07 49 MIN    -5
2022 01 14 23 57 MAX    12
2022 01 15 08 29 MIN    -5
2022 01 16 00 27 MAX    12
2022 01 16 09 03 MIN    -6
2022 01 17 01 19 MAX    14
2022 01 17 09 39 MIN    -5
2022 01 18 01 59 MAX    15
2022 01 18 10 15 MIN    -5
2022 01 19 02 40 MAX    16
2022 01 19 10 52 MIN    -5
2022 01 20 03 23 MAX    17
2022 01 20 11 29 MIN    -5
2022 01 21 04 04 MAX    16
2022 01 21 12 06 MIN    -4
2022 01 21 20 02 MAX     9
2022 01 21 22 52 MIN     8
2022 01 22 04 52 MAX    16
2022 01 22 12 41 MIN    -4
2022 01 22 20 14 MAX     9
2022 01 23 00 03 MIN     7
2022 01 23 05 43 MAX    14
2022 01 23 13 18 MIN    -2
2022 01 23 20 25 MAX     9
2022 01 24 01 14 MIN     5
2022 01 24 06 43 MAX    12
2022 01 24 13 53 MIN     0
2022 01 24 20 39 MAX     9
2022 01 25 02 27 MIN     3
2022 01 25 08 00 MAX     9
2022 01 25 14 27 MIN     2
2022 01 25 20 56 MAX    10
2022 01 26 03 43 MIN     0
2022 01 26 09 59 MAX     7
2022 01 26 14 56 MIN     5
2022 01 26 21 24 MAX    12
2022 01 27 04 58 MIN    -2
2022 01 27 22 01 MAX    13
2022 01 28 06 03 MIN    -4
2022 01 28 22 52 MAX    15
2022 01 29 07 02 MIN    -6
2022 01 29 23 53 MAX    17
2022 01 30 07 59 MIN    -7
2022 01 31 00 51 MAX    18
2022 01 31 08 54 MIN    -8
2022 02 01 01 51 MAX    20
2022 02 01 09 49 MIN    -8
2022 02 02 02 43 MAX    20
2022 02 02 10 40 MIN    -7
2022 02 02 19 15 MAX    10
2022 02 02 21 03 MIN     9
2022 02 03 03 34 MAX    20
2022 02 03 11 24 MIN    -7
2022 02 03 19 30 MAX     9
2022 02 03 22 27 MIN     7
2022 02 04 04 25 MAX    18
2022 02 04 12 05 MIN    -5
2022 02 04 19 29 MAX     8
2022 02 04 23 35 MIN     5
2022 02 05 05 17 MAX    15
2022 02 05 12 41 MIN    -4
2022 02 05 19 30 MAX     8
2022 02 06 00 42 MIN     3
2022 02 06 06 16 MAX    11
2022 02 06 13 14 MIN    -2
2022 02 06 19 37 MAX     8
2022 02 07 01 51 MIN     0
2022 02 07 07 24 MAX     8
2022 02 07 13 40 MIN    -1
2022 02 07 19 54 MAX     8
2022 02 08 03 05 MIN    -2
2022 02 08 09 01 MAX     4
2022 02 08 13 55 MIN     1
2022 02 08 20 15 MAX     7
2022 02 09 04 20 MIN    -4
2022 02 09 20 35 MAX     7
2022 02 10 05 30 MIN    -6
2022 02 10 21 01 MAX     7
2022 02 11 06 32 MIN    -7
2022 02 11 21 42 MAX     7
2022 02 12 07 24 MIN    -8
2022 02 12 22 48 MAX     7
2022 02 13 08 07 MIN    -9
2022 02 14 00 11 MAX     8
2022 02 14 08 47 MIN    -9
2022 02 15 01 09 MAX     9
2022 02 15 09 23 MIN    -9
2022 02 16 01 55 MAX    10
2022 02 16 09 57 MIN    -9
2022 02 17 02 41 MAX    12
2022 02 17 10 30 MIN    -9
2022 02 17 17 52 MAX     5
2022 02 17 21 12 MIN     3
2022 02 18 03 21 MAX    12
2022 02 18 11 02 MIN    -8
2022 02 18 18 06 MAX     5
2022 02 18 22 04 MIN     3
2022 02 19 04 06 MAX    12
2022 02 19 11 34 MIN    -6
2022 02 19 18 03 MAX     6
2022 02 19 23 00 MIN     1
2022 02 20 04 53 MAX    12
2022 02 20 12 04 MIN    -4
2022 02 20 18 10 MAX     7
2022 02 20 23 55 MIN     0
2022 02 21 05 47 MAX    10
2022 02 21 12 31 MIN    -2
2022 02 21 18 32 MAX     8
2022 02 22 00 54 MIN    -2
2022 02 22 06 55 MAX     8
2022 02 22 13 01 MIN     1
2022 02 22 19 00 MAX     9
2022 02 23 02 01 MIN    -4
2022 02 23 08 39 MAX     6
2022 02 23 13 22 MIN     3
2022 02 23 19 33 MAX    10
2022 02 24 03 16 MIN    -6
2022 02 24 20 15 MAX    11
2022 02 25 04 34 MIN    -7
2022 02 25 21 11 MAX    12
2022 02 26 05 48 MIN    -8
2022 02 26 22 21 MAX    12
2022 02 27 06 56 MIN    -9
2022 02 27 23 45 MAX    13
2022 02 28 07 56 MIN   -10
2022 03 01 00 57 MAX    14
2022 03 01 08 50 MIN   -10
2022 03 01 17 44 MAX     6
2022 03 01 19 46 MIN     5
2022 03 02 01 54 MAX    14
2022 03 02 09 38 MIN    -9
2022 03 02 17 49 MAX     6
2022 03 02 20 43 MIN     4
2022 03 03 02 45 MAX    14
2022 03 03 10 18 MIN    -8
2022 03 03 17 39 MAX     5
2022 03 03 21 41 MIN     2
2022 03 04 03 33 MAX    13
2022 03 04 10 52 MIN    -7
2022 03 04 17 34 MAX     5
2022 03 04 22 36 MIN     1
2022 03 05 04 21 MAX    12
2022 03 05 11 25 MIN    -5
2022 03 05 17 22 MAX     6
2022 03 05 23 30 MIN    -1
2022 03 06 05 16 MAX     9
2022 03 06 11 55 MIN    -3
2022 03 06 17 45 MAX     6
2022 03 07 00 25 MIN    -3
2022 03 07 06 15 MAX     7
2022 03 07 12 19 MIN    -1
2022 03 07 17 59 MAX     7
2022 03 08 01 22 MIN    -5
2022 03 08 07 48 MAX     4
2022 03 08 12 30 MIN     0
2022 03 08 18 18 MAX     7
2022 03 09 02 21 MIN    -6
2022 03 09 09 50 MAX     2
2022 03 09 12 21 MIN     1
2022 03 09 18 35 MAX     7
2022 03 10 03 24 MIN    -7
2022 03 10 18 56 MAX     7
2022 03 11 04 32 MIN    -8
2022 03 11 19 24 MAX     6
2022 03 12 05 39 MIN    -9
2022 03 12 20 10 MAX     5
2022 03 13 06 42 MIN    -9
2022 03 13 21 54 MAX     5
2022 03 14 07 32 MIN   -10
2022 03 14 23 44 MAX     5
2022 03 15 08 14 MIN   -10
2022 03 16 01 04 MAX     7
2022 03 16 08 50 MIN   -10
2022 03 16 15 59 MAX     3
2022 03 16 19 51 MIN     1
2022 03 17 01 51 MAX     8
2022 03 17 09 23 MIN    -9
2022 03 17 16 03 MAX     4
2022 03 17 20 36 MIN     1
2022 03 18 02 36 MAX     9
2022 03 18 09 53 MIN    -8
2022 03 18 16 10 MAX     5
2022 03 18 21 22 MIN     0
2022 03 19 03 21 MAX    10
2022 03 19 10 21 MIN    -6
2022 03 19 16 24 MAX     6
2022 03 19 22 06 MIN    -1
2022 03 20 04 07 MAX    11
2022 03 20 10 50 MIN    -3
2022 03 20 16 36 MAX     8
2022 03 20 22 52 MIN    -3
2022 03 21 05 04 MAX    10
2022 03 21 11 16 MIN     0
2022 03 21 16 59 MAX    10
2022 03 21 23 40 MIN    -5
2022 03 22 06 18 MAX     9
2022 03 22 11 43 MIN     3
2022 03 22 17 27 MAX    11
2022 03 23 00 40 MIN    -6
2022 03 23 08 09 MAX     8
2022 03 23 12 11 MIN     6
2022 03 23 18 01 MAX    13
2022 03 24 01 48 MIN    -7
2022 03 24 10 20 MAX     8
2022 03 24 12 27 MIN     7
2022 03 24 18 43 MAX    14
2022 03 25 03 02 MIN    -8
2022 03 25 19 35 MAX    13
2022 03 26 04 18 MIN    -8
2022 03 26 20 51 MAX    13
2022 03 27 05 33 MIN    -8
2022 03 27 22 22 MAX    12
2022 03 28 06 44 MIN    -8
2022 03 28 15 43 MAX     7
2022 03 28 18 08 MIN     6
2022 03 28 23 52 MAX    12
2022 03 29 07 42 MIN    -8
2022 03 29 15 53 MAX     6
2022 03 29 19 21 MIN     4
2022 03 30 01 02 MAX    12
2022 03 30 08 30 MIN    -7
2022 03 30 15 59 MAX     6
2022 03 30 20 16 MIN     2
2022 03 31 01 57 MAX    11
2022 03 31 09 07 MIN    -6
2022 03 31 15 49 MAX     6
2022 03 31 21 06 MIN     1
2022 04 01 02 47 MAX    11
2022 04 01 09 41 MIN    -4
2022 04 01 15 38 MAX     7
2022 04 01 21 51 MIN    -1
2022 04 02 03 38 MAX    10
2022 04 02 10 11 MIN    -2
2022 04 02 15 53 MAX     8
2022 04 02 22 34 MIN    -3
2022 04 03 04 34 MAX     9
2022 04 03 10 39 MIN     0
2022 04 03 16 12 MAX     9
2022 04 03 23 20 MIN    -4
2022 04 04 05 46 MAX     8
2022 04 04 11 02 MIN     2
2022 04 04 16 32 MAX    10
2022 04 05 00 06 MIN    -5
2022 04 05 07 14 MAX     7
2022 04 05 11 20 MIN     4
2022 04 05 16 50 MAX    11
2022 04 06 00 54 MIN    -5
2022 04 06 08 45 MAX     7
2022 04 06 11 21 MIN     5
2022 04 06 17 09 MAX    11
2022 04 07 01 44 MIN    -6
2022 04 07 17 31 MAX    11
2022 04 08 02 37 MIN    -6
2022 04 08 17 56 MAX    10
2022 04 09 03 36 MIN    -6
2022 04 09 18 33 MAX     9
2022 04 10 04 41 MIN    -6
2022 04 10 19 34 MAX     8
2022 04 11 05 46 MIN    -6
2022 04 11 21 26 MAX     7
2022 04 12 06 43 MIN    -6
2022 04 12 14 58 MAX     5
2022 04 12 18 04 MIN     4
2022 04 12 23 28 MAX     7
2022 04 13 07 29 MIN    -6
2022 04 13 14 32 MAX     6
2022 04 13 19 14 MIN     3
2022 04 14 00 45 MAX     8
2022 04 14 08 06 MIN    -5
2022 04 14 14 43 MAX     7
2022 04 14 19 57 MIN     2
2022 04 15 01 43 MAX    10
2022 04 15 08 40 MIN    -3
2022 04 15 14 56 MAX     8
2022 04 15 20 34 MIN     1
2022 04 16 02 34 MAX    11
2022 04 16 09 07 MIN    -1
2022 04 16 15 05 MAX    10
2022 04 16 21 12 MIN     0
2022 04 17 03 28 MAX    12
2022 04 17 09 37 MIN     3
2022 04 17 15 19 MAX    13
2022 04 17 21 51 MIN    -2
2022 04 18 04 31 MAX    13
2022 04 18 10 01 MIN     6
2022 04 18 15 41 MAX    15
2022 04 18 22 38 MIN    -3
2022 04 19 05 59 MAX    14
2022 04 19 10 31 MIN    10
2022 04 19 16 10 MAX    18
2022 04 19 23 32 MIN    -4
2022 04 20 07 53 MAX    14
2022 04 20 10 58 MIN    12
2022 04 20 16 45 MAX    20
2022 04 21 00 36 MIN    -4
2022 04 21 09 16 MAX    15
2022 04 21 11 17 MIN    14
2022 04 21 17 28 MAX    21
2022 04 22 01 44 MIN    -4
2022 04 22 18 20 MAX    20
2022 04 23 02 55 MIN    -4
2022 04 23 19 29 MAX    19
2022 04 24 04 05 MIN    -3
2022 04 24 20 56 MAX    17
2022 04 25 05 16 MIN    -2
2022 04 25 13 50 MAX    12
2022 04 25 17 08 MIN    10
2022 04 25 22 27 MAX    15
2022 04 26 06 19 MIN    -2
2022 04 26 14 07 MAX    11
2022 04 26 18 32 MIN     8
2022 04 26 23 53 MAX    14
2022 04 27 07 12 MIN    -1
2022 04 27 14 13 MAX    11
2022 04 27 19 35 MIN     5
2022 04 28 01 05 MAX    13
2022 04 28 07 54 MIN     1
2022 04 28 14 18 MAX    11
2022 04 28 20 25 MIN     3
2022 04 29 02 09 MAX    12
2022 04 29 08 26 MIN     2
2022 04 29 14 25 MAX    12
2022 04 29 21 07 MIN     1
2022 04 30 03 10 MAX    12
2022 04 30 08 55 MIN     4
2022 04 30 14 42 MAX    13
2022 04 30 21 48 MIN     0
2022 05 01 04 24 MAX    12
2022 05 01 09 27 MIN     7
2022 05 01 14 59 MAX    15
2022 05 01 22 30 MIN     0
2022 05 02 05 50 MAX    13
2022 05 02 09 50 MIN     9
2022 05 02 15 19 MAX    16
2022 05 02 23 07 MIN    -1
2022 05 03 07 00 MAX    13
2022 05 03 10 08 MIN    11
2022 05 03 15 39 MAX    17
2022 05 03 23 49 MIN    -1
2022 05 04 08 06 MAX    14
2022 05 04 10 07 MIN    13
2022 05 04 16 00 MAX    18
2022 05 05 00 32 MIN    -1
2022 05 05 16 23 MAX    18
2022 05 06 01 13 MIN     0
2022 05 06 16 56 MAX    18
2022 05 07 02 02 MIN     0
2022 05 07 17 33 MAX    17
2022 05 08 02 56 MIN     0
2022 05 08 18 23 MAX    16
2022 05 09 03 53 MIN     0
2022 05 09 19 28 MAX    14
2022 05 10 04 50 MIN     1
2022 05 10 12 52 MAX    12
2022 05 10 16 00 MIN    11
2022 05 10 21 16 MAX    13
2022 05 11 05 49 MIN     1
2022 05 11 13 13 MAX    12
2022 05 11 18 05 MIN     9
2022 05 11 23 09 MAX    13
2022 05 12 06 38 MIN     2
2022 05 12 13 25 MAX    13
2022 05 12 18 58 MIN     8
2022 05 13 00 31 MAX    13
2022 05 13 07 18 MIN     4
2022 05 13 13 34 MAX    15
2022 05 13 19 37 MIN     6
2022 05 14 01 41 MAX    15
2022 05 14 07 51 MIN     7
2022 05 14 13 47 MAX    17
2022 05 14 20 15 MIN     5
2022 05 15 02 43 MAX    17
2022 05 15 08 20 MIN    11
2022 05 15 14 04 MAX    19
2022 05 15 20 52 MIN     3
2022 05 16 04 28 MAX    18
2022 05 16 08 48 MIN    15
2022 05 16 14 27 MAX    22
2022 05 16 21 37 MIN     2
2022 05 17 06 05 MAX    20
2022 05 17 09 14 MIN    18
2022 05 17 15 00 MAX    26
2022 05 17 22 32 MIN     2
2022 05 18 07 25 MAX    22
2022 05 18 09 37 MIN    21
2022 05 18 15 37 MAX    28
2022 05 18 23 29 MIN     1
2022 05 19 16 22 MAX    29
2022 05 20 00 37 MIN     2
2022 05 20 17 15 MAX    29
2022 05 21 01 43 MIN     2
2022 05 21 18 19 MAX    28
2022 05 22 02 45 MIN     3
2022 05 22 19 38 MAX    26
2022 05 23 03 47 MIN     5
2022 05 23 11 58 MAX    19
2022 05 23 15 34 MIN    17
2022 05 23 21 02 MAX    23
2022 05 24 04 47 MIN     6
2022 05 24 12 17 MAX    18
2022 05 24 17 08 MIN    14
2022 05 24 22 26 MAX    20
2022 05 25 05 43 MIN     7
2022 05 25 12 29 MAX    18
2022 05 25 18 28 MIN    11
2022 05 25 23 54 MAX    18
2022 05 26 06 31 MIN     9
2022 05 26 12 47 MAX    18
2022 05 26 19 31 MIN     9
2022 05 27 01 21 MAX    17
2022 05 27 07 11 MIN    11
2022 05 27 13 04 MAX    19
2022 05 27 20 20 MIN     7
2022 05 28 03 00 MAX    17
2022 05 28 07 43 MIN    12
2022 05 28 13 26 MAX    20
2022 05 28 20 59 MIN     5
2022 05 29 04 22 MAX    17
2022 05 29 08 14 MIN    14
2022 05 29 13 50 MAX    21
2022 05 29 21 39 MIN     5
2022 05 30 05 36 MAX    19
2022 05 30 08 43 MIN    17
2022 05 30 14 12 MAX    22
2022 05 30 22 17 MIN     5
2022 05 31 06 33 MAX    20
2022 05 31 08 57 MIN    19
2022 05 31 14 37 MAX    24
2022 05 31 22 56 MIN     5
2022 06 01 07 28 MAX    21
2022 06 01 08 55 MIN    20
2022 06 01 15 01 MAX    25
2022 06 01 23 35 MIN     6
2022 06 02 15 31 MAX    26
2022 06 03 00 20 MIN     6
2022 06 03 16 04 MAX    26
2022 06 04 00 58 MIN     7
2022 06 04 16 45 MAX    26
2022 06 05 01 42 MIN     7
2022 06 05 17 28 MAX    24
2022 06 06 02 26 MIN     7
2022 06 06 18 25 MAX    23
2022 06 07 03 11 MIN     8
2022 06 07 11 19 MAX    19
2022 06 07 14 13 MIN    18
2022 06 07 19 34 MAX    21
2022 06 08 04 00 MIN     9
2022 06 08 11 38 MAX    19
2022 06 08 16 07 MIN    17
2022 06 08 21 00 MAX    19
2022 06 09 04 53 MIN    10
2022 06 09 11 52 MAX    20
2022 06 09 17 31 MIN    15
2022 06 09 22 46 MAX    19
2022 06 10 05 43 MIN    12
2022 06 10 12 08 MAX    21
2022 06 10 18 27 MIN    13
2022 06 11 00 40 MAX    19
2022 06 11 06 24 MIN    15
2022 06 11 12 24 MAX    23
2022 06 11 19 10 MIN    11
2022 06 12 02 36 MAX    21
2022 06 12 06 59 MIN    18
2022 06 12 12 44 MAX    25
2022 06 12 19 51 MIN     9
2022 06 13 04 20 MAX    23
2022 06 13 07 26 MIN    22
2022 06 13 13 11 MAX    28
2022 06 13 20 38 MIN     8
2022 06 14 05 44 MAX    26
2022 06 14 07 50 MIN    25
2022 06 14 13 51 MAX    32
2022 06 14 21 28 MIN     7
2022 06 15 14 31 MAX    34
2022 06 15 22 29 MIN     7
2022 06 16 15 21 MAX    36
2022 06 16 23 34 MIN     7
2022 06 17 16 16 MAX    37
2022 06 18 00 37 MIN     8
2022 06 18 17 16 MAX    36
2022 06 19 01 34 MIN     9
2022 06 19 18 23 MAX    34
2022 06 20 02 27 MIN    11
2022 06 20 10 19 MAX    25
2022 06 20 13 56 MIN    23
2022 06 20 19 36 MAX    30
2022 06 21 03 17 MIN    12
2022 06 21 10 34 MAX    24
2022 06 21 15 24 MIN    20
2022 06 21 20 56 MAX    27
2022 06 22 04 07 MIN    14
2022 06 22 10 47 MAX    24
2022 06 22 16 53 MIN    17
2022 06 22 22 24 MAX    23
2022 06 23 04 55 MIN    16
2022 06 23 11 08 MAX    24
2022 06 23 18 11 MIN    14
2022 06 24 00 19 MAX    21
2022 06 24 05 42 MIN    17
2022 06 24 11 35 MAX    24
2022 06 24 19 12 MIN    12
2022 06 25 02 34 MAX    21
2022 06 25 06 22 MIN    19
2022 06 25 12 05 MAX    25
2022 06 25 20 01 MIN    10
2022 06 26 04 05 MAX    22
2022 06 26 07 02 MIN    20
2022 06 26 12 34 MAX    25
2022 06 26 20 44 MIN     9
2022 06 27 05 08 MAX    23
2022 06 27 07 31 MIN    22
2022 06 27 13 04 MAX    26
2022 06 27 21 26 MIN     9
2022 06 28 06 13 MAX    24
2022 06 28 07 52 MIN    23
2022 06 28 13 33 MAX    27
2022 06 28 22 06 MIN    10
2022 06 29 14 09 MAX    29
2022 06 29 22 49 MIN    10
2022 06 30 14 42 MAX    30
2022 06 30 23 25 MIN    11
2022 07 01 15 20 MAX    31
2022 07 02 00 06 MIN    11
2022 07 02 16 00 MAX    31
2022 07 03 00 45 MIN    11
2022 07 03 16 42 MAX    30
2022 07 04 01 17 MIN    12
2022 07 04 09 33 MAX    24
2022 07 04 11 08 MIN    23
2022 07 04 17 31 MAX    29
2022 07 05 01 53 MIN    12
2022 07 05 09 58 MAX    23
2022 07 05 12 52 MIN    22
2022 07 05 18 27 MAX    27
2022 07 06 02 28 MIN    13
2022 07 06 10 01 MAX    23
2022 07 06 14 14 MIN    21
2022 07 06 19 34 MAX    25
2022 07 07 03 07 MIN    15
2022 07 07 10 09 MAX    24
2022 07 07 15 37 MIN    19
2022 07 07 20 57 MAX    24
2022 07 08 03 50 MIN    17
2022 07 08 10 22 MAX    25
2022 07 08 16 52 MIN    17
2022 07 08 22 55 MAX    23
2022 07 09 04 34 MIN    20
2022 07 09 10 41 MAX    26
2022 07 09 17 53 MIN    15
2022 07 10 02 17 MAX    24
2022 07 10 05 13 MIN    23
2022 07 10 11 07 MAX    28
2022 07 10 18 46 MIN    13
2022 07 11 11 48 MAX    31
2022 07 11 19 40 MIN    12
2022 07 12 12 38 MAX    34
2022 07 12 20 34 MIN    11
2022 07 13 13 28 MAX    36
2022 07 13 21 30 MIN    10
2022 07 14 14 26 MAX    39
2022 07 14 22 32 MIN    10
2022 07 15 15 20 MAX    40
2022 07 15 23 31 MIN    11
2022 07 16 16 15 MAX    39
2022 07 17 00 24 MIN    12
2022 07 17 08 52 MAX    28
2022 07 17 10 57 MIN    27
2022 07 17 17 12 MAX    37
2022 07 18 01 10 MIN    13
2022 07 18 08 54 MAX    27
2022 07 18 12 25 MIN    25
2022 07 18 18 16 MAX    34
2022 07 19 01 53 MIN    15
2022 07 19 08 58 MAX    27
2022 07 19 13 47 MIN    22
2022 07 19 19 28 MAX    30
2022 07 20 02 33 MIN    17
2022 07 20 09 08 MAX    26
2022 07 20 15 08 MIN    19
2022 07 20 20 50 MAX    27
2022 07 21 03 12 MIN    19
2022 07 21 09 27 MAX    26
2022 07 21 16 31 MIN    17
2022 07 21 22 34 MAX    24
2022 07 22 03 54 MIN    20
2022 07 22 09 52 MAX    26
2022 07 22 17 43 MIN    14
2022 07 23 10 22 MAX    26
2022 07 23 18 45 MIN    12
2022 07 24 10 56 MAX    26
2022 07 24 19 39 MIN    11
2022 07 25 11 32 MAX    26
2022 07 25 20 29 MIN    11
2022 07 26 12 26 MAX    27
2022 07 26 21 13 MIN    11
2022 07 27 13 12 MAX    28
2022 07 27 21 54 MIN    11
2022 07 28 13 54 MAX    29
2022 07 28 22 29 MIN    12
2022 07 29 14 39 MAX    31
2022 07 29 23 05 MIN    12
2022 07 30 15 17 MAX    31
2022 07 30 23 38 MIN    12
2022 07 31 15 57 MAX    31
2022 08 01 00 09 MIN    13
2022 08 01 08 06 MAX    24
2022 08 01 10 29 MIN    23
2022 08 01 16 42 MAX    31
2022 08 02 00 39 MIN    14
2022 08 02 08 04 MAX    24
2022 08 02 11 41 MIN    22
2022 08 02 17 30 MAX    29
2022 08 03 01 07 MIN    15
2022 08 03 08 04 MAX    24
2022 08 03 12 47 MIN    21
2022 08 03 18 26 MAX    28
2022 08 04 01 36 MIN    17
2022 08 04 08 07 MAX    25
2022 08 04 13 53 MIN    19
2022 08 04 19 36 MAX    26
2022 08 05 02 03 MIN    19
2022 08 05 08 21 MAX    26
2022 08 05 15 06 MIN    17
2022 08 05 21 32 MAX    24
2022 08 06 02 31 MIN    22
2022 08 06 08 47 MAX    27
2022 08 06 16 21 MIN    15
2022 08 07 09 24 MAX    29
2022 08 07 17 29 MIN    13
2022 08 08 10 08 MAX    30
2022 08 08 18 34 MIN    12
2022 08 09 11 14 MAX    32
2022 08 09 19 36 MIN    11
2022 08 10 12 24 MAX    34
2022 08 10 20 34 MIN    10
2022 08 11 13 28 MAX    36
2022 08 11 21 31 MIN    10
2022 08 12 14 24 MAX    37
2022 08 12 22 24 MIN    11
2022 08 13 15 17 MAX    37
2022 08 13 23 10 MIN    12
2022 08 14 07 22 MAX    26
2022 08 14 09 41 MIN    25
2022 08 14 16 09 MAX    36
2022 08 14 23 51 MIN    13
2022 08 15 07 05 MAX    25
2022 08 15 11 09 MIN    22
2022 08 15 17 05 MAX    33
2022 08 16 00 28 MIN    15
2022 08 16 07 04 MAX    25
2022 08 16 12 19 MIN    20
2022 08 16 18 08 MAX    30
2022 08 17 01 04 MIN    17
2022 08 17 07 08 MAX    26
2022 08 17 13 31 MIN    18
2022 08 17 19 26 MAX    27
2022 08 18 01 36 MIN    19
2022 08 18 07 31 MAX    26
2022 08 18 14 46 MIN    15
2022 08 18 21 10 MAX    24
2022 08 19 02 01 MIN    20
2022 08 19 07 55 MAX    26
2022 08 19 15 59 MIN    13
2022 08 19 23 53 MAX    22
2022 08 20 02 10 MIN    21
2022 08 20 08 22 MAX    26
2022 08 20 17 10 MIN    12
2022 08 21 08 50 MAX    25
2022 08 21 18 17 MIN    11
2022 08 22 09 23 MAX    24
2022 08 22 19 15 MIN    10
2022 08 23 10 35 MAX    24
2022 08 23 20 07 MIN    10
2022 08 24 12 14 MAX    25
2022 08 24 20 48 MIN     9
2022 08 25 13 10 MAX    26
2022 08 25 21 24 MIN     9
2022 08 26 13 54 MAX    27
2022 08 26 21 55 MIN     9
2022 08 27 05 55 MAX    21
2022 08 27 08 01 MIN    20
2022 08 27 14 34 MAX    28
2022 08 27 22 25 MIN    10
2022 08 28 05 41 MAX    21
2022 08 28 08 49 MIN    20
2022 08 28 15 13 MAX    29
2022 08 28 22 53 MIN    11
2022 08 29 05 21 MAX    22
2022 08 29 09 50 MIN    19
2022 08 29 15 53 MAX    29
2022 08 29 23 18 MIN    12
2022 08 30 05 44 MAX    22
2022 08 30 10 40 MIN    18
2022 08 30 16 39 MAX    28
2022 08 30 23 43 MIN    14
2022 08 31 05 48 MAX    23
2022 08 31 11 33 MIN    17
2022 08 31 17 30 MAX    27
2022 09 01 00 14 MIN    17
2022 09 01 06 04 MAX    24
2022 09 01 12 26 MIN    15
2022 09 01 18 42 MAX    25
2022 09 02 00 36 MIN    19
2022 09 02 06 24 MAX    26
2022 09 02 13 33 MIN    14
2022 09 02 20 33 MAX    24
2022 09 03 00 58 MIN    21
2022 09 03 06 57 MAX    27
2022 09 03 14 45 MIN    12
2022 09 04 07 39 MAX    28
2022 09 04 16 02 MIN    11
2022 09 05 08 37 MAX    29
2022 09 05 17 17 MIN    10
2022 09 06 09 49 MAX    29
2022 09 06 18 27 MIN     9
2022 09 07 11 16 MAX    30
2022 09 07 19 30 MIN     8
2022 09 08 12 31 MAX    31
2022 09 08 20 26 MIN     8
2022 09 09 13 32 MAX    32
2022 09 09 21 11 MIN     8
2022 09 10 05 11 MAX    22
2022 09 10 08 10 MIN    21
2022 09 10 14 24 MAX    32
2022 09 10 21 55 MIN    10
2022 09 11 04 56 MAX    22
2022 09 11 09 11 MIN    19
2022 09 11 15 14 MAX    31
2022 09 11 22 27 MIN    11
2022 09 12 04 52 MAX    22
2022 09 12 10 07 MIN    17
2022 09 12 16 06 MAX    29
2022 09 12 23 00 MIN    13
2022 09 13 04 52 MAX    23
2022 09 13 11 04 MIN    15
2022 09 13 17 03 MAX    27
2022 09 13 23 31 MIN    15
2022 09 14 05 11 MAX    24
2022 09 14 12 03 MIN    13
2022 09 14 18 12 MAX    25
2022 09 15 00 01 MIN    17
2022 09 15 05 32 MAX    25
2022 09 15 13 08 MIN    12
2022 09 15 20 02 MAX    22
2022 09 16 00 28 MIN    19
2022 09 16 05 58 MAX    25
2022 09 16 14 15 MIN    10
2022 09 16 21 54 MAX    21
2022 09 17 00 31 MIN    20
2022 09 17 06 20 MAX    25
2022 09 17 15 21 MIN     9
2022 09 18 06 44 MAX    24
2022 09 18 16 26 MIN     9
2022 09 19 07 14 MAX    23
2022 09 19 17 33 MIN     8
2022 09 20 07 59 MAX    21
2022 09 20 18 38 MIN     8
2022 09 21 10 24 MAX    21
2022 09 21 19 27 MIN     7
2022 09 22 11 56 MAX    21
2022 09 22 20 07 MIN     7
2022 09 23 12 58 MAX    22
2022 09 23 20 39 MIN     7
2022 09 24 03 15 MAX    18
2022 09 24 07 48 MIN    15
2022 09 24 13 44 MAX    23
2022 09 24 21 07 MIN     7
2022 09 25 03 35 MAX    18
2022 09 25 08 23 MIN    15
2022 09 25 14 26 MAX    24
2022 09 25 21 36 MIN     9
2022 09 26 03 44 MAX    19
2022 09 26 09 04 MIN    14
2022 09 26 15 08 MAX    24
2022 09 26 22 02 MIN    11
2022 09 27 03 49 MAX    21
2022 09 27 09 45 MIN    13
2022 09 27 15 51 MAX    25
2022 09 27 22 24 MIN    13
2022 09 28 04 08 MAX    22
2022 09 28 10 28 MIN    12
2022 09 28 16 48 MAX    24
2022 09 28 22 49 MIN    16
2022 09 29 04 28 MAX    24
2022 09 29 11 13 MIN    10
2022 09 29 17 51 MAX    24
2022 09 29 23 17 MIN    19
2022 09 30 04 54 MAX    26
2022 09 30 12 09 MIN     9
2022 09 30 20 05 MAX    23
2022 09 30 23 42 MIN    21
2022 10 01 05 26 MAX    27
2022 10 01 13 15 MIN     8
2022 10 02 06 09 MAX    28
2022 10 02 14 33 MIN     8
2022 10 03 07 05 MAX    28
2022 10 03 15 49 MIN     7
2022 10 04 08 22 MAX    27
2022 10 04 17 05 MIN     7
2022 10 05 09 54 MAX    26
2022 10 05 18 13 MIN     6
2022 10 06 02 54 MAX    21
2022 10 06 05 38 MIN    20
2022 10 06 11 24 MAX    26
2022 10 06 19 12 MIN     6
2022 10 07 03 01 MAX    20
2022 10 07 06 44 MIN    18
2022 10 07 12 35 MAX    26
2022 10 07 20 00 MIN     7
2022 10 08 03 05 MAX    19
2022 10 08 07 40 MIN    16
2022 10 08 13 33 MAX    26
2022 10 08 20 37 MIN     8
2022 10 09 02 47 MAX    20
2022 10 09 08 30 MIN    13
2022 10 09 14 26 MAX    25
2022 10 09 21 10 MIN    10
2022 10 10 02 56 MAX    21
2022 10 10 09 16 MIN    11
2022 10 10 15 18 MAX    24
2022 10 10 21 40 MIN    12
2022 10 11 03 17 MAX    22
2022 10 11 10 05 MIN    10
2022 10 11 16 15 MAX    23
2022 10 11 22 09 MIN    14
2022 10 12 03 40 MAX    23
2022 10 12 10 50 MIN     8
2022 10 12 17 32 MAX    22
2022 10 12 22 37 MIN    16
2022 10 13 04 05 MAX    24
2022 10 13 11 45 MIN     8
2022 10 13 19 17 MAX    21
2022 10 13 23 01 MIN    18
2022 10 14 04 28 MAX    24
2022 10 14 12 39 MIN     7
2022 10 14 20 57 MAX    20
2022 10 14 23 12 MIN    19
2022 10 15 04 50 MAX    24
2022 10 15 13 34 MIN     7
2022 10 16 05 11 MAX    23
2022 10 16 14 38 MIN     6
2022 10 17 05 39 MAX    22
2022 10 17 15 37 MIN     6
2022 10 18 06 25 MAX    21
2022 10 18 16 40 MIN     6
2022 10 19 07 37 MAX    19
2022 10 19 17 42 MIN     6
2022 10 20 09 42 MAX    17
2022 10 20 18 33 MIN     5
2022 10 21 01 58 MAX    15
2022 10 21 05 57 MIN    14
2022 10 21 11 32 MAX    17
2022 10 21 19 13 MIN     5
2022 10 22 01 47 MAX    16
2022 10 22 07 00 MIN    12
2022 10 22 12 41 MAX    18
2022 10 22 19 46 MIN     6
2022 10 23 02 01 MAX    17
2022 10 23 07 41 MIN    10
2022 10 23 13 34 MAX    19
2022 10 23 20 16 MIN     7
2022 10 24 02 16 MAX    18
2022 10 24 08 15 MIN     9
2022 10 24 14 22 MAX    20
2022 10 24 20 45 MIN    10
2022 10 25 02 30 MAX    20
2022 10 25 08 50 MIN     8
2022 10 25 15 12 MAX    21
2022 10 25 21 10 MIN    13
2022 10 26 02 48 MAX    22
2022 10 26 09 28 MIN     7
2022 10 26 16 07 MAX    22
2022 10 26 21 34 MIN    16
2022 10 27 03 10 MAX    24
2022 10 27 10 10 MIN     6
2022 10 27 17 52 MAX    22
2022 10 27 22 00 MIN    19
2022 10 28 03 37 MAX    26
2022 10 28 10 59 MIN     5
2022 10 28 19 39 MAX    23
2022 10 28 22 28 MIN    21
2022 10 29 04 12 MAX    28
2022 10 29 11 56 MIN     4
2022 10 29 20 57 MAX    24
2022 10 29 22 41 MIN    23
2022 10 30 04 55 MAX    29
2022 10 30 13 08 MIN     4
2022 10 31 05 46 MAX    28
2022 10 31 14 23 MIN     4
2022 11 01 06 57 MAX    27
2022 11 01 15 34 MIN     5
2022 11 02 08 29 MAX    25
2022 11 02 16 42 MIN     5
2022 11 03 00 52 MAX    20
2022 11 03 04 34 MIN    18
2022 11 03 10 02 MAX    23
2022 11 03 17 47 MIN     6
2022 11 04 01 06 MAX    19
2022 11 04 05 53 MIN    15
2022 11 04 11 27 MAX    22
2022 11 04 18 40 MIN     7
2022 11 05 01 16 MAX    18
2022 11 05 06 56 MIN    11
2022 11 05 12 39 MAX    21
2022 11 05 19 20 MIN     8
2022 11 06 01 27 MAX    18
2022 11 06 07 48 MIN     9
2022 11 06 13 43 MAX    20
2022 11 06 19 55 MIN    10
2022 11 07 01 38 MAX    20
2022 11 07 08 30 MIN     6
2022 11 07 14 50 MAX    19
2022 11 07 20 23 MIN    11
2022 11 08 02 02 MAX    21
2022 11 08 09 13 MIN     5
2022 11 08 15 59 MAX    19
2022 11 08 20 53 MIN    13
2022 11 09 02 27 MAX    22
2022 11 09 09 54 MIN     4
2022 11 09 17 22 MAX    19
2022 11 09 21 24 MIN    16
2022 11 10 02 52 MAX    23
2022 11 10 10 39 MIN     4
2022 11 10 18 40 MAX    19
2022 11 10 21 45 MIN    17
2022 11 11 03 17 MAX    24
2022 11 11 11 23 MIN     4
2022 11 12 03 41 MAX    24
2022 11 12 12 10 MIN     4
2022 11 13 04 04 MAX    23
2022 11 13 13 01 MIN     4
2022 11 14 04 33 MAX    22
2022 11 14 13 55 MIN     4
2022 11 15 05 16 MAX    21
2022 11 15 14 47 MIN     4
2022 11 16 06 07 MAX    19
2022 11 16 15 40 MIN     4
2022 11 17 07 23 MAX    16
2022 11 17 16 36 MIN     4
2022 11 18 00 14 MAX    14
2022 11 18 04 40 MIN    12
2022 11 18 09 29 MAX    15
2022 11 18 17 25 MIN     5
2022 11 19 00 18 MAX    15
2022 11 19 05 53 MIN    10
2022 11 19 11 06 MAX    14
2022 11 19 18 13 MIN     5
2022 11 20 00 40 MAX    15
2022 11 20 06 43 MIN     8
2022 11 20 12 27 MAX    14
2022 11 20 18 50 MIN     7
2022 11 21 00 58 MAX    16
2022 11 21 07 20 MIN     6
2022 11 21 13 32 MAX    16
2022 11 21 19 23 MIN     9
2022 11 22 01 14 MAX    18
2022 11 22 07 53 MIN     4
2022 11 22 14 45 MAX    17
2022 11 22 19 52 MIN    12
2022 11 23 01 33 MAX    20
2022 11 23 08 29 MIN     3
2022 11 23 16 02 MAX    19
2022 11 23 20 18 MIN    15
2022 11 24 01 58 MAX    23
2022 11 24 09 10 MIN     2
2022 11 24 17 33 MAX    20
2022 11 24 20 46 MIN    18
2022 11 25 02 29 MAX    26
2022 11 25 09 55 MIN     1
2022 11 25 18 58 MAX    22
2022 11 25 21 06 MIN    21
2022 11 26 03 06 MAX    28
2022 11 26 10 52 MIN     1
2022 11 27 03 50 MAX    29
2022 11 27 11 56 MIN     1
2022 11 28 04 42 MAX    29
2022 11 28 13 04 MIN     2
2022 11 29 05 44 MAX    28
2022 11 29 14 09 MIN     2
2022 11 29 22 42 MAX    20
2022 11 30 01 07 MIN    19
2022 11 30 07 00 MAX    25
2022 11 30 15 10 MIN     4
2022 11 30 23 09 MAX    18
2022 12 01 03 01 MIN    16
2022 12 01 08 29 MAX    22
2022 12 01 16 09 MIN     5
2022 12 01 23 22 MAX    17
2022 12 02 04 32 MIN    12
2022 12 02 09 57 MAX    19
2022 12 02 17 03 MIN     6
2022 12 02 23 34 MAX    17
2022 12 03 05 51 MIN     9
2022 12 03 11 29 MAX    16
2022 12 03 17 52 MIN     8
2022 12 03 23 55 MAX    17
2022 12 04 06 52 MIN     5
2022 12 04 13 02 MAX    15
2022 12 04 18 33 MIN     9
2022 12 05 00 19 MAX    18
2022 12 05 07 43 MIN     3
2022 12 05 14 37 MAX    15
2022 12 05 19 08 MIN    11
2022 12 06 00 48 MAX    19
2022 12 06 08 26 MIN     1
2022 12 06 16 02 MAX    15
2022 12 06 19 42 MIN    12
2022 12 07 01 18 MAX    20
2022 12 07 09 05 MIN     0
2022 12 07 17 09 MAX    16
2022 12 07 20 12 MIN    14
2022 12 08 01 44 MAX    20
2022 12 08 09 45 MIN     0
2022 12 08 18 06 MAX    17
2022 12 08 20 37 MIN    15
2022 12 09 02 13 MAX    21
2022 12 09 10 25 MIN     0
2022 12 09 19 15 MAX    17
2022 12 09 20 49 MIN    16
2022 12 10 02 38 MAX    21
2022 12 10 11 07 MIN     1
2022 12 11 03 13 MAX    22
2022 12 11 11 51 MIN     1
2022 12 12 03 44 MAX    21
2022 12 12 12 37 MIN     1
2022 12 13 04 23 MAX    20
2022 12 13 13 19 MIN     1
2022 12 14 05 11 MAX    19
2022 12 14 13 56 MIN     2
2022 12 15 06 03 MAX    16
2022 12 15 14 37 MIN     2
2022 12 15 22 38 MAX    12
2022 12 16 02 18 MIN    11
2022 12 16 07 16 MAX    14
2022 12 16 15 20 MIN     3
2022 12 16 22 48 MAX    12
2022 12 17 04 02 MIN     9
2022 12 17 08 51 MAX    12
2022 12 17 16 06 MIN     4
2022 12 17 23 05 MAX    13
2022 12 18 05 17 MIN     6
2022 12 18 10 38 MAX    10
2022 12 18 16 52 MIN     6
2022 12 18 23 26 MAX    14
2022 12 19 06 11 MIN     4
2022 12 19 12 31 MAX    11
2022 12 19 17 41 MIN     8
2022 12 19 23 46 MAX    15
2022 12 20 06 53 MIN     2
2022 12 20 14 39 MAX    12
2022 12 20 18 17 MIN    11
2022 12 21 00 09 MAX    17
2022 12 21 07 32 MIN     0
2022 12 21 16 09 MAX    15
2022 12 21 18 58 MIN    13
2022 12 22 00 42 MAX    20
2022 12 22 08 12 MIN    -2
2022 12 22 17 17 MAX    17
2022 12 22 19 20 MIN    16
2022 12 23 01 21 MAX    23
2022 12 23 08 58 MIN    -3
2022 12 24 02 02 MAX    25
2022 12 24 09 54 MIN    -3
2022 12 25 02 52 MAX    27
2022 12 25 10 53 MIN    -3
2022 12 26 03 45 MAX    28
2022 12 26 11 55 MIN    -2
2022 12 26 20 53 MAX    18
2022 12 26 21 56 MIN    17
2022 12 27 04 42 MAX    27
2022 12 27 12 53 MIN    -1
2022 12 28 05 45 MAX    24
2022 12 28 13 44 MIN     0
2022 12 28 21 30 MAX    15
2022 12 29 01 14 MIN    13
2022 12 29 06 57 MAX    21
2022 12 29 14 32 MIN     2
2022 12 29 21 40 MAX    14
2022 12 30 02 44 MIN    10
2022 12 30 08 18 MAX    17
2022 12 30 15 18 MIN     4
2022 12 30 21 54 MAX    14
2022 12 31 04 15 MIN     6
2022 12 31 09 49 MAX    13
2022 12 31 16 02 MIN     6
2022 12 31 22 17 MAX    14
