 <API - 조위예측극치자료>

대상조위관측소 : 왕돌초
위도(WGS84) : N 129.7325
경도(WGS84) : E 36.7192
관측기관 : 20201221 ~ 20220101

2020 12 21 02 20 MIN    13
2020 12 21 07 08 MAX    17
2020 12 21 14 56 MIN     2
2020 12 21 22 32 MAX    13
2020 12 22 03 36 MIN    10
2020 12 22 08 26 MAX    13
2020 12 22 15 41 MIN     3
2020 12 22 22 42 MAX    12
2020 12 23 04 57 MIN     7
2020 12 23 09 52 MAX    10
2020 12 23 16 26 MIN     4
2020 12 23 22 57 MAX    11
2020 12 24 06 04 MIN     4
2020 12 24 11 28 MAX     8
2020 12 24 17 10 MIN     5
2020 12 24 23 17 MAX    11
2020 12 25 06 52 MIN     1
2020 12 25 13 19 MAX     8
2020 12 25 17 49 MIN     6
2020 12 25 23 41 MAX    12
2020 12 26 07 30 MIN    -1
2020 12 26 15 11 MAX     9
2020 12 26 18 22 MIN     8
2020 12 27 00 08 MAX    13
2020 12 27 08 03 MIN    -2
2020 12 27 16 10 MAX    10
2020 12 27 18 48 MIN     9
2020 12 28 00 38 MAX    14
2020 12 28 08 33 MIN    -3
2020 12 28 16 52 MAX    11
2020 12 28 19 13 MIN    10
2020 12 29 01 11 MAX    16
2020 12 29 09 04 MIN    -3
2020 12 30 01 47 MAX    18
2020 12 30 09 37 MIN    -3
2020 12 31 02 26 MAX    19
2020 12 31 10 18 MIN    -2
2021 01 01 03 07 MAX    21
2021 01 01 11 06 MIN    -2
2021 01 02 03 50 MAX    21
2021 01 02 11 57 MIN    -2
2021 01 03 04 38 MAX    21
2021 01 03 12 46 MIN    -2
2021 01 03 20 54 MAX    14
2021 01 03 23 48 MIN    13
2021 01 04 05 30 MAX    19
2021 01 04 13 34 MIN    -1
2021 01 04 21 19 MAX    13
2021 01 05 01 06 MIN    11
2021 01 05 06 32 MAX    17
2021 01 05 14 22 MIN     1
2021 01 05 21 36 MAX    13
2021 01 06 02 25 MIN     9
2021 01 06 07 48 MAX    15
2021 01 06 15 09 MIN     3
2021 01 06 21 51 MAX    13
2021 01 07 03 46 MIN     6
2021 01 07 09 18 MAX    12
2021 01 07 15 59 MIN     5
2021 01 07 22 14 MAX    14
2021 01 08 05 02 MIN     3
2021 01 08 11 14 MAX    11
2021 01 08 16 50 MIN     7
2021 01 08 22 44 MAX    15
2021 01 09 06 06 MIN     0
2021 01 09 14 16 MAX    11
2021 01 09 17 37 MIN    10
2021 01 09 23 24 MAX    17
2021 01 10 07 02 MIN    -2
2021 01 10 15 48 MAX    12
2021 01 10 18 20 MIN    11
2021 01 11 00 10 MAX    19
2021 01 11 07 54 MIN    -4
2021 01 11 16 47 MAX    13
2021 01 11 19 01 MIN    12
2021 01 12 00 59 MAX    20
2021 01 12 08 46 MIN    -5
2021 01 12 17 38 MAX    14
2021 01 12 19 41 MIN    13
2021 01 13 01 49 MAX    21
2021 01 13 09 39 MIN    -5
2021 01 13 18 27 MAX    14
2021 01 13 20 23 MIN    13
2021 01 14 02 36 MAX    22
2021 01 14 10 32 MIN    -5
2021 01 15 03 22 MAX    21
2021 01 15 11 23 MIN    -4
2021 01 16 04 08 MAX    20
2021 01 16 12 09 MIN    -4
2021 01 17 04 54 MAX    18
2021 01 17 12 50 MIN    -3
2021 01 17 20 56 MAX    10
2021 01 18 00 28 MIN     9
2021 01 18 05 42 MAX    15
2021 01 18 13 26 MIN    -2
2021 01 18 20 59 MAX     9
2021 01 19 01 33 MIN     6
2021 01 19 06 37 MAX    11
2021 01 19 13 58 MIN    -1
2021 01 19 20 59 MAX     8
2021 01 20 02 43 MIN     4
2021 01 20 07 46 MAX     8
2021 01 20 14 23 MIN     0
2021 01 20 21 06 MAX     7
2021 01 21 04 01 MIN     1
2021 01 21 09 15 MAX     5
2021 01 21 14 35 MIN     1
2021 01 21 21 19 MAX     7
2021 01 22 05 13 MIN    -1
2021 01 22 21 40 MAX     8
2021 01 23 06 10 MIN    -4
2021 01 23 22 13 MAX     8
2021 01 24 06 57 MIN    -5
2021 01 24 22 58 MAX     9
2021 01 25 07 36 MIN    -6
2021 01 25 23 52 MAX    10
2021 01 26 08 14 MIN    -7
2021 01 27 00 45 MAX    12
2021 01 27 08 51 MIN    -7
2021 01 28 01 33 MAX    14
2021 01 28 09 32 MIN    -7
2021 01 28 17 48 MAX     9
2021 01 28 19 49 MIN     8
2021 01 29 02 19 MAX    16
2021 01 29 10 14 MIN    -7
2021 01 29 18 25 MAX     9
2021 01 29 20 40 MIN     8
2021 01 30 03 03 MAX    17
2021 01 30 10 58 MIN    -7
2021 01 30 19 00 MAX     9
2021 01 30 21 38 MIN     8
2021 01 31 03 49 MAX    18
2021 01 31 11 40 MIN    -6
2021 01 31 19 24 MAX     9
2021 01 31 22 39 MIN     7
2021 02 01 04 38 MAX    17
2021 02 01 12 20 MIN    -4
2021 02 01 19 31 MAX     9
2021 02 02 00 00 MIN     6
2021 02 02 00 00 MIN     6
2021 02 02 05 32 MAX    15
2021 02 02 12 59 MIN    -2
2021 02 02 19 35 MAX     9
2021 02 03 00 49 MIN     3
2021 02 03 06 35 MAX    13
2021 02 03 13 36 MIN     0
2021 02 03 19 53 MAX    10
2021 02 04 02 02 MIN     1
2021 02 04 07 52 MAX    10
2021 02 04 14 13 MIN     2
2021 02 04 20 23 MAX    11
2021 02 05 03 22 MIN    -1
2021 02 05 09 42 MAX     8
2021 02 05 14 50 MIN     5
2021 02 05 21 01 MAX    12
2021 02 06 04 40 MIN    -4
2021 02 06 13 15 MAX     7
2021 02 06 15 37 MIN     6
2021 02 06 21 49 MAX    13
2021 02 07 05 51 MIN    -6
2021 02 07 22 47 MAX    14
2021 02 08 06 55 MIN    -7
2021 02 08 23 52 MAX    14
2021 02 09 07 54 MIN    -8
2021 02 10 00 54 MAX    15
2021 02 10 08 49 MIN    -8
2021 02 10 17 32 MAX     8
2021 02 10 19 45 MIN     7
2021 02 11 01 48 MAX    15
2021 02 11 09 39 MIN    -8
2021 02 11 18 13 MAX     8
2021 02 11 20 39 MIN     7
2021 02 12 02 35 MAX    15
2021 02 12 10 23 MIN    -8
2021 02 12 18 50 MAX     7
2021 02 12 21 32 MIN     6
2021 02 13 03 19 MAX    15
2021 02 13 11 02 MIN    -8
2021 02 13 19 16 MAX     6
2021 02 13 22 23 MIN     5
2021 02 14 04 01 MAX    13
2021 02 14 11 37 MIN    -7
2021 02 14 19 24 MAX     5
2021 02 14 23 12 MIN     3
2021 02 15 04 44 MAX    11
2021 02 15 12 08 MIN    -6
2021 02 15 18 56 MAX     5
2021 02 16 00 01 MIN     1
2021 02 16 05 29 MAX     9
2021 02 16 12 33 MIN    -4
2021 02 16 18 44 MAX     5
2021 02 17 00 52 MIN    -1
2021 02 17 06 21 MAX     6
2021 02 17 12 51 MIN    -3
2021 02 17 18 50 MAX     5
2021 02 18 01 50 MIN    -3
2021 02 18 07 27 MAX     3
2021 02 18 12 57 MIN    -1
2021 02 18 19 03 MAX     5
2021 02 19 02 56 MIN    -4
2021 02 19 09 14 MAX     1
2021 02 19 12 53 MIN    -1
2021 02 19 19 24 MAX     5
2021 02 20 04 06 MIN    -6
2021 02 20 19 56 MAX     6
2021 02 21 05 11 MIN    -7
2021 02 21 20 39 MAX     6
2021 02 22 06 10 MIN    -8
2021 02 22 21 43 MAX     6
2021 02 23 07 02 MIN    -9
2021 02 23 23 11 MAX     7
2021 02 24 07 49 MIN   -10
2021 02 25 00 28 MAX     9
2021 02 25 08 33 MIN   -10
2021 02 25 16 33 MAX     5
2021 02 25 18 59 MIN     4
2021 02 26 01 25 MAX    11
2021 02 26 09 15 MIN   -10
2021 02 26 16 56 MAX     5
2021 02 26 19 58 MIN     4
2021 02 27 02 14 MAX    12
2021 02 27 09 55 MIN   -10
2021 02 27 17 14 MAX     5
2021 02 27 20 51 MIN     4
2021 02 28 03 00 MAX    14
2021 02 28 10 32 MIN    -8
2021 02 28 17 13 MAX     6
2021 02 28 21 45 MIN     3
2021 03 01 03 48 MAX    14
2021 03 01 11 08 MIN    -6
2021 03 01 17 17 MAX     7
2021 03 01 22 38 MIN     1
2021 03 02 04 39 MAX    14
2021 03 02 11 42 MIN    -4
2021 03 02 17 36 MAX     8
2021 03 02 23 35 MIN    -1
2021 03 03 05 38 MAX    12
2021 03 03 12 14 MIN    -1
2021 03 03 18 03 MAX     9
2021 03 04 00 37 MIN    -3
2021 03 04 06 50 MAX    10
2021 03 04 12 46 MIN     2
2021 03 04 18 36 MAX    11
2021 03 05 01 47 MIN    -5
2021 03 05 08 43 MAX     7
2021 03 05 13 17 MIN     4
2021 03 05 19 17 MAX    12
2021 03 06 03 05 MIN    -7
2021 03 06 20 08 MAX    12
2021 03 07 04 22 MIN    -8
2021 03 07 21 10 MAX    12
2021 03 08 05 35 MIN    -9
2021 03 08 22 28 MAX    11
2021 03 09 06 45 MIN    -9
2021 03 09 15 49 MAX     6
2021 03 09 18 08 MIN     5
2021 03 09 23 48 MAX    10
2021 03 10 07 48 MIN    -9
2021 03 10 16 21 MAX     5
2021 03 10 19 20 MIN     4
2021 03 11 00 56 MAX    10
2021 03 11 08 39 MIN    -9
2021 03 11 16 54 MAX     5
2021 03 11 20 17 MIN     3
2021 03 12 01 49 MAX    10
2021 03 12 09 21 MIN    -9
2021 03 12 17 21 MAX     4
2021 03 12 21 03 MIN     2
2021 03 13 02 34 MAX    10
2021 03 13 09 56 MIN    -8
2021 03 13 17 30 MAX     4
2021 03 13 21 44 MIN     0
2021 03 14 03 16 MAX     9
2021 03 14 10 26 MIN    -7
2021 03 14 16 42 MAX     4
2021 03 14 22 23 MIN    -1
2021 03 15 03 57 MAX     9
2021 03 15 10 53 MIN    -6
2021 03 15 16 43 MAX     4
2021 03 15 23 01 MIN    -2
2021 03 16 04 40 MAX     7
2021 03 16 11 17 MIN    -4
2021 03 16 16 54 MAX     5
2021 03 16 23 40 MIN    -4
2021 03 17 05 28 MAX     6
2021 03 17 11 35 MIN    -2
2021 03 17 17 09 MAX     6
2021 03 18 00 20 MIN    -5
2021 03 18 06 30 MAX     4
2021 03 18 11 44 MIN     0
2021 03 18 17 26 MAX     6
2021 03 19 01 04 MIN    -6
2021 03 19 08 19 MAX     3
2021 03 19 11 51 MIN     1
2021 03 19 17 49 MAX     7
2021 03 20 01 56 MIN    -7
2021 03 20 09 59 MAX     2
2021 03 20 11 54 MIN     1
2021 03 20 18 17 MAX     7
2021 03 21 02 59 MIN    -7
2021 03 21 18 52 MAX     7
2021 03 22 04 07 MIN    -8
2021 03 22 19 39 MAX     7
2021 03 23 05 16 MIN    -8
2021 03 23 20 51 MAX     6
2021 03 24 06 21 MIN    -9
2021 03 24 22 41 MAX     7
2021 03 25 07 17 MIN    -9
2021 03 26 00 14 MAX     8
2021 03 26 08 04 MIN    -9
2021 03 26 15 28 MAX     5
2021 03 26 19 21 MIN     3
2021 03 27 01 16 MAX    10
2021 03 27 08 45 MIN    -8
2021 03 27 15 36 MAX     6
2021 03 27 20 09 MIN     2
2021 03 28 02 08 MAX    12
2021 03 28 09 21 MIN    -6
2021 03 28 15 38 MAX     7
2021 03 28 20 55 MIN     1
2021 03 29 02 58 MAX    13
2021 03 29 09 54 MIN    -4
2021 03 29 15 49 MAX     8
2021 03 29 21 41 MIN    -1
2021 03 30 03 50 MAX    13
2021 03 30 10 25 MIN    -1
2021 03 30 16 09 MAX    10
2021 03 30 22 31 MIN    -3
2021 03 31 04 48 MAX    13
2021 03 31 10 56 MIN     3
2021 03 31 16 36 MAX    13
2021 03 31 23 27 MIN    -4
2021 04 01 06 05 MAX    12
2021 04 01 11 28 MIN     6
2021 04 01 17 09 MAX    15
2021 04 02 00 29 MIN    -6
2021 04 02 08 20 MAX    11
2021 04 02 12 00 MIN     8
2021 04 02 17 48 MAX    16
2021 04 03 01 40 MIN    -7
2021 04 03 09 49 MAX    10
2021 04 03 12 32 MIN     9
2021 04 03 18 35 MAX    16
2021 04 04 02 52 MIN    -7
2021 04 04 19 35 MAX    15
2021 04 05 04 03 MIN    -7
2021 04 05 20 52 MAX    13
2021 04 06 05 15 MIN    -6
2021 04 06 22 22 MAX    11
2021 04 07 06 25 MIN    -6
2021 04 07 14 54 MAX     7
2021 04 07 18 34 MIN     5
2021 04 07 23 45 MAX    10
2021 04 08 07 25 MIN    -6
2021 04 08 15 22 MAX     7
2021 04 08 19 39 MIN     3
2021 04 09 00 53 MAX     9
2021 04 09 08 11 MIN    -5
2021 04 09 15 37 MAX     6
2021 04 09 20 27 MIN     2
2021 04 10 01 47 MAX     9
2021 04 10 08 46 MIN    -4
2021 04 10 15 17 MAX     6
2021 04 10 21 06 MIN     0
2021 04 11 02 34 MAX     9
2021 04 11 09 15 MIN    -3
2021 04 11 15 13 MAX     7
2021 04 11 21 41 MIN    -1
2021 04 12 03 18 MAX     9
2021 04 12 09 41 MIN    -1
2021 04 12 15 23 MAX     8
2021 04 12 22 14 MIN    -2
2021 04 13 04 04 MAX     8
2021 04 13 10 04 MIN     1
2021 04 13 15 38 MAX     9
2021 04 13 22 46 MIN    -3
2021 04 14 04 59 MAX     8
2021 04 14 10 22 MIN     3
2021 04 14 15 53 MAX    10
2021 04 14 23 18 MIN    -3
2021 04 15 06 36 MAX     8
2021 04 15 10 36 MIN     5
2021 04 15 16 13 MAX    11
2021 04 15 23 53 MIN    -4
2021 04 16 08 00 MAX     8
2021 04 16 10 47 MIN     6
2021 04 16 16 35 MAX    13
2021 04 17 00 31 MIN    -4
2021 04 17 09 03 MAX     8
2021 04 17 11 01 MIN     7
2021 04 17 17 03 MAX    13
2021 04 18 01 19 MIN    -4
2021 04 18 17 37 MAX    13
2021 04 19 02 18 MIN    -4
2021 04 19 18 18 MAX    13
2021 04 20 03 24 MIN    -4
2021 04 20 19 10 MAX    12
2021 04 21 04 33 MIN    -4
2021 04 21 20 31 MAX    11
2021 04 22 05 41 MIN    -4
2021 04 22 13 48 MAX     9
2021 04 22 17 15 MIN     8
2021 04 22 22 24 MAX    11
2021 04 23 06 40 MIN    -4
2021 04 23 14 06 MAX    10
2021 04 23 18 31 MIN     7
2021 04 23 23 58 MAX    12
2021 04 24 07 27 MIN    -3
2021 04 24 14 16 MAX    10
2021 04 24 19 20 MIN     6
2021 04 25 01 07 MAX    13
2021 04 25 08 06 MIN     0
2021 04 25 14 21 MAX    11
2021 04 25 20 03 MIN     4
2021 04 26 02 06 MAX    15
2021 04 26 08 40 MIN     3
2021 04 26 14 33 MAX    14
2021 04 26 20 46 MIN     2
2021 04 27 03 03 MAX    16
2021 04 27 09 10 MIN     6
2021 04 27 14 53 MAX    16
2021 04 27 21 32 MIN     0
2021 04 28 04 08 MAX    16
2021 04 28 09 40 MIN    10
2021 04 28 15 20 MAX    19
2021 04 28 22 23 MIN    -1
2021 04 29 06 20 MAX    17
2021 04 29 10 11 MIN    13
2021 04 29 15 54 MAX    22
2021 04 29 23 20 MIN    -2
2021 04 30 07 47 MAX    17
2021 04 30 10 44 MIN    15
2021 04 30 16 34 MAX    24
2021 05 01 00 27 MIN    -2
2021 05 01 08 53 MAX    17
2021 05 01 11 21 MIN    16
2021 05 01 17 20 MAX    24
2021 05 02 01 35 MIN    -2
2021 05 02 10 01 MAX    17
2021 05 02 12 06 MIN    16
2021 05 02 18 14 MAX    23
2021 05 03 02 40 MIN    -2
2021 05 03 19 22 MAX    21
2021 05 04 03 44 MIN    -1
2021 05 04 12 36 MAX    15
2021 05 04 15 37 MIN    14
2021 05 04 20 46 MAX    18
2021 05 05 04 50 MIN     0
2021 05 05 13 15 MAX    13
2021 05 05 17 09 MIN    11
2021 05 05 22 12 MAX    15
2021 05 06 05 54 MIN     1
2021 05 06 13 41 MAX    12
2021 05 06 18 33 MIN     9
2021 05 06 23 34 MAX    13
2021 05 07 06 49 MIN     2
2021 05 07 13 51 MAX    12
2021 05 07 19 34 MIN     6
2021 05 08 00 47 MAX    12
2021 05 08 07 30 MIN     3
2021 05 08 13 50 MAX    12
2021 05 08 20 19 MIN     4
2021 05 09 01 50 MAX    12
2021 05 09 08 03 MIN     4
2021 05 09 13 58 MAX    13
2021 05 09 20 55 MIN     3
2021 05 10 02 49 MAX    12
2021 05 10 08 30 MIN     6
2021 05 10 14 12 MAX    14
2021 05 10 21 27 MIN     2
2021 05 11 03 56 MAX    12
2021 05 11 08 54 MIN     8
2021 05 11 14 29 MAX    15
2021 05 11 21 57 MIN     2
2021 05 12 05 26 MAX    13
2021 05 12 09 12 MIN    11
2021 05 12 14 47 MAX    17
2021 05 12 22 27 MIN     1
2021 05 13 06 32 MAX    14
2021 05 13 09 27 MIN    13
2021 05 13 15 07 MAX    19
2021 05 13 22 58 MIN     2
2021 05 14 15 32 MAX    20
2021 05 14 23 33 MIN     2
2021 05 15 16 02 MAX    21
2021 05 16 00 16 MIN     2
2021 05 16 16 38 MAX    22
2021 05 17 01 07 MIN     2
2021 05 17 17 18 MAX    21
2021 05 18 02 04 MIN     3
2021 05 18 18 06 MAX    20
2021 05 19 03 01 MIN     3
2021 05 19 19 07 MAX    19
2021 05 20 04 02 MIN     3
2021 05 20 12 14 MAX    16
2021 05 20 15 35 MIN    15
2021 05 20 20 33 MAX    18
2021 05 21 05 04 MIN     4
2021 05 21 12 38 MAX    16
2021 05 21 17 08 MIN    14
2021 05 21 22 12 MAX    17
2021 05 22 06 00 MIN     6
2021 05 22 12 54 MAX    17
2021 05 22 18 14 MIN    12
2021 05 22 23 47 MAX    18
2021 05 23 06 46 MIN     8
2021 05 23 13 03 MAX    18
2021 05 23 19 04 MIN    10
2021 05 24 01 07 MAX    19
2021 05 24 07 23 MIN    11
2021 05 24 13 17 MAX    20
2021 05 24 19 48 MIN     8
2021 05 25 02 23 MAX    20
2021 05 25 07 55 MIN    14
2021 05 25 13 39 MAX    23
2021 05 25 20 34 MIN     6
2021 05 26 04 29 MAX    21
2021 05 26 08 25 MIN    18
2021 05 26 14 09 MAX    26
2021 05 26 21 23 MIN     5
2021 05 27 06 04 MAX    23
2021 05 27 08 56 MIN    21
2021 05 27 14 46 MAX    29
2021 05 27 22 18 MIN     4
2021 05 28 07 06 MAX    24
2021 05 28 09 29 MIN    23
2021 05 28 15 27 MAX    31
2021 05 28 23 21 MIN     4
2021 05 29 08 03 MAX    25
2021 05 29 10 06 MIN    24
2021 05 29 16 14 MAX    32
2021 05 30 00 27 MIN     4
2021 05 30 17 06 MAX    31
2021 05 31 01 29 MIN     5
2021 05 31 18 05 MAX    29
2021 06 01 02 25 MIN     6
2021 06 01 10 50 MAX    22
2021 06 01 14 04 MIN    21
2021 06 01 19 17 MAX    27
2021 06 02 03 20 MIN     7
2021 06 02 11 28 MAX    21
2021 06 02 15 23 MIN    19
2021 06 02 20 35 MAX    23
2021 06 03 04 16 MIN     8
2021 06 03 11 53 MAX    19
2021 06 03 16 51 MIN    16
2021 06 03 21 53 MAX    20
2021 06 04 05 12 MIN    10
2021 06 04 12 07 MAX    19
2021 06 04 18 12 MIN    13
2021 06 04 23 17 MAX    18
2021 06 05 06 01 MIN    11
2021 06 05 12 20 MAX    19
2021 06 05 19 11 MIN    11
2021 06 06 00 48 MAX    17
2021 06 06 06 42 MIN    12
2021 06 06 12 37 MAX    19
2021 06 06 19 56 MIN     9
2021 06 07 02 34 MAX    17
2021 06 07 07 15 MIN    14
2021 06 07 12 57 MAX    20
2021 06 07 20 33 MIN     7
2021 06 08 04 10 MAX    18
2021 06 08 07 42 MIN    16
2021 06 08 13 18 MAX    21
2021 06 08 21 06 MIN     7
2021 06 09 05 09 MAX    19
2021 06 09 08 02 MIN    18
2021 06 09 13 41 MAX    23
2021 06 09 21 38 MIN     7
2021 06 10 14 05 MAX    25
2021 06 10 22 10 MIN     7
2021 06 11 06 45 MAX    22
2021 06 11 08 27 MIN    21
2021 06 11 14 34 MAX    26
2021 06 11 22 45 MIN     8
2021 06 12 15 08 MAX    28
2021 06 12 23 28 MIN     8
2021 06 13 15 46 MAX    29
2021 06 14 00 15 MIN     9
2021 06 14 16 28 MAX    29
2021 06 15 01 03 MIN     9
2021 06 15 17 15 MAX    29
2021 06 16 01 51 MIN     9
2021 06 16 18 08 MAX    28
2021 06 17 02 39 MIN    10
2021 06 17 10 39 MAX    23
2021 06 17 13 55 MIN    22
2021 06 17 19 15 MAX    26
2021 06 18 03 31 MIN    11
2021 06 18 11 03 MAX    23
2021 06 18 15 21 MIN    20
2021 06 18 20 36 MAX    24
2021 06 19 04 24 MIN    13
2021 06 19 11 18 MAX    23
2021 06 19 16 43 MIN    18
2021 06 19 22 08 MAX    23
2021 06 20 05 15 MIN    15
2021 06 20 11 31 MAX    24
2021 06 20 17 50 MIN    16
2021 06 20 23 55 MAX    23
2021 06 21 06 00 MIN    18
2021 06 21 11 51 MAX    26
2021 06 21 18 45 MIN    13
2021 06 22 02 21 MAX    24
2021 06 22 06 37 MIN    21
2021 06 22 12 20 MAX    28
2021 06 22 19 35 MIN    11
2021 06 23 04 20 MAX    25
2021 06 23 07 10 MIN    24
2021 06 23 12 56 MAX    31
2021 06 23 20 26 MIN    10
2021 06 24 05 26 MAX    27
2021 06 24 07 42 MIN    26
2021 06 24 13 39 MAX    34
2021 06 24 21 21 MIN     9
2021 06 25 14 26 MAX    36
2021 06 25 22 21 MIN     9
2021 06 26 07 18 MAX    29
2021 06 26 08 51 MIN    28
2021 06 26 15 14 MAX    37
2021 06 26 23 24 MIN     9
2021 06 27 08 12 MAX    29
2021 06 27 09 35 MIN    28
2021 06 27 16 05 MAX    37
2021 06 28 00 22 MIN    10
2021 06 28 16 59 MAX    36
2021 06 29 01 14 MIN    11
2021 06 29 09 37 MAX    27
2021 06 29 12 26 MIN    26
2021 06 29 17 57 MAX    33
2021 06 30 02 02 MIN    12
2021 06 30 10 02 MAX    25
2021 06 30 13 44 MIN    24
2021 06 30 19 02 MAX    30
2021 07 01 02 47 MIN    13
2021 07 01 10 17 MAX    24
2021 07 01 14 58 MIN    21
2021 07 01 20 13 MAX    26
2021 07 02 03 32 MIN    15
2021 07 02 10 28 MAX    23
2021 07 02 16 19 MIN    19
2021 07 02 21 32 MAX    23
2021 07 03 04 16 MIN    16
2021 07 03 10 41 MAX    23
2021 07 03 17 37 MIN    16
2021 07 03 23 08 MAX    21
2021 07 04 05 01 MIN    17
2021 07 04 11 01 MAX    23
2021 07 04 18 37 MIN    13
2021 07 05 01 45 MAX    20
2021 07 05 05 42 MIN    19
2021 07 05 11 24 MAX    23
2021 07 05 19 25 MIN    12
2021 07 06 03 50 MAX    21
2021 07 06 06 16 MIN    20
2021 07 06 11 52 MAX    24
2021 07 06 20 06 MIN    11
2021 07 07 12 24 MAX    25
2021 07 07 20 43 MIN    11
2021 07 08 12 59 MAX    27
2021 07 08 21 19 MIN    11
2021 07 09 13 37 MAX    29
2021 07 09 21 57 MIN    11
2021 07 10 14 17 MAX    31
2021 07 10 22 38 MIN    12
2021 07 11 14 58 MAX    32
2021 07 11 23 20 MIN    12
2021 07 12 15 40 MAX    33
2021 07 13 00 03 MIN    12
2021 07 13 16 26 MAX    33
2021 07 14 00 45 MIN    12
2021 07 14 08 53 MAX    26
2021 07 14 11 15 MIN    25
2021 07 14 17 15 MAX    32
2021 07 15 01 26 MIN    13
2021 07 15 09 13 MAX    26
2021 07 15 12 30 MIN    24
2021 07 15 18 12 MAX    31
2021 07 16 02 07 MIN    15
2021 07 16 09 25 MAX    26
2021 07 16 13 44 MIN    22
2021 07 16 19 19 MAX    29
2021 07 17 02 49 MIN    17
2021 07 17 09 30 MAX    26
2021 07 17 15 00 MIN    20
2021 07 17 20 41 MAX    27
2021 07 18 03 33 MIN    19
2021 07 18 09 45 MAX    27
2021 07 18 16 20 MIN    18
2021 07 18 22 30 MAX    25
2021 07 19 04 20 MIN    22
2021 07 19 10 11 MAX    28
2021 07 19 17 31 MIN    16
2021 07 20 01 57 MAX    25
2021 07 20 05 06 MIN    24
2021 07 20 10 49 MAX    30
2021 07 20 18 32 MIN    13
2021 07 21 03 40 MAX    27
2021 07 21 05 50 MIN    26
2021 07 21 11 38 MAX    32
2021 07 21 19 29 MIN    12
2021 07 22 12 32 MAX    34
2021 07 22 20 26 MIN    11
2021 07 23 05 37 MAX    29
2021 07 23 07 07 MIN    28
2021 07 23 13 28 MAX    36
2021 07 23 21 25 MIN    11
2021 07 24 14 20 MAX    37
2021 07 24 22 23 MIN    11
2021 07 25 15 10 MAX    37
2021 07 25 23 16 MIN    12
2021 07 26 15 59 MAX    37
2021 07 27 00 03 MIN    12
2021 07 27 08 27 MAX    27
2021 07 27 11 00 MIN    26
2021 07 27 16 49 MAX    35
2021 07 28 00 45 MIN    13
2021 07 28 08 46 MAX    26
2021 07 28 12 10 MIN    24
2021 07 28 17 42 MAX    32
2021 07 29 01 24 MIN    15
2021 07 29 08 52 MAX    25
2021 07 29 13 17 MIN    22
2021 07 29 18 41 MAX    29
2021 07 30 01 59 MIN    16
2021 07 30 08 50 MAX    24
2021 07 30 14 27 MIN    20
2021 07 30 19 53 MAX    25
2021 07 31 02 30 MIN    18
2021 07 31 08 54 MAX    24
2021 07 31 15 41 MIN    17
2021 07 31 21 25 MAX    22
2021 08 01 02 55 MIN    19
2021 08 01 09 04 MAX    24
2021 08 01 16 53 MIN    15
2021 08 01 23 31 MAX    21
2021 08 02 02 39 MIN    20
2021 08 02 09 20 MAX    24
2021 08 02 17 55 MIN    13
2021 08 03 09 46 MAX    24
2021 08 03 18 48 MIN    12
2021 08 04 10 29 MAX    25
2021 08 04 19 35 MIN    11
2021 08 05 11 32 MAX    26
2021 08 05 20 17 MIN    11
2021 08 06 12 34 MAX    27
2021 08 06 20 58 MIN    11
2021 08 07 13 25 MAX    29
2021 08 07 21 37 MIN    11
2021 08 08 14 10 MAX    31
2021 08 08 22 16 MIN    11
2021 08 09 06 30 MAX    25
2021 08 09 08 09 MIN    24
2021 08 09 14 53 MAX    32
2021 08 09 22 55 MIN    11
2021 08 10 06 59 MAX    25
2021 08 10 09 13 MIN    24
2021 08 10 15 37 MAX    33
2021 08 10 23 32 MIN    12
2021 08 11 07 20 MAX    25
2021 08 11 10 16 MIN    24
2021 08 11 16 23 MAX    33
2021 08 12 00 09 MIN    14
2021 08 12 07 25 MAX    25
2021 08 12 11 17 MIN    22
2021 08 12 17 14 MAX    32
2021 08 13 00 44 MIN    16
2021 08 13 07 11 MAX    25
2021 08 13 12 20 MIN    21
2021 08 13 18 14 MAX    30
2021 08 14 01 18 MIN    18
2021 08 14 07 22 MAX    26
2021 08 14 13 28 MIN    19
2021 08 14 19 28 MAX    28
2021 08 15 01 53 MIN    20
2021 08 15 07 49 MAX    28
2021 08 15 14 45 MIN    16
2021 08 15 21 22 MAX    26
2021 08 16 02 30 MIN    23
2021 08 16 08 25 MAX    29
2021 08 16 16 04 MIN    14
2021 08 17 09 12 MAX    30
2021 08 17 17 17 MIN    12
2021 08 18 10 12 MAX    31
2021 08 18 18 25 MIN    11
2021 08 19 11 20 MAX    31
2021 08 19 19 28 MIN    10
2021 08 20 12 29 MAX    32
2021 08 20 20 27 MIN    10
2021 08 21 05 17 MAX    26
2021 08 21 07 15 MIN    25
2021 08 21 13 28 MAX    33
2021 08 21 21 20 MIN    10
2021 08 22 14 19 MAX    33
2021 08 22 22 07 MIN    10
2021 08 23 06 32 MAX    24
2021 08 23 09 07 MIN    23
2021 08 23 15 05 MAX    33
2021 08 23 22 48 MIN    11
2021 08 24 06 59 MAX    24
2021 08 24 10 02 MIN    22
2021 08 24 15 51 MAX    32
2021 08 24 23 25 MIN    12
2021 08 25 07 09 MAX    23
2021 08 25 10 56 MIN    21
2021 08 25 16 36 MAX    30
2021 08 25 23 58 MIN    13
2021 08 26 06 30 MAX    23
2021 08 26 11 50 MIN    19
2021 08 26 17 27 MAX    27
2021 08 27 00 28 MIN    15
2021 08 27 06 21 MAX    23
2021 08 27 12 47 MIN    17
2021 08 27 18 27 MAX    24
2021 08 28 00 52 MIN    17
2021 08 28 06 31 MAX    23
2021 08 28 13 50 MIN    15
2021 08 28 19 59 MAX    22
2021 08 29 01 03 MIN    18
2021 08 29 06 44 MAX    23
2021 08 29 14 56 MIN    13
2021 08 29 21 54 MAX    20
2021 08 30 00 48 MIN    19
2021 08 30 07 02 MAX    23
2021 08 30 16 02 MIN    12
2021 08 31 07 28 MAX    23
2021 08 31 17 05 MIN    11
2021 09 01 08 09 MAX    23
2021 09 01 18 04 MIN    10
2021 09 02 09 16 MAX    23
2021 09 02 18 57 MIN     9
2021 09 03 10 59 MAX    23
2021 09 03 19 44 MIN     9
2021 09 04 12 21 MAX    25
2021 09 04 20 26 MIN     8
2021 09 05 04 05 MAX    21
2021 09 05 06 45 MIN    20
2021 09 05 13 16 MAX    26
2021 09 05 21 04 MIN     8
2021 09 06 04 22 MAX    21
2021 09 06 07 43 MIN    20
2021 09 06 14 02 MAX    28
2021 09 06 21 41 MIN     9
2021 09 07 04 35 MAX    22
2021 09 07 08 34 MIN    20
2021 09 07 14 46 MAX    29
2021 09 07 22 15 MIN    10
2021 09 08 04 38 MAX    22
2021 09 08 09 23 MIN    19
2021 09 08 15 31 MAX    30
2021 09 08 22 47 MIN    12
2021 09 09 04 46 MAX    23
2021 09 09 10 14 MIN    18
2021 09 09 16 20 MAX    30
2021 09 09 23 19 MIN    15
2021 09 10 05 04 MAX    24
2021 09 10 11 07 MIN    16
2021 09 10 17 16 MAX    28
2021 09 10 23 50 MIN    17
2021 09 11 05 29 MAX    26
2021 09 11 12 06 MIN    14
2021 09 11 18 28 MAX    27
2021 09 12 00 21 MIN    20
2021 09 12 06 01 MAX    27
2021 09 12 13 15 MIN    12
2021 09 12 20 48 MAX    25
2021 09 13 00 53 MIN    22
2021 09 13 06 41 MAX    29
2021 09 13 14 33 MIN    11
2021 09 14 07 32 MAX    29
2021 09 14 15 51 MIN     9
2021 09 15 08 39 MAX    29
2021 09 15 17 04 MIN     9
2021 09 16 10 00 MAX    28
2021 09 16 18 15 MIN     8
2021 09 17 03 07 MAX    23
2021 09 17 05 40 MIN    22
2021 09 17 11 22 MAX    28
2021 09 17 19 19 MIN     8
2021 09 18 03 41 MAX    22
2021 09 18 06 47 MIN    21
2021 09 18 12 33 MAX    28
2021 09 18 20 13 MIN     8
2021 09 19 04 12 MAX    21
2021 09 19 07 43 MIN    19
2021 09 19 13 29 MAX    27
2021 09 19 20 57 MIN     8
2021 09 20 04 33 MAX    20
2021 09 20 08 32 MIN    18
2021 09 20 14 17 MAX    27
2021 09 20 21 33 MIN     9
2021 09 21 04 09 MAX    20
2021 09 21 09 16 MIN    16
2021 09 21 15 00 MAX    26
2021 09 21 22 04 MIN    10
2021 09 22 04 00 MAX    20
2021 09 22 09 59 MIN    15
2021 09 22 15 44 MAX    25
2021 09 22 22 33 MIN    12
2021 09 23 04 13 MAX    21
2021 09 23 10 42 MIN    13
2021 09 23 16 30 MAX    24
2021 09 23 23 00 MIN    13
2021 09 24 04 29 MAX    21
2021 09 24 11 26 MIN    12
2021 09 24 17 25 MAX    22
2021 09 24 23 22 MIN    15
2021 09 25 04 47 MAX    22
2021 09 25 12 12 MIN    11
2021 09 25 19 04 MAX    20
2021 09 25 23 35 MIN    17
2021 09 26 05 04 MAX    22
2021 09 26 13 04 MIN    10
2021 09 26 20 52 MAX    19
2021 09 26 23 37 MIN    18
2021 09 27 05 25 MAX    23
2021 09 27 14 04 MIN     9
2021 09 28 05 51 MAX    23
2021 09 28 15 06 MIN     8
2021 09 29 06 27 MAX    22
2021 09 29 16 09 MIN     8
2021 09 30 07 18 MAX    21
2021 09 30 17 13 MIN     7
2021 10 01 08 43 MAX    20
2021 10 01 18 13 MIN     6
2021 10 02 10 44 MAX    20
2021 10 02 19 04 MIN     6
2021 10 03 02 25 MAX    18
2021 10 03 06 17 MIN    17
2021 10 03 12 07 MAX    21
2021 10 03 19 47 MIN     6
2021 10 04 02 42 MAX    19
2021 10 04 07 10 MIN    16
2021 10 04 13 04 MAX    23
2021 10 04 20 25 MIN     6
2021 10 05 02 56 MAX    19
2021 10 05 07 53 MIN    15
2021 10 05 13 54 MAX    24
2021 10 05 20 58 MIN     8
2021 10 06 03 06 MAX    20
2021 10 06 08 34 MIN    14
2021 10 06 14 40 MAX    25
2021 10 06 21 29 MIN    10
2021 10 07 03 19 MAX    21
2021 10 07 09 16 MIN    12
2021 10 07 15 30 MAX    26
2021 10 07 21 58 MIN    14
2021 10 08 03 38 MAX    23
2021 10 08 10 02 MIN    10
2021 10 08 16 25 MAX    26
2021 10 08 22 27 MIN    17
2021 10 09 04 03 MAX    26
2021 10 09 10 54 MIN     9
2021 10 09 17 40 MAX    25
2021 10 09 22 58 MIN    20
2021 10 10 04 35 MAX    28
2021 10 10 11 54 MIN     8
2021 10 10 20 13 MAX    24
2021 10 10 23 30 MIN    22
2021 10 11 05 13 MAX    29
2021 10 11 13 05 MIN     7
2021 10 11 21 35 MAX    24
2021 10 12 00 05 MIN    23
2021 10 12 06 01 MAX    29
2021 10 12 14 22 MIN     6
2021 10 13 07 03 MAX    28
2021 10 13 15 35 MIN     6
2021 10 14 08 28 MAX    27
2021 10 14 16 47 MIN     6
2021 10 15 01 26 MAX    21
2021 10 15 04 38 MIN    20
2021 10 15 10 00 MAX    25
2021 10 15 17 56 MIN     6
2021 10 16 01 57 MAX    20
2021 10 16 05 56 MIN    17
2021 10 16 11 22 MAX    23
2021 10 16 18 56 MIN     7
2021 10 17 02 18 MAX    19
2021 10 17 07 00 MIN    15
2021 10 17 12 31 MAX    22
2021 10 17 19 42 MIN     7
2021 10 18 02 23 MAX    18
2021 10 18 07 50 MIN    12
2021 10 18 13 28 MAX    21
2021 10 18 20 18 MIN     8
2021 10 19 02 24 MAX    18
2021 10 19 08 33 MIN    11
2021 10 19 14 17 MAX    21
2021 10 19 20 48 MIN     9
2021 10 20 02 36 MAX    19
2021 10 20 09 11 MIN     9
2021 10 20 15 03 MAX    20
2021 10 20 21 16 MIN    10
2021 10 21 02 52 MAX    19
2021 10 21 09 47 MIN     8
2021 10 21 15 51 MAX    20
2021 10 21 21 42 MIN    12
2021 10 22 03 11 MAX    20
2021 10 22 10 22 MIN     7
2021 10 22 16 53 MAX    19
2021 10 22 22 04 MIN    14
2021 10 23 03 30 MAX    21
2021 10 23 10 58 MIN     6
2021 10 23 18 45 MAX    19
2021 10 23 22 20 MIN    16
2021 10 24 03 48 MAX    22
2021 10 24 11 36 MIN     6
2021 10 24 20 01 MAX    19
2021 10 24 22 28 MIN    18
2021 10 25 04 10 MAX    23
2021 10 25 12 19 MIN     6
2021 10 26 04 38 MAX    23
2021 10 26 13 12 MIN     6
2021 10 27 05 12 MAX    22
2021 10 27 14 14 MIN     6
2021 10 28 05 55 MAX    21
2021 10 28 15 17 MIN     5
2021 10 29 06 54 MAX    20
2021 10 29 16 21 MIN     5
2021 10 30 00 36 MAX    17
2021 10 30 03 32 MIN    16
2021 10 30 08 30 MAX    18
2021 10 30 17 24 MIN     5
2021 10 31 00 56 MAX    17
2021 10 31 05 18 MIN    15
2021 10 31 10 25 MAX    18
2021 10 31 18 19 MIN     5
2021 11 01 01 18 MAX    17
2021 11 01 06 19 MIN    13
2021 11 01 11 49 MAX    18
2021 11 01 19 04 MIN     5
2021 11 02 01 35 MAX    18
2021 11 02 07 03 MIN    11
2021 11 02 12 53 MAX    20
2021 11 02 19 41 MIN     7
2021 11 03 01 48 MAX    19
2021 11 03 07 42 MIN    10
2021 11 03 13 50 MAX    21
2021 11 03 20 13 MIN    10
2021 11 04 02 02 MAX    20
2021 11 04 08 21 MIN     8
2021 11 04 14 45 MAX    22
2021 11 04 20 42 MIN    13
2021 11 05 02 22 MAX    23
2021 11 05 09 02 MIN     6
2021 11 05 15 46 MAX    23
2021 11 05 21 11 MIN    17
2021 11 06 02 48 MAX    25
2021 11 06 09 50 MIN     4
2021 11 06 17 48 MAX    23
2021 11 06 21 40 MIN    20
2021 11 07 03 21 MAX    28
2021 11 07 10 43 MIN     3
2021 11 07 19 26 MAX    24
2021 11 07 22 12 MIN    22
2021 11 08 04 00 MAX    30
2021 11 08 11 46 MIN     3
2021 11 08 20 32 MAX    24
2021 11 08 22 48 MIN    23
2021 11 09 04 46 MAX    30
2021 11 09 12 58 MIN     3
2021 11 10 05 41 MAX    29
2021 11 10 14 08 MIN     4
2021 11 10 22 43 MAX    22
2021 11 11 01 24 MIN    21
2021 11 11 06 52 MAX    27
2021 11 11 15 14 MIN     4
2021 11 11 23 36 MAX    20
2021 11 12 03 10 MIN    19
2021 11 12 08 23 MAX    24
2021 11 12 16 19 MIN     5
2021 11 13 00 10 MAX    19
2021 11 13 04 34 MIN    16
2021 11 13 09 51 MAX    21
2021 11 13 17 22 MIN     6
2021 11 14 00 33 MAX    17
2021 11 14 05 53 MIN    12
2021 11 14 11 12 MAX    19
2021 11 14 18 17 MIN     7
2021 11 15 00 47 MAX    17
2021 11 15 06 56 MIN     9
2021 11 15 12 28 MAX    17
2021 11 15 18 59 MIN     7
2021 11 16 01 01 MAX    17
2021 11 16 07 44 MIN     7
2021 11 16 13 34 MAX    16
2021 11 16 19 34 MIN     8
2021 11 17 01 19 MAX    17
2021 11 17 08 23 MIN     5
2021 11 17 14 37 MAX    16
2021 11 17 20 03 MIN    10
2021 11 18 01 40 MAX    18
2021 11 18 08 57 MIN     3
2021 11 18 15 46 MAX    16
2021 11 18 20 30 MIN    12
2021 11 19 02 01 MAX    19
2021 11 19 09 29 MIN     3
2021 11 19 17 09 MAX    16
2021 11 19 20 52 MIN    14
2021 11 20 02 22 MAX    20
2021 11 20 10 01 MIN     2
2021 11 20 18 15 MAX    17
2021 11 20 21 09 MIN    15
2021 11 21 02 43 MAX    21
2021 11 21 10 33 MIN     3
2021 11 22 03 08 MAX    22
2021 11 22 11 08 MIN     3
2021 11 22 20 04 MAX    18
2021 11 22 21 31 MIN    17
2021 11 23 03 38 MAX    22
2021 11 23 11 50 MIN     3
2021 11 24 04 13 MAX    22
2021 11 24 12 42 MIN     3
2021 11 25 04 54 MAX    21
2021 11 25 13 38 MIN     3
2021 11 26 05 43 MAX    20
2021 11 26 14 35 MIN     3
2021 11 26 22 55 MAX    16
2021 11 27 01 37 MIN    15
2021 11 27 06 47 MAX    18
2021 11 27 15 33 MIN     3
2021 11 27 23 25 MAX    15
2021 11 28 03 36 MIN    14
2021 11 28 08 18 MAX    16
2021 11 28 16 32 MIN     4
2021 11 28 23 51 MAX    15
2021 11 29 04 58 MIN    12
2021 11 29 09 59 MAX    15
2021 11 29 17 28 MIN     5
2021 11 30 00 11 MAX    16
2021 11 30 05 58 MIN     9
2021 11 30 11 32 MAX    15
2021 11 30 18 15 MIN     7
2021 12 01 00 27 MAX    17
2021 12 01 06 43 MIN     7
2021 12 01 12 53 MAX    16
2021 12 01 18 53 MIN     9
2021 12 02 00 44 MAX    18
2021 12 02 07 25 MIN     4
2021 12 02 14 10 MAX    17
2021 12 02 19 26 MIN    12
2021 12 03 01 07 MAX    21
2021 12 03 08 06 MIN     2
2021 12 03 15 54 MAX    19
2021 12 03 19 55 MIN    16
2021 12 04 01 36 MAX    24
2021 12 04 08 51 MIN     1
2021 12 04 17 34 MAX    20
2021 12 04 20 25 MIN    18
2021 12 05 02 13 MAX    27
2021 12 05 09 42 MIN     0
2021 12 05 18 39 MAX    21
2021 12 05 20 56 MIN    20
2021 12 06 02 54 MAX    29
2021 12 06 10 39 MIN     0
2021 12 07 03 41 MAX    30
2021 12 07 11 45 MIN     0
2021 12 08 04 33 MAX    29
2021 12 08 12 50 MIN     1
2021 12 08 21 23 MAX    20
2021 12 08 23 27 MIN    19
2021 12 09 05 32 MAX    27
2021 12 09 13 49 MIN     2
2021 12 09 22 02 MAX    18
2021 12 10 01 24 MIN    17
2021 12 10 06 44 MAX    23
2021 12 10 14 45 MIN     3
2021 12 10 22 31 MAX    17
2021 12 11 02 50 MIN    14
2021 12 11 08 06 MAX    20
2021 12 11 15 39 MIN     4
2021 12 11 22 52 MAX    16
2021 12 12 04 15 MIN    11
2021 12 12 09 29 MAX    16
2021 12 12 16 32 MIN     5
2021 12 12 23 10 MAX    15
2021 12 13 05 37 MIN     7
2021 12 13 10 57 MAX    13
2021 12 13 17 23 MIN     6
2021 12 13 23 32 MAX    15
2021 12 14 06 39 MIN     4
2021 12 14 12 36 MAX    11
2021 12 14 18 07 MIN     7
2021 12 14 23 57 MAX    15
2021 12 15 07 27 MIN     1
2021 12 15 14 30 MAX    11
2021 12 15 18 45 MIN     8
2021 12 16 00 23 MAX    15
2021 12 16 08 07 MIN     0
2021 12 16 15 56 MAX    12
2021 12 16 19 17 MIN    10
2021 12 17 00 50 MAX    16
2021 12 17 08 41 MIN    -1
2021 12 17 16 53 MAX    13
2021 12 17 19 41 MIN    11
2021 12 18 01 15 MAX    17
2021 12 18 09 14 MIN    -1
2021 12 18 17 41 MAX    14
2021 12 18 19 58 MIN    13
2021 12 19 01 42 MAX    18
2021 12 19 09 46 MIN    -1
2021 12 20 02 12 MAX    19
2021 12 20 10 20 MIN    -1
2021 12 21 02 47 MAX    20
2021 12 21 10 59 MIN    -1
2021 12 22 03 24 MAX    20
2021 12 22 11 42 MIN     0
2021 12 23 04 06 MAX    20
2021 12 23 12 27 MIN     0
2021 12 24 04 51 MAX    19
2021 12 24 13 12 MIN     0
2021 12 25 05 41 MAX    18
2021 12 25 13 57 MIN     0
2021 12 25 21 54 MAX    13
2021 12 26 01 36 MIN    11
2021 12 26 06 44 MAX    15
2021 12 26 14 43 MIN     1
2021 12 26 22 16 MAX    13
2021 12 27 03 01 MIN     9
2021 12 27 08 02 MAX    13
2021 12 27 15 32 MIN     3
2021 12 27 22 33 MAX    13
2021 12 28 04 21 MIN     7
2021 12 28 09 37 MAX    12
2021 12 28 16 24 MIN     5
2021 12 28 22 50 MAX    14
2021 12 29 05 27 MIN     4
2021 12 29 11 33 MAX    11
2021 12 29 17 15 MIN     8
2021 12 29 23 12 MAX    15
2021 12 30 06 21 MIN     1
2021 12 30 14 11 MAX    12
2021 12 30 17 58 MIN    10
2021 12 30 23 43 MAX    17
2021 12 31 07 09 MIN    -1
2021 12 31 15 57 MAX    14
2021 12 31 18 35 MIN    13
