 <API - 조위예측극치자료>

대상조위관측소 : 울릉도
위도(WGS84) : N 130.9136
경도(WGS84) : E 37.4914
관측기관 : 20201221 ~ 20220101

2020 12 21 06 13 MAX    19
2020 12 21 14 18 MIN     2
2020 12 21 22 15 MAX    14
2020 12 22 02 37 MIN    13
2020 12 22 07 17 MAX    16
2020 12 22 15 01 MIN     4
2020 12 22 22 27 MAX    15
2020 12 23 04 30 MIN    10
2020 12 23 08 46 MAX    12
2020 12 23 15 39 MIN     5
2020 12 23 22 42 MAX    15
2020 12 24 05 41 MIN     7
2020 12 24 10 51 MAX    11
2020 12 24 16 11 MIN     7
2020 12 24 22 59 MAX    16
2020 12 25 06 29 MIN     5
2020 12 25 12 47 MAX    11
2020 12 25 16 40 MIN     9
2020 12 25 23 18 MAX    18
2020 12 26 07 05 MIN     3
2020 12 26 14 11 MAX    12
2020 12 26 17 12 MIN    11
2020 12 26 23 41 MAX    19
2020 12 27 07 37 MIN     1
2020 12 27 15 07 MAX    13
2020 12 27 17 48 MIN    12
2020 12 28 00 08 MAX    20
2020 12 28 08 09 MIN     0
2020 12 28 15 49 MAX    14
2020 12 28 18 26 MIN    13
2020 12 29 00 40 MAX    21
2020 12 29 08 43 MIN    -2
2020 12 29 16 23 MAX    14
2020 12 29 19 05 MIN    13
2020 12 30 01 16 MAX    22
2020 12 30 09 20 MIN    -3
2020 12 30 16 57 MAX    14
2020 12 30 19 42 MIN    13
2020 12 31 01 55 MAX    23
2020 12 31 10 00 MIN    -4
2021 01 01 02 36 MAX    23
2021 01 01 10 42 MIN    -5
2021 01 01 18 12 MAX    12
2021 01 01 20 57 MIN    11
2021 01 02 03 19 MAX    22
2021 01 02 11 25 MIN    -7
2021 01 02 18 51 MAX    11
2021 01 02 21 48 MIN    10
2021 01 03 04 05 MAX    20
2021 01 03 12 07 MIN    -7
2021 01 03 19 26 MAX    10
2021 01 03 22 57 MIN     9
2021 01 04 04 55 MAX    18
2021 01 04 12 51 MIN    -7
2021 01 04 19 57 MAX     9
2021 01 05 00 15 MIN     7
2021 01 05 05 52 MAX    14
2021 01 05 13 35 MIN    -6
2021 01 05 20 28 MAX     9
2021 01 06 01 40 MIN     4
2021 01 06 07 00 MAX    11
2021 01 06 14 21 MIN    -4
2021 01 06 21 01 MAX     9
2021 01 07 03 09 MIN     1
2021 01 07 08 28 MAX     8
2021 01 07 15 10 MIN    -1
2021 01 07 21 37 MAX    11
2021 01 08 04 32 MIN    -2
2021 01 08 10 39 MAX     6
2021 01 08 16 05 MIN     3
2021 01 08 22 17 MAX    13
2021 01 09 05 44 MIN    -5
2021 01 09 13 09 MAX     7
2021 01 09 17 01 MIN     6
2021 01 09 22 59 MAX    15
2021 01 10 06 46 MIN    -7
2021 01 10 14 43 MAX     9
2021 01 10 17 53 MIN     8
2021 01 10 23 43 MAX    17
2021 01 11 07 42 MIN    -9
2021 01 11 15 47 MAX    11
2021 01 11 18 37 MIN    10
2021 01 12 00 30 MAX    19
2021 01 12 08 33 MIN    -9
2021 01 13 01 17 MAX    21
2021 01 13 09 20 MIN    -9
2021 01 14 02 04 MAX    22
2021 01 14 10 06 MIN    -9
2021 01 15 02 51 MAX    21
2021 01 15 10 49 MIN    -8
2021 01 16 03 37 MAX    20
2021 01 16 11 30 MIN    -8
2021 01 17 04 23 MAX    18
2021 01 17 12 10 MIN    -7
2021 01 17 19 18 MAX     8
2021 01 17 22 54 MIN     7
2021 01 18 05 08 MAX    15
2021 01 18 12 45 MIN    -5
2021 01 18 19 48 MAX     7
2021 01 19 00 18 MIN     5
2021 01 19 05 57 MAX    11
2021 01 19 13 17 MIN    -4
2021 01 19 20 16 MAX     8
2021 01 20 01 57 MIN     4
2021 01 20 06 53 MAX     7
2021 01 20 13 41 MIN    -2
2021 01 20 20 41 MAX     8
2021 01 21 03 40 MIN     1
2021 01 21 08 17 MAX     4
2021 01 21 13 56 MIN     0
2021 01 21 21 03 MAX     9
2021 01 22 04 59 MIN    -1
2021 01 22 11 38 MAX     3
2021 01 22 13 54 MIN     2
2021 01 22 21 28 MAX    10
2021 01 23 05 57 MIN    -3
2021 01 23 21 58 MAX    11
2021 01 24 06 41 MIN    -5
2021 01 24 22 37 MAX    12
2021 01 25 07 18 MIN    -6
2021 01 25 23 22 MAX    13
2021 01 26 07 55 MIN    -8
2021 01 27 00 10 MAX    14
2021 01 27 08 32 MIN    -9
2021 01 28 00 58 MAX    15
2021 01 28 09 10 MIN   -11
2021 01 28 16 37 MAX     7
2021 01 28 19 36 MIN     6
2021 01 29 01 46 MAX    16
2021 01 29 09 49 MIN   -12
2021 01 29 16 58 MAX     6
2021 01 29 20 27 MIN     5
2021 01 30 02 34 MAX    15
2021 01 30 10 27 MIN   -13
2021 01 30 17 20 MAX     5
2021 01 30 21 19 MIN     3
2021 01 31 03 22 MAX    14
2021 01 31 11 06 MIN   -14
2021 01 31 17 45 MAX     4
2021 01 31 22 15 MIN     1
2021 02 01 04 12 MAX    13
2021 02 01 11 44 MIN   -14
2021 02 01 18 12 MAX     3
2021 02 01 23 15 MIN    -2
2021 02 02 05 06 MAX    10
2021 02 02 12 23 MIN   -12
2021 02 02 18 42 MAX     3
2021 02 03 00 22 MIN    -4
2021 02 03 06 06 MAX     7
2021 02 03 13 02 MIN    -9
2021 02 03 19 15 MAX     4
2021 02 04 01 37 MIN    -7
2021 02 04 07 21 MAX     3
2021 02 04 13 43 MIN    -6
2021 02 04 19 53 MAX     5
2021 02 05 02 57 MIN    -9
2021 02 05 09 16 MAX     1
2021 02 05 14 26 MIN    -2
2021 02 05 20 37 MAX     7
2021 02 06 04 19 MIN   -11
2021 02 06 12 26 MAX     2
2021 02 06 15 16 MIN     1
2021 02 06 21 29 MAX     8
2021 02 07 05 37 MIN   -13
2021 02 07 14 23 MAX     4
2021 02 07 16 29 MIN     3
2021 02 07 22 28 MAX    10
2021 02 08 06 45 MIN   -13
2021 02 08 23 30 MAX    11
2021 02 09 07 43 MIN   -14
2021 02 09 16 11 MAX     6
2021 02 09 18 55 MIN     5
2021 02 10 00 30 MAX    13
2021 02 10 08 32 MIN   -13
2021 02 11 01 24 MAX    14
2021 02 11 09 15 MIN   -13
2021 02 11 16 39 MAX     5
2021 02 11 20 11 MIN     4
2021 02 12 02 13 MAX    14
2021 02 12 09 53 MIN   -12
2021 02 12 16 43 MAX     4
2021 02 12 20 47 MIN     2
2021 02 13 02 58 MAX    14
2021 02 13 10 28 MIN   -11
2021 02 13 16 57 MAX     4
2021 02 13 21 29 MIN     1
2021 02 14 03 42 MAX    13
2021 02 14 11 01 MIN   -11
2021 02 14 17 19 MAX     4
2021 02 14 22 17 MIN     0
2021 02 15 04 24 MAX    11
2021 02 15 11 32 MIN    -9
2021 02 15 17 44 MAX     4
2021 02 15 23 10 MIN    -2
2021 02 16 05 10 MAX     8
2021 02 16 12 00 MIN    -8
2021 02 16 18 09 MAX     4
2021 02 17 00 10 MIN    -3
2021 02 17 05 59 MAX     5
2021 02 17 12 23 MIN    -5
2021 02 17 18 33 MAX     4
2021 02 18 01 19 MIN    -4
2021 02 18 07 02 MAX     2
2021 02 18 12 40 MIN    -3
2021 02 18 18 55 MAX     5
2021 02 19 02 34 MIN    -6
2021 02 19 09 26 MAX     0
2021 02 19 12 45 MIN    -1
2021 02 19 19 18 MAX     5
2021 02 20 03 48 MIN    -7
2021 02 20 19 50 MAX     6
2021 02 21 04 56 MIN    -8
2021 02 21 20 37 MAX     7
2021 02 22 05 56 MIN    -9
2021 02 22 21 41 MAX     7
2021 02 23 06 46 MIN   -10
2021 02 23 22 50 MAX     8
2021 02 24 07 29 MIN   -11
2021 02 24 15 16 MAX     4
2021 02 24 18 12 MIN     3
2021 02 24 23 56 MAX     9
2021 02 25 08 10 MIN   -13
2021 02 25 15 26 MAX     4
2021 02 25 19 13 MIN     2
2021 02 26 00 55 MAX    10
2021 02 26 08 48 MIN   -14
2021 02 26 15 42 MAX     3
2021 02 26 20 00 MIN     1
2021 02 27 01 49 MAX    11
2021 02 27 09 25 MIN   -15
2021 02 27 16 01 MAX     3
2021 02 27 20 44 MIN    -2
2021 02 28 02 40 MAX    11
2021 02 28 10 02 MIN   -15
2021 02 28 16 22 MAX     3
2021 02 28 21 31 MIN    -4
2021 03 01 03 31 MAX    10
2021 03 01 10 39 MIN   -14
2021 03 01 16 46 MAX     3
2021 03 01 22 22 MIN    -7
2021 03 02 04 24 MAX     9
2021 03 02 11 16 MIN   -12
2021 03 02 17 13 MAX     3
2021 03 02 23 17 MIN    -9
2021 03 03 05 22 MAX     7
2021 03 03 11 54 MIN    -9
2021 03 03 17 43 MAX     4
2021 03 04 00 19 MIN   -12
2021 03 04 06 31 MAX     4
2021 03 04 12 33 MIN    -6
2021 03 04 18 18 MAX     6
2021 03 05 01 28 MIN   -13
2021 03 05 08 13 MAX     2
2021 03 05 13 14 MIN    -2
2021 03 05 18 59 MAX     7
2021 03 06 02 43 MIN   -14
2021 03 06 10 48 MAX     2
2021 03 06 14 02 MIN     1
2021 03 06 19 52 MAX     8
2021 03 07 04 03 MIN   -14
2021 03 07 12 56 MAX     4
2021 03 07 15 20 MIN     3
2021 03 07 20 59 MAX     8
2021 03 08 05 23 MIN   -13
2021 03 08 14 10 MAX     5
2021 03 08 17 18 MIN     4
2021 03 08 22 20 MAX     9
2021 03 09 06 34 MIN   -13
2021 03 09 14 48 MAX     6
2021 03 09 18 30 MIN     4
2021 03 09 23 38 MAX    10
2021 03 10 07 31 MIN   -12
2021 03 10 15 09 MAX     5
2021 03 10 19 16 MIN     3
2021 03 11 00 44 MAX    11
2021 03 11 08 16 MIN   -11
2021 03 11 15 16 MAX     5
2021 03 11 19 52 MIN     2
2021 03 12 01 36 MAX    12
2021 03 12 08 53 MIN   -10
2021 03 12 15 22 MAX     5
2021 03 12 20 26 MIN     1
2021 03 13 02 21 MAX    12
2021 03 13 09 25 MIN    -9
2021 03 13 15 34 MAX     6
2021 03 13 21 00 MIN    -1
2021 03 14 03 04 MAX    12
2021 03 14 09 55 MIN    -7
2021 03 14 15 52 MAX     6
2021 03 14 21 36 MIN    -2
2021 03 15 03 46 MAX    11
2021 03 15 10 23 MIN    -6
2021 03 15 16 14 MAX     7
2021 03 15 22 17 MIN    -3
2021 03 16 04 29 MAX    10
2021 03 16 10 50 MIN    -4
2021 03 16 16 37 MAX     7
2021 03 16 23 01 MIN    -4
2021 03 17 05 18 MAX     8
2021 03 17 11 15 MIN    -2
2021 03 17 16 58 MAX     8
2021 03 17 23 48 MIN    -5
2021 03 18 06 17 MAX     6
2021 03 18 11 37 MIN     1
2021 03 18 17 18 MAX     8
2021 03 19 00 40 MIN    -6
2021 03 19 08 00 MAX     5
2021 03 19 11 54 MIN     3
2021 03 19 17 38 MAX     9
2021 03 20 01 37 MIN    -6
2021 03 20 18 01 MAX     9
2021 03 21 02 39 MIN    -6
2021 03 21 18 35 MAX     9
2021 03 22 03 49 MIN    -6
2021 03 22 19 33 MAX     9
2021 03 23 05 00 MIN    -6
2021 03 23 20 59 MAX     9
2021 03 24 06 02 MIN    -7
2021 03 24 13 53 MAX     7
2021 03 24 17 42 MIN     6
2021 03 24 22 28 MAX    10
2021 03 25 06 52 MIN    -8
2021 03 25 14 07 MAX     8
2021 03 25 18 36 MIN     5
2021 03 25 23 47 MAX    11
2021 03 26 07 35 MIN    -9
2021 03 26 14 24 MAX     8
2021 03 26 19 18 MIN     3
2021 03 27 00 53 MAX    12
2021 03 27 08 15 MIN    -9
2021 03 27 14 42 MAX     8
2021 03 27 19 58 MIN     1
2021 03 28 01 50 MAX    13
2021 03 28 08 52 MIN    -9
2021 03 28 15 02 MAX     8
2021 03 28 20 40 MIN    -2
2021 03 29 02 44 MAX    13
2021 03 29 09 30 MIN    -7
2021 03 29 15 25 MAX     9
2021 03 29 21 26 MIN    -5
2021 03 30 03 39 MAX    14
2021 03 30 10 06 MIN    -5
2021 03 30 15 50 MAX    11
2021 03 30 22 15 MIN    -7
2021 03 31 04 38 MAX    13
2021 03 31 10 43 MIN    -1
2021 03 31 16 19 MAX    12
2021 03 31 23 10 MIN    -9
2021 04 01 05 45 MAX    12
2021 04 01 11 21 MIN     2
2021 04 01 16 52 MAX    14
2021 04 02 00 10 MIN   -10
2021 04 02 07 16 MAX    11
2021 04 02 12 01 MIN     6
2021 04 02 17 30 MAX    15
2021 04 03 01 16 MIN   -10
2021 04 03 09 17 MAX    11
2021 04 03 12 46 MIN     9
2021 04 03 18 16 MAX    16
2021 04 04 02 27 MIN    -9
2021 04 04 19 17 MAX    15
2021 04 05 03 44 MIN    -8
2021 04 05 12 34 MAX    12
2021 04 05 15 51 MIN    11
2021 04 05 20 42 MAX    15
2021 04 06 05 02 MIN    -6
2021 04 06 13 19 MAX    12
2021 04 06 17 26 MIN    10
2021 04 06 22 17 MAX    15
2021 04 07 06 10 MIN    -4
2021 04 07 13 43 MAX    13
2021 04 07 18 26 MIN     9
2021 04 07 23 40 MAX    15
2021 04 08 07 03 MIN    -2
2021 04 08 13 55 MAX    13
2021 04 08 19 10 MIN     7
2021 04 09 00 45 MAX    16
2021 04 09 07 43 MIN    -1
2021 04 09 14 05 MAX    13
2021 04 09 19 46 MIN     6
2021 04 10 01 37 MAX    17
2021 04 10 08 16 MIN     1
2021 04 10 14 18 MAX    14
2021 04 10 20 19 MIN     4
2021 04 11 02 23 MAX    17
2021 04 11 08 44 MIN     3
2021 04 11 14 35 MAX    15
2021 04 11 20 52 MIN     3
2021 04 12 03 06 MAX    17
2021 04 12 09 11 MIN     5
2021 04 12 14 54 MAX    16
2021 04 12 21 26 MIN     2
2021 04 13 03 50 MAX    17
2021 04 13 09 37 MIN     7
2021 04 13 15 16 MAX    17
2021 04 13 22 02 MIN     2
2021 04 14 04 39 MAX    17
2021 04 14 10 02 MIN     9
2021 04 14 15 36 MAX    18
2021 04 14 22 41 MIN     1
2021 04 15 05 38 MAX    16
2021 04 15 10 26 MIN    12
2021 04 15 15 57 MAX    19
2021 04 15 23 22 MIN     1
2021 04 16 07 03 MAX    16
2021 04 16 10 49 MIN    14
2021 04 16 16 18 MAX    19
2021 04 17 00 08 MIN     1
2021 04 17 08 42 MAX    16
2021 04 17 11 10 MIN    15
2021 04 17 16 41 MAX    20
2021 04 18 00 58 MIN     1
2021 04 18 17 09 MAX    20
2021 04 19 01 54 MIN     2
2021 04 19 17 50 MAX    19
2021 04 20 02 58 MIN     2
2021 04 20 18 55 MAX    18
2021 04 21 04 07 MIN     2
2021 04 21 12 32 MAX    17
2021 04 21 16 10 MIN    16
2021 04 21 20 23 MAX    18
2021 04 22 05 12 MIN     2
2021 04 22 12 48 MAX    17
2021 04 22 17 29 MIN    14
2021 04 22 21 58 MAX    17
2021 04 23 06 06 MIN     2
2021 04 23 13 04 MAX    17
2021 04 23 18 18 MIN    12
2021 04 23 23 29 MAX    18
2021 04 24 06 52 MIN     2
2021 04 24 13 21 MAX    18
2021 04 24 19 01 MIN     9
2021 04 25 00 45 MAX    19
2021 04 25 07 34 MIN     4
2021 04 25 13 40 MAX    19
2021 04 25 19 43 MIN     7
2021 04 26 01 49 MAX    21
2021 04 26 08 13 MIN     6
2021 04 26 14 03 MAX    21
2021 04 26 20 27 MIN     4
2021 04 27 02 50 MAX    22
2021 04 27 08 50 MIN     9
2021 04 27 14 29 MAX    23
2021 04 27 21 14 MIN     1
2021 04 28 03 51 MAX    23
2021 04 28 09 27 MIN    12
2021 04 28 14 58 MAX    25
2021 04 28 22 04 MIN    -1
2021 04 29 04 58 MAX    23
2021 04 29 10 03 MIN    16
2021 04 29 15 32 MAX    27
2021 04 29 22 59 MIN    -2
2021 04 30 06 22 MAX    23
2021 04 30 10 38 MIN    19
2021 04 30 16 11 MAX    29
2021 04 30 23 59 MIN    -1
2021 05 01 08 02 MAX    23
2021 05 01 11 15 MIN    21
2021 05 01 16 54 MAX    29
2021 05 02 01 03 MIN     0
2021 05 02 09 43 MAX    23
2021 05 02 11 58 MIN    22
2021 05 02 17 46 MAX    29
2021 05 03 02 11 MIN     2
2021 05 03 18 53 MAX    27
2021 05 04 03 22 MIN     5
2021 05 04 12 04 MAX    23
2021 05 04 15 34 MIN    22
2021 05 04 20 21 MAX    26
2021 05 05 04 31 MIN     7
2021 05 05 12 26 MAX    23
2021 05 05 17 07 MIN    20
2021 05 05 21 56 MAX    25
2021 05 06 05 32 MIN     9
2021 05 06 12 40 MAX    24
2021 05 06 18 09 MIN    18
2021 05 06 23 23 MAX    24
2021 05 07 06 19 MIN    11
2021 05 07 12 51 MAX    24
2021 05 07 18 55 MIN    16
2021 05 08 00 35 MAX    24
2021 05 08 06 56 MIN    13
2021 05 08 13 04 MAX    25
2021 05 08 19 33 MIN    14
2021 05 09 01 34 MAX    25
2021 05 09 07 25 MIN    16
2021 05 09 13 20 MAX    27
2021 05 09 20 07 MIN    13
2021 05 10 02 25 MAX    25
2021 05 10 07 52 MIN    18
2021 05 10 13 39 MAX    28
2021 05 10 20 38 MIN    12
2021 05 11 03 14 MAX    26
2021 05 11 08 17 MIN    20
2021 05 11 13 59 MAX    30
2021 05 11 21 09 MIN    12
2021 05 12 04 06 MAX    27
2021 05 12 08 41 MIN    22
2021 05 12 14 20 MAX    31
2021 05 12 21 43 MIN    11
2021 05 13 05 03 MAX    28
2021 05 13 09 05 MIN    24
2021 05 13 14 43 MAX    32
2021 05 13 22 20 MIN    11
2021 05 14 06 14 MAX    28
2021 05 14 09 29 MIN    26
2021 05 14 15 07 MAX    33
2021 05 14 23 02 MIN    11
2021 05 15 07 33 MAX    28
2021 05 15 09 52 MIN    27
2021 05 15 15 35 MAX    33
2021 05 15 23 47 MIN    11
2021 05 16 16 06 MAX    33
2021 05 17 00 35 MIN    12
2021 05 17 16 44 MAX    32
2021 05 18 01 27 MIN    12
2021 05 18 17 32 MAX    31
2021 05 19 02 22 MIN    12
2021 05 19 11 22 MAX    27
2021 05 19 13 35 MIN    26
2021 05 19 18 35 MAX    29
2021 05 20 03 20 MIN    12
2021 05 20 11 32 MAX    27
2021 05 20 15 29 MIN    25
2021 05 20 19 55 MAX    28
2021 05 21 04 17 MIN    13
2021 05 21 11 43 MAX    27
2021 05 21 16 51 MIN    23
2021 05 21 21 29 MAX    27
2021 05 22 05 12 MIN    14
2021 05 22 11 57 MAX    28
2021 05 22 17 49 MIN    20
2021 05 22 23 12 MAX    27
2021 05 23 06 02 MIN    16
2021 05 23 12 16 MAX    29
2021 05 23 18 39 MIN    17
2021 05 24 00 43 MAX    28
2021 05 24 06 47 MIN    18
2021 05 24 12 39 MAX    31
2021 05 24 19 26 MIN    14
2021 05 25 01 58 MAX    29
2021 05 25 07 28 MIN    22
2021 05 25 13 08 MAX    34
2021 05 25 20 14 MIN    11
2021 05 26 03 08 MAX    31
2021 05 26 08 06 MIN    25
2021 05 26 13 40 MAX    37
2021 05 26 21 03 MIN     9
2021 05 27 04 18 MAX    32
2021 05 27 08 40 MIN    28
2021 05 27 14 16 MAX    39
2021 05 27 21 56 MIN     8
2021 05 28 05 35 MAX    32
2021 05 28 09 11 MIN    30
2021 05 28 14 57 MAX    41
2021 05 28 22 53 MIN     8
2021 05 29 07 03 MAX    33
2021 05 29 09 37 MIN    32
2021 05 29 15 41 MAX    42
2021 05 29 23 51 MIN     9
2021 05 30 16 30 MAX    41
2021 05 31 00 51 MIN    11
2021 05 31 17 25 MAX    40
2021 06 01 01 51 MIN    13
2021 06 01 18 30 MAX    37
2021 06 02 02 52 MIN    16
2021 06 02 11 19 MAX    32
2021 06 02 15 00 MIN    31
2021 06 02 19 48 MAX    34
2021 06 03 03 49 MIN    18
2021 06 03 11 26 MAX    32
2021 06 03 16 40 MIN    28
2021 06 03 21 20 MAX    32
2021 06 04 04 38 MIN    20
2021 06 04 11 37 MAX    33
2021 06 04 17 50 MIN    25
2021 06 04 23 00 MAX    30
2021 06 05 05 20 MIN    23
2021 06 05 11 50 MAX    34
2021 06 05 18 41 MIN    23
2021 06 06 00 32 MAX    30
2021 06 06 05 52 MIN    25
2021 06 06 12 05 MAX    35
2021 06 06 19 20 MIN    22
2021 06 07 01 48 MAX    31
2021 06 07 06 20 MIN    28
2021 06 07 12 23 MAX    37
2021 06 07 19 53 MIN    21
2021 06 08 02 53 MAX    32
2021 06 08 06 44 MIN    30
2021 06 08 12 43 MAX    38
2021 06 08 20 24 MIN    20
2021 06 09 03 48 MAX    33
2021 06 09 07 09 MIN    32
2021 06 09 13 06 MAX    40
2021 06 09 20 55 MIN    19
2021 06 10 04 40 MAX    34
2021 06 10 07 34 MIN    33
2021 06 10 13 32 MAX    41
2021 06 10 21 30 MIN    19
2021 06 11 05 35 MAX    35
2021 06 11 08 00 MIN    34
2021 06 11 14 01 MAX    42
2021 06 11 22 08 MIN    19
2021 06 12 14 34 MAX    42
2021 06 12 22 51 MIN    18
2021 06 13 15 11 MAX    42
2021 06 13 23 34 MIN    18
2021 06 14 15 51 MAX    41
2021 06 15 00 19 MIN    18
2021 06 15 16 35 MAX    39
2021 06 16 01 04 MIN    17
2021 06 16 17 26 MAX    37
2021 06 17 01 48 MIN    17
2021 06 17 10 11 MAX    32
2021 06 17 13 18 MIN    31
2021 06 17 18 27 MAX    35
2021 06 18 02 35 MIN    18
2021 06 18 10 09 MAX    32
2021 06 18 14 54 MIN    29
2021 06 18 19 43 MAX    33
2021 06 19 03 24 MIN    20
2021 06 19 10 22 MAX    32
2021 06 19 16 17 MIN    26
2021 06 19 21 21 MAX    31
2021 06 20 04 16 MIN    22
2021 06 20 10 44 MAX    34
2021 06 20 17 24 MIN    22
2021 06 20 23 25 MAX    31
2021 06 21 05 09 MIN    26
2021 06 21 11 12 MAX    36
2021 06 21 18 22 MIN    19
2021 06 22 01 17 MAX    32
2021 06 22 05 58 MIN    29
2021 06 22 11 46 MAX    39
2021 06 22 19 16 MIN    17
2021 06 23 02 44 MAX    34
2021 06 23 06 42 MIN    32
2021 06 23 12 23 MAX    41
2021 06 23 20 08 MIN    15
2021 06 24 03 57 MAX    36
2021 06 24 07 18 MIN    34
2021 06 24 13 05 MAX    44
2021 06 24 21 01 MIN    14
2021 06 25 13 50 MAX    46
2021 06 25 21 54 MIN    14
2021 06 26 14 37 MAX    47
2021 06 26 22 47 MIN    15
2021 06 27 15 27 MAX    47
2021 06 27 23 40 MIN    16
2021 06 28 16 19 MAX    45
2021 06 29 00 32 MIN    17
2021 06 29 17 13 MAX    43
2021 06 30 01 21 MIN    19
2021 06 30 18 10 MAX    39
2021 07 01 02 08 MIN    21
2021 07 01 09 55 MAX    34
2021 07 01 14 28 MIN    32
2021 07 01 19 17 MAX    36
2021 07 02 02 51 MIN    23
2021 07 02 10 07 MAX    35
2021 07 02 16 11 MIN    29
2021 07 02 20 48 MAX    32
2021 07 03 03 27 MIN    26
2021 07 03 10 23 MAX    36
2021 07 03 17 26 MIN    27
2021 07 03 23 03 MAX    31
2021 07 04 03 56 MIN    28
2021 07 04 10 40 MAX    37
2021 07 04 18 21 MIN    24
2021 07 05 10 59 MAX    38
2021 07 05 19 03 MIN    23
2021 07 06 11 22 MAX    39
2021 07 06 19 38 MIN    22
2021 07 07 11 49 MAX    41
2021 07 07 20 10 MIN    21
2021 07 08 12 23 MAX    42
2021 07 08 20 44 MIN    21
2021 07 09 13 00 MAX    43
2021 07 09 21 20 MIN    20
2021 07 10 13 41 MAX    43
2021 07 10 21 59 MIN    19
2021 07 11 14 22 MAX    43
2021 07 11 22 38 MIN    18
2021 07 12 15 05 MAX    43
2021 07 12 23 17 MIN    17
2021 07 13 15 49 MAX    41
2021 07 13 23 56 MIN    17
2021 07 14 16 38 MAX    39
2021 07 15 00 34 MIN    17
2021 07 15 07 48 MAX    31
2021 07 15 11 53 MIN    29
2021 07 15 17 31 MAX    36
2021 07 16 01 13 MIN    18
2021 07 16 08 04 MAX    31
2021 07 16 13 13 MIN    27
2021 07 16 18 35 MAX    33
2021 07 17 01 53 MIN    20
2021 07 17 08 28 MAX    31
2021 07 17 14 35 MIN    24
2021 07 17 19 56 MAX    30
2021 07 18 02 36 MIN    22
2021 07 18 09 00 MAX    33
2021 07 18 15 55 MIN    21
2021 07 18 22 02 MAX    29
2021 07 19 03 25 MIN    26
2021 07 19 09 38 MAX    34
2021 07 19 17 08 MIN    18
2021 07 20 00 54 MAX    30
2021 07 20 04 21 MIN    29
2021 07 20 10 21 MAX    36
2021 07 20 18 15 MIN    16
2021 07 21 02 34 MAX    32
2021 07 21 05 21 MIN    31
2021 07 21 11 09 MAX    39
2021 07 21 19 15 MIN    15
2021 07 22 03 43 MAX    34
2021 07 22 06 15 MIN    33
2021 07 22 12 00 MAX    41
2021 07 22 20 11 MIN    14
2021 07 23 12 53 MAX    43
2021 07 23 21 02 MIN    14
2021 07 24 13 46 MAX    44
2021 07 24 21 50 MIN    14
2021 07 25 14 38 MAX    44
2021 07 25 22 36 MIN    14
2021 07 26 15 27 MAX    43
2021 07 26 23 19 MIN    15
2021 07 27 16 16 MAX    41
2021 07 28 00 00 MIN    17
2021 07 28 00 00 MIN    17
2021 07 28 06 57 MAX    31
2021 07 28 10 59 MIN    29
2021 07 28 17 06 MAX    38
2021 07 29 00 37 MIN    18
2021 07 29 07 23 MAX    31
2021 07 29 12 19 MIN    28
2021 07 29 17 59 MAX    34
2021 07 30 01 11 MIN    21
2021 07 30 07 51 MAX    31
2021 07 30 13 55 MIN    26
2021 07 30 19 04 MAX    31
2021 07 31 01 38 MIN    23
2021 07 31 08 17 MAX    32
2021 07 31 15 29 MIN    24
2021 07 31 20 59 MAX    28
2021 08 01 01 54 MIN    25
2021 08 01 08 43 MAX    32
2021 08 01 16 44 MIN    22
2021 08 02 09 09 MAX    33
2021 08 02 17 44 MIN    20
2021 08 03 09 40 MAX    34
2021 08 03 18 33 MIN    19
2021 08 04 10 21 MAX    35
2021 08 04 19 14 MIN    18
2021 08 05 11 09 MAX    36
2021 08 05 19 51 MIN    17
2021 08 06 12 00 MAX    37
2021 08 06 20 27 MIN    16
2021 08 07 12 50 MAX    38
2021 08 07 21 03 MIN    15
2021 08 08 04 33 MAX    31
2021 08 08 07 29 MIN    30
2021 08 08 13 38 MAX    38
2021 08 08 21 39 MIN    14
2021 08 09 04 49 MAX    30
2021 08 09 08 17 MIN    29
2021 08 09 14 24 MAX    38
2021 08 09 22 14 MIN    13
2021 08 10 05 06 MAX    28
2021 08 10 09 06 MIN    27
2021 08 10 15 09 MAX    37
2021 08 10 22 49 MIN    12
2021 08 11 05 24 MAX    27
2021 08 11 09 58 MIN    25
2021 08 11 15 56 MAX    35
2021 08 11 23 25 MIN    12
2021 08 12 05 45 MAX    27
2021 08 12 10 55 MIN    22
2021 08 12 16 47 MAX    33
2021 08 13 00 00 MIN    13
2021 08 13 00 00 MIN    13
2021 08 13 06 10 MAX    27
2021 08 13 11 57 MIN    19
2021 08 13 17 45 MAX    30
2021 08 14 00 37 MIN    16
2021 08 14 06 40 MAX    27
2021 08 14 13 06 MIN    17
2021 08 14 18 56 MAX    27
2021 08 15 01 16 MIN    19
2021 08 15 07 15 MAX    28
2021 08 15 14 21 MIN    14
2021 08 15 20 48 MAX    25
2021 08 16 01 59 MIN    22
2021 08 16 07 57 MAX    30
2021 08 16 15 40 MIN    12
2021 08 16 23 56 MAX    26
2021 08 17 02 53 MIN    25
2021 08 17 08 50 MAX    31
2021 08 17 16 59 MIN    11
2021 08 18 01 45 MAX    28
2021 08 18 04 14 MIN    27
2021 08 18 09 52 MAX    32
2021 08 18 18 12 MIN    10
2021 08 19 02 50 MAX    29
2021 08 19 05 46 MIN    28
2021 08 19 11 00 MAX    34
2021 08 19 19 15 MIN    10
2021 08 20 03 34 MAX    29
2021 08 20 06 45 MIN    28
2021 08 20 12 06 MAX    35
2021 08 20 20 08 MIN    10
2021 08 21 04 01 MAX    29
2021 08 21 07 26 MIN    27
2021 08 21 13 06 MAX    37
2021 08 21 20 54 MIN    10
2021 08 22 04 12 MAX    28
2021 08 22 08 02 MIN    26
2021 08 22 13 58 MAX    37
2021 08 22 21 34 MIN    11
2021 08 23 04 18 MAX    27
2021 08 23 08 38 MIN    25
2021 08 23 14 45 MAX    37
2021 08 23 22 11 MIN    12
2021 08 24 04 30 MAX    27
2021 08 24 09 20 MIN    23
2021 08 24 15 30 MAX    36
2021 08 24 22 44 MIN    13
2021 08 25 04 50 MAX    27
2021 08 25 10 07 MIN    21
2021 08 25 16 15 MAX    34
2021 08 25 23 16 MIN    14
2021 08 26 05 15 MAX    27
2021 08 26 11 00 MIN    20
2021 08 26 17 03 MAX    31
2021 08 26 23 44 MIN    16
2021 08 27 05 40 MAX    27
2021 08 27 12 00 MIN    19
2021 08 27 17 57 MAX    28
2021 08 28 00 09 MIN    19
2021 08 28 06 05 MAX    27
2021 08 28 13 11 MIN    17
2021 08 28 19 14 MAX    25
2021 08 29 00 25 MIN    21
2021 08 29 06 29 MAX    28
2021 08 29 14 28 MIN    16
2021 08 29 22 06 MAX    24
2021 08 30 00 27 MIN    23
2021 08 30 06 53 MAX    28
2021 08 30 15 42 MIN    15
2021 08 31 07 23 MAX    29
2021 08 31 16 51 MIN    14
2021 09 01 08 15 MAX    29
2021 09 01 17 50 MIN    13
2021 09 02 09 30 MAX    29
2021 09 02 18 40 MIN    12
2021 09 03 10 47 MAX    30
2021 09 03 19 21 MIN    11
2021 09 04 02 55 MAX    26
2021 09 04 06 23 MIN    25
2021 09 04 11 53 MAX    30
2021 09 04 19 58 MIN    10
2021 09 05 03 05 MAX    26
2021 09 05 07 08 MIN    24
2021 09 05 12 48 MAX    31
2021 09 05 20 33 MIN     9
2021 09 06 03 20 MAX    25
2021 09 06 07 48 MIN    22
2021 09 06 13 38 MAX    31
2021 09 06 21 07 MIN     8
2021 09 07 03 37 MAX    24
2021 09 07 08 28 MIN    19
2021 09 07 14 24 MAX    31
2021 09 07 21 41 MIN     8
2021 09 08 03 55 MAX    24
2021 09 08 09 12 MIN    17
2021 09 08 15 12 MAX    31
2021 09 08 22 14 MIN     8
2021 09 09 04 17 MAX    24
2021 09 09 09 58 MIN    14
2021 09 09 16 03 MAX    29
2021 09 09 22 49 MIN    10
2021 09 10 04 41 MAX    24
2021 09 10 10 50 MIN    11
2021 09 10 16 58 MAX    27
2021 09 10 23 24 MIN    12
2021 09 11 05 09 MAX    25
2021 09 11 11 48 MIN     9
2021 09 11 18 04 MAX    25
2021 09 12 00 01 MIN    15
2021 09 12 05 41 MAX    26
2021 09 12 12 53 MIN     7
2021 09 12 19 39 MAX    23
2021 09 13 00 40 MIN    19
2021 09 13 06 20 MAX    27
2021 09 13 14 06 MIN     6
2021 09 13 22 18 MAX    23
2021 09 14 01 27 MIN    21
2021 09 14 07 10 MAX    28
2021 09 14 15 26 MIN     6
2021 09 15 00 19 MAX    24
2021 09 15 02 46 MIN    23
2021 09 15 08 19 MAX    28
2021 09 15 16 49 MIN     6
2021 09 16 01 32 MAX    25
2021 09 16 04 45 MIN    24
2021 09 16 09 46 MAX    28
2021 09 16 18 03 MIN     6
2021 09 17 02 12 MAX    25
2021 09 17 06 02 MIN    23
2021 09 17 11 10 MAX    29
2021 09 17 19 04 MIN     6
2021 09 18 02 35 MAX    24
2021 09 18 06 51 MIN    21
2021 09 18 12 19 MAX    30
2021 09 18 19 52 MIN     7
2021 09 19 02 46 MAX    24
2021 09 19 07 30 MIN    20
2021 09 19 13 16 MAX    31
2021 09 19 20 31 MIN     8
2021 09 20 02 54 MAX    23
2021 09 20 08 04 MIN    18
2021 09 20 14 03 MAX    31
2021 09 20 21 04 MIN     9
2021 09 21 03 07 MAX    24
2021 09 21 08 40 MIN    16
2021 09 21 14 46 MAX    30
2021 09 21 21 33 MIN    11
2021 09 22 03 25 MAX    24
2021 09 22 09 17 MIN    15
2021 09 22 15 29 MAX    29
2021 09 22 22 00 MIN    12
2021 09 23 03 46 MAX    25
2021 09 23 09 58 MIN    13
2021 09 23 16 13 MAX    28
2021 09 23 22 26 MIN    14
2021 09 24 04 08 MAX    25
2021 09 24 10 42 MIN    12
2021 09 24 17 02 MAX    26
2021 09 24 22 49 MIN    16
2021 09 25 04 31 MAX    26
2021 09 25 11 30 MIN    12
2021 09 25 18 03 MAX    24
2021 09 25 23 10 MIN    19
2021 09 26 04 53 MAX    26
2021 09 26 12 23 MIN    11
2021 09 26 19 56 MAX    22
2021 09 26 23 24 MIN    21
2021 09 27 05 14 MAX    26
2021 09 27 13 25 MIN    11
2021 09 28 05 36 MAX    26
2021 09 28 14 34 MIN    11
2021 09 29 06 10 MAX    26
2021 09 29 15 49 MIN    11
2021 09 30 07 12 MAX    25
2021 09 30 16 59 MIN    10
2021 10 01 08 49 MAX    25
2021 10 01 17 55 MIN     9
2021 10 02 01 38 MAX    23
2021 10 02 05 31 MIN    22
2021 10 02 10 22 MAX    25
2021 10 02 18 40 MIN     8
2021 10 03 01 48 MAX    22
2021 10 03 06 19 MIN    20
2021 10 03 11 36 MAX    25
2021 10 03 19 18 MIN     7
2021 10 04 02 01 MAX    22
2021 10 04 06 59 MIN    17
2021 10 04 12 36 MAX    26
2021 10 04 19 54 MIN     6
2021 10 05 02 17 MAX    22
2021 10 05 07 37 MIN    15
2021 10 05 13 29 MAX    26
2021 10 05 20 28 MIN     6
2021 10 06 02 35 MAX    22
2021 10 06 08 17 MIN    12
2021 10 06 14 21 MAX    27
2021 10 06 21 01 MIN     7
2021 10 07 02 55 MAX    23
2021 10 07 08 59 MIN     9
2021 10 07 15 13 MAX    26
2021 10 07 21 35 MIN     9
2021 10 08 03 19 MAX    24
2021 10 08 09 46 MIN     6
2021 10 08 16 08 MAX    26
2021 10 08 22 09 MIN    12
2021 10 09 03 47 MAX    26
2021 10 09 10 38 MIN     4
2021 10 09 17 10 MAX    24
2021 10 09 22 44 MIN    15
2021 10 10 04 18 MAX    27
2021 10 10 11 35 MIN     2
2021 10 10 18 30 MAX    23
2021 10 10 23 20 MIN    18
2021 10 11 04 56 MAX    28
2021 10 11 12 39 MIN     2
2021 10 11 20 32 MAX    22
2021 10 11 23 58 MIN    20
2021 10 12 05 41 MAX    28
2021 10 12 13 51 MIN     2
2021 10 13 06 39 MAX    28
2021 10 13 15 10 MIN     3
2021 10 14 08 01 MAX    27
2021 10 14 16 31 MIN     4
2021 10 15 00 57 MAX    22
2021 10 15 04 33 MIN    21
2021 10 15 09 39 MAX    26
2021 10 15 17 43 MIN     5
2021 10 16 01 18 MAX    22
2021 10 16 05 47 MIN    19
2021 10 16 11 07 MAX    26
2021 10 16 18 39 MIN     7
2021 10 17 01 30 MAX    22
2021 10 17 06 38 MIN    16
2021 10 17 12 18 MAX    26
2021 10 17 19 21 MIN     8
2021 10 18 01 40 MAX    22
2021 10 18 07 19 MIN    14
2021 10 18 13 13 MAX    26
2021 10 18 19 54 MIN     9
2021 10 19 01 52 MAX    23
2021 10 19 07 55 MIN    12
2021 10 19 14 00 MAX    26
2021 10 19 20 22 MIN    11
2021 10 20 02 09 MAX    24
2021 10 20 08 30 MIN    11
2021 10 20 14 44 MAX    26
2021 10 20 20 47 MIN    13
2021 10 21 02 28 MAX    25
2021 10 21 09 03 MIN    10
2021 10 21 15 27 MAX    25
2021 10 21 21 11 MIN    15
2021 10 22 02 50 MAX    26
2021 10 22 09 39 MIN     9
2021 10 22 16 13 MAX    25
2021 10 22 21 33 MIN    17
2021 10 23 03 12 MAX    27
2021 10 23 10 17 MIN     8
2021 10 23 17 05 MAX    24
2021 10 23 21 55 MIN    19
2021 10 24 03 34 MAX    27
2021 10 24 10 59 MIN     8
2021 10 24 18 16 MAX    23
2021 10 24 22 14 MIN    21
2021 10 25 03 57 MAX    28
2021 10 25 11 45 MIN     8
2021 10 26 04 22 MAX    27
2021 10 26 12 38 MIN     8
2021 10 27 04 52 MAX    27
2021 10 27 13 40 MIN     9
2021 10 28 05 33 MAX    26
2021 10 28 14 48 MIN     8
2021 10 29 06 35 MAX    24
2021 10 29 15 58 MIN     8
2021 10 30 00 27 MAX    21
2021 10 30 02 58 MIN    20
2021 10 30 08 01 MAX    22
2021 10 30 16 58 MIN     7
2021 10 31 00 32 MAX    20
2021 10 31 04 54 MIN    18
2021 10 31 09 35 MAX    22
2021 10 31 17 47 MIN     7
2021 11 01 00 42 MAX    20
2021 11 01 05 51 MIN    16
2021 11 01 11 03 MAX    21
2021 11 01 18 29 MIN     6
2021 11 02 00 56 MAX    21
2021 11 02 06 35 MIN    13
2021 11 02 12 17 MAX    22
2021 11 02 19 07 MIN     7
2021 11 03 01 13 MAX    22
2021 11 03 07 16 MIN     9
2021 11 03 13 21 MAX    23
2021 11 03 19 43 MIN     9
2021 11 04 01 34 MAX    23
2021 11 04 07 59 MIN     6
2021 11 04 14 20 MAX    24
2021 11 04 20 18 MIN    11
2021 11 05 01 59 MAX    25
2021 11 05 08 44 MIN     3
2021 11 05 15 18 MAX    24
2021 11 05 20 53 MIN    14
2021 11 06 02 28 MAX    27
2021 11 06 09 32 MIN     1
2021 11 06 16 18 MAX    24
2021 11 06 21 26 MIN    16
2021 11 07 03 02 MAX    29
2021 11 07 10 25 MIN    -1
2021 11 07 17 29 MAX    23
2021 11 07 21 59 MIN    19
2021 11 08 03 40 MAX    30
2021 11 08 11 24 MIN    -1
2021 11 08 18 59 MAX    22
2021 11 08 22 28 MIN    20
2021 11 09 04 23 MAX    31
2021 11 09 12 27 MIN     0
2021 11 10 05 14 MAX    30
2021 11 10 13 35 MIN     1
2021 11 11 06 16 MAX    28
2021 11 11 14 47 MIN     3
2021 11 11 23 57 MAX    21
2021 11 12 01 50 MIN    20
2021 11 12 07 38 MAX    26
2021 11 12 16 00 MIN     5
2021 11 13 00 05 MAX    20
2021 11 13 04 04 MIN    18
2021 11 13 09 13 MAX    23
2021 11 13 17 05 MIN     6
2021 11 14 00 14 MAX    20
2021 11 14 05 27 MIN    15
2021 11 14 10 47 MAX    22
2021 11 14 17 55 MIN     8
2021 11 15 00 24 MAX    21
2021 11 15 06 24 MIN    13
2021 11 15 12 07 MAX    21
2021 11 15 18 34 MIN    10
2021 11 16 00 37 MAX    22
2021 11 16 07 08 MIN    10
2021 11 16 13 11 MAX    21
2021 11 16 19 04 MIN    12
2021 11 17 00 54 MAX    23
2021 11 17 07 45 MIN     9
2021 11 17 14 04 MAX    21
2021 11 17 19 28 MIN    14
2021 11 18 01 14 MAX    25
2021 11 18 08 18 MIN     7
2021 11 18 14 52 MAX    22
2021 11 18 19 51 MIN    16
2021 11 19 01 35 MAX    26
2021 11 19 08 49 MIN     7
2021 11 19 15 37 MAX    22
2021 11 19 20 14 MIN    18
2021 11 20 01 58 MAX    27
2021 11 20 09 22 MIN     6
2021 11 20 16 25 MAX    22
2021 11 20 20 36 MIN    19
2021 11 21 02 23 MAX    28
2021 11 21 09 58 MIN     6
2021 11 21 17 19 MAX    22
2021 11 21 20 58 MIN    20
2021 11 22 02 50 MAX    28
2021 11 22 10 38 MIN     6
2021 11 22 18 28 MAX    21
2021 11 22 21 18 MIN    20
2021 11 23 03 20 MAX    28
2021 11 23 11 24 MIN     6
2021 11 24 03 52 MAX    27
2021 11 24 12 13 MIN     5
2021 11 25 04 29 MAX    26
2021 11 25 13 04 MIN     5
2021 11 26 05 13 MAX    24
2021 11 26 13 57 MIN     5
2021 11 27 06 08 MAX    22
2021 11 27 14 50 MIN     5
2021 11 27 23 12 MAX    17
2021 11 28 02 21 MIN    16
2021 11 28 07 18 MAX    19
2021 11 28 15 44 MIN     5
2021 11 28 23 14 MAX    17
2021 11 29 04 07 MIN    14
2021 11 29 08 46 MAX    17
2021 11 29 16 36 MIN     5
2021 11 29 23 25 MAX    18
2021 11 30 05 17 MIN    10
2021 11 30 10 29 MAX    16
2021 11 30 17 25 MIN     7
2021 11 30 23 43 MAX    19
2021 12 01 06 09 MIN     7
2021 12 01 12 08 MAX    17
2021 12 01 18 10 MIN     9
2021 12 02 00 08 MAX    21
2021 12 02 06 57 MIN     3
2021 12 02 13 27 MAX    18
2021 12 02 18 52 MIN    11
2021 12 03 00 36 MAX    23
2021 12 03 07 45 MIN     0
2021 12 03 14 35 MAX    19
2021 12 03 19 31 MIN    14
2021 12 04 01 10 MAX    26
2021 12 04 08 34 MIN    -2
2021 12 04 15 39 MAX    20
2021 12 04 20 06 MIN    16
2021 12 05 01 47 MAX    28
2021 12 05 09 25 MIN    -4
2021 12 05 16 44 MAX    20
2021 12 05 20 36 MIN    18
2021 12 06 02 29 MAX    30
2021 12 06 10 20 MIN    -5
2021 12 06 17 55 MAX    19
2021 12 06 21 01 MIN    18
2021 12 07 03 14 MAX    31
2021 12 07 11 17 MIN    -4
2021 12 08 04 03 MAX    30
2021 12 08 12 15 MIN    -3
2021 12 09 04 57 MAX    28
2021 12 09 13 15 MIN    -2
2021 12 10 05 58 MAX    25
2021 12 10 14 14 MIN     0
2021 12 10 22 39 MAX    16
2021 12 11 01 28 MIN    15
2021 12 11 07 08 MAX    21
2021 12 11 15 11 MIN     3
2021 12 11 22 44 MAX    16
2021 12 12 03 38 MIN    13
2021 12 12 08 34 MAX    17
2021 12 12 16 03 MIN     5
2021 12 12 22 58 MAX    17
2021 12 13 05 11 MIN    10
2021 12 13 10 22 MAX    15
2021 12 13 16 47 MIN     7
2021 12 13 23 15 MAX    18
2021 12 14 06 14 MIN     7
2021 12 14 12 11 MAX    14
2021 12 14 17 22 MIN    10
2021 12 14 23 34 MAX    19
2021 12 15 07 01 MIN     5
2021 12 15 13 40 MAX    14
2021 12 15 17 51 MIN    12
2021 12 15 23 56 MAX    21
2021 12 16 07 38 MIN     3
2021 12 16 14 45 MAX    15
2021 12 16 18 16 MIN    14
2021 12 17 00 20 MAX    22
2021 12 17 08 10 MIN     3
2021 12 17 15 33 MAX    16
2021 12 17 18 40 MIN    15
2021 12 18 00 46 MAX    24
2021 12 18 08 41 MIN     2
2021 12 18 16 13 MAX    17
2021 12 18 19 07 MIN    16
2021 12 19 01 16 MAX    25
2021 12 19 09 14 MIN     1
2021 12 20 01 48 MAX    25
2021 12 20 09 51 MIN     1
2021 12 20 17 37 MAX    17
2021 12 20 20 00 MIN    16
2021 12 21 02 23 MAX    25
2021 12 21 10 32 MIN     0
2021 12 22 03 00 MAX    25
2021 12 22 11 14 MIN     0
2021 12 23 03 39 MAX    23
2021 12 23 11 55 MIN    -1
2021 12 24 04 18 MAX    21
2021 12 24 12 35 MIN    -2
2021 12 25 05 02 MAX    19
2021 12 25 13 13 MIN    -2
2021 12 25 21 11 MAX    11
2021 12 26 00 27 MIN    10
2021 12 26 05 54 MAX    16
2021 12 26 13 52 MIN    -1
2021 12 26 21 15 MAX    11
2021 12 27 02 02 MIN     8
2021 12 27 06 59 MAX    12
2021 12 27 14 33 MIN     0
2021 12 27 21 33 MAX    12
2021 12 28 03 32 MIN     5
2021 12 28 08 27 MAX    10
2021 12 28 15 18 MIN     2
2021 12 28 22 00 MAX    13
2021 12 29 04 47 MIN     2
2021 12 29 10 29 MAX     9
2021 12 29 16 09 MIN     5
2021 12 29 22 31 MAX    15
2021 12 30 05 50 MIN    -2
2021 12 30 12 47 MAX    10
2021 12 30 17 04 MIN     7
2021 12 30 23 08 MAX    17
2021 12 31 06 46 MIN    -5
2021 12 31 14 21 MAX    12
2021 12 31 17 56 MIN    10
2021 12 31 23 50 MAX    20
