 <API - 조위예측극치자료>

대상조위관측소 : 울산
위도(WGS84) : N 129.3872
경도(WGS84) : E 35.5019
관측기관 : 20201221 ~ 20220101

2020 12 21 00 13 MAX    41
2020 12 21 05 43 MIN    21
2020 12 21 11 24 MAX    40
2020 12 21 18 20 MIN    13
2020 12 22 01 12 MAX    37
2020 12 22 06 41 MIN    21
2020 12 22 12 20 MAX    36
2020 12 22 19 24 MIN    15
2020 12 23 02 17 MAX    35
2020 12 23 07 50 MIN    20
2020 12 23 13 55 MAX    33
2020 12 23 20 44 MIN    16
2020 12 24 03 18 MAX    35
2020 12 24 09 06 MIN    17
2020 12 24 15 39 MAX    32
2020 12 24 21 59 MIN    16
2020 12 25 04 13 MAX    35
2020 12 25 10 14 MIN    14
2020 12 25 16 52 MAX    34
2020 12 25 22 58 MIN    15
2020 12 26 05 01 MAX    36
2020 12 26 11 08 MIN    10
2020 12 26 17 43 MAX    36
2020 12 26 23 44 MIN    14
2020 12 27 05 46 MAX    37
2020 12 27 11 53 MIN     6
2020 12 27 18 26 MAX    38
2020 12 28 00 22 MIN    13
2020 12 28 06 27 MAX    40
2020 12 28 12 32 MIN     3
2020 12 28 19 03 MAX    40
2020 12 29 00 56 MIN    12
2020 12 29 07 08 MAX    42
2020 12 29 13 09 MIN     1
2020 12 29 19 39 MAX    42
2020 12 30 01 29 MIN    11
2020 12 30 07 46 MAX    44
2020 12 30 13 45 MIN     0
2020 12 30 20 15 MAX    44
2020 12 31 02 03 MIN    11
2020 12 31 08 23 MAX    46
2020 12 31 14 20 MIN    -1
2020 12 31 20 51 MAX    45
2021 01 01 02 37 MIN    11
2021 01 01 08 58 MAX    47
2021 01 01 14 56 MIN    -2
2021 01 01 21 28 MAX    45
2021 01 02 03 15 MIN    12
2021 01 02 09 33 MAX    47
2021 01 02 15 33 MIN    -1
2021 01 02 22 06 MAX    45
2021 01 03 03 54 MIN    13
2021 01 03 10 09 MAX    46
2021 01 03 16 12 MIN     0
2021 01 03 22 47 MAX    43
2021 01 04 04 38 MIN    14
2021 01 04 10 47 MAX    44
2021 01 04 16 56 MIN     2
2021 01 04 23 33 MAX    40
2021 01 05 05 28 MIN    15
2021 01 05 11 33 MAX    41
2021 01 05 17 45 MIN     5
2021 01 06 00 26 MAX    37
2021 01 06 06 27 MIN    15
2021 01 06 12 33 MAX    38
2021 01 06 18 44 MIN     8
2021 01 07 01 30 MAX    35
2021 01 07 07 38 MIN    14
2021 01 07 13 54 MAX    36
2021 01 07 19 54 MIN    10
2021 01 08 02 43 MAX    34
2021 01 08 08 58 MIN    11
2021 01 08 15 24 MAX    35
2021 01 08 21 12 MIN    12
2021 01 09 03 59 MAX    34
2021 01 09 10 13 MIN     7
2021 01 09 16 46 MAX    37
2021 01 09 22 27 MIN    12
2021 01 10 05 08 MAX    35
2021 01 10 11 19 MIN     3
2021 01 10 17 54 MAX    40
2021 01 10 23 34 MIN    11
2021 01 11 06 10 MAX    37
2021 01 11 12 16 MIN    -2
2021 01 11 18 52 MAX    43
2021 01 12 00 30 MIN     9
2021 01 12 07 04 MAX    40
2021 01 12 13 05 MIN    -5
2021 01 12 19 43 MAX    45
2021 01 13 01 19 MIN     8
2021 01 13 07 52 MAX    43
2021 01 13 13 51 MIN    -8
2021 01 13 20 29 MAX    46
2021 01 14 02 03 MIN     7
2021 01 14 08 33 MAX    44
2021 01 14 14 32 MIN    -8
2021 01 14 21 10 MAX    46
2021 01 15 02 42 MIN     7
2021 01 15 09 08 MAX    45
2021 01 15 15 11 MIN    -8
2021 01 15 21 47 MAX    45
2021 01 16 03 19 MIN     7
2021 01 16 09 39 MAX    44
2021 01 16 15 46 MIN    -6
2021 01 16 22 21 MAX    43
2021 01 17 03 54 MIN     7
2021 01 17 10 05 MAX    42
2021 01 17 16 20 MIN    -3
2021 01 17 22 52 MAX    40
2021 01 18 04 28 MIN     8
2021 01 18 10 30 MAX    39
2021 01 18 16 53 MIN     0
2021 01 18 23 22 MAX    36
2021 01 19 05 03 MIN     9
2021 01 19 10 58 MAX    35
2021 01 19 17 27 MIN     4
2021 01 19 23 56 MAX    33
2021 01 20 05 43 MIN     9
2021 01 20 11 34 MAX    31
2021 01 20 18 07 MIN     8
2021 01 21 00 37 MAX    29
2021 01 21 06 33 MIN     9
2021 01 21 12 31 MAX    27
2021 01 21 19 02 MIN    11
2021 01 22 01 33 MAX    26
2021 01 22 07 41 MIN     9
2021 01 22 14 13 MAX    23
2021 01 22 20 32 MIN    13
2021 01 23 02 49 MAX    24
2021 01 23 09 08 MIN     7
2021 01 23 16 12 MAX    24
2021 01 23 22 15 MIN    13
2021 01 24 04 06 MAX    25
2021 01 24 10 31 MIN     4
2021 01 24 17 26 MAX    26
2021 01 24 23 24 MIN    11
2021 01 25 05 12 MAX    26
2021 01 25 11 31 MIN     1
2021 01 25 18 15 MAX    29
2021 01 26 00 11 MIN     9
2021 01 26 06 07 MAX    30
2021 01 26 12 16 MIN    -2
2021 01 26 18 55 MAX    32
2021 01 27 00 47 MIN     7
2021 01 27 06 53 MAX    33
2021 01 27 12 55 MIN    -5
2021 01 27 19 33 MAX    35
2021 01 28 01 21 MIN     5
2021 01 28 07 35 MAX    37
2021 01 28 13 32 MIN    -8
2021 01 28 20 10 MAX    38
2021 01 29 01 55 MIN     3
2021 01 29 08 14 MAX    40
2021 01 29 14 07 MIN   -11
2021 01 29 20 48 MAX    41
2021 01 30 02 29 MIN     2
2021 01 30 08 50 MAX    43
2021 01 30 14 43 MIN   -12
2021 01 30 21 25 MAX    42
2021 01 31 03 05 MIN     1
2021 01 31 09 26 MAX    44
2021 01 31 15 19 MIN   -12
2021 01 31 22 01 MAX    42
2021 02 01 03 42 MIN     1
2021 02 01 10 02 MAX    44
2021 02 01 15 57 MIN   -11
2021 02 01 22 37 MAX    41
2021 02 02 04 21 MIN     1
2021 02 02 10 39 MAX    42
2021 02 02 16 36 MIN    -7
2021 02 02 23 10 MAX    38
2021 02 03 05 03 MIN     2
2021 02 03 11 20 MAX    39
2021 02 03 17 18 MIN    -3
2021 02 03 23 43 MAX    34
2021 02 04 05 52 MIN     3
2021 02 04 12 11 MAX    34
2021 02 04 18 07 MIN     3
2021 02 05 00 20 MAX    30
2021 02 05 06 53 MIN     4
2021 02 05 13 22 MAX    29
2021 02 05 19 08 MIN     8
2021 02 06 01 09 MAX    26
2021 02 06 08 16 MIN     4
2021 02 06 15 05 MAX    27
2021 02 06 20 34 MIN    11
2021 02 07 02 46 MAX    24
2021 02 07 09 54 MIN     2
2021 02 07 16 47 MAX    28
2021 02 07 22 15 MIN    12
2021 02 08 04 52 MAX    25
2021 02 08 11 14 MIN    -2
2021 02 08 18 01 MAX    31
2021 02 08 23 37 MIN     9
2021 02 09 06 11 MAX    28
2021 02 09 12 13 MIN    -7
2021 02 09 18 55 MAX    34
2021 02 10 00 32 MIN     5
2021 02 10 07 05 MAX    32
2021 02 10 13 00 MIN   -11
2021 02 10 19 40 MAX    38
2021 02 11 01 15 MIN     2
2021 02 11 07 49 MAX    36
2021 02 11 13 40 MIN   -13
2021 02 11 20 19 MAX    40
2021 02 12 01 52 MIN    -1
2021 02 12 08 25 MAX    39
2021 02 12 14 17 MIN   -14
2021 02 12 20 53 MAX    41
2021 02 13 02 26 MIN    -2
2021 02 13 08 56 MAX    40
2021 02 13 14 51 MIN   -14
2021 02 13 21 24 MAX    40
2021 02 14 02 58 MIN    -3
2021 02 14 09 22 MAX    39
2021 02 14 15 21 MIN   -12
2021 02 14 21 51 MAX    39
2021 02 15 03 28 MIN    -3
2021 02 15 09 44 MAX    38
2021 02 15 15 49 MIN    -9
2021 02 15 22 16 MAX    37
2021 02 16 03 57 MIN    -2
2021 02 16 10 06 MAX    36
2021 02 16 16 16 MIN    -6
2021 02 16 22 39 MAX    34
2021 02 17 04 26 MIN    -2
2021 02 17 10 32 MAX    32
2021 02 17 16 41 MIN    -2
2021 02 17 23 02 MAX    31
2021 02 18 04 58 MIN    -1
2021 02 18 11 03 MAX    28
2021 02 18 17 09 MIN     3
2021 02 18 23 28 MAX    27
2021 02 19 05 37 MIN     0
2021 02 19 11 44 MAX    24
2021 02 19 17 42 MIN     7
2021 02 20 00 00 MAX    23
2021 02 20 00 00 MAX    23
2021 02 20 06 28 MIN     1
2021 02 20 12 52 MAX    19
2021 02 20 18 39 MIN    11
2021 02 21 00 54 MAX    20
2021 02 21 07 46 MIN     3
2021 02 21 15 24 MAX    18
2021 02 21 21 10 MIN    13
2021 02 22 02 48 MAX    18
2021 02 22 09 38 MIN     2
2021 02 22 17 14 MAX    20
2021 02 22 23 11 MIN    10
2021 02 23 04 38 MAX    19
2021 02 23 11 03 MIN    -1
2021 02 23 18 05 MAX    24
2021 02 23 23 59 MIN     7
2021 02 24 05 47 MAX    23
2021 02 24 11 54 MIN    -5
2021 02 24 18 44 MAX    28
2021 02 25 00 33 MIN     4
2021 02 25 06 37 MAX    28
2021 02 25 12 34 MIN    -9
2021 02 25 19 21 MAX    33
2021 02 26 01 05 MIN     1
2021 02 26 07 19 MAX    34
2021 02 26 13 11 MIN   -13
2021 02 26 19 57 MAX    37
2021 02 27 01 37 MIN    -2
2021 02 27 07 57 MAX    39
2021 02 27 13 47 MIN   -16
2021 02 27 20 34 MAX    41
2021 02 28 02 11 MIN    -5
2021 02 28 08 34 MAX    43
2021 02 28 14 23 MIN   -18
2021 02 28 21 09 MAX    43
2021 03 01 02 46 MIN    -6
2021 03 01 09 11 MAX    45
2021 03 01 14 59 MIN   -17
2021 03 01 21 42 MAX    43
2021 03 02 03 23 MIN    -7
2021 03 02 09 48 MAX    45
2021 03 02 15 36 MIN   -14
2021 03 02 22 13 MAX    41
2021 03 03 04 00 MIN    -7
2021 03 03 10 26 MAX    43
2021 03 03 16 13 MIN    -9
2021 03 03 22 41 MAX    38
2021 03 04 04 39 MIN    -6
2021 03 04 11 06 MAX    39
2021 03 04 16 51 MIN    -2
2021 03 04 23 05 MAX    34
2021 03 05 05 23 MIN    -4
2021 03 05 11 53 MAX    33
2021 03 05 17 35 MIN     4
2021 03 05 23 28 MAX    29
2021 03 06 06 19 MIN    -1
2021 03 06 13 03 MAX    27
2021 03 06 18 31 MIN    10
2021 03 06 23 56 MAX    25
2021 03 07 07 44 MIN     2
2021 03 07 15 04 MAX    24
2021 03 07 20 09 MIN    14
2021 03 08 01 07 MAX    21
2021 03 08 09 41 MIN     1
2021 03 08 16 58 MAX    26
2021 03 08 22 22 MIN    13
2021 03 09 04 53 MAX    21
2021 03 09 11 08 MIN    -3
2021 03 09 18 01 MAX    29
2021 03 09 23 39 MIN     9
2021 03 10 06 09 MAX    26
2021 03 10 12 03 MIN    -7
2021 03 10 18 44 MAX    33
2021 03 11 00 23 MIN     4
2021 03 11 06 56 MAX    31
2021 03 11 12 45 MIN   -11
2021 03 11 19 21 MAX    36
2021 03 12 00 59 MIN     0
2021 03 12 07 34 MAX    35
2021 03 12 13 21 MIN   -13
2021 03 12 19 55 MAX    38
2021 03 13 01 31 MIN    -3
2021 03 13 08 06 MAX    37
2021 03 13 13 54 MIN   -13
2021 03 13 20 26 MAX    40
2021 03 14 02 02 MIN    -5
2021 03 14 08 33 MAX    39
2021 03 14 14 24 MIN   -13
2021 03 14 20 53 MAX    40
2021 03 15 02 31 MIN    -6
2021 03 15 08 57 MAX    39
2021 03 15 14 52 MIN   -10
2021 03 15 21 18 MAX    40
2021 03 16 02 58 MIN    -6
2021 03 16 09 19 MAX    38
2021 03 16 15 17 MIN    -7
2021 03 16 21 39 MAX    38
2021 03 17 03 26 MIN    -6
2021 03 17 09 43 MAX    37
2021 03 17 15 41 MIN    -4
2021 03 17 22 01 MAX    36
2021 03 18 03 54 MIN    -6
2021 03 18 10 09 MAX    35
2021 03 18 16 04 MIN     1
2021 03 18 22 22 MAX    34
2021 03 19 04 25 MIN    -5
2021 03 19 10 39 MAX    31
2021 03 19 16 29 MIN     5
2021 03 19 22 45 MAX    30
2021 03 20 04 59 MIN    -3
2021 03 20 11 14 MAX    27
2021 03 20 16 57 MIN     9
2021 03 20 23 10 MAX    27
2021 03 21 05 42 MIN     0
2021 03 21 12 04 MAX    23
2021 03 21 17 41 MIN    13
2021 03 21 23 43 MAX    23
2021 03 22 06 45 MIN     3
2021 03 22 14 10 MAX    20
2021 03 22 19 58 MIN    16
2021 03 23 01 09 MAX    19
2021 03 23 08 29 MIN     5
2021 03 23 16 50 MAX    23
2021 03 23 22 40 MIN    14
2021 03 24 03 55 MAX    20
2021 03 24 10 17 MIN     3
2021 03 24 17 40 MAX    27
2021 03 24 23 31 MIN    10
2021 03 25 05 19 MAX    25
2021 03 25 11 19 MIN    -1
2021 03 25 18 19 MAX    32
2021 03 26 00 05 MIN     6
2021 03 26 06 10 MAX    31
2021 03 26 12 03 MIN    -6
2021 03 26 18 56 MAX    37
2021 03 27 00 38 MIN     2
2021 03 27 06 53 MAX    37
2021 03 27 12 42 MIN   -10
2021 03 27 19 32 MAX    42
2021 03 28 01 12 MIN    -2
2021 03 28 07 33 MAX    43
2021 03 28 13 21 MIN   -13
2021 03 28 20 08 MAX    46
2021 03 29 01 47 MIN    -6
2021 03 29 08 13 MAX    48
2021 03 29 13 59 MIN   -14
2021 03 29 20 43 MAX    48
2021 03 30 02 24 MIN    -8
2021 03 30 08 53 MAX    51
2021 03 30 14 36 MIN   -12
2021 03 30 21 16 MAX    48
2021 03 31 03 01 MIN    -9
2021 03 31 09 32 MAX    51
2021 03 31 15 13 MIN    -7
2021 03 31 21 45 MAX    46
2021 04 01 03 39 MIN    -8
2021 04 01 10 12 MAX    48
2021 04 01 15 51 MIN    -1
2021 04 01 22 11 MAX    43
2021 04 02 04 20 MIN    -6
2021 04 02 10 54 MAX    43
2021 04 02 16 29 MIN     6
2021 04 02 22 34 MAX    39
2021 04 03 05 04 MIN    -2
2021 04 03 11 43 MAX    37
2021 04 03 17 13 MIN    13
2021 04 03 22 55 MAX    34
2021 04 04 06 01 MIN     2
2021 04 04 12 58 MAX    31
2021 04 04 18 16 MIN    18
2021 04 04 23 24 MAX    30
2021 04 05 07 26 MIN     6
2021 04 05 15 08 MAX    29
2021 04 05 20 05 MIN    21
2021 04 06 00 42 MAX    25
2021 04 06 09 20 MIN     6
2021 04 06 16 43 MAX    31
2021 04 06 22 10 MIN    18
2021 04 07 04 35 MAX    26
2021 04 07 10 44 MIN     3
2021 04 07 17 35 MAX    34
2021 04 07 23 16 MIN    13
2021 04 08 05 45 MAX    31
2021 04 08 11 37 MIN     0
2021 04 08 18 14 MAX    38
2021 04 08 23 57 MIN     8
2021 04 09 06 30 MAX    35
2021 04 09 12 18 MIN    -3
2021 04 09 18 49 MAX    40
2021 04 10 00 31 MIN     4
2021 04 10 07 07 MAX    38
2021 04 10 12 53 MIN    -4
2021 04 10 19 20 MAX    42
2021 04 11 01 04 MIN     1
2021 04 11 07 37 MAX    41
2021 04 11 13 25 MIN    -4
2021 04 11 19 50 MAX    44
2021 04 12 01 33 MIN    -1
2021 04 12 08 05 MAX    42
2021 04 12 13 54 MIN    -3
2021 04 12 20 17 MAX    45
2021 04 13 02 03 MIN    -3
2021 04 13 08 30 MAX    43
2021 04 13 14 21 MIN    -1
2021 04 13 20 42 MAX    45
2021 04 14 02 30 MIN    -3
2021 04 14 08 56 MAX    44
2021 04 14 14 47 MIN     2
2021 04 14 21 06 MAX    44
2021 04 15 02 59 MIN    -3
2021 04 15 09 22 MAX    43
2021 04 15 15 11 MIN     6
2021 04 15 21 30 MAX    43
2021 04 16 03 28 MIN    -2
2021 04 16 09 49 MAX    42
2021 04 16 15 36 MIN    10
2021 04 16 21 54 MAX    41
2021 04 17 03 59 MIN     0
2021 04 17 10 19 MAX    39
2021 04 17 16 03 MIN    13
2021 04 17 22 18 MAX    39
2021 04 18 04 34 MIN     2
2021 04 18 10 53 MAX    36
2021 04 18 16 37 MIN    17
2021 04 18 22 44 MAX    35
2021 04 19 05 15 MIN     6
2021 04 19 11 39 MAX    32
2021 04 19 17 31 MIN    21
2021 04 19 23 19 MAX    31
2021 04 20 06 12 MIN     9
2021 04 20 13 13 MAX    30
2021 04 20 19 29 MIN    23
2021 04 21 00 33 MAX    28
2021 04 21 07 38 MIN    12
2021 04 21 15 56 MAX    32
2021 04 21 21 38 MIN    21
2021 04 22 03 02 MAX    28
2021 04 22 09 19 MIN    11
2021 04 22 16 57 MAX    36
2021 04 22 22 43 MIN    17
2021 04 23 04 34 MAX    33
2021 04 23 10 32 MIN     7
2021 04 23 17 39 MAX    41
2021 04 23 23 26 MIN    12
2021 04 24 05 33 MAX    39
2021 04 24 11 24 MIN     3
2021 04 24 18 19 MAX    46
2021 04 25 00 04 MIN     7
2021 04 25 06 22 MAX    45
2021 04 25 12 09 MIN    -1
2021 04 25 18 58 MAX    50
2021 04 26 00 43 MIN     3
2021 04 26 07 07 MAX    51
2021 04 26 12 52 MIN    -2
2021 04 26 19 36 MAX    53
2021 04 27 01 22 MIN    -1
2021 04 27 07 51 MAX    56
2021 04 27 13 33 MIN    -2
2021 04 27 20 13 MAX    55
2021 04 28 02 01 MIN    -3
2021 04 28 08 35 MAX    58
2021 04 28 14 13 MIN     2
2021 04 28 20 47 MAX    55
2021 04 29 02 42 MIN    -4
2021 04 29 09 18 MAX    58
2021 04 29 14 53 MIN     7
2021 04 29 21 19 MAX    53
2021 04 30 03 23 MIN    -2
2021 04 30 10 01 MAX    55
2021 04 30 15 33 MIN    13
2021 04 30 21 48 MAX    51
2021 05 01 04 06 MIN     1
2021 05 01 10 46 MAX    50
2021 05 01 16 16 MIN    19
2021 05 01 22 15 MAX    47
2021 05 02 04 54 MIN     5
2021 05 02 11 41 MAX    45
2021 05 02 17 06 MIN    24
2021 05 02 22 44 MAX    43
2021 05 03 05 52 MIN     9
2021 05 03 12 59 MAX    41
2021 05 03 18 15 MIN    27
2021 05 03 23 25 MAX    39
2021 05 04 07 08 MIN    13
2021 05 04 14 42 MAX    39
2021 05 04 19 49 MIN    28
2021 05 05 01 02 MAX    35
2021 05 05 08 41 MIN    15
2021 05 05 15 58 MAX    40
2021 05 05 21 25 MIN    25
2021 05 06 03 46 MAX    35
2021 05 06 10 02 MIN    13
2021 05 06 16 50 MAX    42
2021 05 06 22 33 MIN    20
2021 05 07 05 01 MAX    38
2021 05 07 10 59 MIN    12
2021 05 07 17 30 MAX    45
2021 05 07 23 19 MIN    16
2021 05 08 05 51 MAX    41
2021 05 08 11 43 MIN    10
2021 05 08 18 06 MAX    46
2021 05 08 23 58 MIN    12
2021 05 09 06 31 MAX    44
2021 05 09 12 20 MIN     9
2021 05 09 18 39 MAX    48
2021 05 10 00 32 MIN     9
2021 05 10 07 04 MAX    46
2021 05 10 12 53 MIN    10
2021 05 10 19 10 MAX    50
2021 05 11 01 05 MIN     7
2021 05 11 07 35 MAX    48
2021 05 11 13 24 MIN    11
2021 05 11 19 41 MAX    51
2021 05 12 01 36 MIN     5
2021 05 12 08 05 MAX    50
2021 05 12 13 53 MIN    13
2021 05 12 20 10 MAX    52
2021 05 13 02 07 MIN     4
2021 05 13 08 34 MAX    51
2021 05 13 14 21 MIN    15
2021 05 13 20 38 MAX    52
2021 05 14 02 38 MIN     4
2021 05 14 09 03 MAX    51
2021 05 14 14 48 MIN    18
2021 05 14 21 06 MAX    52
2021 05 15 03 09 MIN     6
2021 05 15 09 33 MAX    50
2021 05 15 15 18 MIN    21
2021 05 15 21 34 MAX    51
2021 05 16 03 42 MIN     8
2021 05 16 10 05 MAX    48
2021 05 16 15 51 MIN    24
2021 05 16 22 03 MAX    48
2021 05 17 04 19 MIN    10
2021 05 17 10 40 MAX    46
2021 05 17 16 33 MIN    26
2021 05 17 22 34 MAX    45
2021 05 18 05 01 MIN    13
2021 05 18 11 28 MAX    43
2021 05 18 17 34 MIN    29
2021 05 18 23 15 MAX    42
2021 05 19 05 54 MIN    16
2021 05 19 12 48 MAX    42
2021 05 19 19 03 MIN    30
2021 05 20 00 25 MAX    40
2021 05 20 07 05 MIN    18
2021 05 20 14 48 MAX    43
2021 05 20 20 37 MIN    28
2021 05 21 02 13 MAX    40
2021 05 21 08 28 MIN    18
2021 05 21 16 00 MAX    46
2021 05 21 21 49 MIN    25
2021 05 22 03 45 MAX    43
2021 05 22 09 43 MIN    16
2021 05 22 16 51 MAX    49
2021 05 22 22 43 MIN    20
2021 05 23 04 53 MAX    48
2021 05 23 10 44 MIN    13
2021 05 23 17 36 MAX    53
2021 05 23 23 30 MIN    15
2021 05 24 05 50 MAX    53
2021 05 24 11 35 MIN    12
2021 05 24 18 20 MAX    56
2021 05 25 00 15 MIN    10
2021 05 25 06 42 MAX    58
2021 05 25 12 23 MIN    12
2021 05 25 19 03 MAX    58
2021 05 26 00 59 MIN     6
2021 05 26 07 32 MAX    62
2021 05 26 13 09 MIN    13
2021 05 26 19 44 MAX    60
2021 05 27 01 43 MIN     4
2021 05 27 08 20 MAX    64
2021 05 27 13 54 MIN    16
2021 05 27 20 23 MAX    60
2021 05 28 02 28 MIN     4
2021 05 28 09 07 MAX    63
2021 05 28 14 38 MIN    20
2021 05 28 21 00 MAX    60
2021 05 29 03 12 MIN     5
2021 05 29 09 54 MAX    61
2021 05 29 15 23 MIN    25
2021 05 29 21 35 MAX    58
2021 05 30 03 58 MIN     8
2021 05 30 10 43 MAX    58
2021 05 30 16 10 MIN    28
2021 05 30 22 09 MAX    56
2021 05 31 04 46 MIN    12
2021 05 31 11 36 MAX    54
2021 05 31 17 00 MIN    31
2021 05 31 22 44 MAX    52
2021 06 01 05 37 MIN    16
2021 06 01 12 40 MAX    50
2021 06 01 18 00 MIN    33
2021 06 01 23 30 MAX    48
2021 06 02 06 37 MIN    19
2021 06 02 13 52 MAX    48
2021 06 02 19 10 MIN    33
2021 06 03 00 41 MAX    45
2021 06 03 07 48 MIN    22
2021 06 03 14 58 MAX    48
2021 06 03 20 27 MIN    31
2021 06 04 02 32 MAX    43
2021 06 04 09 04 MIN    23
2021 06 04 15 51 MAX    48
2021 06 04 21 38 MIN    27
2021 06 05 04 02 MAX    43
2021 06 05 10 09 MIN    23
2021 06 05 16 36 MAX    49
2021 06 05 22 35 MIN    23
2021 06 06 05 05 MAX    45
2021 06 06 11 01 MIN    22
2021 06 06 17 17 MAX    50
2021 06 06 23 22 MIN    20
2021 06 07 05 53 MAX    47
2021 06 07 11 45 MIN    22
2021 06 07 17 55 MAX    52
2021 06 08 00 02 MIN    16
2021 06 08 06 33 MAX    50
2021 06 08 12 23 MIN    22
2021 06 08 18 32 MAX    53
2021 06 09 00 39 MIN    14
2021 06 09 07 09 MAX    52
2021 06 09 12 57 MIN    22
2021 06 09 19 08 MAX    55
2021 06 10 01 14 MIN    12
2021 06 10 07 43 MAX    54
2021 06 10 13 29 MIN    23
2021 06 10 19 43 MAX    57
2021 06 11 01 47 MIN    11
2021 06 11 08 16 MAX    55
2021 06 11 14 01 MIN    25
2021 06 11 20 17 MAX    58
2021 06 12 02 21 MIN    11
2021 06 12 08 48 MAX    56
2021 06 12 14 32 MIN    26
2021 06 12 20 49 MAX    58
2021 06 13 02 55 MIN    12
2021 06 13 09 21 MAX    56
2021 06 13 15 06 MIN    28
2021 06 13 21 22 MAX    58
2021 06 14 03 29 MIN    13
2021 06 14 09 56 MAX    55
2021 06 14 15 43 MIN    29
2021 06 14 21 54 MAX    56
2021 06 15 04 06 MIN    15
2021 06 15 10 35 MAX    54
2021 06 15 16 28 MIN    31
2021 06 15 22 29 MAX    54
2021 06 16 04 48 MIN    17
2021 06 16 11 21 MAX    52
2021 06 16 17 21 MIN    32
2021 06 16 23 12 MAX    52
2021 06 17 05 36 MIN    19
2021 06 17 12 24 MAX    51
2021 06 17 18 28 MIN    33
2021 06 18 00 12 MAX    49
2021 06 18 06 35 MIN    21
2021 06 18 13 42 MAX    50
2021 06 18 19 44 MIN    32
2021 06 19 01 34 MAX    48
2021 06 19 07 44 MIN    22
2021 06 19 14 55 MAX    51
2021 06 19 20 57 MIN    29
2021 06 20 03 02 MAX    49
2021 06 20 08 57 MIN    23
2021 06 20 15 56 MAX    53
2021 06 20 22 03 MIN    24
2021 06 21 04 19 MAX    52
2021 06 21 10 05 MIN    23
2021 06 21 16 51 MAX    54
2021 06 21 23 00 MIN    20
2021 06 22 05 25 MAX    56
2021 06 22 11 05 MIN    23
2021 06 22 17 44 MAX    56
2021 06 22 23 54 MIN    15
2021 06 23 06 25 MAX    60
2021 06 23 12 01 MIN    23
2021 06 23 18 34 MAX    59
2021 06 24 00 44 MIN    11
2021 06 24 07 20 MAX    63
2021 06 24 12 53 MIN    24
2021 06 24 19 23 MAX    61
2021 06 25 01 33 MIN     9
2021 06 25 08 12 MAX    65
2021 06 25 13 42 MIN    25
2021 06 25 20 09 MAX    62
2021 06 26 02 19 MIN     8
2021 06 26 09 01 MAX    65
2021 06 26 14 29 MIN    27
2021 06 26 20 51 MAX    63
2021 06 27 03 04 MIN     9
2021 06 27 09 48 MAX    64
2021 06 27 15 13 MIN    29
2021 06 27 21 29 MAX    62
2021 06 28 03 47 MIN    11
2021 06 28 10 33 MAX    62
2021 06 28 15 57 MIN    30
2021 06 28 22 04 MAX    61
2021 06 29 04 29 MIN    14
2021 06 29 11 17 MAX    59
2021 06 29 16 40 MIN    32
2021 06 29 22 36 MAX    58
2021 06 30 05 11 MIN    18
2021 06 30 12 01 MAX    56
2021 06 30 17 26 MIN    33
2021 06 30 23 12 MAX    54
2021 07 01 05 55 MIN    22
2021 07 01 12 49 MAX    53
2021 07 01 18 18 MIN    33
2021 07 01 23 57 MAX    50
2021 07 02 06 47 MIN    25
2021 07 02 13 41 MAX    50
2021 07 02 19 20 MIN    32
2021 07 03 01 07 MAX    46
2021 07 03 07 51 MIN    28
2021 07 03 14 37 MAX    49
2021 07 03 20 32 MIN    30
2021 07 04 02 48 MAX    44
2021 07 04 09 06 MIN    29
2021 07 04 15 32 MAX    48
2021 07 04 21 43 MIN    27
2021 07 05 04 17 MAX    45
2021 07 05 10 16 MIN    30
2021 07 05 16 24 MAX    49
2021 07 05 22 44 MIN    24
2021 07 06 05 21 MAX    47
2021 07 06 11 12 MIN    29
2021 07 06 17 13 MAX    50
2021 07 06 23 35 MIN    20
2021 07 07 06 08 MAX    49
2021 07 07 11 58 MIN    29
2021 07 07 17 58 MAX    52
2021 07 08 00 17 MIN    17
2021 07 08 06 49 MAX    51
2021 07 08 12 37 MIN    28
2021 07 08 18 41 MAX    55
2021 07 09 00 56 MIN    15
2021 07 09 07 26 MAX    54
2021 07 09 13 12 MIN    28
2021 07 09 19 22 MAX    57
2021 07 10 01 32 MIN    14
2021 07 10 08 02 MAX    56
2021 07 10 13 45 MIN    28
2021 07 10 20 00 MAX    59
2021 07 11 02 06 MIN    13
2021 07 11 08 37 MAX    57
2021 07 11 14 18 MIN    28
2021 07 11 20 36 MAX    61
2021 07 12 02 40 MIN    13
2021 07 12 09 13 MAX    58
2021 07 12 14 53 MIN    28
2021 07 12 21 11 MAX    61
2021 07 13 03 14 MIN    13
2021 07 13 09 49 MAX    58
2021 07 13 15 31 MIN    28
2021 07 13 21 45 MAX    61
2021 07 14 03 50 MIN    14
2021 07 14 10 27 MAX    58
2021 07 14 16 12 MIN    29
2021 07 14 22 21 MAX    59
2021 07 15 04 29 MIN    16
2021 07 15 11 07 MAX    57
2021 07 15 16 57 MIN    30
2021 07 15 23 02 MAX    57
2021 07 16 05 12 MIN    18
2021 07 16 11 51 MAX    55
2021 07 16 17 50 MIN    30
2021 07 16 23 52 MAX    54
2021 07 17 06 03 MIN    21
2021 07 17 12 42 MAX    53
2021 07 17 18 54 MIN    30
2021 07 18 01 00 MAX    51
2021 07 18 07 04 MIN    25
2021 07 18 13 41 MAX    51
2021 07 18 20 09 MIN    28
2021 07 19 02 28 MAX    50
2021 07 19 08 15 MIN    28
2021 07 19 14 52 MAX    50
2021 07 19 21 28 MIN    25
2021 07 20 03 58 MAX    51
2021 07 20 09 33 MIN    29
2021 07 20 16 07 MAX    51
2021 07 20 22 41 MIN    21
2021 07 21 05 15 MAX    54
2021 07 21 10 47 MIN    29
2021 07 21 17 19 MAX    53
2021 07 21 23 43 MIN    17
2021 07 22 06 20 MAX    57
2021 07 22 11 51 MIN    29
2021 07 22 18 22 MAX    55
2021 07 23 00 38 MIN    13
2021 07 23 07 16 MAX    60
2021 07 23 12 46 MIN    27
2021 07 23 19 17 MAX    59
2021 07 24 01 26 MIN    10
2021 07 24 08 07 MAX    62
2021 07 24 13 34 MIN    26
2021 07 24 20 04 MAX    61
2021 07 25 02 09 MIN     8
2021 07 25 08 52 MAX    63
2021 07 25 14 17 MIN    26
2021 07 25 20 45 MAX    63
2021 07 26 02 50 MIN     9
2021 07 26 09 33 MAX    63
2021 07 26 14 56 MIN    26
2021 07 26 21 19 MAX    63
2021 07 27 03 27 MIN    10
2021 07 27 10 09 MAX    61
2021 07 27 15 33 MIN    26
2021 07 27 21 48 MAX    61
2021 07 28 04 02 MIN    13
2021 07 28 10 42 MAX    59
2021 07 28 16 08 MIN    27
2021 07 28 22 13 MAX    58
2021 07 29 04 35 MIN    17
2021 07 29 11 12 MAX    56
2021 07 29 16 44 MIN    28
2021 07 29 22 40 MAX    55
2021 07 30 05 07 MIN    21
2021 07 30 11 42 MAX    53
2021 07 30 17 23 MIN    28
2021 07 30 23 12 MAX    50
2021 07 31 05 42 MIN    25
2021 07 31 12 16 MAX    49
2021 07 31 18 11 MIN    28
2021 07 31 23 59 MAX    46
2021 08 01 06 27 MIN    29
2021 08 01 13 03 MAX    46
2021 08 01 19 14 MIN    28
2021 08 02 01 24 MAX    42
2021 08 02 07 42 MIN    32
2021 08 02 14 09 MAX    44
2021 08 02 20 39 MIN    27
2021 08 03 03 36 MAX    41
2021 08 03 09 28 MIN    33
2021 08 03 15 26 MAX    44
2021 08 03 22 06 MIN    24
2021 08 04 05 04 MAX    43
2021 08 04 10 51 MIN    32
2021 08 04 16 36 MAX    46
2021 08 04 23 12 MIN    21
2021 08 05 05 56 MAX    46
2021 08 05 11 43 MIN    30
2021 08 05 17 34 MAX    48
2021 08 05 23 59 MIN    18
2021 08 06 06 37 MAX    49
2021 08 06 12 22 MIN    29
2021 08 06 18 23 MAX    51
2021 08 07 00 39 MIN    15
2021 08 07 07 13 MAX    51
2021 08 07 12 56 MIN    27
2021 08 07 19 06 MAX    55
2021 08 08 01 14 MIN    13
2021 08 08 07 49 MAX    54
2021 08 08 13 28 MIN    25
2021 08 08 19 44 MAX    58
2021 08 09 01 47 MIN    11
2021 08 09 08 25 MAX    57
2021 08 09 14 01 MIN    24
2021 08 09 20 21 MAX    61
2021 08 10 02 20 MIN     9
2021 08 10 09 00 MAX    59
2021 08 10 14 35 MIN    23
2021 08 10 20 56 MAX    63
2021 08 11 02 54 MIN     9
2021 08 11 09 35 MAX    60
2021 08 11 15 11 MIN    23
2021 08 11 21 31 MAX    63
2021 08 12 03 28 MIN    10
2021 08 12 10 09 MAX    59
2021 08 12 15 49 MIN    23
2021 08 12 22 07 MAX    62
2021 08 13 04 05 MIN    13
2021 08 13 10 41 MAX    58
2021 08 13 16 29 MIN    23
2021 08 13 22 46 MAX    59
2021 08 14 04 45 MIN    17
2021 08 14 11 12 MAX    55
2021 08 14 17 15 MIN    24
2021 08 14 23 32 MAX    55
2021 08 15 05 29 MIN    22
2021 08 15 11 45 MAX    52
2021 08 15 18 11 MIN    25
2021 08 16 00 33 MAX    50
2021 08 16 06 24 MIN    27
2021 08 16 12 26 MAX    48
2021 08 16 19 28 MIN    26
2021 08 17 02 09 MAX    47
2021 08 17 07 40 MIN    31
2021 08 17 13 34 MAX    46
2021 08 17 21 07 MIN    24
2021 08 18 04 01 MAX    47
2021 08 18 09 17 MIN    33
2021 08 18 15 39 MAX    45
2021 08 18 22 37 MIN    20
2021 08 19 05 25 MAX    50
2021 08 19 10 48 MIN    32
2021 08 19 17 22 MAX    48
2021 08 19 23 42 MIN    16
2021 08 20 06 25 MAX    53
2021 08 20 11 52 MIN    29
2021 08 20 18 26 MAX    52
2021 08 21 00 32 MIN    11
2021 08 21 07 12 MAX    57
2021 08 21 12 40 MIN    25
2021 08 21 19 15 MAX    56
2021 08 22 01 15 MIN     8
2021 08 22 07 54 MAX    59
2021 08 22 13 21 MIN    22
2021 08 22 19 55 MAX    59
2021 08 23 01 53 MIN     7
2021 08 23 08 32 MAX    60
2021 08 23 13 58 MIN    21
2021 08 23 20 29 MAX    61
2021 08 24 02 28 MIN     7
2021 08 24 09 05 MAX    60
2021 08 24 14 32 MIN    20
2021 08 24 20 58 MAX    61
2021 08 25 03 00 MIN     9
2021 08 25 09 35 MAX    59
2021 08 25 15 04 MIN    20
2021 08 25 21 22 MAX    59
2021 08 26 03 28 MIN    12
2021 08 26 09 59 MAX    57
2021 08 26 15 33 MIN    20
2021 08 26 21 44 MAX    57
2021 08 27 03 55 MIN    16
2021 08 27 10 21 MAX    55
2021 08 27 16 03 MIN    21
2021 08 27 22 07 MAX    53
2021 08 28 04 20 MIN    20
2021 08 28 10 43 MAX    52
2021 08 28 16 35 MIN    22
2021 08 28 22 35 MAX    50
2021 08 29 04 44 MIN    25
2021 08 29 11 07 MAX    48
2021 08 29 17 13 MIN    23
2021 08 29 23 13 MAX    45
2021 08 30 05 13 MIN    29
2021 08 30 11 37 MAX    45
2021 08 30 18 05 MIN    24
2021 08 31 00 14 MAX    40
2021 08 31 05 59 MIN    33
2021 08 31 12 28 MAX    42
2021 08 31 19 25 MIN    25
2021 09 01 03 01 MAX    38
2021 09 01 08 39 MIN    35
2021 09 01 14 16 MAX    40
2021 09 01 21 22 MIN    24
2021 09 02 05 05 MAX    40
2021 09 02 10 43 MIN    33
2021 09 02 16 06 MAX    41
2021 09 02 22 48 MIN    21
2021 09 03 05 49 MAX    43
2021 09 03 11 33 MIN    30
2021 09 03 17 16 MAX    44
2021 09 03 23 38 MIN    18
2021 09 04 06 23 MAX    47
2021 09 04 12 05 MIN    27
2021 09 04 18 05 MAX    49
2021 09 05 00 15 MIN    14
2021 09 05 06 56 MAX    50
2021 09 05 12 36 MIN    24
2021 09 05 18 46 MAX    53
2021 09 06 00 48 MIN    11
2021 09 06 07 30 MAX    54
2021 09 06 13 06 MIN    21
2021 09 06 19 24 MAX    58
2021 09 07 01 21 MIN     8
2021 09 07 08 04 MAX    57
2021 09 07 13 39 MIN    19
2021 09 07 20 01 MAX    61
2021 09 08 01 54 MIN     6
2021 09 08 08 38 MAX    60
2021 09 08 14 13 MIN    17
2021 09 08 20 37 MAX    64
2021 09 09 02 29 MIN     6
2021 09 09 09 12 MAX    61
2021 09 09 14 49 MIN    16
2021 09 09 21 14 MAX    64
2021 09 10 03 04 MIN     8
2021 09 10 09 42 MAX    60
2021 09 10 15 26 MIN    16
2021 09 10 21 51 MAX    63
2021 09 11 03 40 MIN    12
2021 09 11 10 10 MAX    58
2021 09 11 16 04 MIN    17
2021 09 11 22 30 MAX    59
2021 09 12 04 17 MIN    18
2021 09 12 10 35 MAX    54
2021 09 12 16 47 MIN    19
2021 09 12 23 15 MAX    54
2021 09 13 04 58 MIN    25
2021 09 13 10 57 MAX    51
2021 09 13 17 40 MIN    21
2021 09 14 00 18 MAX    48
2021 09 14 05 51 MIN    31
2021 09 14 11 26 MAX    47
2021 09 14 19 02 MIN    24
2021 09 15 02 17 MAX    44
2021 09 15 07 20 MIN    35
2021 09 15 12 23 MAX    43
2021 09 15 21 03 MIN    23
2021 09 16 04 26 MAX    45
2021 09 16 09 28 MIN    35
2021 09 16 16 00 MAX    42
2021 09 16 22 37 MIN    19
2021 09 17 05 32 MAX    49
2021 09 17 10 56 MIN    31
2021 09 17 17 29 MAX    47
2021 09 17 23 35 MIN    15
2021 09 18 06 16 MAX    52
2021 09 18 11 46 MIN    26
2021 09 18 18 20 MAX    51
2021 09 19 00 19 MIN    11
2021 09 19 06 55 MAX    55
2021 09 19 12 25 MIN    22
2021 09 19 19 01 MAX    55
2021 09 20 00 56 MIN     8
2021 09 20 07 30 MAX    57
2021 09 20 13 00 MIN    18
2021 09 20 19 36 MAX    57
2021 09 21 01 30 MIN     7
2021 09 21 08 02 MAX    58
2021 09 21 13 33 MIN    16
2021 09 21 20 05 MAX    58
2021 09 22 02 01 MIN     8
2021 09 22 08 31 MAX    59
2021 09 22 14 04 MIN    15
2021 09 22 20 31 MAX    58
2021 09 23 02 29 MIN    10
2021 09 23 08 57 MAX    58
2021 09 23 14 33 MIN    15
2021 09 23 20 54 MAX    57
2021 09 24 02 54 MIN    14
2021 09 24 09 19 MAX    56
2021 09 24 15 01 MIN    15
2021 09 24 21 16 MAX    55
2021 09 25 03 18 MIN    17
2021 09 25 09 39 MAX    54
2021 09 25 15 30 MIN    16
2021 09 25 21 41 MAX    53
2021 09 26 03 39 MIN    21
2021 09 26 09 59 MAX    52
2021 09 26 16 00 MIN    17
2021 09 26 22 09 MAX    49
2021 09 27 04 00 MIN    25
2021 09 27 10 21 MAX    49
2021 09 27 16 35 MIN    19
2021 09 27 22 43 MAX    45
2021 09 28 04 24 MIN    29
2021 09 28 10 46 MAX    45
2021 09 28 17 19 MIN    21
2021 09 28 23 31 MAX    40
2021 09 29 04 55 MIN    33
2021 09 29 11 21 MAX    42
2021 09 29 18 26 MIN    24
2021 09 30 01 56 MAX    37
2021 09 30 07 44 MIN    35
2021 09 30 12 53 MAX    38
2021 09 30 20 22 MIN    25
2021 10 01 04 55 MAX    40
2021 10 01 10 23 MIN    33
2021 10 01 15 34 MAX    39
2021 10 01 22 08 MIN    22
2021 10 02 05 28 MAX    43
2021 10 02 11 07 MIN    29
2021 10 02 16 51 MAX    43
2021 10 02 23 03 MIN    18
2021 10 03 05 58 MAX    47
2021 10 03 11 38 MIN    25
2021 10 03 17 39 MAX    48
2021 10 03 23 42 MIN    14
2021 10 04 06 29 MAX    51
2021 10 04 12 08 MIN    21
2021 10 04 18 20 MAX    53
2021 10 05 00 17 MIN    10
2021 10 05 07 02 MAX    55
2021 10 05 12 41 MIN    17
2021 10 05 18 59 MAX    58
2021 10 06 00 52 MIN     7
2021 10 06 07 36 MAX    59
2021 10 06 13 15 MIN    14
2021 10 06 19 39 MAX    62
2021 10 07 01 28 MIN     6
2021 10 07 08 11 MAX    61
2021 10 07 13 51 MIN    12
2021 10 07 20 18 MAX    65
2021 10 08 02 04 MIN     7
2021 10 08 08 44 MAX    62
2021 10 08 14 28 MIN    10
2021 10 08 20 58 MAX    65
2021 10 09 02 41 MIN    10
2021 10 09 09 15 MAX    61
2021 10 09 15 07 MIN    11
2021 10 09 21 38 MAX    63
2021 10 10 03 18 MIN    16
2021 10 10 09 42 MAX    58
2021 10 10 15 47 MIN    12
2021 10 10 22 20 MAX    59
2021 10 11 03 57 MIN    22
2021 10 11 10 06 MAX    55
2021 10 11 16 32 MIN    16
2021 10 11 23 09 MAX    53
2021 10 12 04 39 MIN    29
2021 10 12 10 29 MAX    51
2021 10 12 17 28 MIN    19
2021 10 13 00 22 MAX    47
2021 10 13 05 39 MIN    34
2021 10 13 11 00 MAX    47
2021 10 13 18 56 MIN    23
2021 10 14 02 42 MAX    44
2021 10 14 07 26 MIN    37
2021 10 14 12 13 MAX    42
2021 10 14 20 55 MIN    23
2021 10 15 04 21 MAX    46
2021 10 15 09 30 MIN    34
2021 10 15 16 00 MAX    43
2021 10 15 22 22 MIN    19
2021 10 16 05 12 MAX    49
2021 10 16 10 41 MIN    29
2021 10 16 17 12 MAX    47
2021 10 16 23 15 MIN    15
2021 10 17 05 51 MAX    51
2021 10 17 11 25 MIN    24
2021 10 17 17 59 MAX    50
2021 10 17 23 56 MIN    12
2021 10 18 06 25 MAX    54
2021 10 18 12 02 MIN    19
2021 10 18 18 37 MAX    53
2021 10 19 00 30 MIN    11
2021 10 19 06 57 MAX    55
2021 10 19 12 36 MIN    16
2021 10 19 19 10 MAX    55
2021 10 20 01 02 MIN    10
2021 10 20 07 28 MAX    56
2021 10 20 13 08 MIN    14
2021 10 20 19 39 MAX    56
2021 10 21 01 32 MIN    11
2021 10 21 07 56 MAX    57
2021 10 21 13 39 MIN    12
2021 10 21 20 05 MAX    56
2021 10 22 02 00 MIN    14
2021 10 22 08 21 MAX    56
2021 10 22 14 08 MIN    12
2021 10 22 20 30 MAX    56
2021 10 23 02 26 MIN    16
2021 10 23 08 45 MAX    55
2021 10 23 14 37 MIN    12
2021 10 23 20 55 MAX    54
2021 10 24 02 50 MIN    20
2021 10 24 09 09 MAX    54
2021 10 24 15 07 MIN    13
2021 10 24 21 22 MAX    53
2021 10 25 03 13 MIN    23
2021 10 25 09 32 MAX    52
2021 10 25 15 38 MIN    14
2021 10 25 21 52 MAX    50
2021 10 26 03 37 MIN    26
2021 10 26 09 57 MAX    50
2021 10 26 16 13 MIN    16
2021 10 26 22 25 MAX    46
2021 10 27 04 05 MIN    30
2021 10 27 10 25 MAX    46
2021 10 27 16 56 MIN    19
2021 10 27 23 06 MAX    42
2021 10 28 04 49 MIN    33
2021 10 28 11 01 MAX    43
2021 10 28 17 53 MIN    23
2021 10 29 00 31 MAX    38
2021 10 29 06 56 MIN    35
2021 10 29 12 14 MAX    39
2021 10 29 19 23 MIN    24
2021 10 30 03 59 MAX    40
2021 10 30 09 17 MIN    33
2021 10 30 14 42 MAX    39
2021 10 30 21 04 MIN    23
2021 10 31 04 44 MAX    43
2021 10 31 10 19 MIN    29
2021 10 31 16 09 MAX    42
2021 10 31 22 13 MIN    19
2021 11 01 05 20 MAX    47
2021 11 01 11 00 MIN    24
2021 11 01 17 03 MAX    47
2021 11 01 23 01 MIN    14
2021 11 02 05 54 MAX    51
2021 11 02 11 37 MIN    19
2021 11 02 17 50 MAX    53
2021 11 02 23 43 MIN    11
2021 11 03 06 30 MAX    55
2021 11 03 12 14 MIN    14
2021 11 03 18 33 MAX    58
2021 11 04 00 23 MIN     8
2021 11 04 07 06 MAX    58
2021 11 04 12 52 MIN    10
2021 11 04 19 18 MAX    62
2021 11 05 01 04 MIN     8
2021 11 05 07 43 MAX    60
2021 11 05 13 32 MIN     8
2021 11 05 20 02 MAX    64
2021 11 06 01 44 MIN    10
2021 11 06 08 19 MAX    60
2021 11 06 14 12 MIN     6
2021 11 06 20 46 MAX    64
2021 11 07 02 24 MIN    14
2021 11 07 08 53 MAX    59
2021 11 07 14 55 MIN     7
2021 11 07 21 31 MAX    62
2021 11 08 03 05 MIN    20
2021 11 08 09 25 MAX    57
2021 11 08 15 40 MIN     9
2021 11 08 22 18 MAX    57
2021 11 09 03 48 MIN    25
2021 11 09 09 55 MAX    54
2021 11 09 16 29 MIN    12
2021 11 09 23 13 MAX    52
2021 11 10 04 38 MIN    30
2021 11 10 10 28 MAX    51
2021 11 10 17 28 MIN    16
2021 11 11 00 31 MAX    47
2021 11 11 05 43 MIN    33
2021 11 11 11 13 MAX    47
2021 11 11 18 46 MIN    20
2021 11 12 02 19 MAX    45
2021 11 12 07 14 MIN    34
2021 11 12 12 52 MAX    43
2021 11 12 20 20 MIN    21
2021 11 13 03 38 MAX    45
2021 11 13 08 49 MIN    31
2021 11 13 15 18 MAX    43
2021 11 13 21 43 MIN    19
2021 11 14 04 30 MAX    47
2021 11 14 10 01 MIN    27
2021 11 14 16 34 MAX    44
2021 11 14 22 41 MIN    17
2021 11 15 05 11 MAX    48
2021 11 15 10 52 MIN    22
2021 11 15 17 26 MAX    47
2021 11 15 23 25 MIN    15
2021 11 16 05 47 MAX    50
2021 11 16 11 33 MIN    17
2021 11 16 18 07 MAX    48
2021 11 17 00 02 MIN    14
2021 11 17 06 21 MAX    51
2021 11 17 12 10 MIN    14
2021 11 17 18 43 MAX    50
2021 11 18 00 36 MIN    14
2021 11 18 06 53 MAX    52
2021 11 18 12 45 MIN    11
2021 11 18 19 14 MAX    51
2021 11 19 01 08 MIN    14
2021 11 19 07 24 MAX    52
2021 11 19 13 18 MIN    10
2021 11 19 19 44 MAX    52
2021 11 20 01 39 MIN    16
2021 11 20 07 54 MAX    53
2021 11 20 13 50 MIN     9
2021 11 20 20 13 MAX    52
2021 11 21 02 07 MIN    18
2021 11 21 08 23 MAX    53
2021 11 21 14 22 MIN     8
2021 11 21 20 43 MAX    52
2021 11 22 02 35 MIN    20
2021 11 22 08 51 MAX    52
2021 11 22 14 54 MIN     9
2021 11 22 21 12 MAX    50
2021 11 23 03 03 MIN    22
2021 11 23 09 20 MAX    51
2021 11 23 15 28 MIN    11
2021 11 23 21 43 MAX    48
2021 11 24 03 34 MIN    24
2021 11 24 09 49 MAX    49
2021 11 24 16 03 MIN    13
2021 11 24 22 16 MAX    45
2021 11 25 04 10 MIN    27
2021 11 25 10 21 MAX    46
2021 11 25 16 44 MIN    15
2021 11 25 22 57 MAX    42
2021 11 26 05 01 MIN    28
2021 11 26 11 01 MAX    43
2021 11 26 17 33 MIN    18
2021 11 27 00 01 MAX    39
2021 11 27 06 20 MIN    29
2021 11 27 12 01 MAX    40
2021 11 27 18 39 MIN    19
2021 11 28 02 12 MAX    39
2021 11 28 07 57 MIN    28
2021 11 28 13 41 MAX    39
2021 11 28 19 59 MIN    19
2021 11 29 03 36 MAX    41
2021 11 29 09 16 MIN    25
2021 11 29 15 15 MAX    40
2021 11 29 21 15 MIN    17
2021 11 30 04 27 MAX    44
2021 11 30 10 14 MIN    20
2021 11 30 16 24 MAX    44
2021 11 30 22 17 MIN    14
2021 12 01 05 12 MAX    47
2021 12 01 11 03 MIN    15
2021 12 01 17 20 MAX    49
2021 12 01 23 10 MIN    11
2021 12 02 05 55 MAX    49
2021 12 02 11 49 MIN    10
2021 12 02 18 13 MAX    53
2021 12 02 23 58 MIN    10
2021 12 03 06 38 MAX    52
2021 12 03 12 34 MIN     6
2021 12 03 19 03 MAX    57
2021 12 04 00 45 MIN    11
2021 12 04 07 21 MAX    54
2021 12 04 13 19 MIN     3
2021 12 04 19 53 MAX    59
2021 12 05 01 31 MIN    12
2021 12 05 08 03 MAX    55
2021 12 05 14 04 MIN     1
2021 12 05 20 41 MAX    59
2021 12 06 02 17 MIN    15
2021 12 06 08 43 MAX    55
2021 12 06 14 51 MIN     1
2021 12 06 21 30 MAX    57
2021 12 07 03 02 MIN    18
2021 12 07 09 22 MAX    54
2021 12 07 15 38 MIN     3
2021 12 07 22 20 MAX    54
2021 12 08 03 48 MIN    22
2021 12 08 10 00 MAX    52
2021 12 08 16 27 MIN     6
2021 12 08 23 14 MAX    50
2021 12 09 04 38 MIN    24
2021 12 09 10 40 MAX    49
2021 12 09 17 18 MIN    10
2021 12 10 00 14 MAX    46
2021 12 10 05 32 MIN    25
2021 12 10 11 26 MAX    45
2021 12 10 18 17 MIN    13
2021 12 11 01 22 MAX    43
2021 12 11 06 35 MIN    26
2021 12 11 12 30 MAX    41
2021 12 11 19 25 MIN    16
2021 12 12 02 29 MAX    41
2021 12 12 07 48 MIN    24
2021 12 12 14 06 MAX    38
2021 12 12 20 41 MIN    17
2021 12 13 03 27 MAX    40
2021 12 13 09 03 MIN    21
2021 12 13 15 38 MAX    37
2021 12 13 21 52 MIN    17
2021 12 14 04 17 MAX    40
2021 12 14 10 09 MIN    17
2021 12 14 16 47 MAX    38
2021 12 14 22 49 MIN    16
2021 12 15 05 02 MAX    41
2021 12 15 11 02 MIN    13
2021 12 15 17 40 MAX    40
2021 12 15 23 36 MIN    15
2021 12 16 05 43 MAX    42
2021 12 16 11 47 MIN    10
2021 12 16 18 22 MAX    41
2021 12 17 00 16 MIN    14
2021 12 17 06 23 MAX    43
2021 12 17 12 27 MIN     7
2021 12 17 18 59 MAX    43
2021 12 18 00 54 MIN    14
2021 12 18 07 00 MAX    44
2021 12 18 13 04 MIN     4
2021 12 18 19 33 MAX    44
2021 12 19 01 28 MIN    14
2021 12 19 07 36 MAX    46
2021 12 19 13 40 MIN     3
2021 12 19 20 05 MAX    45
2021 12 20 02 00 MIN    15
2021 12 20 08 10 MAX    47
2021 12 20 14 14 MIN     2
2021 12 20 20 37 MAX    45
2021 12 21 02 30 MIN    15
2021 12 21 08 44 MAX    47
2021 12 21 14 47 MIN     3
2021 12 21 21 09 MAX    45
2021 12 22 03 01 MIN    16
2021 12 22 09 16 MAX    47
2021 12 22 15 20 MIN     4
2021 12 22 21 41 MAX    44
2021 12 23 03 33 MIN    17
2021 12 23 09 47 MAX    46
2021 12 23 15 54 MIN     5
2021 12 23 22 15 MAX    42
2021 12 24 04 10 MIN    18
2021 12 24 10 20 MAX    44
2021 12 24 16 30 MIN     6
2021 12 24 22 52 MAX    40
2021 12 25 04 53 MIN    19
2021 12 25 10 57 MAX    41
2021 12 25 17 12 MIN     8
2021 12 25 23 39 MAX    38
2021 12 26 05 47 MIN    19
2021 12 26 11 46 MAX    39
2021 12 26 18 02 MIN    10
2021 12 27 00 42 MAX    37
2021 12 27 06 54 MIN    19
2021 12 27 12 54 MAX    36
2021 12 27 19 05 MIN    11
2021 12 28 02 00 MAX    36
2021 12 28 08 10 MIN    17
2021 12 28 14 21 MAX    36
2021 12 28 20 19 MIN    12
2021 12 29 03 15 MAX    36
2021 12 29 09 24 MIN    14
2021 12 29 15 46 MAX    37
2021 12 29 21 33 MIN    12
2021 12 30 04 21 MAX    37
2021 12 30 10 31 MIN     9
2021 12 30 16 58 MAX    41
2021 12 30 22 42 MIN    11
2021 12 31 05 22 MAX    39
2021 12 31 11 29 MIN     4
2021 12 31 18 01 MAX    45
2021 12 31 23 43 MIN    10
