 <API - 조위예측극치자료>

대상조위관측소 : 위도
위도(WGS84) : N 126.3017
경도(WGS84) : E 35.6181
관측기관 : 20201221 ~ 20220101

2020 12 21 01 43 MIN   163
2020 12 21 07 15 MAX   455
2020 12 21 13 29 MIN   149
2020 12 21 19 50 MAX   503
2020 12 22 02 32 MIN   180
2020 12 22 08 12 MAX   432
2020 12 22 14 24 MIN   189
2020 12 22 20 42 MAX   468
2020 12 23 03 30 MIN   189
2020 12 23 09 21 MAX   420
2020 12 23 15 38 MIN   217
2020 12 23 21 46 MAX   442
2020 12 24 04 35 MIN   185
2020 12 24 10 40 MAX   426
2020 12 24 17 03 MIN   224
2020 12 24 22 57 MAX   432
2020 12 25 05 36 MIN   169
2020 12 25 11 53 MAX   451
2020 12 25 18 16 MIN   210
2020 12 26 00 01 MAX   438
2020 12 26 06 28 MIN   144
2020 12 26 12 50 MAX   485
2020 12 26 19 12 MIN   187
2020 12 27 00 52 MAX   452
2020 12 27 07 13 MIN   116
2020 12 27 13 34 MAX   520
2020 12 27 19 58 MIN   163
2020 12 28 01 34 MAX   468
2020 12 28 07 53 MIN    88
2020 12 28 14 12 MAX   550
2020 12 28 20 38 MIN   143
2020 12 29 02 11 MAX   484
2020 12 29 08 30 MIN    65
2020 12 29 14 47 MAX   573
2020 12 29 21 16 MIN   129
2020 12 30 02 46 MAX   497
2020 12 30 09 07 MIN    47
2020 12 30 15 22 MAX   589
2020 12 30 21 53 MIN   119
2020 12 31 03 21 MAX   506
2020 12 31 09 44 MIN    36
2020 12 31 15 57 MAX   599
2020 12 31 22 31 MIN   113
2021 01 01 03 57 MAX   511
2021 01 01 10 22 MIN    33
2021 01 01 16 32 MAX   603
2021 01 01 23 09 MIN   111
2021 01 02 04 35 MAX   512
2021 01 02 11 00 MIN    38
2021 01 02 17 10 MAX   601
2021 01 02 23 49 MIN   112
2021 01 03 05 15 MAX   508
2021 01 03 11 39 MIN    51
2021 01 03 17 50 MAX   593
2021 01 04 00 30 MIN   115
2021 01 04 05 59 MAX   501
2021 01 04 12 22 MIN    72
2021 01 04 18 32 MAX   577
2021 01 05 01 13 MIN   120
2021 01 05 06 49 MAX   491
2021 01 05 13 10 MIN   100
2021 01 05 19 20 MAX   553
2021 01 06 02 02 MIN   126
2021 01 06 07 46 MAX   481
2021 01 06 14 07 MIN   132
2021 01 06 20 14 MAX   523
2021 01 07 02 58 MIN   130
2021 01 07 08 51 MAX   476
2021 01 07 15 18 MIN   162
2021 01 07 21 16 MAX   495
2021 01 08 04 03 MIN   127
2021 01 08 10 07 MAX   484
2021 01 08 16 43 MIN   176
2021 01 08 22 27 MAX   475
2021 01 09 05 13 MIN   114
2021 01 09 11 26 MAX   508
2021 01 09 18 07 MIN   169
2021 01 09 23 40 MAX   472
2021 01 10 06 20 MIN    91
2021 01 10 12 36 MAX   544
2021 01 10 19 19 MIN   148
2021 01 11 00 46 MAX   482
2021 01 11 07 21 MIN    64
2021 01 11 13 37 MAX   581
2021 01 11 20 19 MIN   124
2021 01 12 01 43 MAX   499
2021 01 12 08 16 MIN    39
2021 01 12 14 29 MAX   610
2021 01 12 21 11 MIN   105
2021 01 13 02 33 MAX   515
2021 01 13 09 06 MIN    21
2021 01 13 15 17 MAX   626
2021 01 13 21 58 MIN    93
2021 01 14 03 20 MAX   528
2021 01 14 09 52 MIN    13
2021 01 14 16 00 MAX   630
2021 01 14 22 40 MIN    89
2021 01 15 04 03 MAX   535
2021 01 15 10 34 MIN    17
2021 01 15 16 41 MAX   623
2021 01 15 23 20 MIN    92
2021 01 16 04 44 MAX   534
2021 01 16 11 12 MIN    32
2021 01 16 17 19 MAX   607
2021 01 16 23 56 MIN   100
2021 01 17 05 23 MAX   527
2021 01 17 11 48 MIN    56
2021 01 17 17 54 MAX   583
2021 01 18 00 29 MIN   112
2021 01 18 06 02 MAX   513
2021 01 18 12 21 MIN    87
2021 01 18 18 28 MAX   554
2021 01 19 01 01 MIN   127
2021 01 19 06 42 MAX   494
2021 01 19 12 55 MIN   123
2021 01 19 19 04 MAX   521
2021 01 20 01 35 MIN   143
2021 01 20 07 25 MAX   471
2021 01 20 13 35 MIN   163
2021 01 20 19 42 MAX   483
2021 01 21 02 14 MIN   161
2021 01 21 08 15 MAX   447
2021 01 21 14 25 MIN   203
2021 01 21 20 27 MAX   446
2021 01 22 03 05 MIN   176
2021 01 22 09 19 MAX   430
2021 01 22 15 36 MIN   235
2021 01 22 21 29 MAX   414
2021 01 23 04 11 MIN   183
2021 01 23 10 43 MAX   429
2021 01 23 17 09 MIN   246
2021 01 23 22 49 MAX   400
2021 01 24 05 24 MIN   173
2021 01 24 12 05 MAX   452
2021 01 24 18 32 MIN   230
2021 01 25 00 05 MAX   408
2021 01 25 06 28 MIN   150
2021 01 25 13 05 MAX   487
2021 01 25 19 32 MIN   202
2021 01 26 01 03 MAX   432
2021 01 26 07 22 MIN   118
2021 01 26 13 50 MAX   523
2021 01 26 20 19 MIN   172
2021 01 27 01 49 MAX   460
2021 01 27 08 09 MIN    86
2021 01 27 14 30 MAX   555
2021 01 27 21 01 MIN   143
2021 01 28 02 29 MAX   487
2021 01 28 08 53 MIN    57
2021 01 28 15 07 MAX   583
2021 01 28 21 41 MIN   118
2021 01 29 03 08 MAX   512
2021 01 29 09 35 MIN    34
2021 01 29 15 43 MAX   604
2021 01 29 22 20 MIN    96
2021 01 30 03 46 MAX   531
2021 01 30 10 15 MIN    19
2021 01 30 16 20 MAX   618
2021 01 30 22 57 MIN    80
2021 01 31 04 26 MAX   545
2021 01 31 10 56 MIN    14
2021 01 31 16 57 MAX   623
2021 01 31 23 36 MIN    69
2021 02 01 05 06 MAX   553
2021 02 01 11 36 MIN    21
2021 02 01 17 35 MAX   617
2021 02 02 00 13 MIN    66
2021 02 02 05 48 MAX   553
2021 02 02 12 17 MIN    41
2021 02 02 18 14 MAX   598
2021 02 03 00 52 MIN    70
2021 02 03 06 34 MAX   546
2021 02 03 13 01 MIN    74
2021 02 03 18 56 MAX   567
2021 02 04 01 33 MIN    83
2021 02 04 07 24 MAX   530
2021 02 04 13 50 MIN   118
2021 02 04 19 42 MAX   526
2021 02 05 02 20 MIN   102
2021 02 05 08 22 MAX   509
2021 02 05 14 51 MIN   165
2021 02 05 20 38 MAX   480
2021 02 06 03 18 MIN   123
2021 02 06 09 35 MAX   491
2021 02 06 16 14 MIN   202
2021 02 06 21 49 MAX   441
2021 02 07 04 34 MIN   135
2021 02 07 11 04 MAX   492
2021 02 07 17 54 MIN   208
2021 02 07 23 17 MAX   427
2021 02 08 05 58 MIN   127
2021 02 08 12 29 MAX   517
2021 02 08 19 17 MIN   184
2021 02 09 00 38 MAX   443
2021 02 09 07 13 MIN   101
2021 02 09 13 35 MAX   552
2021 02 09 20 19 MIN   150
2021 02 10 01 40 MAX   474
2021 02 10 08 14 MIN    70
2021 02 10 14 28 MAX   584
2021 02 10 21 08 MIN   120
2021 02 11 02 31 MAX   507
2021 02 11 09 04 MIN    44
2021 02 11 15 11 MAX   604
2021 02 11 21 49 MIN    97
2021 02 12 03 14 MAX   533
2021 02 12 09 47 MIN    29
2021 02 12 15 49 MAX   613
2021 02 12 22 26 MIN    84
2021 02 13 03 53 MAX   551
2021 02 13 10 25 MIN    25
2021 02 13 16 24 MAX   612
2021 02 13 22 59 MIN    78
2021 02 14 04 29 MAX   559
2021 02 14 10 58 MIN    33
2021 02 14 16 56 MAX   603
2021 02 14 23 29 MIN    78
2021 02 15 05 03 MAX   558
2021 02 15 11 28 MIN    50
2021 02 15 17 25 MAX   586
2021 02 15 23 55 MIN    84
2021 02 16 05 36 MAX   550
2021 02 16 11 57 MIN    74
2021 02 16 17 54 MAX   563
2021 02 17 00 21 MIN    94
2021 02 17 06 10 MAX   534
2021 02 17 12 26 MIN   106
2021 02 17 18 23 MAX   533
2021 02 18 00 48 MIN   109
2021 02 18 06 45 MAX   512
2021 02 18 12 59 MIN   144
2021 02 18 18 54 MAX   497
2021 02 19 01 19 MIN   129
2021 02 19 07 26 MAX   484
2021 02 19 13 38 MIN   188
2021 02 19 19 29 MAX   457
2021 02 20 01 58 MIN   155
2021 02 20 08 16 MAX   454
2021 02 20 14 31 MIN   232
2021 02 20 20 15 MAX   417
2021 02 21 02 52 MIN   180
2021 02 21 09 27 MAX   431
2021 02 21 15 55 MIN   264
2021 02 21 21 29 MAX   385
2021 02 22 04 12 MIN   195
2021 02 22 11 07 MAX   432
2021 02 22 17 47 MIN   261
2021 02 22 23 13 MAX   381
2021 02 23 05 43 MIN   182
2021 02 23 12 32 MAX   463
2021 02 23 19 08 MIN   228
2021 02 24 00 33 MAX   409
2021 02 24 06 55 MIN   148
2021 02 24 13 27 MAX   505
2021 02 24 20 01 MIN   185
2021 02 25 01 29 MAX   451
2021 02 25 07 51 MIN   106
2021 02 25 14 10 MAX   548
2021 02 25 20 43 MIN   142
2021 02 26 02 13 MAX   494
2021 02 26 08 40 MIN    64
2021 02 26 14 48 MAX   586
2021 02 26 21 23 MIN   101
2021 02 27 02 54 MAX   534
2021 02 27 09 24 MIN    28
2021 02 27 15 24 MAX   615
2021 02 27 22 01 MIN    67
2021 02 28 03 33 MAX   567
2021 02 28 10 05 MIN     4
2021 02 28 16 01 MAX   633
2021 02 28 22 38 MIN    41
2021 03 01 04 12 MAX   592
2021 03 01 10 46 MIN    -6
2021 03 01 16 37 MAX   638
2021 03 01 23 15 MIN    26
2021 03 02 04 52 MAX   606
2021 03 02 11 26 MIN     0
2021 03 02 17 14 MAX   628
2021 03 02 23 51 MIN    22
2021 03 03 05 33 MAX   607
2021 03 03 12 06 MIN    25
2021 03 03 17 52 MAX   603
2021 03 04 00 27 MIN    32
2021 03 04 06 17 MAX   595
2021 03 04 12 48 MIN    67
2021 03 04 18 32 MAX   564
2021 03 05 01 05 MIN    54
2021 03 05 07 04 MAX   569
2021 03 05 13 35 MIN   121
2021 03 05 19 15 MAX   514
2021 03 06 01 48 MIN    88
2021 03 06 08 00 MAX   532
2021 03 06 14 33 MIN   180
2021 03 06 20 09 MAX   459
2021 03 07 02 43 MIN   128
2021 03 07 09 13 MAX   495
2021 03 07 15 59 MIN   226
2021 03 07 21 24 MAX   413
2021 03 08 04 06 MIN   160
2021 03 08 10 53 MAX   481
2021 03 08 17 52 MIN   229
2021 03 08 23 08 MAX   401
2021 03 09 05 51 MIN   159
2021 03 09 12 28 MAX   502
2021 03 09 19 16 MIN   195
2021 03 10 00 38 MAX   431
2021 03 10 07 12 MIN   129
2021 03 10 13 32 MAX   537
2021 03 10 20 11 MIN   153
2021 03 11 01 39 MAX   476
2021 03 11 08 11 MIN    92
2021 03 11 14 18 MAX   567
2021 03 11 20 54 MIN   117
2021 03 12 02 24 MAX   517
2021 03 12 08 56 MIN    63
2021 03 12 14 56 MAX   587
2021 03 12 21 30 MIN    91
2021 03 13 03 02 MAX   549
2021 03 13 09 35 MIN    45
2021 03 13 15 29 MAX   597
2021 03 13 22 02 MIN    74
2021 03 14 03 37 MAX   571
2021 03 14 10 08 MIN    40
2021 03 14 15 59 MAX   598
2021 03 14 22 31 MIN    65
2021 03 15 04 09 MAX   582
2021 03 15 10 38 MIN    44
2021 03 15 16 27 MAX   591
2021 03 15 22 57 MIN    62
2021 03 16 04 40 MAX   584
2021 03 16 11 06 MIN    56
2021 03 16 16 54 MAX   578
2021 03 16 23 21 MIN    64
2021 03 17 05 10 MAX   579
2021 03 17 11 33 MIN    77
2021 03 17 17 21 MAX   558
2021 03 17 23 44 MIN    71
2021 03 18 05 41 MAX   566
2021 03 18 12 01 MIN   105
2021 03 18 17 48 MAX   531
2021 03 19 00 09 MIN    84
2021 03 19 06 13 MAX   545
2021 03 19 12 32 MIN   141
2021 03 19 18 16 MAX   500
2021 03 20 00 37 MIN   106
2021 03 20 06 49 MAX   517
2021 03 20 13 07 MIN   183
2021 03 20 18 47 MAX   463
2021 03 21 01 10 MIN   136
2021 03 21 07 32 MAX   485
2021 03 21 13 51 MIN   227
2021 03 21 19 27 MAX   424
2021 03 22 01 55 MIN   170
2021 03 22 08 32 MAX   452
2021 03 22 15 01 MIN   263
2021 03 22 20 31 MAX   388
2021 03 23 03 08 MIN   200
2021 03 23 10 04 MAX   437
2021 03 23 16 58 MIN   270
2021 03 23 22 20 MAX   375
2021 03 24 04 54 MIN   204
2021 03 24 11 46 MAX   457
2021 03 24 18 36 MIN   234
2021 03 25 00 01 MAX   405
2021 03 25 06 26 MIN   171
2021 03 25 12 52 MAX   500
2021 03 25 19 32 MIN   182
2021 03 26 01 04 MAX   456
2021 03 26 07 30 MIN   121
2021 03 26 13 39 MAX   546
2021 03 26 20 16 MIN   129
2021 03 27 01 51 MAX   512
2021 03 27 08 20 MIN    71
2021 03 27 14 19 MAX   588
2021 03 27 20 56 MIN    80
2021 03 28 02 33 MAX   563
2021 03 28 09 06 MIN    30
2021 03 28 14 57 MAX   618
2021 03 28 21 34 MIN    40
2021 03 29 03 13 MAX   605
2021 03 29 09 48 MIN     2
2021 03 29 15 35 MAX   634
2021 03 29 22 12 MIN    11
2021 03 30 03 53 MAX   635
2021 03 30 10 30 MIN    -7
2021 03 30 16 13 MAX   635
2021 03 30 22 48 MIN    -4
2021 03 31 04 34 MAX   650
2021 03 31 11 11 MIN     3
2021 03 31 16 50 MAX   619
2021 03 31 23 24 MIN    -4
2021 04 01 05 16 MAX   648
2021 04 01 11 52 MIN    34
2021 04 01 17 29 MAX   588
2021 04 02 00 01 MIN    12
2021 04 02 06 00 MAX   629
2021 04 02 12 36 MIN    81
2021 04 02 18 09 MAX   545
2021 04 03 00 40 MIN    44
2021 04 03 06 49 MAX   592
2021 04 03 13 23 MIN   138
2021 04 03 18 55 MAX   495
2021 04 04 01 23 MIN    89
2021 04 04 07 45 MAX   545
2021 04 04 14 24 MIN   195
2021 04 04 19 51 MAX   443
2021 04 05 02 20 MIN   140
2021 04 05 08 59 MAX   501
2021 04 05 15 53 MIN   233
2021 04 05 21 12 MAX   403
2021 04 06 03 50 MIN   180
2021 04 06 10 40 MAX   482
2021 04 06 17 40 MIN   227
2021 04 06 23 02 MAX   403
2021 04 07 05 41 MIN   181
2021 04 07 12 10 MAX   496
2021 04 07 18 56 MIN   191
2021 04 08 00 28 MAX   440
2021 04 08 07 00 MIN   151
2021 04 08 13 10 MAX   523
2021 04 08 19 47 MIN   151
2021 04 09 01 25 MAX   487
2021 04 09 07 54 MIN   118
2021 04 09 13 54 MAX   547
2021 04 09 20 27 MIN   117
2021 04 10 02 07 MAX   529
2021 04 10 08 37 MIN    91
2021 04 10 14 30 MAX   563
2021 04 10 21 01 MIN    91
2021 04 11 02 42 MAX   561
2021 04 11 09 13 MIN    75
2021 04 11 15 00 MAX   572
2021 04 11 21 30 MIN    74
2021 04 12 03 15 MAX   582
2021 04 12 09 44 MIN    68
2021 04 12 15 29 MAX   574
2021 04 12 21 57 MIN    63
2021 04 13 03 45 MAX   594
2021 04 13 10 14 MIN    70
2021 04 13 15 57 MAX   568
2021 04 13 22 22 MIN    58
2021 04 14 04 15 MAX   599
2021 04 14 10 42 MIN    79
2021 04 14 16 23 MAX   557
2021 04 14 22 46 MIN    57
2021 04 15 04 45 MAX   596
2021 04 15 11 11 MIN    96
2021 04 15 16 50 MAX   541
2021 04 15 23 11 MIN    63
2021 04 16 05 16 MAX   585
2021 04 16 11 40 MIN   120
2021 04 16 17 18 MAX   520
2021 04 16 23 37 MIN    75
2021 04 17 05 47 MAX   568
2021 04 17 12 11 MIN   151
2021 04 17 17 46 MAX   495
2021 04 18 00 06 MIN    97
2021 04 18 06 22 MAX   544
2021 04 18 12 46 MIN   185
2021 04 18 18 19 MAX   466
2021 04 19 00 39 MIN   126
2021 04 19 07 03 MAX   514
2021 04 19 13 29 MIN   220
2021 04 19 19 01 MAX   433
2021 04 20 01 21 MIN   161
2021 04 20 07 58 MAX   484
2021 04 20 14 33 MIN   249
2021 04 20 20 05 MAX   403
2021 04 21 02 26 MIN   196
2021 04 21 09 16 MAX   464
2021 04 21 16 13 MIN   254
2021 04 21 21 41 MAX   391
2021 04 22 04 08 MIN   209
2021 04 22 10 49 MAX   471
2021 04 22 17 48 MIN   222
2021 04 22 23 20 MAX   419
2021 04 23 05 49 MIN   184
2021 04 23 12 03 MAX   504
2021 04 23 18 51 MIN   171
2021 04 24 00 29 MAX   473
2021 04 24 06 59 MIN   137
2021 04 24 12 57 MAX   544
2021 04 24 19 39 MIN   117
2021 04 25 01 21 MAX   533
2021 04 25 07 54 MIN    89
2021 04 25 13 43 MAX   581
2021 04 25 20 22 MIN    68
2021 04 26 02 06 MAX   590
2021 04 26 08 42 MIN    49
2021 04 26 14 25 MAX   606
2021 04 26 21 02 MIN    28
2021 04 27 02 49 MAX   635
2021 04 27 09 28 MIN    25
2021 04 27 15 06 MAX   616
2021 04 27 21 41 MIN     2
2021 04 28 03 32 MAX   665
2021 04 28 10 12 MIN    19
2021 04 28 15 46 MAX   611
2021 04 28 22 20 MIN   -10
2021 04 29 04 15 MAX   677
2021 04 29 10 55 MIN    33
2021 04 29 16 27 MAX   593
2021 04 29 22 59 MIN    -6
2021 04 30 05 00 MAX   669
2021 04 30 11 39 MIN    63
2021 04 30 17 09 MAX   564
2021 04 30 23 39 MIN    15
2021 05 01 05 47 MAX   645
2021 05 01 12 25 MIN   105
2021 05 01 17 53 MAX   527
2021 05 02 00 20 MIN    51
2021 05 02 06 37 MAX   606
2021 05 02 13 16 MIN   153
2021 05 02 18 42 MAX   486
2021 05 03 01 07 MIN    98
2021 05 03 07 34 MAX   559
2021 05 03 14 17 MIN   196
2021 05 03 19 41 MAX   446
2021 05 04 02 06 MIN   150
2021 05 04 08 44 MAX   516
2021 05 04 15 37 MIN   221
2021 05 04 21 00 MAX   420
2021 05 05 03 32 MIN   190
2021 05 05 10 08 MAX   491
2021 05 05 17 04 MIN   217
2021 05 05 22 35 MAX   422
2021 05 06 05 10 MIN   199
2021 05 06 11 28 MAX   490
2021 05 06 18 14 MIN   191
2021 05 06 23 57 MAX   453
2021 05 07 06 28 MIN   182
2021 05 07 12 29 MAX   502
2021 05 07 19 06 MIN   159
2021 05 08 00 55 MAX   493
2021 05 08 07 24 MIN   158
2021 05 08 13 16 MAX   518
2021 05 08 19 48 MIN   130
2021 05 09 01 39 MAX   530
2021 05 09 08 08 MIN   136
2021 05 09 13 54 MAX   531
2021 05 09 20 22 MIN   106
2021 05 10 02 16 MAX   560
2021 05 10 08 45 MIN   120
2021 05 10 14 27 MAX   539
2021 05 10 20 53 MIN    89
2021 05 11 02 50 MAX   583
2021 05 11 09 18 MIN   111
2021 05 11 14 57 MAX   543
2021 05 11 21 21 MIN    76
2021 05 12 03 21 MAX   597
2021 05 12 09 49 MIN   109
2021 05 12 15 26 MAX   540
2021 05 12 21 48 MIN    68
2021 05 13 03 52 MAX   604
2021 05 13 10 20 MIN   114
2021 05 13 15 55 MAX   534
2021 05 13 22 15 MIN    65
2021 05 14 04 23 MAX   604
2021 05 14 10 51 MIN   125
2021 05 14 16 24 MAX   524
2021 05 14 22 44 MIN    69
2021 05 15 04 55 MAX   597
2021 05 15 11 23 MIN   142
2021 05 15 16 54 MAX   510
2021 05 15 23 13 MIN    80
2021 05 16 05 28 MAX   584
2021 05 16 11 57 MIN   163
2021 05 16 17 27 MAX   494
2021 05 16 23 45 MIN    98
2021 05 17 06 04 MAX   567
2021 05 17 12 34 MIN   185
2021 05 17 18 04 MAX   474
2021 05 18 00 21 MIN   124
2021 05 18 06 46 MAX   545
2021 05 18 13 18 MIN   207
2021 05 18 18 51 MAX   452
2021 05 19 01 04 MIN   155
2021 05 19 07 37 MAX   522
2021 05 19 14 17 MIN   222
2021 05 19 19 52 MAX   433
2021 05 20 02 06 MIN   185
2021 05 20 08 42 MAX   505
2021 05 20 15 34 MIN   222
2021 05 20 21 12 MAX   429
2021 05 21 03 32 MIN   202
2021 05 21 09 57 MAX   501
2021 05 21 16 53 MIN   198
2021 05 21 22 37 MAX   452
2021 05 22 05 05 MIN   191
2021 05 22 11 09 MAX   515
2021 05 22 18 00 MIN   159
2021 05 22 23 49 MAX   499
2021 05 23 06 22 MIN   159
2021 05 23 12 11 MAX   538
2021 05 23 18 55 MIN   114
2021 05 24 00 47 MAX   554
2021 05 24 07 24 MIN   121
2021 05 24 13 04 MAX   562
2021 05 24 19 43 MIN    72
2021 05 25 01 39 MAX   607
2021 05 25 08 18 MIN    89
2021 05 25 13 53 MAX   578
2021 05 25 20 28 MIN    38
2021 05 26 02 26 MAX   649
2021 05 26 09 08 MIN    70
2021 05 26 14 38 MAX   584
2021 05 26 21 13 MIN    15
2021 05 27 03 13 MAX   675
2021 05 27 09 56 MIN    66
2021 05 27 15 23 MAX   580
2021 05 27 21 56 MIN     6
2021 05 28 04 00 MAX   683
2021 05 28 10 43 MIN    76
2021 05 28 16 08 MAX   568
2021 05 28 22 39 MIN    11
2021 05 29 04 48 MAX   675
2021 05 29 11 30 MIN    96
2021 05 29 16 54 MAX   549
2021 05 29 23 23 MIN    31
2021 05 30 05 37 MAX   652
2021 05 30 12 17 MIN   124
2021 05 30 17 42 MAX   526
2021 05 31 00 09 MIN    64
2021 05 31 06 27 MAX   618
2021 05 31 13 07 MIN   154
2021 05 31 18 33 MAX   500
2021 06 01 00 56 MIN   106
2021 06 01 07 19 MAX   579
2021 06 01 14 02 MIN   180
2021 06 01 19 29 MAX   475
2021 06 02 01 51 MIN   152
2021 06 02 08 15 MAX   540
2021 06 02 15 02 MIN   199
2021 06 02 20 35 MAX   456
2021 06 03 02 59 MIN   193
2021 06 03 09 18 MAX   507
2021 06 03 16 08 MIN   204
2021 06 03 21 50 MAX   450
2021 06 04 04 18 MIN   217
2021 06 04 10 26 MAX   487
2021 06 04 17 13 MIN   196
2021 06 04 23 07 MAX   463
2021 06 05 05 36 MIN   220
2021 06 05 11 31 MAX   482
2021 06 05 18 10 MIN   178
2021 06 06 00 13 MAX   490
2021 06 06 06 41 MIN   208
2021 06 06 12 26 MAX   487
2021 06 06 18 57 MIN   156
2021 06 07 01 04 MAX   522
2021 06 07 07 32 MIN   190
2021 06 07 13 12 MAX   496
2021 06 07 19 37 MIN   135
2021 06 08 01 47 MAX   551
2021 06 08 08 15 MIN   172
2021 06 08 13 51 MAX   506
2021 06 08 20 12 MIN   115
2021 06 09 02 24 MAX   576
2021 06 09 08 52 MIN   159
2021 06 09 14 26 MAX   513
2021 06 09 20 46 MIN    99
2021 06 10 02 58 MAX   593
2021 06 10 09 27 MIN   152
2021 06 10 15 00 MAX   517
2021 06 10 21 18 MIN    88
2021 06 11 03 32 MAX   604
2021 06 11 10 01 MIN   149
2021 06 11 15 32 MAX   519
2021 06 11 21 51 MIN    81
2021 06 12 04 05 MAX   609
2021 06 12 10 36 MIN   152
2021 06 12 16 05 MAX   517
2021 06 12 22 25 MIN    81
2021 06 13 04 39 MAX   608
2021 06 13 11 11 MIN   157
2021 06 13 16 39 MAX   514
2021 06 13 22 59 MIN    87
2021 06 14 05 14 MAX   603
2021 06 14 11 48 MIN   165
2021 06 14 17 15 MAX   507
2021 06 14 23 35 MIN   100
2021 06 15 05 51 MAX   594
2021 06 15 12 27 MIN   173
2021 06 15 17 57 MAX   498
2021 06 16 00 14 MIN   119
2021 06 16 06 32 MAX   581
2021 06 16 13 11 MIN   180
2021 06 16 18 44 MAX   488
2021 06 17 00 58 MIN   144
2021 06 17 07 19 MAX   565
2021 06 17 14 00 MIN   184
2021 06 17 19 39 MAX   480
2021 06 18 01 53 MIN   170
2021 06 18 08 12 MAX   547
2021 06 18 14 58 MIN   182
2021 06 18 20 44 MAX   479
2021 06 19 03 03 MIN   191
2021 06 19 09 14 MAX   531
2021 06 19 16 02 MIN   171
2021 06 19 21 56 MAX   493
2021 06 20 04 24 MIN   198
2021 06 20 10 20 MAX   523
2021 06 20 17 07 MIN   150
2021 06 20 23 10 MAX   524
2021 06 21 05 45 MIN   187
2021 06 21 11 28 MAX   524
2021 06 21 18 09 MIN   122
2021 06 22 00 16 MAX   567
2021 06 22 06 57 MIN   165
2021 06 22 12 29 MAX   533
2021 06 22 19 06 MIN    91
2021 06 23 01 16 MAX   610
2021 06 23 07 59 MIN   141
2021 06 23 13 26 MAX   543
2021 06 23 20 00 MIN    64
2021 06 24 02 10 MAX   646
2021 06 24 08 54 MIN   123
2021 06 24 14 18 MAX   552
2021 06 24 20 52 MIN    44
2021 06 25 03 02 MAX   669
2021 06 25 09 46 MIN   112
2021 06 25 15 08 MAX   557
2021 06 25 21 41 MIN    33
2021 06 26 03 51 MAX   679
2021 06 26 10 35 MIN   110
2021 06 26 15 57 MAX   559
2021 06 26 22 28 MIN    34
2021 06 27 04 39 MAX   675
2021 06 27 11 22 MIN   115
2021 06 27 16 45 MAX   555
2021 06 27 23 14 MIN    47
2021 06 28 05 26 MAX   659
2021 06 28 12 07 MIN   126
2021 06 28 17 32 MAX   548
2021 06 28 23 59 MIN    71
2021 06 29 06 11 MAX   633
2021 06 29 12 50 MIN   140
2021 06 29 18 19 MAX   535
2021 06 30 00 43 MIN   106
2021 06 30 06 54 MAX   601
2021 06 30 13 33 MIN   157
2021 06 30 19 07 MAX   518
2021 07 01 01 27 MIN   147
2021 07 01 07 38 MAX   565
2021 07 01 14 17 MIN   174
2021 07 01 19 59 MAX   498
2021 07 02 02 16 MIN   190
2021 07 02 08 24 MAX   527
2021 07 02 15 05 MIN   188
2021 07 02 20 57 MAX   482
2021 07 03 03 15 MIN   227
2021 07 03 09 16 MAX   493
2021 07 03 16 00 MIN   197
2021 07 03 22 06 MAX   475
2021 07 04 04 28 MIN   251
2021 07 04 10 19 MAX   469
2021 07 04 17 00 MIN   197
2021 07 04 23 19 MAX   484
2021 07 05 05 45 MIN   254
2021 07 05 11 27 MAX   459
2021 07 05 17 58 MIN   186
2021 07 06 00 25 MAX   507
2021 07 06 06 52 MIN   241
2021 07 06 12 28 MAX   464
2021 07 06 18 50 MIN   168
2021 07 07 01 18 MAX   536
2021 07 07 07 46 MIN   222
2021 07 07 13 18 MAX   476
2021 07 07 19 35 MIN   146
2021 07 08 02 02 MAX   564
2021 07 08 08 30 MIN   202
2021 07 08 14 00 MAX   492
2021 07 08 20 17 MIN   125
2021 07 09 02 40 MAX   588
2021 07 09 09 09 MIN   185
2021 07 09 14 38 MAX   506
2021 07 09 20 56 MIN   106
2021 07 10 03 16 MAX   606
2021 07 10 09 47 MIN   171
2021 07 10 15 15 MAX   519
2021 07 10 21 35 MIN    92
2021 07 11 03 51 MAX   618
2021 07 11 10 24 MIN   160
2021 07 11 15 51 MAX   529
2021 07 11 22 13 MIN    84
2021 07 12 04 26 MAX   626
2021 07 12 11 01 MIN   152
2021 07 12 16 28 MAX   536
2021 07 12 22 52 MIN    83
2021 07 13 05 02 MAX   629
2021 07 13 11 39 MIN   145
2021 07 13 17 07 MAX   540
2021 07 13 23 30 MIN    89
2021 07 14 05 38 MAX   626
2021 07 14 12 17 MIN   141
2021 07 14 17 48 MAX   541
2021 07 15 00 10 MIN   103
2021 07 15 06 16 MAX   617
2021 07 15 12 56 MIN   140
2021 07 15 18 32 MAX   538
2021 07 16 00 53 MIN   125
2021 07 16 06 57 MAX   601
2021 07 16 13 37 MIN   142
2021 07 16 19 22 MAX   534
2021 07 17 01 41 MIN   154
2021 07 17 07 43 MAX   576
2021 07 17 14 24 MIN   146
2021 07 17 20 17 MAX   529
2021 07 18 02 39 MIN   185
2021 07 18 08 36 MAX   545
2021 07 18 15 18 MIN   151
2021 07 18 21 23 MAX   528
2021 07 19 03 52 MIN   212
2021 07 19 09 39 MAX   516
2021 07 19 16 22 MIN   150
2021 07 19 22 38 MAX   539
2021 07 20 05 18 MIN   222
2021 07 20 10 52 MAX   498
2021 07 20 17 32 MIN   141
2021 07 20 23 56 MAX   564
2021 07 21 06 41 MIN   210
2021 07 21 12 06 MAX   498
2021 07 21 18 42 MIN   121
2021 07 22 01 05 MAX   600
2021 07 22 07 51 MIN   185
2021 07 22 13 12 MAX   512
2021 07 22 19 46 MIN    95
2021 07 23 02 04 MAX   634
2021 07 23 08 50 MIN   158
2021 07 23 14 10 MAX   534
2021 07 23 20 44 MIN    70
2021 07 24 02 57 MAX   660
2021 07 24 09 41 MIN   135
2021 07 24 15 02 MAX   555
2021 07 24 21 35 MIN    52
2021 07 25 03 45 MAX   673
2021 07 25 10 27 MIN   119
2021 07 25 15 50 MAX   572
2021 07 25 22 22 MIN    45
2021 07 26 04 28 MAX   674
2021 07 26 11 09 MIN   111
2021 07 26 16 34 MAX   581
2021 07 26 23 05 MIN    52
2021 07 27 05 09 MAX   664
2021 07 27 11 47 MIN   111
2021 07 27 17 16 MAX   582
2021 07 27 23 44 MIN    71
2021 07 28 05 46 MAX   643
2021 07 28 12 22 MIN   118
2021 07 28 17 57 MAX   574
2021 07 29 00 21 MIN   101
2021 07 29 06 22 MAX   615
2021 07 29 12 56 MIN   131
2021 07 29 18 37 MAX   558
2021 07 30 00 57 MIN   139
2021 07 30 06 56 MAX   580
2021 07 30 13 29 MIN   148
2021 07 30 19 19 MAX   536
2021 07 31 01 34 MIN   182
2021 07 31 07 32 MAX   541
2021 07 31 14 05 MIN   168
2021 07 31 20 06 MAX   511
2021 08 01 02 18 MIN   226
2021 08 01 08 13 MAX   500
2021 08 01 14 48 MIN   189
2021 08 01 21 03 MAX   489
2021 08 02 03 18 MIN   264
2021 08 02 09 06 MAX   462
2021 08 02 15 44 MIN   206
2021 08 02 22 19 MAX   478
2021 08 03 04 42 MIN   286
2021 08 03 10 20 MAX   436
2021 08 03 16 54 MIN   211
2021 08 03 23 44 MAX   490
2021 08 04 06 13 MIN   280
2021 08 04 11 43 MAX   434
2021 08 04 18 05 MIN   198
2021 08 05 00 52 MAX   518
2021 08 05 07 22 MIN   256
2021 08 05 12 49 MAX   453
2021 08 05 19 05 MIN   173
2021 08 06 01 43 MAX   552
2021 08 06 08 12 MIN   226
2021 08 06 13 40 MAX   480
2021 08 06 19 56 MIN   143
2021 08 07 02 23 MAX   583
2021 08 07 08 54 MIN   195
2021 08 07 14 22 MAX   509
2021 08 07 20 41 MIN   113
2021 08 08 03 00 MAX   610
2021 08 08 09 32 MIN   167
2021 08 08 15 00 MAX   535
2021 08 08 21 24 MIN    89
2021 08 09 03 35 MAX   631
2021 08 09 10 09 MIN   142
2021 08 09 15 38 MAX   558
2021 08 09 22 04 MIN    71
2021 08 10 04 09 MAX   646
2021 08 10 10 45 MIN   121
2021 08 10 16 15 MAX   575
2021 08 10 22 43 MIN    62
2021 08 11 04 43 MAX   653
2021 08 11 11 21 MIN   105
2021 08 11 16 53 MAX   587
2021 08 11 23 22 MIN    65
2021 08 12 05 18 MAX   651
2021 08 12 11 57 MIN    95
2021 08 12 17 33 MAX   592
2021 08 13 00 01 MIN    79
2021 08 13 05 54 MAX   639
2021 08 13 12 32 MIN    94
2021 08 13 18 15 MAX   591
2021 08 14 00 41 MIN   105
2021 08 14 06 33 MAX   614
2021 08 14 13 10 MIN   102
2021 08 14 19 00 MAX   581
2021 08 15 01 26 MIN   143
2021 08 15 07 15 MAX   579
2021 08 15 13 51 MIN   118
2021 08 15 19 53 MAX   564
2021 08 16 02 19 MIN   188
2021 08 16 08 04 MAX   535
2021 08 16 14 41 MIN   140
2021 08 16 20 57 MAX   545
2021 08 17 03 30 MIN   231
2021 08 17 09 07 MAX   491
2021 08 17 15 47 MIN   160
2021 08 17 22 19 MAX   536
2021 08 18 05 06 MIN   250
2021 08 18 10 30 MAX   463
2021 08 18 17 11 MIN   165
2021 08 18 23 49 MAX   551
2021 08 19 06 41 MIN   234
2021 08 19 12 00 MAX   467
2021 08 19 18 36 MIN   146
2021 08 20 01 05 MAX   586
2021 08 20 07 52 MIN   197
2021 08 20 13 12 MAX   498
2021 08 20 19 46 MIN   113
2021 08 21 02 03 MAX   622
2021 08 21 08 46 MIN   158
2021 08 21 14 09 MAX   537
2021 08 21 20 42 MIN    80
2021 08 22 02 51 MAX   649
2021 08 22 09 30 MIN   125
2021 08 22 14 56 MAX   571
2021 08 22 21 30 MIN    56
2021 08 23 03 32 MAX   664
2021 08 23 10 10 MIN   103
2021 08 23 15 38 MAX   596
2021 08 23 22 11 MIN    47
2021 08 24 04 09 MAX   665
2021 08 24 10 46 MIN    91
2021 08 24 16 18 MAX   610
2021 08 24 22 49 MIN    52
2021 08 25 04 43 MAX   656
2021 08 25 11 18 MIN    88
2021 08 25 16 54 MAX   612
2021 08 25 23 22 MIN    69
2021 08 26 05 15 MAX   637
2021 08 26 11 48 MIN    93
2021 08 26 17 29 MAX   604
2021 08 26 23 53 MIN    97
2021 08 27 05 45 MAX   611
2021 08 27 12 15 MIN   104
2021 08 27 18 05 MAX   588
2021 08 28 00 24 MIN   132
2021 08 28 06 15 MAX   578
2021 08 28 12 42 MIN   122
2021 08 28 18 40 MAX   564
2021 08 29 00 56 MIN   173
2021 08 29 06 46 MAX   540
2021 08 29 13 11 MIN   145
2021 08 29 19 20 MAX   534
2021 08 30 01 33 MIN   218
2021 08 30 07 21 MAX   497
2021 08 30 13 47 MIN   174
2021 08 30 20 09 MAX   502
2021 08 31 02 23 MIN   263
2021 08 31 08 04 MAX   454
2021 08 31 14 37 MIN   204
2021 08 31 21 17 MAX   476
2021 09 01 03 41 MIN   297
2021 09 01 09 13 MAX   418
2021 09 01 15 50 MIN   225
2021 09 01 22 55 MAX   472
2021 09 02 05 35 MIN   298
2021 09 02 10 58 MAX   408
2021 09 02 17 23 MIN   221
2021 09 03 00 23 MAX   498
2021 09 03 06 59 MIN   266
2021 09 03 12 24 MAX   434
2021 09 03 18 40 MIN   191
2021 09 04 01 19 MAX   537
2021 09 04 07 51 MIN   223
2021 09 04 13 20 MAX   475
2021 09 04 19 38 MIN   150
2021 09 05 02 00 MAX   576
2021 09 05 08 31 MIN   180
2021 09 05 14 03 MAX   518
2021 09 05 20 25 MIN   109
2021 09 06 02 36 MAX   610
2021 09 06 09 08 MIN   139
2021 09 06 14 42 MAX   558
2021 09 06 21 08 MIN    74
2021 09 07 03 10 MAX   638
2021 09 07 09 44 MIN   103
2021 09 07 15 19 MAX   592
2021 09 07 21 48 MIN    49
2021 09 08 03 44 MAX   655
2021 09 08 10 19 MIN    74
2021 09 08 15 56 MAX   617
2021 09 08 22 28 MIN    36
2021 09 09 04 18 MAX   662
2021 09 09 10 55 MIN    55
2021 09 09 16 34 MAX   633
2021 09 09 23 06 MIN    39
2021 09 10 04 53 MAX   655
2021 09 10 11 29 MIN    47
2021 09 10 17 13 MAX   639
2021 09 10 23 46 MIN    58
2021 09 11 05 29 MAX   634
2021 09 11 12 04 MIN    52
2021 09 11 17 54 MAX   632
2021 09 12 00 26 MIN    93
2021 09 12 06 07 MAX   600
2021 09 12 12 40 MIN    69
2021 09 12 18 40 MAX   612
2021 09 13 01 11 MIN   141
2021 09 13 06 48 MAX   555
2021 09 13 13 21 MIN    99
2021 09 13 19 32 MAX   579
2021 09 14 02 05 MIN   196
2021 09 14 07 38 MAX   502
2021 09 14 14 12 MIN   137
2021 09 14 20 39 MAX   543
2021 09 15 03 21 MIN   243
2021 09 15 08 47 MAX   453
2021 09 15 15 25 MIN   173
2021 09 15 22 11 MAX   523
2021 09 16 05 09 MIN   255
2021 09 16 10 26 MAX   431
2021 09 16 17 07 MIN   182
2021 09 16 23 50 MAX   537
2021 09 17 06 42 MIN   223
2021 09 17 12 04 MAX   455
2021 09 17 18 38 MIN   155
2021 09 18 01 02 MAX   572
2021 09 18 07 43 MIN   177
2021 09 18 13 12 MAX   502
2021 09 18 19 43 MIN   115
2021 09 19 01 53 MAX   605
2021 09 19 08 29 MIN   134
2021 09 19 14 02 MAX   550
2021 09 19 20 33 MIN    80
2021 09 20 02 34 MAX   628
2021 09 20 09 09 MIN   101
2021 09 20 14 44 MAX   589
2021 09 20 21 15 MIN    58
2021 09 21 03 10 MAX   639
2021 09 21 09 43 MIN    79
2021 09 21 15 21 MAX   614
2021 09 21 21 52 MIN    51
2021 09 22 03 42 MAX   638
2021 09 22 10 14 MIN    67
2021 09 22 15 55 MAX   626
2021 09 22 22 25 MIN    57
2021 09 23 04 12 MAX   628
2021 09 23 10 43 MIN    65
2021 09 23 16 28 MAX   627
2021 09 23 22 56 MIN    73
2021 09 24 04 41 MAX   611
2021 09 24 11 09 MIN    69
2021 09 24 16 59 MAX   619
2021 09 24 23 24 MIN    97
2021 09 25 05 08 MAX   587
2021 09 25 11 33 MIN    80
2021 09 25 17 31 MAX   603
2021 09 25 23 53 MIN   128
2021 09 26 05 36 MAX   557
2021 09 26 11 58 MIN    97
2021 09 26 18 05 MAX   579
2021 09 27 00 24 MIN   165
2021 09 27 06 05 MAX   522
2021 09 27 12 25 MIN   121
2021 09 27 18 41 MAX   549
2021 09 28 00 59 MIN   207
2021 09 28 06 37 MAX   483
2021 09 28 12 59 MIN   153
2021 09 28 19 24 MAX   513
2021 09 29 01 43 MIN   250
2021 09 29 07 18 MAX   442
2021 09 29 13 42 MIN   189
2021 09 29 20 23 MAX   479
2021 09 30 02 52 MIN   285
2021 09 30 08 20 MAX   404
2021 09 30 14 51 MIN   223
2021 09 30 21 55 MAX   461
2021 10 01 04 49 MIN   290
2021 10 01 10 10 MAX   390
2021 10 01 16 38 MIN   230
2021 10 01 23 36 MAX   478
2021 10 02 06 23 MIN   254
2021 10 02 11 52 MAX   420
2021 10 02 18 10 MIN   199
2021 10 03 00 40 MAX   517
2021 10 03 07 17 MIN   203
2021 10 03 12 53 MAX   472
2021 10 03 19 13 MIN   152
2021 10 04 01 24 MAX   559
2021 10 04 07 58 MIN   150
2021 10 04 13 37 MAX   526
2021 10 04 20 02 MIN   103
2021 10 05 02 02 MAX   597
2021 10 05 08 35 MIN   101
2021 10 05 14 17 MAX   577
2021 10 05 20 45 MIN    62
2021 10 06 02 37 MAX   626
2021 10 06 09 12 MIN    60
2021 10 06 14 54 MAX   619
2021 10 06 21 27 MIN    34
2021 10 07 03 13 MAX   643
2021 10 07 09 48 MIN    29
2021 10 07 15 32 MAX   650
2021 10 07 22 07 MIN    22
2021 10 08 03 48 MAX   645
2021 10 08 10 23 MIN    12
2021 10 08 16 11 MAX   667
2021 10 08 22 48 MIN    28
2021 10 09 04 25 MAX   632
2021 10 09 10 59 MIN     8
2021 10 09 16 52 MAX   669
2021 10 09 23 28 MIN    51
2021 10 10 05 03 MAX   605
2021 10 10 11 35 MIN    20
2021 10 10 17 35 MAX   654
2021 10 11 00 11 MIN    91
2021 10 11 05 43 MAX   566
2021 10 11 12 14 MIN    46
2021 10 11 18 22 MAX   623
2021 10 12 00 59 MIN   142
2021 10 12 06 28 MAX   518
2021 10 12 12 56 MIN    87
2021 10 12 19 17 MAX   580
2021 10 13 01 56 MIN   195
2021 10 13 07 22 MAX   467
2021 10 13 13 51 MIN   136
2021 10 13 20 27 MAX   536
2021 10 14 03 19 MIN   233
2021 10 14 08 39 MAX   426
2021 10 14 15 13 MIN   179
2021 10 14 22 02 MAX   511
2021 10 15 05 03 MIN   232
2021 10 15 10 25 MAX   419
2021 10 15 17 03 MIN   186
2021 10 15 23 35 MAX   520
2021 10 16 06 23 MIN   195
2021 10 16 11 57 MAX   455
2021 10 16 18 28 MIN   158
2021 10 17 00 41 MAX   545
2021 10 17 07 18 MIN   151
2021 10 17 12 59 MAX   506
2021 10 17 19 28 MIN   122
2021 10 18 01 28 MAX   569
2021 10 18 08 01 MIN   112
2021 10 18 13 45 MAX   553
2021 10 18 20 14 MIN    92
2021 10 19 02 07 MAX   586
2021 10 19 08 38 MIN    82
2021 10 19 14 23 MAX   589
2021 10 19 20 53 MIN    75
2021 10 20 02 40 MAX   593
2021 10 20 09 10 MIN    63
2021 10 20 14 58 MAX   611
2021 10 20 21 28 MIN    69
2021 10 21 03 10 MAX   593
2021 10 21 09 39 MIN    53
2021 10 21 15 30 MAX   623
2021 10 21 21 59 MIN    73
2021 10 22 03 39 MAX   585
2021 10 22 10 05 MIN    50
2021 10 22 16 01 MAX   624
2021 10 22 22 29 MIN    85
2021 10 23 04 07 MAX   570
2021 10 23 10 30 MIN    53
2021 10 23 16 31 MAX   618
2021 10 23 22 58 MIN   103
2021 10 24 04 35 MAX   551
2021 10 24 10 55 MIN    61
2021 10 24 17 02 MAX   604
2021 10 24 23 27 MIN   128
2021 10 25 05 03 MAX   527
2021 10 25 11 21 MIN    76
2021 10 25 17 34 MAX   584
2021 10 25 23 58 MIN   158
2021 10 26 05 32 MAX   499
2021 10 26 11 49 MIN    99
2021 10 26 18 09 MAX   556
2021 10 27 00 33 MIN   192
2021 10 27 06 05 MAX   468
2021 10 27 12 22 MIN   130
2021 10 27 18 50 MAX   524
2021 10 28 01 16 MIN   226
2021 10 28 06 47 MAX   434
2021 10 28 13 04 MIN   167
2021 10 28 19 43 MAX   490
2021 10 29 02 17 MIN   254
2021 10 29 07 48 MAX   402
2021 10 29 14 05 MIN   204
2021 10 29 20 58 MAX   466
2021 10 30 03 54 MIN   259
2021 10 30 09 23 MAX   389
2021 10 30 15 46 MIN   222
2021 10 30 22 29 MAX   468
2021 10 31 05 28 MIN   228
2021 10 31 11 04 MAX   414
2021 10 31 17 27 MIN   201
2021 10 31 23 44 MAX   496
2021 11 01 06 29 MIN   177
2021 11 01 12 13 MAX   467
2021 11 01 18 37 MIN   156
2021 11 02 00 37 MAX   533
2021 11 02 07 15 MIN   123
2021 11 02 13 03 MAX   527
2021 11 02 19 31 MIN   108
2021 11 03 01 21 MAX   568
2021 11 03 07 56 MIN    73
2021 11 03 13 46 MAX   583
2021 11 03 20 18 MIN    67
2021 11 04 02 01 MAX   595
2021 11 04 08 35 MIN    31
2021 11 04 14 27 MAX   631
2021 11 04 21 03 MIN    40
2021 11 05 02 40 MAX   608
2021 11 05 09 14 MIN     2
2021 11 05 15 08 MAX   664
2021 11 05 21 46 MIN    29
2021 11 06 03 19 MAX   608
2021 11 06 09 52 MIN   -14
2021 11 06 15 50 MAX   680
2021 11 06 22 29 MIN    36
2021 11 07 03 59 MAX   594
2021 11 07 10 31 MIN   -14
2021 11 07 16 33 MAX   678
2021 11 07 23 14 MIN    60
2021 11 08 04 41 MAX   567
2021 11 08 11 11 MIN     2
2021 11 08 17 19 MAX   658
2021 11 09 00 00 MIN    96
2021 11 09 00 00 MIN    96
2021 11 09 05 25 MAX   533
2021 11 09 11 53 MIN    33
2021 11 09 18 09 MAX   622
2021 11 10 00 50 MIN   138
2021 11 10 06 14 MAX   493
2021 11 10 12 40 MIN    77
2021 11 10 19 06 MAX   578
2021 11 11 01 50 MIN   178
2021 11 11 07 13 MAX   453
2021 11 11 13 39 MIN   128
2021 11 11 20 13 MAX   534
2021 11 12 03 05 MIN   203
2021 11 12 08 29 MAX   425
2021 11 12 14 59 MIN   170
2021 11 12 21 33 MAX   503
2021 11 13 04 30 MIN   200
2021 11 13 10 03 MAX   423
2021 11 13 16 36 MIN   185
2021 11 13 22 55 MAX   495
2021 11 14 05 43 MIN   175
2021 11 14 11 28 MAX   452
2021 11 14 17 58 MIN   171
2021 11 15 00 01 MAX   504
2021 11 15 06 39 MIN   141
2021 11 15 12 32 MAX   494
2021 11 15 18 59 MIN   147
2021 11 16 00 51 MAX   517
2021 11 16 07 23 MIN   109
2021 11 16 13 19 MAX   535
2021 11 16 19 47 MIN   125
2021 11 17 01 32 MAX   529
2021 11 17 08 01 MIN    83
2021 11 17 13 58 MAX   566
2021 11 17 20 27 MIN   109
2021 11 18 02 07 MAX   537
2021 11 18 08 34 MIN    65
2021 11 18 14 33 MAX   589
2021 11 18 21 02 MIN   101
2021 11 19 02 39 MAX   539
2021 11 19 09 03 MIN    54
2021 11 19 15 06 MAX   602
2021 11 19 21 34 MIN   100
2021 11 20 03 09 MAX   536
2021 11 20 09 30 MIN    49
2021 11 20 15 37 MAX   607
2021 11 20 22 05 MIN   105
2021 11 21 03 39 MAX   529
2021 11 21 09 57 MIN    48
2021 11 21 16 08 MAX   605
2021 11 21 22 35 MIN   116
2021 11 22 04 08 MAX   517
2021 11 22 10 25 MIN    52
2021 11 22 16 39 MAX   597
2021 11 22 23 06 MIN   132
2021 11 23 04 38 MAX   502
2021 11 23 10 54 MIN    63
2021 11 23 17 12 MAX   582
2021 11 23 23 39 MIN   151
2021 11 24 05 10 MAX   485
2021 11 24 11 25 MIN    81
2021 11 24 17 47 MAX   562
2021 11 25 00 15 MIN   173
2021 11 25 05 46 MAX   464
2021 11 25 12 00 MIN   107
2021 11 25 18 26 MAX   538
2021 11 26 00 57 MIN   193
2021 11 26 06 29 MAX   441
2021 11 26 12 41 MIN   139
2021 11 26 19 13 MAX   511
2021 11 27 01 51 MIN   209
2021 11 27 07 25 MAX   419
2021 11 27 13 36 MIN   173
2021 11 27 20 12 MAX   488
2021 11 28 03 02 MIN   212
2021 11 28 08 41 MAX   409
2021 11 28 14 57 MIN   197
2021 11 28 21 25 MAX   477
2021 11 29 04 22 MIN   193
2021 11 29 10 07 MAX   424
2021 11 29 16 33 MIN   195
2021 11 29 22 38 MAX   483
2021 11 30 05 30 MIN   156
2021 11 30 11 23 MAX   465
2021 11 30 17 53 MIN   167
2021 11 30 23 43 MAX   504
2021 12 01 06 26 MIN   110
2021 12 01 12 23 MAX   521
2021 12 01 18 56 MIN   129
2021 12 02 00 37 MAX   528
2021 12 02 07 14 MIN    65
2021 12 02 13 14 MAX   576
2021 12 02 19 51 MIN    93
2021 12 03 01 26 MAX   549
2021 12 03 08 00 MIN    27
2021 12 03 14 01 MAX   623
2021 12 03 20 41 MIN    68
2021 12 04 02 11 MAX   561
2021 12 04 08 44 MIN    -1
2021 12 04 14 47 MAX   656
2021 12 04 21 29 MIN    56
2021 12 05 02 56 MAX   563
2021 12 05 09 28 MIN   -16
2021 12 05 15 34 MAX   672
2021 12 05 22 16 MIN    59
2021 12 06 03 40 MAX   556
2021 12 06 10 12 MIN   -17
2021 12 06 16 21 MAX   669
2021 12 06 23 04 MIN    73
2021 12 07 04 27 MAX   541
2021 12 07 10 56 MIN    -4
2021 12 07 17 10 MAX   651
2021 12 07 23 52 MIN    95
2021 12 08 05 14 MAX   520
2021 12 08 11 43 MIN    24
2021 12 08 17 59 MAX   620
2021 12 09 00 42 MIN   121
2021 12 09 06 05 MAX   496
2021 12 09 12 31 MIN    63
2021 12 09 18 51 MAX   581
2021 12 10 01 35 MIN   145
2021 12 10 07 01 MAX   471
2021 12 10 13 26 MIN   109
2021 12 10 19 47 MAX   539
2021 12 11 02 33 MIN   164
2021 12 11 08 04 MAX   449
2021 12 11 14 30 MIN   154
2021 12 11 20 47 MAX   501
2021 12 12 03 37 MIN   172
2021 12 12 09 18 MAX   437
2021 12 12 15 47 MIN   186
2021 12 12 21 54 MAX   473
2021 12 13 04 44 MIN   167
2021 12 13 10 38 MAX   444
2021 12 13 17 09 MIN   197
2021 12 13 23 02 MAX   460
2021 12 14 05 45 MIN   151
2021 12 14 11 50 MAX   468
2021 12 14 18 19 MIN   189
2021 12 15 00 03 MAX   460
2021 12 15 06 36 MIN   129
2021 12 15 12 47 MAX   499
2021 12 15 19 15 MIN   172
2021 12 16 00 53 MAX   469
2021 12 16 07 20 MIN   108
2021 12 16 13 32 MAX   529
2021 12 16 20 00 MIN   155
2021 12 17 01 35 MAX   480
2021 12 17 07 57 MIN    89
2021 12 17 14 11 MAX   554
2021 12 17 20 39 MIN   141
2021 12 18 02 11 MAX   489
2021 12 18 08 30 MIN    73
2021 12 18 14 45 MAX   572
2021 12 18 21 14 MIN   132
2021 12 19 02 45 MAX   495
2021 12 19 09 02 MIN    60
2021 12 19 15 18 MAX   584
2021 12 19 21 47 MIN   128
2021 12 20 03 17 MAX   499
2021 12 20 09 34 MIN    52
2021 12 20 15 51 MAX   589
2021 12 20 22 20 MIN   128
2021 12 21 03 49 MAX   499
2021 12 21 10 06 MIN    50
2021 12 21 16 23 MAX   588
2021 12 21 22 53 MIN   132
2021 12 22 04 22 MAX   496
2021 12 22 10 39 MIN    54
2021 12 22 16 57 MAX   583
2021 12 22 23 27 MIN   137
2021 12 23 04 56 MAX   490
2021 12 23 11 14 MIN    65
2021 12 23 17 31 MAX   572
2021 12 24 00 04 MIN   144
2021 12 24 05 33 MAX   481
2021 12 24 11 50 MIN    84
2021 12 24 18 08 MAX   558
2021 12 25 00 43 MIN   151
2021 12 25 06 16 MAX   469
2021 12 25 12 30 MIN   109
2021 12 25 18 49 MAX   539
2021 12 26 01 27 MIN   157
2021 12 26 07 06 MAX   456
2021 12 26 13 18 MIN   139
2021 12 26 19 37 MAX   517
2021 12 27 02 19 MIN   160
2021 12 27 08 05 MAX   448
2021 12 27 14 20 MIN   167
2021 12 27 20 33 MAX   496
2021 12 28 03 21 MIN   155
2021 12 28 09 15 MAX   451
2021 12 28 15 38 MIN   185
2021 12 28 21 39 MAX   480
2021 12 29 04 28 MIN   140
2021 12 29 10 31 MAX   472
2021 12 29 17 05 MIN   183
2021 12 29 22 49 MAX   475
2021 12 30 05 34 MIN   114
2021 12 30 11 44 MAX   510
2021 12 30 18 23 MIN   162
2021 12 30 23 56 MAX   484
2021 12 31 06 35 MIN    81
2021 12 31 12 47 MAX   557
2021 12 31 19 29 MIN   134
