 <API - 조위예측극치자료>

대상조위관측소 : 읍천항
위도(WGS84) : N 129.4756
경도(WGS84) : E 35.6908
관측기관 : 20201221 ~ 20220101

2020 12 21 04 32 MIN     9
2020 12 21 09 30 MAX    16
2020 12 21 16 55 MIN     0
2020 12 22 00 10 MAX    15
2020 12 22 05 27 MIN     8
2020 12 22 10 36 MAX    14
2020 12 22 17 48 MIN     3
2020 12 23 00 55 MAX    14
2020 12 23 06 32 MIN     6
2020 12 23 12 13 MAX    12
2020 12 23 19 01 MIN     5
2020 12 24 01 40 MAX    14
2020 12 24 07 42 MIN     4
2020 12 24 14 09 MAX    12
2020 12 24 20 36 MIN     6
2020 12 25 02 24 MAX    13
2020 12 25 08 47 MIN     2
2020 12 25 15 56 MAX    13
2020 12 25 22 00 MIN     7
2020 12 26 03 08 MAX    12
2020 12 26 09 42 MIN     0
2020 12 26 17 07 MAX    14
2020 12 26 22 59 MIN     7
2020 12 27 03 49 MAX    12
2020 12 27 10 29 MIN    -2
2020 12 27 17 51 MAX    15
2020 12 27 23 41 MIN     7
2020 12 28 04 29 MAX    12
2020 12 28 11 10 MIN    -3
2020 12 28 18 27 MAX    16
2020 12 29 00 11 MIN     7
2020 12 29 05 06 MAX    12
2020 12 29 11 49 MIN    -5
2020 12 29 18 58 MAX    17
2020 12 30 00 38 MIN     7
2020 12 30 05 41 MAX    13
2020 12 30 12 27 MIN    -7
2020 12 30 19 30 MAX    17
2020 12 31 01 06 MIN     7
2020 12 31 06 15 MAX    13
2020 12 31 13 06 MIN    -8
2020 12 31 20 04 MAX    17
2021 01 01 01 37 MIN     7
2021 01 01 06 50 MAX    13
2021 01 01 13 44 MIN    -9
2021 01 01 20 39 MAX    17
2021 01 02 02 12 MIN     7
2021 01 02 07 25 MAX    14
2021 01 02 14 23 MIN   -10
2021 01 02 21 16 MAX    17
2021 01 03 02 49 MIN     6
2021 01 03 08 03 MAX    14
2021 01 03 15 02 MIN    -9
2021 01 03 21 54 MAX    16
2021 01 04 03 29 MIN     6
2021 01 04 08 44 MAX    14
2021 01 04 15 43 MIN    -7
2021 01 04 22 32 MAX    15
2021 01 05 04 12 MIN     5
2021 01 05 09 35 MAX    13
2021 01 05 16 27 MIN    -5
2021 01 05 23 10 MAX    14
2021 01 06 05 02 MIN     4
2021 01 06 10 40 MAX    12
2021 01 06 17 18 MIN    -1
2021 01 06 23 49 MAX    13
2021 01 07 06 05 MIN     3
2021 01 07 12 15 MAX    12
2021 01 07 18 23 MIN     2
2021 01 08 00 29 MAX    13
2021 01 08 07 19 MIN     1
2021 01 08 14 13 MAX    12
2021 01 08 19 46 MIN     5
2021 01 09 01 12 MAX    13
2021 01 09 08 34 MIN    -1
2021 01 09 15 59 MAX    14
2021 01 09 21 10 MIN     7
2021 01 10 02 00 MAX    13
2021 01 10 09 41 MIN    -4
2021 01 10 17 16 MAX    17
2021 01 10 22 24 MIN     8
2021 01 11 02 53 MAX    13
2021 01 11 10 43 MIN    -6
2021 01 11 18 12 MAX    19
2021 01 11 23 26 MIN     9
2021 01 12 03 53 MAX    13
2021 01 12 11 38 MIN    -9
2021 01 12 18 58 MAX    20
2021 01 13 00 17 MIN     9
2021 01 13 04 54 MAX    14
2021 01 13 12 28 MIN   -11
2021 01 13 19 41 MAX    20
2021 01 14 01 00 MIN     8
2021 01 14 05 50 MAX    14
2021 01 14 13 14 MIN   -12
2021 01 14 20 19 MAX    19
2021 01 15 01 38 MIN     7
2021 01 15 06 37 MAX    15
2021 01 15 13 54 MIN   -12
2021 01 15 20 55 MAX    17
2021 01 16 02 13 MIN     5
2021 01 16 07 20 MAX    15
2021 01 16 14 32 MIN   -11
2021 01 16 21 28 MAX    16
2021 01 17 02 47 MIN     4
2021 01 17 08 01 MAX    14
2021 01 17 15 06 MIN    -9
2021 01 17 22 00 MAX    15
2021 01 18 03 21 MIN     3
2021 01 18 08 42 MAX    13
2021 01 18 15 38 MIN    -6
2021 01 18 22 31 MAX    14
2021 01 19 03 58 MIN     2
2021 01 19 09 27 MAX    12
2021 01 19 16 09 MIN    -3
2021 01 19 23 03 MAX    13
2021 01 20 04 39 MIN     1
2021 01 20 10 19 MAX    11
2021 01 20 16 40 MIN     0
2021 01 20 23 36 MAX    12
2021 01 21 05 30 MIN     1
2021 01 21 11 27 MAX    10
2021 01 21 17 16 MIN     4
2021 01 22 00 12 MAX    11
2021 01 22 06 32 MIN     1
2021 01 22 13 08 MAX    10
2021 01 22 18 29 MIN     7
2021 01 23 00 53 MAX    11
2021 01 23 07 42 MIN     0
2021 01 23 15 29 MAX    10
2021 01 23 20 46 MIN     9
2021 01 24 01 42 MAX    10
2021 01 24 08 48 MIN    -1
2021 01 24 17 17 MAX    12
2021 01 24 23 04 MIN     9
2021 01 25 02 37 MAX    10
2021 01 25 09 48 MIN    -2
2021 01 25 17 53 MAX    14
2021 01 25 23 55 MIN     9
2021 01 26 03 34 MAX    10
2021 01 26 10 41 MIN    -4
2021 01 26 18 23 MAX    15
2021 01 27 00 15 MIN     8
2021 01 27 04 28 MAX    11
2021 01 27 11 30 MIN    -7
2021 01 27 18 51 MAX    16
2021 01 28 00 34 MIN     7
2021 01 28 05 17 MAX    11
2021 01 28 12 13 MIN    -9
2021 01 28 19 21 MAX    16
2021 01 29 00 58 MIN     5
2021 01 29 06 01 MAX    12
2021 01 29 12 53 MIN   -11
2021 01 29 19 53 MAX    16
2021 01 30 01 27 MIN     4
2021 01 30 06 43 MAX    12
2021 01 30 13 31 MIN   -13
2021 01 30 20 24 MAX    15
2021 01 31 01 58 MIN     3
2021 01 31 07 24 MAX    13
2021 01 31 14 09 MIN   -13
2021 01 31 20 55 MAX    15
2021 02 01 02 31 MIN     1
2021 02 01 08 06 MAX    13
2021 02 01 14 45 MIN   -11
2021 02 01 21 23 MAX    14
2021 02 02 03 06 MIN     0
2021 02 02 08 51 MAX    14
2021 02 02 15 22 MIN    -9
2021 02 02 21 50 MAX    14
2021 02 03 03 43 MIN    -1
2021 02 03 09 40 MAX    14
2021 02 03 15 59 MIN    -4
2021 02 03 22 16 MAX    14
2021 02 04 04 26 MIN    -1
2021 02 04 10 40 MAX    13
2021 02 04 16 41 MIN     0
2021 02 04 22 42 MAX    14
2021 02 05 05 20 MIN    -1
2021 02 05 12 01 MAX    13
2021 02 05 17 34 MIN     5
2021 02 05 23 09 MAX    14
2021 02 06 06 33 MIN    -1
2021 02 06 14 02 MAX    13
2021 02 06 18 56 MIN     9
2021 02 06 23 43 MAX    14
2021 02 07 07 58 MIN    -2
2021 02 07 16 22 MAX    15
2021 02 07 20 37 MIN    12
2021 02 08 00 34 MAX    14
2021 02 08 09 21 MIN    -3
2021 02 08 17 32 MAX    17
2021 02 08 22 17 MIN    12
2021 02 09 01 56 MAX    14
2021 02 09 10 36 MIN    -5
2021 02 09 18 17 MAX    19
2021 02 09 23 30 MIN    11
2021 02 10 03 32 MAX    13
2021 02 10 11 36 MIN    -7
2021 02 10 18 53 MAX    19
2021 02 11 00 15 MIN     9
2021 02 11 04 56 MAX    14
2021 02 11 12 24 MIN    -9
2021 02 11 19 25 MAX    18
2021 02 12 00 50 MIN     6
2021 02 12 05 56 MAX    14
2021 02 12 13 04 MIN   -11
2021 02 12 19 55 MAX    17
2021 02 13 01 22 MIN     4
2021 02 13 06 41 MAX    14
2021 02 13 13 39 MIN   -11
2021 02 13 20 23 MAX    16
2021 02 14 01 52 MIN     1
2021 02 14 07 22 MAX    14
2021 02 14 14 11 MIN   -10
2021 02 14 20 50 MAX    15
2021 02 15 02 23 MIN    -1
2021 02 15 08 00 MAX    14
2021 02 15 14 39 MIN    -8
2021 02 15 21 16 MAX    14
2021 02 16 02 53 MIN    -2
2021 02 16 08 39 MAX    13
2021 02 16 15 04 MIN    -5
2021 02 16 21 40 MAX    14
2021 02 17 03 24 MIN    -2
2021 02 17 09 18 MAX    13
2021 02 17 15 28 MIN    -2
2021 02 17 22 01 MAX    13
2021 02 18 03 58 MIN    -2
2021 02 18 10 01 MAX    13
2021 02 18 15 48 MIN     2
2021 02 18 22 20 MAX    13
2021 02 19 04 37 MIN    -1
2021 02 19 10 52 MAX    12
2021 02 19 16 07 MIN     6
2021 02 19 22 32 MAX    13
2021 02 20 05 26 MIN     0
2021 02 20 12 08 MAX    12
2021 02 20 16 24 MIN     9
2021 02 20 22 29 MAX    13
2021 02 21 06 33 MIN     1
2021 02 21 21 57 MAX    13
2021 02 22 07 48 MIN     1
2021 02 22 17 22 MAX    14
2021 02 23 09 01 MIN     0
2021 02 23 17 41 MAX    15
2021 02 24 00 39 MIN    10
2021 02 24 02 42 MAX    11
2021 02 24 10 09 MIN    -2
2021 02 24 18 05 MAX    16
2021 02 25 00 22 MIN     9
2021 02 25 04 04 MAX    11
2021 02 25 11 07 MIN    -5
2021 02 25 18 31 MAX    16
2021 02 26 00 23 MIN     7
2021 02 26 05 04 MAX    12
2021 02 26 11 54 MIN    -8
2021 02 26 18 59 MAX    16
2021 02 27 00 42 MIN     4
2021 02 27 05 54 MAX    13
2021 02 27 12 36 MIN   -11
2021 02 27 19 27 MAX    16
2021 02 28 01 07 MIN     2
2021 02 28 06 40 MAX    14
2021 02 28 13 13 MIN   -12
2021 02 28 19 54 MAX    15
2021 03 01 01 37 MIN    -1
2021 03 01 07 24 MAX    15
2021 03 01 13 50 MIN   -11
2021 03 01 20 20 MAX    15
2021 03 02 02 08 MIN    -3
2021 03 02 08 08 MAX    16
2021 03 02 14 25 MIN    -9
2021 03 02 20 44 MAX    15
2021 03 03 02 41 MIN    -4
2021 03 03 08 54 MAX    17
2021 03 03 14 59 MIN    -5
2021 03 03 21 07 MAX    15
2021 03 04 03 18 MIN    -4
2021 03 04 09 43 MAX    17
2021 03 04 15 34 MIN     0
2021 03 04 21 27 MAX    16
2021 03 05 03 59 MIN    -4
2021 03 05 10 40 MAX    17
2021 03 05 16 10 MIN     6
2021 03 05 21 48 MAX    17
2021 03 06 04 51 MIN    -3
2021 03 06 11 57 MAX    16
2021 03 06 16 54 MIN    11
2021 03 06 22 09 MAX    18
2021 03 07 06 02 MIN    -1
2021 03 07 14 14 MAX    16
2021 03 07 18 15 MIN    14
2021 03 07 22 31 MAX    18
2021 03 08 07 32 MIN     0
2021 03 08 16 44 MAX    18
2021 03 08 20 15 MIN    16
2021 03 08 23 06 MAX    17
2021 03 09 09 06 MIN     0
2021 03 09 17 28 MAX    19
2021 03 09 22 41 MIN    14
2021 03 10 01 33 MAX    15
2021 03 10 10 30 MIN    -2
2021 03 10 17 59 MAX    19
2021 03 10 23 28 MIN    11
2021 03 11 03 47 MAX    14
2021 03 11 11 28 MIN    -4
2021 03 11 18 26 MAX    19
2021 03 12 00 00 MIN     8
2021 03 12 00 00 MIN     8
2021 03 12 05 12 MAX    15
2021 03 12 12 11 MIN    -6
2021 03 12 18 52 MAX    18
2021 03 13 00 30 MIN     4
2021 03 13 06 03 MAX    15
2021 03 13 12 47 MIN    -7
2021 03 13 19 18 MAX    17
2021 03 14 00 59 MIN     1
2021 03 14 06 44 MAX    15
2021 03 14 13 18 MIN    -7
2021 03 14 19 44 MAX    16
2021 03 15 01 27 MIN    -2
2021 03 15 07 22 MAX    15
2021 03 15 13 46 MIN    -6
2021 03 15 20 09 MAX    15
2021 03 16 01 56 MIN    -4
2021 03 16 07 58 MAX    15
2021 03 16 14 12 MIN    -4
2021 03 16 20 31 MAX    15
2021 03 17 02 24 MIN    -4
2021 03 17 08 34 MAX    16
2021 03 17 14 35 MIN    -1
2021 03 17 20 52 MAX    15
2021 03 18 02 53 MIN    -4
2021 03 18 09 09 MAX    16
2021 03 18 14 55 MIN     2
2021 03 18 21 08 MAX    15
2021 03 19 03 23 MIN    -3
2021 03 19 09 47 MAX    16
2021 03 19 15 15 MIN     6
2021 03 19 21 20 MAX    15
2021 03 20 03 57 MIN    -1
2021 03 20 10 31 MAX    16
2021 03 20 15 36 MIN     9
2021 03 20 21 24 MAX    16
2021 03 21 04 39 MIN     1
2021 03 21 11 32 MAX    16
2021 03 21 16 00 MIN    12
2021 03 21 21 20 MAX    16
2021 03 22 05 39 MIN     2
2021 03 22 21 09 MAX    15
2021 03 23 06 56 MIN     3
2021 03 23 16 26 MAX    16
2021 03 24 08 16 MIN     2
2021 03 24 16 58 MAX    17
2021 03 25 09 33 MIN     0
2021 03 25 17 27 MAX    18
2021 03 25 23 50 MIN     9
2021 03 26 03 55 MAX    12
2021 03 26 10 39 MIN    -3
2021 03 26 17 54 MAX    17
2021 03 26 23 52 MIN     6
2021 03 27 05 00 MAX    13
2021 03 27 11 31 MIN    -6
2021 03 27 18 21 MAX    17
2021 03 28 00 13 MIN     3
2021 03 28 05 52 MAX    15
2021 03 28 12 14 MIN    -7
2021 03 28 18 48 MAX    16
2021 03 29 00 40 MIN    -1
2021 03 29 06 39 MAX    16
2021 03 29 12 53 MIN    -7
2021 03 29 19 13 MAX    16
2021 03 30 01 11 MIN    -4
2021 03 30 07 24 MAX    18
2021 03 30 13 30 MIN    -6
2021 03 30 19 38 MAX    16
2021 03 31 01 44 MIN    -6
2021 03 31 08 10 MAX    20
2021 03 31 14 05 MIN    -2
2021 03 31 20 01 MAX    17
2021 04 01 02 19 MIN    -7
2021 04 01 08 56 MAX    21
2021 04 01 14 40 MIN     2
2021 04 01 20 23 MAX    18
2021 04 02 02 58 MIN    -6
2021 04 02 09 46 MAX    21
2021 04 02 15 15 MIN     7
2021 04 02 20 45 MAX    19
2021 04 03 03 42 MIN    -5
2021 04 03 10 44 MAX    20
2021 04 03 15 51 MIN    12
2021 04 03 21 05 MAX    20
2021 04 04 04 34 MIN    -3
2021 04 04 12 02 MAX    19
2021 04 04 16 38 MIN    15
2021 04 04 21 26 MAX    21
2021 04 05 05 44 MIN     0
2021 04 05 14 29 MAX    19
2021 04 05 18 06 MIN    17
2021 04 05 21 51 MAX    20
2021 04 06 07 10 MIN     2
2021 04 06 16 12 MAX    19
2021 04 07 08 46 MIN     2
2021 04 07 16 49 MAX    20
2021 04 07 22 19 MIN    14
2021 04 08 01 59 MAX    15
2021 04 08 10 13 MIN     1
2021 04 08 17 16 MAX    19
2021 04 08 22 58 MIN    10
2021 04 09 04 11 MAX    15
2021 04 09 11 09 MIN     0
2021 04 09 17 42 MAX    18
2021 04 09 23 30 MIN     5
2021 04 10 05 18 MAX    16
2021 04 10 11 50 MIN    -2
2021 04 10 18 08 MAX    17
2021 04 11 00 01 MIN     2
2021 04 11 06 04 MAX    16
2021 04 11 12 25 MIN    -2
2021 04 11 18 34 MAX    17
2021 04 12 00 30 MIN    -2
2021 04 12 06 43 MAX    16
2021 04 12 12 56 MIN    -2
2021 04 12 19 01 MAX    16
2021 04 13 00 59 MIN    -4
2021 04 13 07 19 MAX    17
2021 04 13 13 23 MIN    -1
2021 04 13 19 26 MAX    16
2021 04 14 01 28 MIN    -5
2021 04 14 07 53 MAX    18
2021 04 14 13 48 MIN     2
2021 04 14 19 49 MAX    16
2021 04 15 01 56 MIN    -5
2021 04 15 08 27 MAX    18
2021 04 15 14 10 MIN     4
2021 04 15 20 07 MAX    16
2021 04 16 02 26 MIN    -4
2021 04 16 09 01 MAX    19
2021 04 16 14 33 MIN     7
2021 04 16 20 24 MAX    17
2021 04 17 02 57 MIN    -3
2021 04 17 09 36 MAX    19
2021 04 17 14 58 MIN    10
2021 04 17 20 36 MAX    17
2021 04 18 03 31 MIN    -1
2021 04 18 10 18 MAX    19
2021 04 18 15 29 MIN    13
2021 04 18 20 45 MAX    18
2021 04 19 04 13 MIN     1
2021 04 19 11 15 MAX    19
2021 04 19 16 18 MIN    15
2021 04 19 20 49 MAX    17
2021 04 20 05 07 MIN     2
2021 04 20 12 49 MAX    18
2021 04 21 06 18 MIN     3
2021 04 21 14 46 MAX    18
2021 04 22 07 37 MIN     3
2021 04 22 15 52 MAX    18
2021 04 22 23 08 MIN    11
2021 04 23 02 09 MAX    12
2021 04 23 08 56 MIN     1
2021 04 23 16 31 MAX    18
2021 04 23 22 48 MIN     8
2021 04 24 03 48 MAX    13
2021 04 24 10 08 MIN     0
2021 04 24 17 02 MAX    18
2021 04 24 23 08 MIN     5
2021 04 25 04 55 MAX    15
2021 04 25 11 04 MIN    -2
2021 04 25 17 31 MAX    17
2021 04 25 23 37 MIN     1
2021 04 26 05 48 MAX    18
2021 04 26 11 51 MIN    -2
2021 04 26 17 59 MAX    17
2021 04 27 00 10 MIN    -3
2021 04 27 06 37 MAX    20
2021 04 27 12 32 MIN    -1
2021 04 27 18 26 MAX    17
2021 04 28 00 45 MIN    -6
2021 04 28 07 24 MAX    22
2021 04 28 13 11 MIN     2
2021 04 28 18 53 MAX    18
2021 04 29 01 23 MIN    -8
2021 04 29 08 11 MAX    24
2021 04 29 13 48 MIN     5
2021 04 29 19 20 MAX    19
2021 04 30 02 02 MIN    -8
2021 04 30 08 59 MAX    24
2021 04 30 14 25 MIN     9
2021 04 30 19 45 MAX    20
2021 05 01 02 45 MIN    -7
2021 05 01 09 50 MAX    24
2021 05 01 15 03 MIN    13
2021 05 01 20 10 MAX    22
2021 05 02 03 32 MIN    -5
2021 05 02 10 49 MAX    22
2021 05 02 15 45 MIN    16
2021 05 02 20 37 MAX    22
2021 05 03 04 25 MIN    -2
2021 05 03 12 06 MAX    21
2021 05 03 16 42 MIN    17
2021 05 03 21 08 MAX    22
2021 05 04 05 29 MIN     1
2021 05 04 13 46 MAX    20
2021 05 04 18 03 MIN    17
2021 05 04 21 53 MAX    20
2021 05 05 06 45 MIN     3
2021 05 05 14 59 MAX    20
2021 05 05 19 38 MIN    16
2021 05 05 23 45 MAX    17
2021 05 06 08 11 MIN     5
2021 05 06 15 42 MAX    19
2021 05 06 21 12 MIN    12
2021 05 07 02 16 MAX    16
2021 05 07 09 38 MIN     5
2021 05 07 16 15 MAX    19
2021 05 07 22 11 MIN     8
2021 05 08 04 09 MAX    16
2021 05 08 10 39 MIN     4
2021 05 08 16 46 MAX    18
2021 05 08 22 52 MIN     4
2021 05 09 05 12 MAX    17
2021 05 09 11 24 MIN     4
2021 05 09 17 17 MAX    18
2021 05 09 23 27 MIN     1
2021 05 10 05 58 MAX    18
2021 05 10 12 01 MIN     4
2021 05 10 17 47 MAX    17
2021 05 11 00 00 MIN    -2
2021 05 11 00 00 MIN    -2
2021 05 11 06 37 MAX    19
2021 05 11 12 33 MIN     4
2021 05 11 18 17 MAX    17
2021 05 12 00 32 MIN    -3
2021 05 12 07 13 MAX    20
2021 05 12 13 01 MIN     6
2021 05 12 18 44 MAX    17
2021 05 13 01 02 MIN    -4
2021 05 13 07 46 MAX    21
2021 05 13 13 27 MIN     7
2021 05 13 19 08 MAX    18
2021 05 14 01 33 MIN    -4
2021 05 14 08 18 MAX    21
2021 05 14 13 52 MIN     9
2021 05 14 19 30 MAX    18
2021 05 15 02 04 MIN    -3
2021 05 15 08 52 MAX    22
2021 05 15 14 19 MIN    11
2021 05 15 19 50 MAX    19
2021 05 16 02 38 MIN    -2
2021 05 16 09 29 MAX    22
2021 05 16 14 52 MIN    13
2021 05 16 20 10 MAX    19
2021 05 17 03 16 MIN    -1
2021 05 17 10 11 MAX    22
2021 05 17 15 34 MIN    15
2021 05 17 20 29 MAX    19
2021 05 18 03 58 MIN     1
2021 05 18 11 06 MAX    21
2021 05 18 16 33 MIN    16
2021 05 18 20 50 MAX    18
2021 05 19 04 48 MIN     2
2021 05 19 12 21 MAX    21
2021 05 19 17 54 MIN    16
2021 05 19 21 21 MAX    17
2021 05 20 05 49 MIN     3
2021 05 20 13 40 MAX    20
2021 05 20 19 30 MIN    14
2021 05 20 23 12 MAX    15
2021 05 21 07 01 MIN     4
2021 05 21 14 39 MAX    20
2021 05 21 20 49 MIN    12
2021 05 22 01 58 MAX    15
2021 05 22 08 19 MIN     5
2021 05 22 15 21 MAX    19
2021 05 22 21 39 MIN     8
2021 05 23 03 35 MAX    17
2021 05 23 09 33 MIN     5
2021 05 23 15 57 MAX    19
2021 05 23 22 21 MIN     4
2021 05 24 04 45 MAX    19
2021 05 24 10 35 MIN     5
2021 05 24 16 30 MAX    18
2021 05 24 23 01 MIN     1
2021 05 25 05 42 MAX    22
2021 05 25 11 27 MIN     6
2021 05 25 17 04 MAX    19
2021 05 25 23 42 MIN    -3
2021 05 26 06 35 MAX    24
2021 05 26 12 12 MIN     8
2021 05 26 17 36 MAX    20
2021 05 27 00 24 MIN    -5
2021 05 27 07 24 MAX    26
2021 05 27 12 54 MIN    10
2021 05 27 18 10 MAX    21
2021 05 28 01 08 MIN    -6
2021 05 28 08 12 MAX    27
2021 05 28 13 35 MIN    13
2021 05 28 18 43 MAX    22
2021 05 29 01 52 MIN    -6
2021 05 29 09 01 MAX    27
2021 05 29 14 16 MIN    15
2021 05 29 19 16 MAX    24
2021 05 30 02 38 MIN    -5
2021 05 30 09 52 MAX    26
2021 05 30 14 57 MIN    17
2021 05 30 19 50 MAX    24
2021 05 31 03 25 MIN    -3
2021 05 31 10 47 MAX    25
2021 05 31 15 42 MIN    18
2021 05 31 20 28 MAX    24
2021 06 01 04 14 MIN     0
2021 06 01 11 47 MAX    24
2021 06 01 16 35 MIN    18
2021 06 01 21 14 MAX    23
2021 06 02 05 08 MIN     3
2021 06 02 12 46 MAX    22
2021 06 02 17 39 MIN    17
2021 06 02 22 18 MAX    21
2021 06 03 06 09 MIN     6
2021 06 03 13 38 MAX    22
2021 06 03 18 53 MIN    15
2021 06 03 23 58 MAX    19
2021 06 04 07 22 MIN     8
2021 06 04 14 22 MAX    21
2021 06 04 20 10 MIN    12
2021 06 05 02 00 MAX    18
2021 06 05 08 45 MIN    10
2021 06 05 15 02 MAX    21
2021 06 05 21 16 MIN     9
2021 06 06 03 47 MAX    19
2021 06 06 09 58 MIN    10
2021 06 06 15 42 MAX    20
2021 06 06 22 09 MIN     6
2021 06 07 04 59 MAX    20
2021 06 07 10 52 MIN    11
2021 06 07 16 20 MAX    20
2021 06 07 22 52 MIN     4
2021 06 08 05 49 MAX    21
2021 06 08 11 35 MIN    11
2021 06 08 16 57 MAX    20
2021 06 08 23 30 MIN     2
2021 06 09 06 29 MAX    22
2021 06 09 12 10 MIN    12
2021 06 09 17 31 MAX    20
2021 06 10 00 05 MIN     1
2021 06 10 07 04 MAX    23
2021 06 10 12 40 MIN    13
2021 06 10 18 02 MAX    21
2021 06 11 00 40 MIN     0
2021 06 11 07 36 MAX    24
2021 06 11 13 07 MIN    14
2021 06 11 18 30 MAX    21
2021 06 12 01 14 MIN     0
2021 06 12 08 09 MAX    25
2021 06 12 13 36 MIN    15
2021 06 12 18 58 MAX    22
2021 06 13 01 49 MIN     0
2021 06 13 08 43 MAX    25
2021 06 13 14 09 MIN    16
2021 06 13 19 26 MAX    22
2021 06 14 02 25 MIN     0
2021 06 14 09 20 MAX    25
2021 06 14 14 46 MIN    17
2021 06 14 19 56 MAX    23
2021 06 15 03 03 MIN     1
2021 06 15 10 02 MAX    25
2021 06 15 15 28 MIN    17
2021 06 15 20 28 MAX    22
2021 06 16 03 44 MIN     2
2021 06 16 10 49 MAX    24
2021 06 16 16 17 MIN    17
2021 06 16 21 07 MAX    22
2021 06 17 04 28 MIN     4
2021 06 17 11 42 MAX    24
2021 06 17 17 15 MIN    17
2021 06 17 22 04 MAX    21
2021 06 18 05 20 MIN     6
2021 06 18 12 35 MAX    23
2021 06 18 18 23 MIN    15
2021 06 18 23 37 MAX    20
2021 06 19 06 24 MIN     9
2021 06 19 13 22 MAX    23
2021 06 19 19 35 MIN    13
2021 06 20 01 36 MAX    20
2021 06 20 07 40 MIN    11
2021 06 20 14 03 MAX    23
2021 06 20 20 40 MIN    11
2021 06 21 03 17 MAX    22
2021 06 21 08 56 MIN    13
2021 06 21 14 43 MAX    23
2021 06 21 21 37 MIN     7
2021 06 22 04 36 MAX    25
2021 06 22 10 04 MIN    14
2021 06 22 15 22 MAX    23
2021 06 22 22 30 MIN     4
2021 06 23 05 39 MAX    28
2021 06 23 11 02 MIN    16
2021 06 23 16 03 MAX    24
2021 06 23 23 21 MIN     2
2021 06 24 06 34 MAX    30
2021 06 24 11 54 MIN    17
2021 06 24 16 47 MAX    25
2021 06 25 00 11 MIN     0
2021 06 25 07 24 MAX    31
2021 06 25 12 41 MIN    19
2021 06 25 17 32 MAX    26
2021 06 26 00 59 MIN    -2
2021 06 26 08 12 MAX    31
2021 06 26 13 24 MIN    20
2021 06 26 18 17 MAX    27
2021 06 27 01 45 MIN    -2
2021 06 27 08 58 MAX    31
2021 06 27 14 05 MIN    20
2021 06 27 19 01 MAX    28
2021 06 28 02 30 MIN    -1
2021 06 28 09 43 MAX    30
2021 06 28 14 45 MIN    20
2021 06 28 19 44 MAX    28
2021 06 29 03 13 MIN     1
2021 06 29 10 26 MAX    28
2021 06 29 15 26 MIN    19
2021 06 29 20 29 MAX    28
2021 06 30 03 54 MIN     4
2021 06 30 11 07 MAX    27
2021 06 30 16 11 MIN    18
2021 06 30 21 19 MAX    26
2021 07 01 04 36 MIN     7
2021 07 01 11 47 MAX    26
2021 07 01 17 01 MIN    17
2021 07 01 22 19 MAX    25
2021 07 02 05 21 MIN    11
2021 07 02 12 28 MAX    26
2021 07 02 18 03 MIN    16
2021 07 02 23 39 MAX    23
2021 07 03 06 18 MIN    14
2021 07 03 13 10 MAX    25
2021 07 03 19 12 MIN    15
2021 07 04 01 23 MAX    23
2021 07 04 07 37 MIN    17
2021 07 04 13 53 MAX    25
2021 07 04 20 21 MIN    13
2021 07 05 03 15 MAX    23
2021 07 05 09 02 MIN    19
2021 07 05 14 37 MAX    25
2021 07 05 21 22 MIN    12
2021 07 06 04 49 MAX    25
2021 07 06 10 14 MIN    20
2021 07 06 15 21 MAX    26
2021 07 06 22 15 MIN    11
2021 07 07 05 42 MAX    27
2021 07 07 11 07 MIN    21
2021 07 07 16 04 MAX    26
2021 07 07 23 00 MIN     9
2021 07 08 06 20 MAX    28
2021 07 08 11 47 MIN    21
2021 07 08 16 44 MAX    26
2021 07 08 23 41 MIN     8
2021 07 09 06 53 MAX    29
2021 07 09 12 18 MIN    21
2021 07 09 17 23 MAX    27
2021 07 10 00 20 MIN     6
2021 07 10 07 24 MAX    29
2021 07 10 12 48 MIN    21
2021 07 10 17 59 MAX    27
2021 07 11 00 57 MIN     5
2021 07 11 07 56 MAX    30
2021 07 11 13 19 MIN    21
2021 07 11 18 34 MAX    28
2021 07 12 01 34 MIN     4
2021 07 12 08 30 MAX    30
2021 07 12 13 53 MIN    20
2021 07 12 19 10 MAX    28
2021 07 13 02 10 MIN     4
2021 07 13 09 05 MAX    30
2021 07 13 14 29 MIN    20
2021 07 13 19 47 MAX    28
2021 07 14 02 47 MIN     4
2021 07 14 09 41 MAX    29
2021 07 14 15 07 MIN    19
2021 07 14 20 27 MAX    28
2021 07 15 03 24 MIN     6
2021 07 15 10 16 MAX    29
2021 07 15 15 47 MIN    19
2021 07 15 21 14 MAX    28
2021 07 16 04 04 MIN     9
2021 07 16 10 50 MAX    29
2021 07 16 16 33 MIN    19
2021 07 16 22 11 MAX    27
2021 07 17 04 48 MIN    12
2021 07 17 11 25 MAX    28
2021 07 17 17 27 MIN    18
2021 07 17 23 28 MAX    27
2021 07 18 05 43 MIN    16
2021 07 18 12 01 MAX    29
2021 07 18 18 37 MIN    17
2021 07 19 01 14 MAX    28
2021 07 19 06 57 MIN    20
2021 07 19 12 41 MAX    29
2021 07 19 19 53 MIN    15
2021 07 20 03 06 MAX    30
2021 07 20 08 19 MIN    23
2021 07 20 13 25 MAX    30
2021 07 20 21 04 MIN    13
2021 07 21 04 39 MAX    32
2021 07 21 09 35 MIN    25
2021 07 21 14 16 MAX    30
2021 07 21 22 10 MIN    11
2021 07 22 05 44 MAX    34
2021 07 22 10 42 MIN    26
2021 07 22 15 13 MAX    31
2021 07 22 23 11 MIN     9
2021 07 23 06 36 MAX    36
2021 07 23 11 41 MIN    26
2021 07 23 16 14 MAX    32
2021 07 24 00 05 MIN     6
2021 07 24 07 21 MAX    36
2021 07 24 12 29 MIN    26
2021 07 24 17 15 MAX    32
2021 07 25 00 53 MIN     5
2021 07 25 08 02 MAX    36
2021 07 25 13 11 MIN    25
2021 07 25 18 08 MAX    33
2021 07 26 01 36 MIN     5
2021 07 26 08 39 MAX    34
2021 07 26 13 48 MIN    23
2021 07 26 18 57 MAX    33
2021 07 27 02 15 MIN     5
2021 07 27 09 14 MAX    33
2021 07 27 14 24 MIN    22
2021 07 27 19 41 MAX    33
2021 07 28 02 51 MIN     7
2021 07 28 09 46 MAX    32
2021 07 28 15 00 MIN    20
2021 07 28 20 26 MAX    32
2021 07 29 03 24 MIN    10
2021 07 29 10 17 MAX    31
2021 07 29 15 37 MIN    20
2021 07 29 21 12 MAX    31
2021 07 30 03 56 MIN    14
2021 07 30 10 48 MAX    31
2021 07 30 16 19 MIN    19
2021 07 30 22 04 MAX    30
2021 07 31 04 27 MIN    18
2021 07 31 11 20 MAX    31
2021 07 31 17 09 MIN    19
2021 07 31 23 07 MAX    29
2021 08 01 05 00 MIN    22
2021 08 01 11 56 MAX    31
2021 08 01 18 12 MIN    20
2021 08 02 00 36 MAX    29
2021 08 02 05 54 MIN    26
2021 08 02 12 37 MAX    31
2021 08 02 19 23 MIN    20
2021 08 03 02 36 MAX    29
2021 08 03 07 49 MIN    28
2021 08 03 13 25 MAX    31
2021 08 03 20 31 MIN    19
2021 08 04 04 58 MAX    31
2021 08 04 09 26 MIN    29
2021 08 04 14 19 MAX    31
2021 08 04 21 33 MIN    18
2021 08 05 05 40 MAX    33
2021 08 05 10 49 MIN    29
2021 08 05 15 13 MAX    32
2021 08 05 22 29 MIN    17
2021 08 06 06 09 MAX    34
2021 08 06 11 30 MIN    28
2021 08 06 16 05 MAX    32
2021 08 06 23 17 MIN    14
2021 08 07 06 37 MAX    34
2021 08 07 11 59 MIN    27
2021 08 07 16 52 MAX    32
2021 08 08 00 00 MIN    12
2021 08 08 00 00 MIN    12
2021 08 08 07 05 MAX    34
2021 08 08 12 28 MIN    26
2021 08 08 17 36 MAX    32
2021 08 09 00 38 MIN    10
2021 08 09 07 35 MAX    34
2021 08 09 12 59 MIN    24
2021 08 09 18 18 MAX    33
2021 08 10 01 15 MIN     8
2021 08 10 08 06 MAX    34
2021 08 10 13 32 MIN    23
2021 08 10 18 59 MAX    33
2021 08 11 01 50 MIN     8
2021 08 11 08 35 MAX    33
2021 08 11 14 04 MIN    22
2021 08 11 19 41 MAX    34
2021 08 12 02 25 MIN     9
2021 08 12 09 04 MAX    33
2021 08 12 14 39 MIN    21
2021 08 12 20 26 MAX    34
2021 08 13 03 01 MIN    12
2021 08 13 09 30 MAX    33
2021 08 13 15 15 MIN    20
2021 08 13 21 13 MAX    34
2021 08 14 03 36 MIN    16
2021 08 14 09 56 MAX    33
2021 08 14 15 56 MIN    20
2021 08 14 22 09 MAX    34
2021 08 15 04 16 MIN    20
2021 08 15 10 22 MAX    34
2021 08 15 16 46 MIN    20
2021 08 15 23 19 MAX    34
2021 08 16 05 03 MIN    25
2021 08 16 10 49 MAX    35
2021 08 16 17 54 MIN    20
2021 08 17 01 03 MAX    34
2021 08 17 06 14 MIN    30
2021 08 17 11 23 MAX    36
2021 08 17 19 20 MIN    20
2021 08 18 03 20 MAX    36
2021 08 18 07 47 MIN    32
2021 08 18 12 12 MAX    36
2021 08 18 20 43 MIN    19
2021 08 19 04 57 MAX    38
2021 08 19 09 15 MIN    33
2021 08 19 13 26 MAX    36
2021 08 19 22 01 MIN    17
2021 08 20 05 48 MAX    39
2021 08 20 10 36 MIN    33
2021 08 20 14 51 MAX    36
2021 08 20 23 07 MIN    15
2021 08 21 06 28 MAX    39
2021 08 21 11 33 MIN    31
2021 08 21 16 12 MAX    36
2021 08 21 23 59 MIN    13
2021 08 22 07 03 MAX    39
2021 08 22 12 15 MIN    28
2021 08 22 17 18 MAX    36
2021 08 23 00 43 MIN    11
2021 08 23 07 34 MAX    38
2021 08 23 12 52 MIN    26
2021 08 23 18 11 MAX    36
2021 08 24 01 20 MIN    11
2021 08 24 08 04 MAX    36
2021 08 24 13 25 MIN    23
2021 08 24 18 57 MAX    36
2021 08 25 01 54 MIN    11
2021 08 25 08 32 MAX    35
2021 08 25 13 58 MIN    21
2021 08 25 19 39 MAX    36
2021 08 26 02 24 MIN    13
2021 08 26 08 58 MAX    35
2021 08 26 14 30 MIN    20
2021 08 26 20 20 MAX    36
2021 08 27 02 51 MIN    16
2021 08 27 09 23 MAX    34
2021 08 27 15 03 MIN    20
2021 08 27 21 01 MAX    35
2021 08 28 03 16 MIN    20
2021 08 28 09 47 MAX    34
2021 08 28 15 38 MIN    20
2021 08 28 21 46 MAX    35
2021 08 29 03 36 MIN    24
2021 08 29 10 08 MAX    34
2021 08 29 16 19 MIN    21
2021 08 29 22 37 MAX    34
2021 08 30 03 54 MIN    28
2021 08 30 10 25 MAX    35
2021 08 30 17 12 MIN    23
2021 08 30 23 49 MAX    34
2021 08 31 04 09 MIN    31
2021 08 31 10 37 MAX    35
2021 08 31 18 23 MIN    24
2021 09 01 10 31 MAX    35
2021 09 01 19 39 MIN    24
2021 09 02 05 07 MAX    35
2021 09 02 20 49 MIN    23
2021 09 03 05 22 MAX    36
2021 09 03 11 33 MIN    33
2021 09 03 14 35 MAX    34
2021 09 03 21 55 MIN    21
2021 09 04 05 43 MAX    37
2021 09 04 11 27 MIN    31
2021 09 04 15 42 MAX    34
2021 09 04 22 51 MIN    18
2021 09 05 06 08 MAX    36
2021 09 05 11 41 MIN    29
2021 09 05 16 37 MAX    34
2021 09 05 23 36 MIN    15
2021 09 06 06 34 MAX    36
2021 09 06 12 05 MIN    26
2021 09 06 17 25 MAX    35
2021 09 07 00 16 MIN    12
2021 09 07 07 01 MAX    35
2021 09 07 12 34 MIN    24
2021 09 07 18 11 MAX    35
2021 09 08 00 53 MIN    11
2021 09 08 07 28 MAX    34
2021 09 08 13 05 MIN    21
2021 09 08 18 55 MAX    36
2021 09 09 01 28 MIN    12
2021 09 09 07 53 MAX    34
2021 09 09 13 37 MIN    19
2021 09 09 19 40 MAX    37
2021 09 10 02 02 MIN    13
2021 09 10 08 17 MAX    34
2021 09 10 14 11 MIN    18
2021 09 10 20 26 MAX    38
2021 09 11 02 36 MIN    17
2021 09 11 08 40 MAX    35
2021 09 11 14 47 MIN    18
2021 09 11 21 14 MAX    38
2021 09 12 03 11 MIN    21
2021 09 12 09 03 MAX    36
2021 09 12 15 28 MIN    18
2021 09 12 22 09 MAX    38
2021 09 13 03 47 MIN    26
2021 09 13 09 24 MAX    37
2021 09 13 16 19 MIN    19
2021 09 13 23 19 MAX    37
2021 09 14 04 31 MIN    31
2021 09 14 09 47 MAX    38
2021 09 14 17 28 MIN    21
2021 09 15 01 16 MAX    37
2021 09 15 05 44 MIN    35
2021 09 15 10 16 MAX    39
2021 09 15 18 59 MIN    21
2021 09 16 03 59 MAX    38
2021 09 16 07 33 MIN    36
2021 09 16 11 04 MAX    38
2021 09 16 20 32 MIN    21
2021 09 17 04 56 MAX    39
2021 09 17 09 15 MIN    35
2021 09 17 13 12 MAX    36
2021 09 17 21 58 MIN    19
2021 09 18 05 31 MAX    39
2021 09 18 10 34 MIN    32
2021 09 18 15 06 MAX    36
2021 09 18 23 02 MIN    17
2021 09 19 06 00 MAX    38
2021 09 19 11 18 MIN    29
2021 09 19 16 32 MAX    36
2021 09 19 23 48 MIN    15
2021 09 20 06 27 MAX    37
2021 09 20 11 54 MIN    25
2021 09 20 17 30 MAX    36
2021 09 21 00 26 MIN    14
2021 09 21 06 53 MAX    36
2021 09 21 12 27 MIN    21
2021 09 21 18 17 MAX    36
2021 09 22 00 59 MIN    14
2021 09 22 07 19 MAX    34
2021 09 22 12 59 MIN    18
2021 09 22 18 58 MAX    36
2021 09 23 01 30 MIN    15
2021 09 23 07 45 MAX    34
2021 09 23 13 30 MIN    17
2021 09 23 19 37 MAX    35
2021 09 24 01 57 MIN    17
2021 09 24 08 09 MAX    33
2021 09 24 14 00 MIN    16
2021 09 24 20 14 MAX    35
2021 09 25 02 20 MIN    20
2021 09 25 08 31 MAX    33
2021 09 25 14 31 MIN    16
2021 09 25 20 51 MAX    35
2021 09 26 02 40 MIN    23
2021 09 26 08 48 MAX    33
2021 09 26 15 03 MIN    17
2021 09 26 21 30 MAX    35
2021 09 27 02 59 MIN    26
2021 09 27 09 00 MAX    34
2021 09 27 15 39 MIN    19
2021 09 27 22 14 MAX    35
2021 09 28 03 16 MIN    29
2021 09 28 09 06 MAX    34
2021 09 28 16 24 MIN    21
2021 09 28 23 16 MAX    34
2021 09 29 03 37 MIN    32
2021 09 29 09 04 MAX    34
2021 09 29 17 29 MIN    22
2021 09 30 01 13 MAX    34
2021 09 30 04 11 MIN    33
2021 09 30 08 54 MAX    34
2021 09 30 18 49 MIN    22
2021 10 01 04 07 MAX    34
2021 10 01 20 06 MIN    21
2021 10 02 04 34 MAX    34
2021 10 02 11 29 MIN    30
2021 10 02 14 16 MAX    31
2021 10 02 21 18 MIN    19
2021 10 03 04 59 MAX    34
2021 10 03 11 01 MIN    27
2021 10 03 15 33 MAX    31
2021 10 03 22 21 MIN    16
2021 10 04 05 24 MAX    33
2021 10 04 11 12 MIN    24
2021 10 04 16 32 MAX    31
2021 10 04 23 10 MIN    14
2021 10 05 05 50 MAX    32
2021 10 05 11 36 MIN    21
2021 10 05 17 22 MAX    32
2021 10 05 23 51 MIN    12
2021 10 06 06 16 MAX    31
2021 10 06 12 05 MIN    17
2021 10 06 18 09 MAX    34
2021 10 07 00 30 MIN    12
2021 10 07 06 41 MAX    31
2021 10 07 12 38 MIN    15
2021 10 07 18 55 MAX    35
2021 10 08 01 06 MIN    13
2021 10 08 07 06 MAX    31
2021 10 08 13 12 MIN    12
2021 10 08 19 41 MAX    36
2021 10 09 01 41 MIN    15
2021 10 09 07 30 MAX    31
2021 10 09 13 48 MIN    11
2021 10 09 20 28 MAX    37
2021 10 10 02 16 MIN    19
2021 10 10 07 52 MAX    33
2021 10 10 14 28 MIN    11
2021 10 10 21 17 MAX    37
2021 10 11 02 52 MIN    23
2021 10 11 08 13 MAX    34
2021 10 11 15 12 MIN    12
2021 10 11 22 14 MAX    36
2021 10 12 03 29 MIN    27
2021 10 12 08 35 MAX    35
2021 10 12 16 05 MIN    14
2021 10 12 23 31 MAX    35
2021 10 13 04 17 MIN    31
2021 10 13 08 59 MAX    36
2021 10 13 17 16 MIN    16
2021 10 14 01 54 MAX    34
2021 10 14 05 41 MIN    32
2021 10 14 09 32 MAX    35
2021 10 14 18 45 MIN    18
2021 10 15 03 40 MAX    34
2021 10 15 07 29 MIN    32
2021 10 15 10 39 MAX    33
2021 10 15 20 20 MIN    18
2021 10 16 04 21 MAX    34
2021 10 16 09 11 MIN    29
2021 10 16 13 37 MAX    31
2021 10 16 21 46 MIN    16
2021 10 17 04 49 MAX    33
2021 10 17 10 12 MIN    25
2021 10 17 15 37 MAX    31
2021 10 17 22 46 MIN    15
2021 10 18 05 15 MAX    32
2021 10 18 10 52 MIN    20
2021 10 18 16 48 MAX    31
2021 10 18 23 30 MIN    14
2021 10 19 05 40 MAX    30
2021 10 19 11 27 MIN    16
2021 10 19 17 37 MAX    31
2021 10 20 00 06 MIN    13
2021 10 20 06 07 MAX    29
2021 10 20 12 01 MIN    13
2021 10 20 18 20 MAX    31
2021 10 21 00 38 MIN    13
2021 10 21 06 34 MAX    28
2021 10 21 12 33 MIN    10
2021 10 21 18 58 MAX    31
2021 10 22 01 07 MIN    14
2021 10 22 07 00 MAX    28
2021 10 22 13 04 MIN     9
2021 10 22 19 34 MAX    31
2021 10 23 01 33 MIN    16
2021 10 23 07 23 MAX    28
2021 10 23 13 34 MIN     9
2021 10 23 20 09 MAX    31
2021 10 24 01 56 MIN    18
2021 10 24 07 43 MAX    28
2021 10 24 14 05 MIN    10
2021 10 24 20 44 MAX    31
2021 10 25 02 17 MIN    21
2021 10 25 07 58 MAX    28
2021 10 25 14 38 MIN    11
2021 10 25 21 20 MAX    31
2021 10 26 02 40 MIN    23
2021 10 26 08 10 MAX    29
2021 10 26 15 14 MIN    12
2021 10 26 22 01 MAX    30
2021 10 27 03 08 MIN    25
2021 10 27 08 19 MAX    29
2021 10 27 15 57 MIN    14
2021 10 27 22 58 MAX    29
2021 10 28 03 54 MIN    26
2021 10 28 08 23 MAX    28
2021 10 28 16 53 MIN    15
2021 10 29 00 35 MAX    28
2021 10 29 18 05 MIN    15
2021 10 30 02 28 MAX    28
2021 10 30 19 22 MIN    15
2021 10 31 03 25 MAX    28
2021 10 31 10 11 MIN    22
2021 10 31 14 02 MAX    23
2021 10 31 20 38 MIN    13
2021 11 01 04 00 MAX    27
2021 11 01 10 05 MIN    19
2021 11 01 15 26 MAX    24
2021 11 01 21 46 MIN    11
2021 11 02 04 29 MAX    26
2021 11 02 10 30 MIN    15
2021 11 02 16 27 MAX    25
2021 11 02 22 41 MIN    10
2021 11 03 04 57 MAX    25
2021 11 03 11 02 MIN    11
2021 11 03 17 20 MAX    27
2021 11 03 23 27 MIN     9
2021 11 04 05 23 MAX    24
2021 11 04 11 36 MIN     8
2021 11 04 18 09 MAX    29
2021 11 05 00 08 MIN    10
2021 11 05 05 50 MAX    24
2021 11 05 12 12 MIN     5
2021 11 05 18 56 MAX    31
2021 11 06 00 47 MIN    12
2021 11 06 06 17 MAX    24
2021 11 06 12 52 MIN     3
2021 11 06 19 44 MAX    32
2021 11 07 01 25 MIN    14
2021 11 07 06 43 MAX    26
2021 11 07 13 33 MIN     2
2021 11 07 20 33 MAX    32
2021 11 08 02 03 MIN    17
2021 11 08 07 10 MAX    27
2021 11 08 14 17 MIN     2
2021 11 08 21 25 MAX    31
2021 11 09 02 42 MIN    20
2021 11 09 07 37 MAX    28
2021 11 09 15 06 MIN     3
2021 11 09 22 24 MAX    30
2021 11 10 03 25 MIN    23
2021 11 10 08 06 MAX    29
2021 11 10 16 01 MIN     6
2021 11 10 23 42 MAX    28
2021 11 11 04 19 MIN    24
2021 11 11 08 42 MAX    28
2021 11 11 17 06 MIN     8
2021 11 12 01 25 MAX    27
2021 11 12 05 35 MIN    24
2021 11 12 09 35 MAX    26
2021 11 12 18 22 MIN    10
2021 11 13 02 34 MAX    26
2021 11 13 07 03 MIN    22
2021 11 13 11 26 MAX    24
2021 11 13 19 50 MIN    11
2021 11 14 03 15 MAX    25
2021 11 14 08 26 MIN    18
2021 11 14 13 54 MAX    22
2021 11 14 21 17 MIN    11
2021 11 15 03 47 MAX    24
2021 11 15 09 31 MIN    14
2021 11 15 15 44 MAX    23
2021 11 15 22 20 MIN    11
2021 11 16 04 17 MAX    23
2021 11 16 10 18 MIN    10
2021 11 16 16 51 MAX    23
2021 11 16 23 07 MIN    10
2021 11 17 04 48 MAX    22
2021 11 17 10 58 MIN     6
2021 11 17 17 40 MAX    23
2021 11 17 23 46 MIN    10
2021 11 18 05 19 MAX    21
2021 11 18 11 35 MIN     4
2021 11 18 18 21 MAX    24
2021 11 19 00 20 MIN    10
2021 11 19 05 50 MAX    21
2021 11 19 12 09 MIN     2
2021 11 19 18 58 MAX    24
2021 11 20 00 51 MIN    11
2021 11 20 06 19 MAX    20
2021 11 20 12 42 MIN     1
2021 11 20 19 32 MAX    24
2021 11 21 01 18 MIN    13
2021 11 21 06 44 MAX    20
2021 11 21 13 15 MIN     1
2021 11 21 20 05 MAX    25
2021 11 22 01 42 MIN    14
2021 11 22 07 07 MAX    21
2021 11 22 13 48 MIN     1
2021 11 22 20 38 MAX    24
2021 11 23 02 07 MIN    15
2021 11 23 07 28 MAX    21
2021 11 23 14 22 MIN     2
2021 11 23 21 13 MAX    24
2021 11 24 02 38 MIN    16
2021 11 24 07 48 MAX    21
2021 11 24 15 00 MIN     3
2021 11 24 21 53 MAX    23
2021 11 25 03 17 MIN    17
2021 11 25 08 10 MAX    21
2021 11 25 15 41 MIN     4
2021 11 25 22 43 MAX    22
2021 11 26 04 09 MIN    17
2021 11 26 08 35 MAX    20
2021 11 26 16 29 MIN     5
2021 11 26 23 51 MAX    21
2021 11 27 05 21 MIN    17
2021 11 27 09 12 MAX    18
2021 11 27 17 26 MIN     6
2021 11 28 01 08 MAX    20
2021 11 28 06 46 MIN    15
2021 11 28 10 54 MAX    16
2021 11 28 18 34 MIN     6
2021 11 29 02 04 MAX    19
2021 11 29 08 02 MIN    12
2021 11 29 13 34 MAX    16
2021 11 29 19 52 MIN     7
2021 11 30 02 45 MAX    18
2021 11 30 08 57 MIN     9
2021 11 30 15 09 MAX    17
2021 11 30 21 07 MIN     7
2021 12 01 03 19 MAX    17
2021 12 01 09 42 MIN     6
2021 12 01 16 19 MAX    19
2021 12 01 22 10 MIN     7
2021 12 02 03 51 MAX    17
2021 12 02 10 26 MIN     2
2021 12 02 17 17 MAX    21
2021 12 02 23 03 MIN     7
2021 12 03 04 23 MAX    17
2021 12 03 11 10 MIN    -1
2021 12 03 18 10 MAX    24
2021 12 03 23 50 MIN     8
2021 12 04 04 56 MAX    17
2021 12 04 11 54 MIN    -4
2021 12 04 19 00 MAX    25
2021 12 05 00 34 MIN    10
2021 12 05 05 31 MAX    18
2021 12 05 12 40 MIN    -6
2021 12 05 19 49 MAX    26
2021 12 06 01 16 MIN    12
2021 12 06 06 07 MAX    19
2021 12 06 13 27 MIN    -7
2021 12 06 20 39 MAX    25
2021 12 07 01 57 MIN    13
2021 12 07 06 45 MAX    21
2021 12 07 14 14 MIN    -7
2021 12 07 21 30 MAX    24
2021 12 08 02 39 MIN    14
2021 12 08 07 24 MAX    21
2021 12 08 15 03 MIN    -5
2021 12 08 22 24 MAX    22
2021 12 09 03 22 MIN    15
2021 12 09 08 08 MAX    21
2021 12 09 15 52 MIN    -3
2021 12 09 23 21 MAX    20
2021 12 10 04 11 MIN    14
2021 12 10 08 57 MAX    20
2021 12 10 16 45 MIN     0
2021 12 11 00 17 MAX    19
2021 12 11 05 08 MIN    13
2021 12 11 10 01 MAX    18
2021 12 11 17 43 MIN     3
2021 12 12 01 05 MAX    17
2021 12 12 06 15 MIN    10
2021 12 12 11 34 MAX    16
2021 12 12 18 55 MIN     5
2021 12 13 01 47 MAX    16
2021 12 13 07 29 MIN     8
2021 12 13 13 35 MAX    14
2021 12 13 20 22 MIN     7
2021 12 14 02 27 MAX    16
2021 12 14 08 39 MIN     5
2021 12 14 15 31 MAX    15
2021 12 14 21 42 MIN     8
2021 12 15 03 08 MAX    15
2021 12 15 09 39 MIN     2
2021 12 15 16 50 MAX    16
2021 12 15 22 43 MIN     8
2021 12 16 03 48 MAX    15
2021 12 16 10 28 MIN     0
2021 12 16 17 43 MAX    17
2021 12 16 23 30 MIN     8
2021 12 17 04 30 MAX    15
2021 12 17 11 11 MIN    -2
2021 12 17 18 24 MAX    18
2021 12 18 00 09 MIN     8
2021 12 18 05 09 MAX    14
2021 12 18 11 50 MIN    -3
2021 12 18 18 58 MAX    18
2021 12 19 00 42 MIN     9
2021 12 19 05 44 MAX    14
2021 12 19 12 27 MIN    -4
2021 12 19 19 30 MAX    19
2021 12 20 01 09 MIN     9
2021 12 20 06 15 MAX    15
2021 12 20 13 02 MIN    -5
2021 12 20 20 00 MAX    18
2021 12 21 01 35 MIN     9
2021 12 21 06 44 MAX    15
2021 12 21 13 37 MIN    -6
2021 12 21 20 32 MAX    18
2021 12 22 02 03 MIN     9
2021 12 22 07 13 MAX    15
2021 12 22 14 12 MIN    -6
2021 12 22 21 05 MAX    18
2021 12 23 02 35 MIN     9
2021 12 23 07 44 MAX    15
2021 12 23 14 47 MIN    -6
2021 12 23 21 40 MAX    17
2021 12 24 03 12 MIN     8
2021 12 24 08 17 MAX    14
2021 12 24 15 24 MIN    -5
2021 12 24 22 20 MAX    16
2021 12 25 03 53 MIN     8
2021 12 25 08 56 MAX    13
2021 12 25 16 04 MIN    -4
2021 12 25 23 01 MAX    15
2021 12 26 04 40 MIN     7
2021 12 26 09 46 MAX    12
2021 12 26 16 49 MIN    -2
2021 12 26 23 45 MAX    14
2021 12 27 05 35 MIN     6
2021 12 27 11 01 MAX    11
2021 12 27 17 44 MIN     1
2021 12 28 00 28 MAX    13
2021 12 28 06 42 MIN     4
2021 12 28 12 54 MAX    11
2021 12 28 18 57 MIN     3
2021 12 29 01 09 MAX    12
2021 12 29 07 51 MIN     2
2021 12 29 14 45 MAX    13
2021 12 29 20 22 MIN     5
2021 12 30 01 49 MAX    12
2021 12 30 08 55 MIN    -1
2021 12 30 16 13 MAX    15
2021 12 30 21 38 MIN     7
2021 12 31 02 30 MAX    12
2021 12 31 09 55 MIN    -4
2021 12 31 17 21 MAX    18
2021 12 31 22 43 MIN     8
