 <API - 조위예측극치자료>

대상조위관측소 : 이어도
위도(WGS84) : N 125.1822
경도(WGS84) : E 32.1228
관측기관 : 20201221 ~ 20220101

2020 12 21 02 31 MAX   150
2020 12 21 08 37 MIN    65
2020 12 21 15 26 MAX   184
2020 12 21 22 09 MIN    81
2020 12 22 03 42 MAX   140
2020 12 22 09 41 MIN    83
2020 12 22 16 23 MAX   168
2020 12 22 23 16 MIN    79
2020 12 23 05 22 MAX   139
2020 12 23 11 10 MIN    95
2020 12 23 17 30 MAX   158
2020 12 24 00 20 MIN    72
2020 12 24 06 53 MAX   149
2020 12 24 12 44 MIN    97
2020 12 24 18 35 MAX   153
2020 12 25 01 12 MIN    63
2020 12 25 07 52 MAX   163
2020 12 25 13 53 MIN    92
2020 12 25 19 29 MAX   153
2020 12 26 01 53 MIN    53
2020 12 26 08 36 MAX   178
2020 12 26 14 43 MIN    85
2020 12 26 20 13 MAX   156
2020 12 27 02 29 MIN    42
2020 12 27 09 13 MAX   194
2020 12 27 15 23 MIN    78
2020 12 27 20 51 MAX   161
2020 12 28 03 02 MIN    32
2020 12 28 09 47 MAX   208
2020 12 28 15 59 MIN    71
2020 12 28 21 26 MAX   168
2020 12 29 03 34 MIN    21
2020 12 29 10 20 MAX   221
2020 12 29 16 33 MIN    66
2020 12 29 22 00 MAX   175
2020 12 30 04 08 MIN    11
2020 12 30 10 54 MAX   232
2020 12 30 17 06 MIN    61
2020 12 30 22 34 MAX   181
2020 12 31 04 43 MIN     3
2020 12 31 11 28 MAX   239
2020 12 31 17 41 MIN    58
2020 12 31 23 10 MAX   185
2021 01 01 05 20 MIN     0
2021 01 01 12 04 MAX   241
2021 01 01 18 19 MIN    57
2021 01 01 23 48 MAX   185
2021 01 02 05 59 MIN     2
2021 01 02 12 43 MAX   239
2021 01 02 18 59 MIN    57
2021 01 03 00 30 MAX   182
2021 01 03 06 41 MIN    10
2021 01 03 13 23 MAX   230
2021 01 03 19 42 MIN    59
2021 01 04 01 15 MAX   175
2021 01 04 07 27 MIN    24
2021 01 04 14 06 MAX   218
2021 01 04 20 30 MIN    61
2021 01 05 02 07 MAX   167
2021 01 05 08 18 MIN    42
2021 01 05 14 54 MAX   203
2021 01 05 21 23 MIN    62
2021 01 06 03 11 MAX   160
2021 01 06 09 20 MIN    61
2021 01 06 15 47 MAX   188
2021 01 06 22 24 MIN    61
2021 01 07 04 32 MAX   159
2021 01 07 10 40 MIN    78
2021 01 07 16 50 MAX   175
2021 01 07 23 31 MIN    55
2021 01 08 06 06 MAX   167
2021 01 08 12 13 MIN    86
2021 01 08 17 58 MAX   167
2021 01 09 00 37 MIN    44
2021 01 09 07 26 MAX   184
2021 01 09 13 38 MIN    84
2021 01 09 19 06 MAX   165
2021 01 10 01 36 MIN    31
2021 01 10 08 30 MAX   204
2021 01 10 14 46 MIN    76
2021 01 10 20 08 MAX   168
2021 01 11 02 30 MIN    16
2021 01 11 09 23 MAX   223
2021 01 11 15 42 MIN    67
2021 01 11 21 02 MAX   176
2021 01 12 03 20 MIN     2
2021 01 12 10 10 MAX   239
2021 01 12 16 29 MIN    57
2021 01 12 21 52 MAX   184
2021 01 13 04 06 MIN    -9
2021 01 13 10 53 MAX   250
2021 01 13 17 11 MIN    49
2021 01 13 22 37 MAX   191
2021 01 14 04 49 MIN   -15
2021 01 14 11 33 MAX   253
2021 01 14 17 51 MIN    44
2021 01 14 23 19 MAX   194
2021 01 15 05 31 MIN   -14
2021 01 15 12 11 MAX   249
2021 01 15 18 28 MIN    43
2021 01 15 23 59 MAX   192
2021 01 16 06 10 MIN    -6
2021 01 16 12 48 MAX   239
2021 01 16 19 04 MIN    44
2021 01 17 00 38 MAX   186
2021 01 17 06 47 MIN     9
2021 01 17 13 22 MAX   223
2021 01 17 19 39 MIN    48
2021 01 18 01 17 MAX   175
2021 01 18 07 23 MIN    28
2021 01 18 13 55 MAX   204
2021 01 18 20 15 MIN    54
2021 01 19 01 59 MAX   163
2021 01 19 08 00 MIN    50
2021 01 19 14 27 MAX   184
2021 01 19 20 54 MIN    60
2021 01 20 02 46 MAX   151
2021 01 20 08 40 MIN    72
2021 01 20 15 02 MAX   166
2021 01 20 21 39 MIN    65
2021 01 21 03 50 MAX   142
2021 01 21 09 36 MIN    91
2021 01 21 15 43 MAX   149
2021 01 21 22 37 MIN    69
2021 01 22 05 29 MAX   140
2021 01 22 11 16 MIN   104
2021 01 22 16 46 MAX   137
2021 01 22 23 52 MIN    68
2021 01 23 07 09 MAX   150
2021 01 23 13 18 MIN   104
2021 01 23 18 17 MAX   132
2021 01 24 01 01 MIN    62
2021 01 24 08 13 MAX   165
2021 01 24 14 30 MIN    96
2021 01 24 19 34 MAX   135
2021 01 25 01 55 MIN    52
2021 01 25 08 57 MAX   182
2021 01 25 15 15 MIN    85
2021 01 25 20 28 MAX   144
2021 01 26 02 39 MIN    38
2021 01 26 09 34 MAX   199
2021 01 26 15 50 MIN    74
2021 01 26 21 10 MAX   156
2021 01 27 03 18 MIN    23
2021 01 27 10 08 MAX   215
2021 01 27 16 23 MIN    63
2021 01 27 21 48 MAX   169
2021 01 28 03 56 MIN     7
2021 01 28 10 42 MAX   231
2021 01 28 16 55 MIN    52
2021 01 28 22 25 MAX   182
2021 01 29 04 34 MIN    -6
2021 01 29 11 15 MAX   242
2021 01 29 17 28 MIN    43
2021 01 29 23 03 MAX   193
2021 01 30 05 13 MIN   -14
2021 01 30 11 50 MAX   249
2021 01 30 18 02 MIN    35
2021 01 30 23 42 MAX   201
2021 01 31 05 53 MIN   -15
2021 01 31 12 25 MAX   249
2021 01 31 18 39 MIN    30
2021 02 01 00 23 MAX   203
2021 02 01 06 34 MIN    -7
2021 02 01 13 02 MAX   241
2021 02 01 19 17 MIN    29
2021 02 02 01 06 MAX   200
2021 02 02 07 16 MIN     9
2021 02 02 13 40 MAX   226
2021 02 02 19 57 MIN    32
2021 02 03 01 53 MAX   192
2021 02 03 08 02 MIN    33
2021 02 03 14 20 MAX   206
2021 02 03 20 40 MIN    37
2021 02 04 02 48 MAX   181
2021 02 04 08 55 MIN    60
2021 02 04 15 03 MAX   184
2021 02 04 21 31 MIN    45
2021 02 05 03 58 MAX   170
2021 02 05 10 07 MIN    86
2021 02 05 15 55 MAX   163
2021 02 05 22 36 MIN    52
2021 02 06 05 38 MAX   167
2021 02 06 11 59 MIN   101
2021 02 06 17 10 MAX   147
2021 02 07 00 01 MIN    52
2021 02 07 07 24 MAX   178
2021 02 07 13 53 MIN    98
2021 02 07 18 46 MAX   142
2021 02 08 01 23 MIN    44
2021 02 08 08 37 MAX   196
2021 02 08 15 03 MIN    85
2021 02 08 20 06 MAX   150
2021 02 09 02 27 MIN    30
2021 02 09 09 26 MAX   214
2021 02 09 15 49 MIN    70
2021 02 09 21 03 MAX   164
2021 02 10 03 18 MIN    14
2021 02 10 10 07 MAX   228
2021 02 10 16 25 MIN    56
2021 02 10 21 49 MAX   180
2021 02 11 04 02 MIN     0
2021 02 11 10 43 MAX   239
2021 02 11 16 59 MIN    43
2021 02 11 22 30 MAX   193
2021 02 12 04 42 MIN    -8
2021 02 12 11 16 MAX   244
2021 02 12 17 30 MIN    34
2021 02 12 23 08 MAX   201
2021 02 13 05 19 MIN   -10
2021 02 13 11 49 MAX   242
2021 02 13 18 01 MIN    28
2021 02 13 23 44 MAX   204
2021 02 14 05 53 MIN    -5
2021 02 14 12 19 MAX   234
2021 02 14 18 31 MIN    27
2021 02 15 00 20 MAX   201
2021 02 15 06 26 MIN     8
2021 02 15 12 48 MAX   221
2021 02 15 19 00 MIN    30
2021 02 16 00 54 MAX   194
2021 02 16 06 58 MIN    26
2021 02 16 13 15 MAX   204
2021 02 16 19 28 MIN    35
2021 02 17 01 29 MAX   183
2021 02 17 07 29 MIN    47
2021 02 17 13 40 MAX   187
2021 02 17 19 56 MIN    44
2021 02 18 02 06 MAX   171
2021 02 18 08 01 MIN    69
2021 02 18 14 04 MAX   169
2021 02 18 20 26 MIN    53
2021 02 19 02 50 MAX   160
2021 02 19 08 41 MIN    90
2021 02 19 14 30 MAX   153
2021 02 19 21 05 MIN    64
2021 02 20 03 53 MAX   150
2021 02 20 09 46 MIN   108
2021 02 20 15 06 MAX   138
2021 02 20 22 05 MIN    73
2021 02 21 05 50 MAX   148
2021 02 21 12 29 MIN   115
2021 02 21 16 23 MAX   125
2021 02 21 23 48 MIN    76
2021 02 22 07 40 MAX   160
2021 02 22 14 18 MIN   105
2021 02 22 18 57 MAX   125
2021 02 23 01 19 MIN    67
2021 02 23 08 35 MAX   178
2021 02 23 15 03 MIN    91
2021 02 23 20 13 MAX   138
2021 02 24 02 17 MIN    51
2021 02 24 09 14 MAX   197
2021 02 24 15 35 MIN    76
2021 02 24 20 57 MAX   155
2021 02 25 03 02 MIN    31
2021 02 25 09 48 MAX   216
2021 02 25 16 04 MIN    60
2021 02 25 21 35 MAX   175
2021 02 26 03 42 MIN    11
2021 02 26 10 20 MAX   234
2021 02 26 16 33 MIN    44
2021 02 26 22 13 MAX   195
2021 02 27 04 21 MIN    -6
2021 02 27 10 53 MAX   248
2021 02 27 17 04 MIN    29
2021 02 27 22 50 MAX   213
2021 02 28 05 00 MIN   -17
2021 02 28 11 26 MAX   256
2021 02 28 17 37 MIN    16
2021 02 28 23 29 MAX   227
2021 03 01 05 40 MIN   -18
2021 03 01 12 00 MAX   256
2021 03 01 18 11 MIN     8
2021 03 02 00 10 MAX   233
2021 03 02 06 20 MIN    -7
2021 03 02 12 35 MAX   247
2021 03 02 18 47 MIN     6
2021 03 03 00 52 MAX   230
2021 03 03 07 03 MIN    14
2021 03 03 13 11 MAX   229
2021 03 03 19 24 MIN    12
2021 03 04 01 38 MAX   220
2021 03 04 07 47 MIN    42
2021 03 04 13 47 MAX   206
2021 03 04 20 04 MIN    24
2021 03 05 02 30 MAX   203
2021 03 05 08 39 MIN    73
2021 03 05 14 26 MAX   180
2021 03 05 20 50 MIN    41
2021 03 06 03 36 MAX   185
2021 03 06 09 53 MIN   101
2021 03 06 15 13 MAX   155
2021 03 06 21 53 MIN    58
2021 03 07 05 24 MAX   174
2021 03 07 12 18 MIN   114
2021 03 07 16 36 MAX   136
2021 03 07 23 38 MIN    68
2021 03 08 07 28 MAX   181
2021 03 08 14 15 MIN   102
2021 03 08 18 54 MAX   134
2021 03 09 01 22 MIN    62
2021 03 09 08 35 MAX   196
2021 03 09 15 07 MIN    86
2021 03 09 20 15 MAX   150
2021 03 10 02 27 MIN    47
2021 03 10 09 17 MAX   210
2021 03 10 15 39 MIN    69
2021 03 10 21 03 MAX   169
2021 03 11 03 13 MIN    31
2021 03 11 09 50 MAX   221
2021 03 11 16 07 MIN    54
2021 03 11 21 42 MAX   187
2021 03 12 03 52 MIN    18
2021 03 12 10 21 MAX   230
2021 03 12 16 34 MIN    40
2021 03 12 22 18 MAX   202
2021 03 13 04 27 MIN     9
2021 03 13 10 51 MAX   234
2021 03 13 17 01 MIN    29
2021 03 13 22 52 MAX   213
2021 03 14 05 01 MIN     7
2021 03 14 11 19 MAX   233
2021 03 14 17 29 MIN    23
2021 03 14 23 26 MAX   218
2021 03 15 05 33 MIN    12
2021 03 15 11 47 MAX   227
2021 03 15 17 55 MIN    20
2021 03 15 23 58 MAX   219
2021 03 16 06 04 MIN    23
2021 03 16 12 12 MAX   216
2021 03 16 18 21 MIN    22
2021 03 17 00 30 MAX   214
2021 03 17 06 34 MIN    39
2021 03 17 12 36 MAX   203
2021 03 17 18 45 MIN    28
2021 03 18 01 02 MAX   206
2021 03 18 07 03 MIN    58
2021 03 18 12 58 MAX   189
2021 03 18 19 09 MIN    37
2021 03 19 01 34 MAX   196
2021 03 19 07 34 MIN    77
2021 03 19 13 20 MAX   174
2021 03 19 19 35 MIN    49
2021 03 20 02 11 MAX   184
2021 03 20 08 12 MIN    95
2021 03 20 13 45 MAX   160
2021 03 20 20 06 MIN    63
2021 03 21 03 00 MAX   172
2021 03 21 09 07 MIN   112
2021 03 21 14 15 MAX   145
2021 03 21 20 51 MIN    77
2021 03 22 04 22 MAX   162
2021 03 22 11 27 MIN   122
2021 03 22 15 12 MAX   130
2021 03 22 22 27 MIN    88
2021 03 23 06 43 MAX   166
2021 03 23 13 52 MIN   111
2021 03 23 18 19 MAX   126
2021 03 24 00 37 MIN    83
2021 03 24 07 57 MAX   182
2021 03 24 14 35 MIN    95
2021 03 24 19 53 MAX   143
2021 03 25 01 50 MIN    66
2021 03 25 08 40 MAX   200
2021 03 25 15 04 MIN    78
2021 03 25 20 37 MAX   165
2021 03 26 02 39 MIN    44
2021 03 26 09 15 MAX   219
2021 03 26 15 31 MIN    58
2021 03 26 21 15 MAX   189
2021 03 27 03 21 MIN    23
2021 03 27 09 48 MAX   237
2021 03 27 16 01 MIN    38
2021 03 27 21 53 MAX   215
2021 03 28 04 02 MIN     6
2021 03 28 10 22 MAX   250
2021 03 28 16 32 MIN    19
2021 03 28 22 32 MAX   238
2021 03 29 04 42 MIN    -3
2021 03 29 10 56 MAX   257
2021 03 29 17 05 MIN     3
2021 03 29 23 12 MAX   254
2021 03 30 05 23 MIN    -1
2021 03 30 11 31 MAX   255
2021 03 30 17 41 MIN    -5
2021 03 30 23 54 MAX   261
2021 03 31 06 06 MIN    12
2021 03 31 12 06 MAX   244
2021 03 31 18 17 MIN    -4
2021 04 01 00 37 MAX   258
2021 04 01 06 50 MIN    35
2021 04 01 12 42 MAX   226
2021 04 01 18 55 MIN     6
2021 04 02 01 24 MAX   244
2021 04 02 07 37 MIN    64
2021 04 02 13 19 MAX   202
2021 04 02 19 34 MIN    24
2021 04 03 02 17 MAX   223
2021 04 03 08 34 MIN    92
2021 04 03 13 59 MAX   176
2021 04 03 20 20 MIN    48
2021 04 04 03 25 MAX   201
2021 04 04 10 03 MIN   114
2021 04 04 14 49 MAX   152
2021 04 04 21 27 MIN    71
2021 04 05 05 15 MAX   187
2021 04 05 12 29 MIN   117
2021 04 05 16 32 MAX   135
2021 04 05 23 24 MIN    84
2021 04 06 07 06 MAX   189
2021 04 06 13 59 MIN   103
2021 04 06 19 03 MAX   142
2021 04 07 01 11 MIN    78
2021 04 07 08 07 MAX   198
2021 04 07 14 41 MIN    87
2021 04 07 20 09 MAX   160
2021 04 08 02 13 MIN    66
2021 04 08 08 47 MAX   206
2021 04 08 15 09 MIN    71
2021 04 08 20 51 MAX   179
2021 04 09 02 57 MIN    53
2021 04 09 09 19 MAX   213
2021 04 09 15 35 MIN    57
2021 04 09 21 26 MAX   197
2021 04 10 03 33 MIN    43
2021 04 10 09 49 MAX   218
2021 04 10 16 01 MIN    44
2021 04 10 21 59 MAX   211
2021 04 11 04 07 MIN    37
2021 04 11 10 17 MAX   221
2021 04 11 16 27 MIN    33
2021 04 11 22 33 MAX   223
2021 04 12 04 40 MIN    36
2021 04 12 10 45 MAX   220
2021 04 12 16 53 MIN    27
2021 04 12 23 05 MAX   230
2021 04 13 05 12 MIN    40
2021 04 13 11 11 MAX   216
2021 04 13 17 18 MIN    24
2021 04 13 23 36 MAX   233
2021 04 14 05 43 MIN    49
2021 04 14 11 36 MAX   209
2021 04 14 17 42 MIN    25
2021 04 15 00 06 MAX   232
2021 04 15 06 12 MIN    61
2021 04 15 12 00 MAX   200
2021 04 15 18 06 MIN    30
2021 04 16 00 37 MAX   226
2021 04 16 06 43 MIN    75
2021 04 16 12 23 MAX   190
2021 04 16 18 31 MIN    39
2021 04 17 01 09 MAX   218
2021 04 17 07 15 MIN    90
2021 04 17 12 48 MAX   179
2021 04 17 18 57 MIN    51
2021 04 18 01 46 MAX   206
2021 04 18 07 56 MIN   105
2021 04 18 13 16 MAX   166
2021 04 18 19 30 MIN    66
2021 04 19 02 32 MAX   193
2021 04 19 08 53 MIN   118
2021 04 19 13 52 MAX   152
2021 04 19 20 15 MIN    81
2021 04 20 03 42 MAX   182
2021 04 20 10 44 MIN   124
2021 04 20 14 58 MAX   138
2021 04 20 21 41 MIN    94
2021 04 21 05 32 MAX   180
2021 04 21 12 52 MIN   115
2021 04 21 17 33 MAX   136
2021 04 21 23 48 MIN    94
2021 04 22 06 59 MAX   191
2021 04 22 13 45 MIN    99
2021 04 22 19 16 MAX   154
2021 04 23 01 11 MIN    79
2021 04 23 07 50 MAX   205
2021 04 23 14 18 MIN    79
2021 04 23 20 07 MAX   178
2021 04 24 02 07 MIN    60
2021 04 24 08 31 MAX   221
2021 04 24 14 49 MIN    58
2021 04 24 20 49 MAX   206
2021 04 25 02 54 MIN    43
2021 04 25 09 08 MAX   234
2021 04 25 15 21 MIN    36
2021 04 25 21 30 MAX   234
2021 04 26 03 38 MIN    30
2021 04 26 09 45 MAX   244
2021 04 26 15 56 MIN    15
2021 04 26 22 11 MAX   258
2021 04 27 04 22 MIN    25
2021 04 27 10 22 MAX   248
2021 04 27 16 32 MIN     0
2021 04 27 22 54 MAX   274
2021 04 28 05 07 MIN    30
2021 04 28 11 00 MAX   245
2021 04 28 17 11 MIN    -6
2021 04 28 23 39 MAX   280
2021 04 29 05 52 MIN    43
2021 04 29 11 38 MAX   235
2021 04 29 17 50 MIN    -2
2021 04 30 00 25 MAX   274
2021 04 30 06 41 MIN    63
2021 04 30 12 17 MAX   218
2021 04 30 18 30 MIN    11
2021 05 01 01 14 MAX   259
2021 05 01 07 34 MIN    85
2021 05 01 12 58 MAX   197
2021 05 01 19 14 MIN    32
2021 05 02 02 09 MAX   237
2021 05 02 08 38 MIN   105
2021 05 02 13 43 MAX   175
2021 05 02 20 04 MIN    57
2021 05 03 03 16 MAX   216
2021 05 03 10 06 MIN   117
2021 05 03 14 43 MAX   156
2021 05 03 21 13 MIN    80
2021 05 04 04 46 MAX   200
2021 05 04 11 54 MIN   116
2021 05 04 16 31 MAX   145
2021 05 04 22 57 MIN    94
2021 05 05 06 17 MAX   195
2021 05 05 13 10 MIN   104
2021 05 05 18 38 MAX   153
2021 05 06 00 36 MIN    94
2021 05 06 07 18 MAX   196
2021 05 06 13 55 MIN    90
2021 05 06 19 44 MAX   169
2021 05 07 01 42 MIN    88
2021 05 07 08 01 MAX   199
2021 05 07 14 27 MIN    77
2021 05 07 20 27 MAX   186
2021 05 08 02 29 MIN    80
2021 05 08 08 36 MAX   202
2021 05 08 14 55 MIN    64
2021 05 08 21 04 MAX   201
2021 05 09 03 08 MIN    74
2021 05 09 09 09 MAX   204
2021 05 09 15 22 MIN    53
2021 05 09 21 38 MAX   215
2021 05 10 03 44 MIN    69
2021 05 10 09 39 MAX   205
2021 05 10 15 49 MIN    44
2021 05 10 22 11 MAX   227
2021 05 11 04 18 MIN    68
2021 05 11 10 08 MAX   205
2021 05 11 16 15 MIN    38
2021 05 11 22 43 MAX   236
2021 05 12 04 51 MIN    71
2021 05 12 10 35 MAX   204
2021 05 12 16 41 MIN    34
2021 05 12 23 14 MAX   241
2021 05 13 05 22 MIN    76
2021 05 13 11 01 MAX   202
2021 05 13 17 07 MIN    34
2021 05 13 23 45 MAX   242
2021 05 14 05 54 MIN    83
2021 05 14 11 28 MAX   198
2021 05 14 17 34 MIN    37
2021 05 15 00 17 MAX   239
2021 05 15 06 27 MIN    91
2021 05 15 11 55 MAX   192
2021 05 15 18 03 MIN    44
2021 05 16 00 51 MAX   233
2021 05 16 07 03 MIN   101
2021 05 16 12 26 MAX   184
2021 05 16 18 35 MIN    55
2021 05 17 01 30 MAX   223
2021 05 17 07 47 MIN   111
2021 05 17 13 01 MAX   173
2021 05 17 19 13 MIN    68
2021 05 18 02 18 MAX   212
2021 05 18 08 46 MIN   119
2021 05 18 13 47 MAX   161
2021 05 18 20 04 MIN    83
2021 05 19 03 19 MAX   202
2021 05 19 10 08 MIN   121
2021 05 19 14 58 MAX   152
2021 05 19 21 21 MIN    94
2021 05 20 04 38 MAX   198
2021 05 20 11 37 MIN   113
2021 05 20 16 50 MAX   152
2021 05 20 23 02 MIN    98
2021 05 21 05 54 MAX   201
2021 05 21 12 39 MIN    98
2021 05 21 18 28 MAX   168
2021 05 22 00 27 MIN    91
2021 05 22 06 53 MAX   208
2021 05 22 13 23 MIN    80
2021 05 22 19 29 MAX   192
2021 05 23 01 31 MIN    79
2021 05 23 07 41 MAX   217
2021 05 23 14 02 MIN    59
2021 05 23 20 20 MAX   219
2021 05 24 02 25 MIN    69
2021 05 24 08 25 MAX   225
2021 05 24 14 42 MIN    38
2021 05 24 21 07 MAX   245
2021 05 25 03 16 MIN    62
2021 05 25 09 08 MAX   231
2021 05 25 15 22 MIN    20
2021 05 25 21 53 MAX   267
2021 05 26 04 05 MIN    60
2021 05 26 09 51 MAX   233
2021 05 26 16 03 MIN     7
2021 05 26 22 40 MAX   281
2021 05 27 04 54 MIN    63
2021 05 27 10 33 MAX   231
2021 05 27 16 45 MIN     3
2021 05 27 23 28 MAX   285
2021 05 28 05 44 MIN    72
2021 05 28 11 16 MAX   224
2021 05 28 17 29 MIN     7
2021 05 29 00 17 MAX   280
2021 05 29 06 36 MIN    84
2021 05 29 12 00 MAX   212
2021 05 29 18 14 MIN    20
2021 05 30 01 06 MAX   266
2021 05 30 07 30 MIN    96
2021 05 30 12 45 MAX   198
2021 05 30 19 01 MIN    40
2021 05 31 01 58 MAX   248
2021 05 31 08 30 MIN   106
2021 05 31 13 35 MAX   182
2021 05 31 19 53 MIN    62
2021 06 01 02 55 MAX   228
2021 06 01 09 37 MIN   112
2021 06 01 14 35 MAX   168
2021 06 01 20 53 MIN    84
2021 06 02 03 59 MAX   211
2021 06 02 10 52 MIN   112
2021 06 02 15 59 MAX   159
2021 06 02 22 11 MIN   101
2021 06 03 05 08 MAX   198
2021 06 03 12 01 MIN   105
2021 06 03 17 46 MAX   161
2021 06 03 23 40 MIN   109
2021 06 04 06 11 MAX   192
2021 06 04 12 54 MIN    96
2021 06 04 19 04 MAX   173
2021 06 05 00 57 MIN   110
2021 06 05 07 03 MAX   189
2021 06 05 13 35 MIN    85
2021 06 05 19 57 MAX   187
2021 06 06 01 55 MIN   107
2021 06 06 07 46 MAX   188
2021 06 06 14 10 MIN    75
2021 06 06 20 38 MAX   201
2021 06 07 02 42 MIN   103
2021 06 07 08 25 MAX   189
2021 06 07 14 41 MIN    66
2021 06 07 21 15 MAX   214
2021 06 08 03 22 MIN    99
2021 06 08 08 59 MAX   191
2021 06 08 15 11 MIN    58
2021 06 08 21 50 MAX   226
2021 06 09 03 58 MIN    96
2021 06 09 09 32 MAX   193
2021 06 09 15 40 MIN    51
2021 06 09 22 23 MAX   236
2021 06 10 04 32 MIN    95
2021 06 10 10 03 MAX   195
2021 06 10 16 10 MIN    45
2021 06 10 22 55 MAX   244
2021 06 11 05 05 MIN    96
2021 06 11 10 33 MAX   197
2021 06 11 16 40 MIN    42
2021 06 11 23 28 MAX   247
2021 06 12 05 39 MIN    98
2021 06 12 11 04 MAX   198
2021 06 12 17 12 MIN    42
2021 06 13 00 02 MAX   248
2021 06 13 06 14 MIN   101
2021 06 13 11 37 MAX   196
2021 06 13 17 47 MIN    46
2021 06 14 00 39 MAX   244
2021 06 14 06 53 MIN   105
2021 06 14 12 13 MAX   192
2021 06 14 18 24 MIN    54
2021 06 15 01 18 MAX   238
2021 06 15 07 37 MIN   109
2021 06 15 12 55 MAX   185
2021 06 15 19 07 MIN    65
2021 06 16 02 03 MAX   229
2021 06 16 08 28 MIN   111
2021 06 16 13 46 MAX   177
2021 06 16 19 59 MIN    78
2021 06 17 02 54 MAX   220
2021 06 17 09 28 MIN   111
2021 06 17 14 51 MAX   171
2021 06 17 21 03 MIN    91
2021 06 18 03 53 MAX   213
2021 06 18 10 33 MIN   105
2021 06 18 16 14 MAX   172
2021 06 18 22 22 MIN   100
2021 06 19 04 55 MAX   208
2021 06 19 11 35 MIN    94
2021 06 19 17 43 MAX   184
2021 06 19 23 46 MIN   103
2021 06 20 05 56 MAX   207
2021 06 20 12 30 MIN    79
2021 06 20 18 56 MAX   203
2021 06 21 01 00 MIN   102
2021 06 21 06 53 MAX   208
2021 06 21 13 20 MIN    63
2021 06 21 19 56 MAX   225
2021 06 22 02 05 MIN    97
2021 06 22 07 46 MAX   211
2021 06 22 14 07 MIN    46
2021 06 22 20 51 MAX   247
2021 06 23 03 02 MIN    93
2021 06 23 08 38 MAX   214
2021 06 23 14 55 MIN    31
2021 06 23 21 42 MAX   265
2021 06 24 03 57 MIN    90
2021 06 24 09 27 MAX   218
2021 06 24 15 43 MIN    21
2021 06 24 22 32 MAX   278
2021 06 25 04 49 MIN    88
2021 06 25 10 16 MAX   219
2021 06 25 16 30 MIN    16
2021 06 25 23 21 MAX   283
2021 06 26 05 39 MIN    88
2021 06 26 11 03 MAX   219
2021 06 26 17 17 MIN    18
2021 06 27 00 08 MAX   280
2021 06 27 06 28 MIN    90
2021 06 27 11 49 MAX   214
2021 06 27 18 03 MIN    27
2021 06 28 00 53 MAX   270
2021 06 28 07 15 MIN    94
2021 06 28 12 35 MAX   206
2021 06 28 18 49 MIN    43
2021 06 29 01 37 MAX   254
2021 06 29 08 02 MIN    98
2021 06 29 13 22 MAX   195
2021 06 29 19 34 MIN    63
2021 06 30 02 21 MAX   235
2021 06 30 08 51 MIN   102
2021 06 30 14 14 MAX   183
2021 06 30 20 22 MIN    84
2021 07 01 03 06 MAX   216
2021 07 01 09 43 MIN   104
2021 07 01 15 15 MAX   173
2021 07 01 21 17 MIN   105
2021 07 02 03 53 MAX   200
2021 07 02 10 40 MIN   104
2021 07 02 16 38 MAX   169
2021 07 02 22 30 MIN   121
2021 07 03 04 48 MAX   187
2021 07 03 11 40 MIN   101
2021 07 03 18 12 MAX   174
2021 07 04 00 00 MIN   129
2021 07 04 00 00 MIN   129
2021 07 04 05 49 MAX   178
2021 07 04 12 35 MIN    96
2021 07 04 19 23 MAX   185
2021 07 05 01 21 MIN   129
2021 07 05 06 49 MAX   175
2021 07 05 13 22 MIN    88
2021 07 05 20 14 MAX   198
2021 07 06 02 20 MIN   125
2021 07 06 07 40 MAX   176
2021 07 06 14 01 MIN    80
2021 07 06 20 56 MAX   211
2021 07 07 03 06 MIN   120
2021 07 07 08 24 MAX   179
2021 07 07 14 38 MIN    72
2021 07 07 21 33 MAX   224
2021 07 08 03 44 MIN   114
2021 07 08 09 02 MAX   185
2021 07 08 15 13 MIN    63
2021 07 08 22 07 MAX   235
2021 07 09 04 18 MIN   109
2021 07 09 09 39 MAX   192
2021 07 09 15 48 MIN    54
2021 07 09 22 40 MAX   245
2021 07 10 04 51 MIN   105
2021 07 10 10 13 MAX   198
2021 07 10 16 23 MIN    47
2021 07 10 23 14 MAX   252
2021 07 11 05 25 MIN   101
2021 07 11 10 49 MAX   204
2021 07 11 16 59 MIN    43
2021 07 11 23 48 MAX   256
2021 07 12 05 59 MIN    99
2021 07 12 11 26 MAX   207
2021 07 12 17 37 MIN    42
2021 07 13 00 24 MAX   256
2021 07 13 06 37 MIN    97
2021 07 13 12 06 MAX   207
2021 07 13 18 17 MIN    47
2021 07 14 01 01 MAX   252
2021 07 14 07 16 MIN    96
2021 07 14 12 49 MAX   204
2021 07 14 19 00 MIN    58
2021 07 15 01 40 MAX   244
2021 07 15 08 00 MIN    95
2021 07 15 13 38 MAX   199
2021 07 15 19 48 MIN    73
2021 07 16 02 23 MAX   233
2021 07 16 08 47 MIN    95
2021 07 16 14 35 MAX   194
2021 07 16 20 43 MIN    90
2021 07 17 03 10 MAX   220
2021 07 17 09 39 MIN    93
2021 07 17 15 44 MAX   192
2021 07 17 21 50 MIN   108
2021 07 18 04 03 MAX   208
2021 07 18 10 39 MIN    89
2021 07 18 17 08 MAX   197
2021 07 18 23 15 MIN   120
2021 07 19 05 05 MAX   198
2021 07 19 11 44 MIN    83
2021 07 19 18 35 MAX   209
2021 07 20 00 46 MIN   125
2021 07 20 06 13 MAX   193
2021 07 20 12 48 MIN    73
2021 07 20 19 48 MAX   226
2021 07 21 02 04 MIN   121
2021 07 21 07 21 MAX   194
2021 07 21 13 48 MIN    60
2021 07 21 20 49 MAX   244
2021 07 22 03 07 MIN   113
2021 07 22 08 23 MAX   199
2021 07 22 14 43 MIN    46
2021 07 22 21 41 MAX   260
2021 07 23 04 00 MIN   104
2021 07 23 09 18 MAX   208
2021 07 23 15 35 MIN    35
2021 07 23 22 28 MAX   273
2021 07 24 04 46 MIN    95
2021 07 24 10 08 MAX   217
2021 07 24 16 23 MIN    27
2021 07 24 23 11 MAX   279
2021 07 25 05 28 MIN    88
2021 07 25 10 54 MAX   222
2021 07 25 17 08 MIN    25
2021 07 25 23 52 MAX   278
2021 07 26 06 08 MIN    84
2021 07 26 11 37 MAX   224
2021 07 26 17 50 MIN    31
2021 07 27 00 29 MAX   269
2021 07 27 06 46 MIN    83
2021 07 27 12 20 MAX   220
2021 07 27 18 30 MIN    45
2021 07 28 01 05 MAX   255
2021 07 28 07 22 MIN    85
2021 07 28 13 01 MAX   211
2021 07 28 19 09 MIN    64
2021 07 29 01 39 MAX   237
2021 07 29 07 59 MIN    89
2021 07 29 13 44 MAX   200
2021 07 29 19 47 MIN    86
2021 07 30 02 11 MAX   218
2021 07 30 08 37 MIN    94
2021 07 30 14 32 MAX   188
2021 07 30 20 28 MIN   109
2021 07 31 02 44 MAX   200
2021 07 31 09 19 MIN   100
2021 07 31 15 33 MAX   179
2021 07 31 21 21 MIN   129
2021 08 01 03 20 MAX   183
2021 08 01 10 12 MIN   104
2021 08 01 17 05 MAX   177
2021 08 01 22 53 MIN   143
2021 08 02 04 11 MAX   171
2021 08 02 11 20 MIN   106
2021 08 02 18 46 MAX   183
2021 08 03 00 57 MIN   144
2021 08 03 05 36 MAX   164
2021 08 03 12 31 MIN   102
2021 08 03 19 54 MAX   196
2021 08 04 02 13 MIN   138
2021 08 04 07 03 MAX   165
2021 08 04 13 29 MIN    95
2021 08 04 20 40 MAX   209
2021 08 05 02 59 MIN   129
2021 08 05 08 03 MAX   172
2021 08 05 14 15 MIN    84
2021 08 05 21 17 MAX   223
2021 08 06 03 33 MIN   120
2021 08 06 08 47 MAX   182
2021 08 06 14 56 MIN    71
2021 08 06 21 51 MAX   236
2021 08 07 04 04 MIN   111
2021 08 07 09 25 MAX   193
2021 08 07 15 34 MIN    58
2021 08 07 22 23 MAX   248
2021 08 08 04 34 MIN   102
2021 08 08 10 01 MAX   205
2021 08 08 16 10 MIN    46
2021 08 08 22 55 MAX   258
2021 08 09 05 05 MIN    93
2021 08 09 10 38 MAX   216
2021 08 09 16 48 MIN    37
2021 08 09 23 27 MAX   265
2021 08 10 05 37 MIN    84
2021 08 10 11 16 MAX   224
2021 08 10 17 26 MIN    35
2021 08 11 00 01 MAX   267
2021 08 11 06 11 MIN    77
2021 08 11 11 56 MAX   229
2021 08 11 18 06 MIN    40
2021 08 12 00 36 MAX   263
2021 08 12 06 47 MIN    73
2021 08 12 12 38 MAX   229
2021 08 12 18 48 MIN    53
2021 08 13 01 11 MAX   253
2021 08 13 07 26 MIN    73
2021 08 13 13 24 MAX   225
2021 08 13 19 32 MIN    73
2021 08 14 01 49 MAX   238
2021 08 14 08 07 MIN    76
2021 08 14 14 16 MAX   217
2021 08 14 20 23 MIN    97
2021 08 15 02 30 MAX   219
2021 08 15 08 54 MIN    82
2021 08 15 15 20 MAX   209
2021 08 15 21 28 MIN   121
2021 08 16 03 18 MAX   200
2021 08 16 09 53 MIN    88
2021 08 16 16 49 MAX   204
2021 08 16 23 08 MIN   138
2021 08 17 04 22 MAX   184
2021 08 17 11 11 MIN    91
2021 08 17 18 37 MAX   211
2021 08 18 01 09 MIN   139
2021 08 18 05 54 MAX   176
2021 08 18 12 37 MIN    85
2021 08 18 19 59 MAX   226
2021 08 19 02 29 MIN   129
2021 08 19 07 23 MAX   180
2021 08 19 13 48 MIN    73
2021 08 19 20 55 MAX   242
2021 08 20 03 19 MIN   115
2021 08 20 08 28 MAX   193
2021 08 20 14 45 MIN    58
2021 08 20 21 38 MAX   256
2021 08 21 03 57 MIN   101
2021 08 21 09 19 MAX   208
2021 08 21 15 32 MIN    44
2021 08 21 22 16 MAX   267
2021 08 22 04 32 MIN    88
2021 08 22 10 03 MAX   222
2021 08 22 16 14 MIN    34
2021 08 22 22 52 MAX   272
2021 08 23 05 05 MIN    77
2021 08 23 10 43 MAX   232
2021 08 23 16 54 MIN    32
2021 08 23 23 25 MAX   270
2021 08 24 05 38 MIN    70
2021 08 24 11 22 MAX   236
2021 08 24 17 31 MIN    37
2021 08 24 23 57 MAX   263
2021 08 25 06 09 MIN    67
2021 08 25 11 59 MAX   234
2021 08 25 18 07 MIN    50
2021 08 26 00 28 MAX   250
2021 08 26 06 40 MIN    68
2021 08 26 12 37 MAX   227
2021 08 26 18 41 MIN    69
2021 08 27 00 55 MAX   233
2021 08 27 07 09 MIN    74
2021 08 27 13 14 MAX   216
2021 08 27 19 14 MIN    91
2021 08 28 01 21 MAX   215
2021 08 28 07 37 MIN    82
2021 08 28 13 53 MAX   204
2021 08 28 19 48 MIN   113
2021 08 29 01 44 MAX   197
2021 08 29 08 07 MIN    91
2021 08 29 14 39 MAX   192
2021 08 29 20 30 MIN   133
2021 08 30 02 08 MAX   181
2021 08 30 08 45 MIN   102
2021 08 30 15 48 MAX   183
2021 08 30 21 46 MIN   148
2021 08 31 02 39 MAX   167
2021 08 31 09 46 MIN   111
2021 08 31 17 56 MAX   183
2021 09 01 00 51 MIN   150
2021 09 01 03 54 MAX   155
2021 09 01 11 36 MIN   114
2021 09 01 19 30 MAX   194
2021 09 02 02 13 MIN   139
2021 09 02 06 49 MAX   156
2021 09 02 13 04 MIN   106
2021 09 02 20 20 MAX   208
2021 09 03 02 48 MIN   127
2021 09 03 07 57 MAX   168
2021 09 03 13 58 MIN    91
2021 09 03 20 56 MAX   222
2021 09 04 03 16 MIN   115
2021 09 04 08 38 MAX   182
2021 09 04 14 41 MIN    75
2021 09 04 21 27 MAX   237
2021 09 05 03 42 MIN   101
2021 09 05 09 13 MAX   199
2021 09 05 15 19 MIN    57
2021 09 05 21 57 MAX   250
2021 09 06 04 08 MIN    87
2021 09 06 09 48 MAX   216
2021 09 06 15 55 MIN    42
2021 09 06 22 27 MAX   262
2021 09 07 04 37 MIN    73
2021 09 07 10 24 MAX   233
2021 09 07 16 33 MIN    32
2021 09 07 22 59 MAX   270
2021 09 08 05 07 MIN    60
2021 09 08 11 02 MAX   247
2021 09 08 17 11 MIN    30
2021 09 08 23 31 MAX   272
2021 09 09 05 40 MIN    50
2021 09 09 11 41 MAX   255
2021 09 09 17 51 MIN    37
2021 09 10 00 05 MAX   266
2021 09 10 06 15 MIN    46
2021 09 10 12 23 MAX   256
2021 09 10 18 33 MIN    54
2021 09 11 00 40 MAX   252
2021 09 11 06 51 MIN    49
2021 09 11 13 08 MAX   248
2021 09 11 19 18 MIN    79
2021 09 12 01 16 MAX   232
2021 09 12 07 31 MIN    58
2021 09 12 13 59 MAX   235
2021 09 12 20 10 MIN   107
2021 09 13 01 55 MAX   209
2021 09 13 08 16 MIN    73
2021 09 13 15 04 MAX   218
2021 09 13 21 24 MIN   133
2021 09 14 02 41 MAX   185
2021 09 14 09 17 MIN    89
2021 09 14 16 46 MAX   207
2021 09 14 23 48 MIN   145
2021 09 15 03 57 MAX   166
2021 09 15 10 59 MIN    99
2021 09 15 18 54 MAX   212
2021 09 16 01 44 MIN   134
2021 09 16 06 15 MAX   163
2021 09 16 12 46 MIN    93
2021 09 16 20 04 MAX   226
2021 09 17 02 37 MIN   118
2021 09 17 07 44 MAX   177
2021 09 17 13 55 MIN    79
2021 09 17 20 47 MAX   238
2021 09 18 03 11 MIN   102
2021 09 18 08 34 MAX   196
2021 09 18 14 44 MIN    63
2021 09 18 21 22 MAX   247
2021 09 19 03 39 MIN    86
2021 09 19 09 15 MAX   213
2021 09 19 15 25 MIN    50
2021 09 19 21 53 MAX   254
2021 09 20 04 06 MIN    72
2021 09 20 09 52 MAX   228
2021 09 20 16 01 MIN    42
2021 09 20 22 24 MAX   257
2021 09 21 04 35 MIN    60
2021 09 21 10 28 MAX   239
2021 09 21 16 37 MIN    41
2021 09 21 22 54 MAX   255
2021 09 22 05 03 MIN    53
2021 09 22 11 03 MAX   244
2021 09 22 17 11 MIN    47
2021 09 22 23 22 MAX   248
2021 09 23 05 31 MIN    50
2021 09 23 11 38 MAX   244
2021 09 23 17 43 MIN    59
2021 09 23 23 50 MAX   236
2021 09 24 05 58 MIN    52
2021 09 24 12 12 MAX   238
2021 09 24 18 16 MIN    75
2021 09 25 00 14 MAX   222
2021 09 25 06 23 MIN    58
2021 09 25 12 46 MAX   229
2021 09 25 18 47 MIN    94
2021 09 26 00 37 MAX   206
2021 09 26 06 47 MIN    67
2021 09 26 13 20 MAX   217
2021 09 26 19 20 MIN   113
2021 09 27 00 58 MAX   191
2021 09 27 07 12 MIN    79
2021 09 27 14 00 MAX   204
2021 09 27 20 00 MIN   130
2021 09 28 01 19 MAX   176
2021 09 28 07 42 MIN    93
2021 09 28 14 53 MAX   192
2021 09 28 21 08 MIN   145
2021 09 29 01 46 MAX   162
2021 09 29 08 29 MIN   107
2021 09 29 16 37 MAX   184
2021 09 30 00 33 MIN   146
2021 09 30 02 45 MAX   148
2021 09 30 10 26 MIN   117
2021 09 30 18 48 MAX   190
2021 10 01 01 53 MIN   132
2021 10 01 06 43 MAX   148
2021 10 01 12 34 MIN   110
2021 10 01 19 45 MAX   203
2021 10 02 02 22 MIN   117
2021 10 02 07 46 MAX   164
2021 10 02 13 36 MIN    93
2021 10 02 20 22 MAX   217
2021 10 03 02 46 MIN   102
2021 10 03 08 22 MAX   183
2021 10 03 14 19 MIN    74
2021 10 03 20 53 MAX   232
2021 10 04 03 09 MIN    85
2021 10 04 08 55 MAX   204
2021 10 04 14 58 MIN    55
2021 10 04 21 23 MAX   245
2021 10 05 03 34 MIN    66
2021 10 05 09 29 MAX   227
2021 10 05 15 35 MIN    40
2021 10 05 21 54 MAX   257
2021 10 06 04 03 MIN    48
2021 10 06 10 06 MAX   249
2021 10 06 16 14 MIN    31
2021 10 06 22 27 MAX   264
2021 10 07 04 35 MIN    31
2021 10 07 10 45 MAX   266
2021 10 07 16 54 MIN    31
2021 10 07 23 00 MAX   263
2021 10 08 05 09 MIN    21
2021 10 08 11 26 MAX   275
2021 10 08 17 36 MIN    41
2021 10 08 23 36 MAX   255
2021 10 09 05 45 MIN    19
2021 10 09 12 09 MAX   274
2021 10 09 18 20 MIN    60
2021 10 10 00 12 MAX   239
2021 10 10 06 23 MIN    26
2021 10 10 12 55 MAX   263
2021 10 10 19 09 MIN    85
2021 10 11 00 49 MAX   218
2021 10 11 07 03 MIN    42
2021 10 11 13 49 MAX   244
2021 10 11 20 08 MIN   112
2021 10 12 01 30 MAX   193
2021 10 12 07 50 MIN    63
2021 10 12 14 57 MAX   222
2021 10 12 21 40 MIN   132
2021 10 13 02 22 MAX   169
2021 10 13 08 58 MIN    86
2021 10 13 16 46 MAX   208
2021 10 14 00 06 MIN   133
2021 10 14 04 03 MAX   152
2021 10 14 10 56 MIN    98
2021 10 14 18 39 MAX   210
2021 10 15 01 31 MIN   118
2021 10 15 06 37 MAX   158
2021 10 15 12 44 MIN    93
2021 10 15 19 40 MAX   217
2021 10 16 02 14 MIN   101
2021 10 16 07 45 MAX   177
2021 10 16 13 47 MIN    80
2021 10 16 20 20 MAX   223
2021 10 17 02 44 MIN    85
2021 10 17 08 26 MAX   196
2021 10 17 14 32 MIN    68
2021 10 17 20 52 MAX   228
2021 10 18 03 10 MIN    69
2021 10 18 09 03 MAX   213
2021 10 18 15 10 MIN    59
2021 10 18 21 23 MAX   232
2021 10 19 03 36 MIN    56
2021 10 19 09 37 MAX   227
2021 10 19 15 45 MIN    53
2021 10 19 21 52 MAX   232
2021 10 20 04 03 MIN    45
2021 10 20 10 11 MAX   237
2021 10 20 16 19 MIN    53
2021 10 20 22 21 MAX   230
2021 10 21 04 30 MIN    38
2021 10 21 10 45 MAX   244
2021 10 21 16 52 MIN    57
2021 10 21 22 49 MAX   224
2021 10 22 04 56 MIN    35
2021 10 22 11 18 MAX   245
2021 10 22 17 25 MIN    66
2021 10 22 23 16 MAX   216
2021 10 23 05 22 MIN    37
2021 10 23 11 51 MAX   242
2021 10 23 17 57 MIN    79
2021 10 23 23 40 MAX   205
2021 10 24 05 46 MIN    42
2021 10 24 12 23 MAX   235
2021 10 24 18 29 MIN    93
2021 10 25 00 04 MAX   194
2021 10 25 06 11 MIN    52
2021 10 25 12 56 MAX   225
2021 10 25 19 03 MIN   107
2021 10 26 00 28 MAX   182
2021 10 26 06 37 MIN    64
2021 10 26 13 33 MAX   211
2021 10 26 19 45 MIN   120
2021 10 27 00 55 MAX   169
2021 10 27 07 09 MIN    79
2021 10 27 14 21 MAX   197
2021 10 27 20 49 MIN   131
2021 10 28 01 29 MAX   155
2021 10 28 07 53 MIN    94
2021 10 28 15 35 MAX   186
2021 10 28 23 07 MIN   133
2021 10 29 02 37 MAX   141
2021 10 29 09 26 MIN   107
2021 10 29 17 31 MAX   184
2021 10 30 00 52 MIN   120
2021 10 30 05 47 MAX   140
2021 10 30 11 41 MIN   105
2021 10 30 18 47 MAX   193
2021 10 31 01 33 MIN   104
2021 10 31 07 11 MAX   158
2021 10 31 12 58 MIN    91
2021 10 31 19 32 MAX   205
2021 11 01 02 00 MIN    86
2021 11 01 07 52 MAX   180
2021 11 01 13 49 MIN    74
2021 11 01 20 09 MAX   217
2021 11 02 02 27 MIN    66
2021 11 02 08 29 MAX   205
2021 11 02 14 32 MIN    57
2021 11 02 20 43 MAX   229
2021 11 03 02 57 MIN    44
2021 11 03 09 07 MAX   231
2021 11 03 15 14 MIN    44
2021 11 03 21 18 MAX   239
2021 11 04 03 29 MIN    24
2021 11 04 09 47 MAX   255
2021 11 04 15 56 MIN    37
2021 11 04 21 55 MAX   244
2021 11 05 04 04 MIN     7
2021 11 05 10 29 MAX   273
2021 11 05 16 40 MIN    38
2021 11 05 22 32 MAX   242
2021 11 06 04 42 MIN    -2
2021 11 06 11 13 MAX   282
2021 11 06 17 26 MIN    48
2021 11 06 23 11 MAX   234
2021 11 07 05 21 MIN    -2
2021 11 07 11 59 MAX   279
2021 11 07 18 14 MIN    64
2021 11 07 23 51 MAX   220
2021 11 08 06 03 MIN     8
2021 11 08 12 48 MAX   266
2021 11 08 19 08 MIN    84
2021 11 09 00 33 MAX   201
2021 11 09 06 48 MIN    26
2021 11 09 13 43 MAX   246
2021 11 09 20 12 MIN   102
2021 11 10 01 20 MAX   180
2021 11 10 07 39 MIN    50
2021 11 10 14 49 MAX   224
2021 11 10 21 37 MIN   114
2021 11 11 02 20 MAX   160
2021 11 11 08 48 MIN    73
2021 11 11 16 15 MAX   207
2021 11 11 23 21 MIN   112
2021 11 12 03 59 MAX   147
2021 11 12 10 29 MIN    88
2021 11 12 17 47 MAX   199
2021 11 13 00 41 MIN   100
2021 11 13 06 10 MAX   153
2021 11 13 12 11 MIN    90
2021 11 13 18 52 MAX   198
2021 11 14 01 30 MIN    85
2021 11 14 07 22 MAX   169
2021 11 14 13 20 MIN    84
2021 11 14 19 37 MAX   198
2021 11 15 02 05 MIN    70
2021 11 15 08 08 MAX   186
2021 11 15 14 11 MIN    77
2021 11 15 20 14 MAX   199
2021 11 16 02 35 MIN    56
2021 11 16 08 46 MAX   201
2021 11 16 14 52 MIN    70
2021 11 16 20 47 MAX   200
2021 11 17 03 03 MIN    44
2021 11 17 09 21 MAX   215
2021 11 17 15 29 MIN    66
2021 11 17 21 19 MAX   200
2021 11 18 03 31 MIN    35
2021 11 18 09 56 MAX   226
2021 11 18 16 05 MIN    65
2021 11 18 21 51 MAX   199
2021 11 19 03 59 MIN    28
2021 11 19 10 30 MAX   234
2021 11 19 16 39 MIN    66
2021 11 19 22 20 MAX   197
2021 11 20 04 27 MIN    25
2021 11 20 11 02 MAX   238
2021 11 20 17 12 MIN    70
2021 11 20 22 48 MAX   193
2021 11 21 04 54 MIN    24
2021 11 21 11 35 MAX   238
2021 11 21 17 45 MIN    76
2021 11 21 23 16 MAX   188
2021 11 22 05 22 MIN    28
2021 11 22 12 07 MAX   234
2021 11 22 18 18 MIN    84
2021 11 22 23 44 MAX   182
2021 11 23 05 50 MIN    35
2021 11 23 12 41 MAX   226
2021 11 23 18 54 MIN    92
2021 11 24 00 14 MAX   174
2021 11 24 06 22 MIN    45
2021 11 24 13 18 MAX   215
2021 11 24 19 36 MIN   100
2021 11 25 00 47 MAX   163
2021 11 25 06 58 MIN    58
2021 11 25 14 02 MAX   202
2021 11 25 20 30 MIN   107
2021 11 26 01 30 MAX   151
2021 11 26 07 44 MIN    73
2021 11 26 14 57 MAX   191
2021 11 26 21 45 MIN   109
2021 11 27 02 35 MAX   140
2021 11 27 08 54 MIN    85
2021 11 27 16 09 MAX   184
2021 11 27 23 13 MIN   102
2021 11 28 04 22 MAX   138
2021 11 28 10 32 MIN    91
2021 11 28 17 26 MAX   183
2021 11 29 00 18 MIN    89
2021 11 29 06 09 MAX   151
2021 11 29 12 04 MIN    86
2021 11 29 18 28 MAX   188
2021 11 30 01 02 MIN    71
2021 11 30 07 12 MAX   173
2021 11 30 13 11 MIN    76
2021 11 30 19 17 MAX   196
2021 12 01 01 41 MIN    50
2021 12 01 08 01 MAX   200
2021 12 01 14 06 MIN    64
2021 12 01 20 01 MAX   204
2021 12 02 02 19 MIN    29
2021 12 02 08 46 MAX   226
2021 12 02 14 56 MIN    55
2021 12 02 20 44 MAX   210
2021 12 03 02 58 MIN     9
2021 12 03 09 32 MAX   250
2021 12 03 15 44 MIN    49
2021 12 03 21 27 MAX   214
2021 12 04 03 40 MIN    -7
2021 12 04 10 19 MAX   267
2021 12 04 16 34 MIN    48
2021 12 04 22 11 MAX   215
2021 12 05 04 23 MIN   -16
2021 12 05 11 06 MAX   276
2021 12 05 17 23 MIN    52
2021 12 05 22 55 MAX   212
2021 12 06 05 07 MIN   -16
2021 12 06 11 54 MAX   274
2021 12 06 18 13 MIN    60
2021 12 06 23 40 MAX   204
2021 12 07 05 53 MIN    -8
2021 12 07 12 43 MAX   264
2021 12 07 19 06 MIN    69
2021 12 08 00 26 MAX   191
2021 12 08 06 41 MIN     8
2021 12 08 13 34 MAX   246
2021 12 08 20 02 MIN    78
2021 12 09 01 16 MAX   176
2021 12 09 07 32 MIN    30
2021 12 09 14 28 MAX   225
2021 12 09 21 02 MIN    85
2021 12 10 02 12 MAX   161
2021 12 10 08 30 MIN    53
2021 12 10 15 26 MAX   204
2021 12 10 22 11 MIN    86
2021 12 11 03 26 MAX   149
2021 12 11 09 40 MIN    74
2021 12 11 16 30 MAX   187
2021 12 11 23 23 MIN    82
2021 12 12 05 06 MAX   146
2021 12 12 11 08 MIN    87
2021 12 12 17 37 MAX   175
2021 12 13 00 26 MIN    73
2021 12 13 06 40 MAX   155
2021 12 13 12 36 MIN    91
2021 12 13 18 37 MAX   169
2021 12 14 01 15 MIN    63
2021 12 14 07 43 MAX   169
2021 12 14 13 43 MIN    89
2021 12 14 19 28 MAX   166
2021 12 15 01 55 MIN    52
2021 12 15 08 29 MAX   183
2021 12 15 14 36 MIN    84
2021 12 15 20 11 MAX   166
2021 12 16 02 31 MIN    42
2021 12 16 09 08 MAX   197
2021 12 16 15 19 MIN    78
2021 12 16 20 50 MAX   168
2021 12 17 03 04 MIN    33
2021 12 17 09 45 MAX   210
2021 12 17 15 58 MIN    73
2021 12 17 21 26 MAX   171
2021 12 18 03 36 MIN    25
2021 12 18 10 19 MAX   220
2021 12 18 16 32 MIN    70
2021 12 18 22 00 MAX   173
2021 12 19 04 07 MIN    19
2021 12 19 10 53 MAX   227
2021 12 19 17 05 MIN    68
2021 12 19 22 31 MAX   176
2021 12 20 04 38 MIN    15
2021 12 20 11 25 MAX   231
2021 12 20 17 37 MIN    68
2021 12 20 23 03 MAX   177
2021 12 21 05 09 MIN    14
2021 12 21 11 57 MAX   230
2021 12 21 18 10 MIN    69
2021 12 21 23 34 MAX   176
2021 12 22 05 42 MIN    17
2021 12 22 12 30 MAX   226
2021 12 22 18 44 MIN    72
2021 12 23 00 08 MAX   172
2021 12 23 06 17 MIN    23
2021 12 23 13 05 MAX   219
2021 12 23 19 22 MIN    74
2021 12 24 00 45 MAX   166
2021 12 24 06 54 MIN    34
2021 12 24 13 43 MAX   210
2021 12 24 20 04 MIN    77
2021 12 25 01 29 MAX   158
2021 12 25 07 38 MIN    47
2021 12 25 14 25 MAX   199
2021 12 25 20 53 MIN    78
2021 12 26 02 23 MAX   151
2021 12 26 08 30 MIN    61
2021 12 26 15 15 MAX   188
2021 12 26 21 51 MIN    76
2021 12 27 03 33 MAX   147
2021 12 27 09 40 MIN    74
2021 12 27 16 13 MAX   179
2021 12 27 22 55 MIN    69
2021 12 28 05 03 MAX   152
2021 12 28 11 06 MIN    83
2021 12 28 17 18 MAX   174
2021 12 28 23 57 MIN    58
2021 12 29 06 28 MAX   168
2021 12 29 12 33 MIN    83
2021 12 29 18 22 MAX   172
2021 12 30 00 54 MIN    43
2021 12 30 07 36 MAX   191
2021 12 30 13 46 MIN    78
2021 12 30 19 22 MAX   174
2021 12 31 01 46 MIN    25
2021 12 31 08 34 MAX   215
2021 12 31 14 49 MIN    70
2021 12 31 20 18 MAX   179
