 <API - 조위예측극치자료>

대상조위관측소 : 인천
위도(WGS84) : N 126.5922
경도(WGS84) : E 37.4519
관측기관 : 20201221 ~ 20220101

2020 12 21 03 25 MIN   212
2020 12 21 09 14 MAX   660
2020 12 21 15 21 MIN   184
2020 12 21 21 38 MAX   709
2020 12 22 04 12 MIN   244
2020 12 22 10 08 MAX   626
2020 12 22 16 13 MIN   243
2020 12 22 22 29 MAX   659
2020 12 23 05 09 MIN   265
2020 12 23 11 17 MAX   604
2020 12 23 17 20 MIN   289
2020 12 23 23 36 MAX   622
2020 12 24 06 19 MIN   266
2020 12 24 12 37 MAX   611
2020 12 24 18 43 MIN   306
2020 12 25 00 51 MAX   610
2020 12 25 07 25 MIN   243
2020 12 25 13 47 MAX   644
2020 12 25 20 00 MIN   288
2020 12 26 01 56 MAX   622
2020 12 26 08 20 MIN   204
2020 12 26 14 40 MAX   690
2020 12 26 20 58 MIN   253
2020 12 27 02 47 MAX   647
2020 12 27 09 04 MIN   162
2020 12 27 15 24 MAX   735
2020 12 27 21 44 MIN   214
2020 12 28 03 30 MAX   674
2020 12 28 09 43 MIN   122
2020 12 28 16 03 MAX   773
2020 12 28 22 25 MIN   182
2020 12 29 04 10 MAX   699
2020 12 29 10 21 MIN    89
2020 12 29 16 40 MAX   803
2020 12 29 23 04 MIN   156
2020 12 30 04 48 MAX   718
2020 12 30 11 00 MIN    63
2020 12 30 17 16 MAX   825
2020 12 30 23 43 MIN   139
2020 12 31 05 26 MAX   732
2020 12 31 11 38 MIN    45
2020 12 31 17 53 MAX   838
2021 01 01 00 20 MIN   130
2021 01 01 06 03 MAX   739
2021 01 01 12 17 MIN    35
2021 01 01 18 30 MAX   844
2021 01 02 00 58 MIN   127
2021 01 02 06 41 MAX   742
2021 01 02 12 56 MIN    35
2021 01 02 19 07 MAX   842
2021 01 03 01 36 MIN   129
2021 01 03 07 19 MAX   739
2021 01 03 13 35 MIN    46
2021 01 03 19 46 MAX   831
2021 01 04 02 14 MIN   135
2021 01 04 08 00 MAX   729
2021 01 04 14 16 MIN    71
2021 01 04 20 26 MAX   808
2021 01 05 02 55 MIN   146
2021 01 05 08 45 MAX   713
2021 01 05 15 01 MIN   109
2021 01 05 21 11 MAX   775
2021 01 06 03 41 MIN   160
2021 01 06 09 38 MAX   692
2021 01 06 15 53 MIN   158
2021 01 06 22 03 MAX   732
2021 01 07 04 35 MIN   173
2021 01 07 10 44 MAX   676
2021 01 07 16 58 MIN   206
2021 01 07 23 08 MAX   691
2021 01 08 05 42 MIN   177
2021 01 08 12 03 MAX   679
2021 01 08 18 20 MIN   236
2021 01 09 00 27 MAX   667
2021 01 09 06 57 MIN   160
2021 01 09 13 24 MAX   709
2021 01 09 19 48 MIN   229
2021 01 10 01 45 MAX   669
2021 01 10 08 09 MIN   125
2021 01 10 14 35 MAX   756
2021 01 10 21 03 MIN   196
2021 01 11 02 53 MAX   691
2021 01 11 09 11 MIN    82
2021 01 11 15 37 MAX   804
2021 01 11 22 05 MIN   156
2021 01 12 03 52 MAX   718
2021 01 12 10 06 MIN    44
2021 01 12 16 30 MAX   841
2021 01 12 22 59 MIN   123
2021 01 13 04 44 MAX   743
2021 01 13 10 57 MIN    17
2021 01 13 17 19 MAX   864
2021 01 13 23 47 MIN   102
2021 01 14 05 30 MAX   761
2021 01 14 11 43 MIN     2
2021 01 14 18 03 MAX   872
2021 01 15 00 30 MIN    92
2021 01 15 06 13 MAX   771
2021 01 15 12 26 MIN     1
2021 01 15 18 43 MAX   867
2021 01 16 01 09 MIN    94
2021 01 16 06 53 MAX   772
2021 01 16 13 06 MIN    15
2021 01 16 19 19 MAX   849
2021 01 17 01 45 MIN   105
2021 01 17 07 30 MAX   762
2021 01 17 13 42 MIN    43
2021 01 17 19 52 MAX   822
2021 01 18 02 17 MIN   125
2021 01 18 08 06 MAX   742
2021 01 18 14 16 MIN    84
2021 01 18 20 23 MAX   785
2021 01 19 02 48 MIN   150
2021 01 19 08 41 MAX   712
2021 01 19 14 49 MIN   138
2021 01 19 20 53 MAX   740
2021 01 20 03 20 MIN   181
2021 01 20 09 20 MAX   675
2021 01 20 15 25 MIN   199
2021 01 20 21 27 MAX   688
2021 01 21 03 55 MIN   213
2021 01 21 10 07 MAX   637
2021 01 21 16 09 MIN   262
2021 01 21 22 10 MAX   634
2021 01 22 04 42 MIN   244
2021 01 22 11 10 MAX   607
2021 01 22 17 12 MIN   316
2021 01 22 23 13 MAX   585
2021 01 23 05 51 MIN   263
2021 01 23 12 32 MAX   604
2021 01 23 18 46 MIN   338
2021 01 24 00 40 MAX   562
2021 01 24 07 12 MIN   252
2021 01 24 13 50 MAX   633
2021 01 24 20 17 MIN   314
2021 01 25 02 01 MAX   576
2021 01 25 08 19 MIN   214
2021 01 25 14 51 MAX   680
2021 01 25 21 19 MIN   268
2021 01 26 03 01 MAX   613
2021 01 26 09 13 MIN   166
2021 01 26 15 39 MAX   731
2021 01 26 22 08 MIN   219
2021 01 27 03 50 MAX   656
2021 01 27 10 00 MIN   116
2021 01 27 16 22 MAX   778
2021 01 27 22 50 MIN   174
2021 01 28 04 33 MAX   698
2021 01 28 10 44 MIN    69
2021 01 28 17 02 MAX   818
2021 01 28 23 30 MIN   135
2021 01 29 05 14 MAX   735
2021 01 29 11 27 MIN    31
2021 01 29 17 41 MAX   848
2021 01 30 00 09 MIN   104
2021 01 30 05 53 MAX   765
2021 01 30 12 09 MIN     3
2021 01 30 18 20 MAX   868
2021 01 31 00 46 MIN    79
2021 01 31 06 32 MAX   786
2021 01 31 12 49 MIN   -10
2021 01 31 18 57 MAX   874
2021 02 01 01 23 MIN    64
2021 02 01 07 11 MAX   797
2021 02 01 13 29 MIN    -5
2021 02 01 19 34 MAX   866
2021 02 02 01 59 MIN    60
2021 02 02 07 50 MAX   794
2021 02 02 14 08 MIN    22
2021 02 02 20 11 MAX   841
2021 02 03 02 36 MIN    68
2021 02 03 08 31 MAX   778
2021 02 03 14 48 MIN    69
2021 02 03 20 49 MAX   799
2021 02 04 03 15 MIN    90
2021 02 04 09 17 MAX   749
2021 02 04 15 33 MIN   134
2021 02 04 21 33 MAX   741
2021 02 05 04 00 MIN   124
2021 02 05 10 12 MAX   711
2021 02 05 16 27 MIN   208
2021 02 05 22 27 MAX   675
2021 02 06 04 57 MIN   162
2021 02 06 11 25 MAX   679
2021 02 06 17 45 MIN   270
2021 02 06 23 43 MAX   618
2021 02 07 06 15 MIN   187
2021 02 07 12 57 MAX   675
2021 02 07 19 29 MIN   285
2021 02 08 01 20 MAX   601
2021 02 08 07 44 MIN   175
2021 02 08 14 25 MAX   709
2021 02 08 20 59 MIN   246
2021 02 09 02 45 MAX   630
2021 02 09 08 59 MIN   133
2021 02 09 15 33 MAX   762
2021 02 09 22 04 MIN   189
2021 02 10 03 48 MAX   681
2021 02 10 10 00 MIN    83
2021 02 10 16 27 MAX   811
2021 02 10 22 54 MIN   137
2021 02 11 04 39 MAX   731
2021 02 11 10 51 MIN    39
2021 02 11 17 12 MAX   845
2021 02 11 23 37 MIN    98
2021 02 12 05 23 MAX   770
2021 02 12 11 35 MIN    10
2021 02 12 17 51 MAX   862
2021 02 13 00 15 MIN    75
2021 02 13 06 01 MAX   795
2021 02 13 12 14 MIN    -2
2021 02 13 18 25 MAX   863
2021 02 14 00 49 MIN    66
2021 02 14 06 36 MAX   805
2021 02 14 12 49 MIN     5
2021 02 14 18 56 MAX   852
2021 02 15 01 18 MIN    69
2021 02 15 07 09 MAX   801
2021 02 15 13 21 MIN    28
2021 02 15 19 23 MAX   831
2021 02 16 01 45 MIN    80
2021 02 16 07 39 MAX   785
2021 02 16 13 50 MIN    64
2021 02 16 19 48 MAX   802
2021 02 17 02 10 MIN    99
2021 02 17 08 08 MAX   760
2021 02 17 14 18 MIN   112
2021 02 17 20 14 MAX   763
2021 02 18 02 34 MIN   125
2021 02 18 08 39 MAX   725
2021 02 18 14 47 MIN   169
2021 02 18 20 41 MAX   715
2021 02 19 03 01 MIN   160
2021 02 19 09 14 MAX   683
2021 02 19 15 20 MIN   233
2021 02 19 21 13 MAX   656
2021 02 20 03 34 MIN   202
2021 02 20 09 59 MAX   639
2021 02 20 16 04 MIN   300
2021 02 20 21 56 MAX   592
2021 02 21 04 23 MIN   248
2021 02 21 11 08 MAX   603
2021 02 21 17 19 MIN   355
2021 02 21 23 11 MAX   537
2021 02 22 05 46 MIN   278
2021 02 22 12 48 MAX   602
2021 02 22 19 28 MIN   358
2021 02 23 01 08 MAX   528
2021 02 23 07 29 MIN   262
2021 02 23 14 14 MAX   644
2021 02 23 20 55 MIN   306
2021 02 24 02 34 MAX   571
2021 02 24 08 43 MIN   206
2021 02 24 15 15 MAX   706
2021 02 24 21 49 MIN   240
2021 02 25 03 30 MAX   636
2021 02 25 09 40 MIN   138
2021 02 25 16 02 MAX   769
2021 02 25 22 32 MIN   174
2021 02 26 04 16 MAX   703
2021 02 26 10 29 MIN    72
2021 02 26 16 44 MAX   824
2021 02 26 23 11 MIN   115
2021 02 27 04 58 MAX   763
2021 02 27 11 14 MIN    16
2021 02 27 17 24 MAX   866
2021 02 27 23 50 MIN    64
2021 02 28 05 38 MAX   812
2021 02 28 11 56 MIN   -24
2021 02 28 18 02 MAX   892
2021 03 01 00 26 MIN    25
2021 03 01 06 18 MAX   845
2021 03 01 12 37 MIN   -40
2021 03 01 18 39 MAX   899
2021 03 02 01 02 MIN     2
2021 03 02 06 56 MAX   860
2021 03 02 13 16 MIN   -31
2021 03 02 19 15 MAX   885
2021 03 03 01 38 MIN    -3
2021 03 03 07 35 MAX   856
2021 03 03 13 54 MIN     5
2021 03 03 19 51 MAX   851
2021 03 04 02 12 MIN    12
2021 03 04 08 15 MAX   832
2021 03 04 14 33 MIN    64
2021 03 04 20 27 MAX   798
2021 03 05 02 48 MIN    49
2021 03 05 08 57 MAX   789
2021 03 05 15 14 MIN   143
2021 03 05 21 06 MAX   729
2021 03 06 03 29 MIN   103
2021 03 06 09 48 MAX   734
2021 03 06 16 05 MIN   230
2021 03 06 21 56 MAX   650
2021 03 07 04 21 MIN   169
2021 03 07 10 57 MAX   677
2021 03 07 17 23 MIN   306
2021 03 07 23 13 MAX   578
2021 03 08 05 43 MIN   223
2021 03 08 12 40 MAX   653
2021 03 08 19 26 MIN   319
2021 03 09 01 11 MAX   561
2021 03 09 07 30 MIN   222
2021 03 09 14 20 MAX   686
2021 03 09 20 58 MIN   263
2021 03 10 02 43 MAX   612
2021 03 10 08 53 MIN   172
2021 03 10 15 28 MAX   745
2021 03 10 21 56 MIN   192
2021 03 11 03 43 MAX   684
2021 03 11 09 52 MIN   109
2021 03 11 16 17 MAX   798
2021 03 11 22 39 MIN   131
2021 03 12 04 29 MAX   749
2021 03 12 10 40 MIN    58
2021 03 12 16 55 MAX   833
2021 03 12 23 17 MIN    87
2021 03 13 05 07 MAX   796
2021 03 13 11 20 MIN    26
2021 03 13 17 29 MAX   849
2021 03 13 23 50 MIN    61
2021 03 14 05 42 MAX   823
2021 03 14 11 55 MIN    14
2021 03 14 17 59 MAX   851
2021 03 15 00 20 MIN    49
2021 03 15 06 14 MAX   834
2021 03 15 12 28 MIN    21
2021 03 15 18 26 MAX   842
2021 03 16 00 47 MIN    48
2021 03 16 06 43 MAX   831
2021 03 16 12 57 MIN    41
2021 03 16 18 51 MAX   825
2021 03 17 01 11 MIN    54
2021 03 17 07 10 MAX   818
2021 03 17 13 24 MIN    72
2021 03 17 19 16 MAX   801
2021 03 18 01 34 MIN    69
2021 03 18 07 37 MAX   796
2021 03 18 13 50 MIN   112
2021 03 18 19 40 MAX   768
2021 03 19 01 57 MIN    92
2021 03 19 08 04 MAX   767
2021 03 19 14 17 MIN   162
2021 03 19 20 06 MAX   724
2021 03 20 02 22 MIN   127
2021 03 20 08 34 MAX   729
2021 03 20 14 47 MIN   221
2021 03 20 20 34 MAX   669
2021 03 21 02 51 MIN   172
2021 03 21 09 12 MAX   684
2021 03 21 15 25 MIN   285
2021 03 21 21 11 MAX   606
2021 03 22 03 30 MIN   226
2021 03 22 10 08 MAX   637
2021 03 22 16 23 MIN   347
2021 03 22 22 10 MAX   544
2021 03 23 04 36 MIN   277
2021 03 23 11 41 MAX   609
2021 03 23 18 27 MIN   372
2021 03 24 00 12 MAX   516
2021 03 24 06 33 MIN   287
2021 03 24 13 30 MAX   636
2021 03 24 20 20 MIN   321
2021 03 25 02 01 MAX   563
2021 03 25 08 10 MIN   234
2021 03 25 14 42 MAX   700
2021 03 25 21 18 MIN   244
2021 03 26 03 04 MAX   645
2021 03 26 09 15 MIN   156
2021 03 26 15 34 MAX   770
2021 03 26 22 03 MIN   164
2021 03 27 03 52 MAX   730
2021 03 27 10 07 MIN    78
2021 03 27 16 17 MAX   832
2021 03 27 22 43 MIN    90
2021 03 28 04 36 MAX   806
2021 03 28 10 54 MIN    16
2021 03 28 16 58 MAX   876
2021 03 28 23 22 MIN    29
2021 03 29 05 17 MAX   864
2021 03 29 11 38 MIN   -23
2021 03 29 17 37 MAX   898
2021 03 30 00 00 MIN   -14
2021 03 30 00 00 MIN   -14
2021 03 30 05 58 MAX   899
2021 03 30 12 19 MIN   -35
2021 03 30 18 16 MAX   898
2021 03 31 00 37 MIN   -36
2021 03 31 06 38 MAX   911
2021 03 31 12 59 MIN   -18
2021 03 31 18 53 MAX   876
2021 04 01 01 13 MIN   -33
2021 04 01 07 17 MAX   899
2021 04 01 13 39 MIN    26
2021 04 01 19 30 MAX   835
2021 04 02 01 48 MIN    -7
2021 04 02 07 57 MAX   866
2021 04 02 14 18 MIN    91
2021 04 02 20 07 MAX   777
2021 04 03 02 25 MIN    43
2021 04 03 08 40 MAX   814
2021 04 03 15 00 MIN   171
2021 04 03 20 47 MAX   707
2021 04 04 03 05 MIN   111
2021 04 04 09 30 MAX   749
2021 04 04 15 53 MIN   255
2021 04 04 21 39 MAX   630
2021 04 05 03 58 MIN   188
2021 04 05 10 39 MAX   685
2021 04 05 17 16 MIN   320
2021 04 05 23 02 MAX   567
2021 04 06 05 24 MIN   250
2021 04 06 12 23 MAX   656
2021 04 06 19 14 MIN   319
2021 04 07 01 01 MAX   566
2021 04 07 07 15 MIN   252
2021 04 07 14 03 MAX   683
2021 04 07 20 37 MIN   260
2021 04 08 02 29 MAX   628
2021 04 08 08 37 MIN   201
2021 04 08 15 07 MAX   734
2021 04 08 21 31 MIN   192
2021 04 09 03 25 MAX   704
2021 04 09 09 34 MIN   142
2021 04 09 15 51 MAX   780
2021 04 09 22 12 MIN   134
2021 04 10 04 07 MAX   769
2021 04 10 10 18 MIN    95
2021 04 10 16 27 MAX   809
2021 04 10 22 46 MIN    92
2021 04 11 04 43 MAX   815
2021 04 11 10 56 MIN    67
2021 04 11 16 59 MAX   823
2021 04 11 23 18 MIN    66
2021 04 12 05 16 MAX   840
2021 04 12 11 31 MIN    58
2021 04 12 17 27 MAX   824
2021 04 12 23 46 MIN    53
2021 04 13 05 46 MAX   849
2021 04 13 12 02 MIN    63
2021 04 13 17 54 MAX   818
2021 04 14 00 12 MIN    49
2021 04 14 06 15 MAX   848
2021 04 14 12 31 MIN    78
2021 04 14 18 20 MAX   806
2021 04 15 00 37 MIN    53
2021 04 15 06 42 MAX   838
2021 04 15 12 59 MIN   102
2021 04 15 18 46 MAX   786
2021 04 16 01 01 MIN    65
2021 04 16 07 09 MAX   821
2021 04 16 13 26 MIN   133
2021 04 16 19 12 MAX   758
2021 04 17 01 26 MIN    87
2021 04 17 07 36 MAX   798
2021 04 17 13 54 MIN   174
2021 04 17 19 40 MAX   720
2021 04 18 01 53 MIN   118
2021 04 18 08 07 MAX   768
2021 04 18 14 26 MIN   222
2021 04 18 20 10 MAX   674
2021 04 19 02 23 MIN   161
2021 04 19 08 44 MAX   729
2021 04 19 15 03 MIN   276
2021 04 19 20 48 MAX   623
2021 04 20 03 03 MIN   211
2021 04 20 09 34 MAX   684
2021 04 20 15 58 MIN   327
2021 04 20 21 45 MAX   572
2021 04 21 04 03 MIN   262
2021 04 21 10 53 MAX   650
2021 04 21 17 36 MIN   351
2021 04 21 23 28 MAX   548
2021 04 22 05 46 MIN   285
2021 04 22 12 36 MAX   657
2021 04 22 19 25 MIN   312
2021 04 23 01 18 MAX   591
2021 04 23 07 30 MIN   246
2021 04 23 13 58 MAX   708
2021 04 23 20 33 MIN   235
2021 04 24 02 29 MAX   676
2021 04 24 08 43 MIN   174
2021 04 24 14 56 MAX   772
2021 04 24 21 23 MIN   151
2021 04 25 03 22 MAX   768
2021 04 25 09 40 MIN   101
2021 04 25 15 44 MAX   827
2021 04 25 22 08 MIN    74
2021 04 26 04 08 MAX   846
2021 04 26 10 30 MIN    44
2021 04 26 16 28 MAX   864
2021 04 26 22 50 MIN    14
2021 04 27 04 52 MAX   902
2021 04 27 11 16 MIN    12
2021 04 27 17 10 MAX   879
2021 04 27 23 31 MIN   -24
2021 04 28 05 35 MAX   932
2021 04 28 12 00 MIN     7
2021 04 28 17 51 MAX   872
2021 04 29 00 10 MIN   -38
2021 04 29 06 18 MAX   937
2021 04 29 12 43 MIN    28
2021 04 29 18 32 MAX   847
2021 04 30 00 49 MIN   -27
2021 04 30 07 00 MAX   919
2021 04 30 13 24 MIN    70
2021 04 30 19 12 MAX   807
2021 05 01 01 27 MIN     6
2021 05 01 07 43 MAX   883
2021 05 01 14 07 MIN   128
2021 05 01 19 52 MAX   756
2021 05 02 02 06 MIN    59
2021 05 02 08 28 MAX   831
2021 05 02 14 53 MIN   194
2021 05 02 20 37 MAX   698
2021 05 03 02 50 MIN   127
2021 05 03 09 18 MAX   771
2021 05 03 15 48 MIN   259
2021 05 03 21 33 MAX   639
2021 05 04 03 45 MIN   200
2021 05 04 10 24 MAX   712
2021 05 04 17 05 MIN   303
2021 05 04 22 52 MAX   597
2021 05 05 05 05 MIN   258
2021 05 05 11 51 MAX   677
2021 05 05 18 37 MIN   303
2021 05 06 00 31 MAX   600
2021 05 06 06 42 MIN   270
2021 05 06 13 20 MAX   682
2021 05 06 19 55 MIN   262
2021 05 07 01 54 MAX   650
2021 05 07 08 03 MIN   240
2021 05 07 14 25 MAX   712
2021 05 07 20 49 MIN   208
2021 05 08 02 52 MAX   715
2021 05 08 09 02 MIN   196
2021 05 08 15 12 MAX   744
2021 05 08 21 32 MIN   158
2021 05 09 03 36 MAX   773
2021 05 09 09 48 MIN   158
2021 05 09 15 50 MAX   768
2021 05 09 22 08 MIN   119
2021 05 10 04 13 MAX   814
2021 05 10 10 28 MIN   133
2021 05 10 16 22 MAX   782
2021 05 10 22 40 MIN    92
2021 05 11 04 46 MAX   839
2021 05 11 11 03 MIN   121
2021 05 11 16 53 MAX   788
2021 05 11 23 09 MIN    76
2021 05 12 05 17 MAX   851
2021 05 12 11 35 MIN   120
2021 05 12 17 23 MAX   788
2021 05 12 23 37 MIN    69
2021 05 13 05 47 MAX   853
2021 05 13 12 06 MIN   126
2021 05 13 17 52 MAX   781
2021 05 14 00 06 MIN    70
2021 05 14 06 16 MAX   849
2021 05 14 12 37 MIN   140
2021 05 14 18 22 MAX   767
2021 05 15 00 34 MIN    79
2021 05 15 06 46 MAX   839
2021 05 15 13 08 MIN   161
2021 05 15 18 52 MAX   747
2021 05 16 01 03 MIN    96
2021 05 16 07 16 MAX   824
2021 05 16 13 40 MIN   189
2021 05 16 19 23 MAX   721
2021 05 17 01 34 MIN   121
2021 05 17 07 49 MAX   803
2021 05 17 14 14 MIN   223
2021 05 17 19 57 MAX   690
2021 05 18 02 09 MIN   154
2021 05 18 08 28 MAX   774
2021 05 18 14 54 MIN   259
2021 05 18 20 38 MAX   655
2021 05 19 02 51 MIN   195
2021 05 19 09 16 MAX   740
2021 05 19 15 47 MIN   291
2021 05 19 21 35 MAX   624
2021 05 20 03 50 MIN   237
2021 05 20 10 22 MAX   708
2021 05 20 17 01 MIN   303
2021 05 20 22 58 MAX   612
2021 05 21 05 13 MIN   262
2021 05 21 11 46 MAX   699
2021 05 21 18 26 MIN   278
2021 05 22 00 32 MAX   645
2021 05 22 06 45 MIN   247
2021 05 22 13 07 MAX   723
2021 05 22 19 40 MIN   217
2021 05 23 01 48 MAX   716
2021 05 23 08 05 MIN   200
2021 05 23 14 13 MAX   765
2021 05 23 20 39 MIN   145
2021 05 24 02 48 MAX   797
2021 05 24 09 09 MIN   145
2021 05 24 15 08 MAX   805
2021 05 24 21 30 MIN    77
2021 05 25 03 40 MAX   866
2021 05 25 10 04 MIN   101
2021 05 25 15 57 MAX   831
2021 05 25 22 17 MIN    26
2021 05 26 04 28 MAX   914
2021 05 26 10 55 MIN    76
2021 05 26 16 44 MAX   840
2021 05 26 23 03 MIN    -3
2021 05 27 05 15 MAX   938
2021 05 27 11 43 MIN    71
2021 05 27 17 29 MAX   834
2021 05 27 23 47 MIN   -11
2021 05 28 06 01 MAX   940
2021 05 28 12 29 MIN    85
2021 05 28 18 14 MAX   816
2021 05 29 00 29 MIN     1
2021 05 29 06 47 MAX   924
2021 05 29 13 14 MIN   113
2021 05 29 18 59 MAX   790
2021 05 30 01 12 MIN    30
2021 05 30 07 32 MAX   895
2021 05 30 13 59 MIN   150
2021 05 30 19 44 MAX   758
2021 05 31 01 55 MIN    74
2021 05 31 08 17 MAX   854
2021 05 31 14 46 MIN   192
2021 05 31 20 30 MAX   722
2021 06 01 02 41 MIN   129
2021 06 01 09 05 MAX   805
2021 06 01 15 36 MIN   234
2021 06 01 21 23 MAX   684
2021 06 02 03 32 MIN   191
2021 06 02 09 58 MAX   754
2021 06 02 16 34 MIN   267
2021 06 02 22 26 MAX   653
2021 06 03 04 34 MIN   247
2021 06 03 11 01 MAX   709
2021 06 03 17 42 MIN   282
2021 06 03 23 43 MAX   643
2021 06 04 05 50 MIN   284
2021 06 04 12 14 MAX   684
2021 06 04 18 53 MIN   270
2021 06 05 01 02 MAX   665
2021 06 05 07 10 MIN   288
2021 06 05 13 24 MAX   683
2021 06 05 19 54 MIN   238
2021 06 06 02 07 MAX   708
2021 06 06 08 19 MIN   266
2021 06 06 14 20 MAX   698
2021 06 06 20 43 MIN   199
2021 06 07 02 57 MAX   754
2021 06 07 09 12 MIN   237
2021 06 07 15 06 MAX   718
2021 06 07 21 24 MIN   162
2021 06 08 03 38 MAX   794
2021 06 08 09 56 MIN   210
2021 06 08 15 45 MAX   736
2021 06 08 22 00 MIN   133
2021 06 09 04 15 MAX   822
2021 06 09 10 35 MIN   190
2021 06 09 16 21 MAX   750
2021 06 09 22 34 MIN   111
2021 06 10 04 49 MAX   841
2021 06 10 11 11 MIN   177
2021 06 10 16 55 MAX   759
2021 06 10 23 07 MIN    98
2021 06 11 05 22 MAX   852
2021 06 11 11 46 MIN   171
2021 06 11 17 30 MAX   762
2021 06 11 23 41 MIN    92
2021 06 12 05 56 MAX   857
2021 06 12 12 21 MIN   172
2021 06 12 18 04 MAX   760
2021 06 13 00 15 MIN    92
2021 06 13 06 29 MAX   857
2021 06 13 12 55 MIN   178
2021 06 13 18 38 MAX   753
2021 06 14 00 49 MIN    98
2021 06 14 07 03 MAX   852
2021 06 14 13 30 MIN   190
2021 06 14 19 13 MAX   742
2021 06 15 01 24 MIN   112
2021 06 15 07 38 MAX   842
2021 06 15 14 06 MIN   205
2021 06 15 19 50 MAX   728
2021 06 16 02 03 MIN   134
2021 06 16 08 17 MAX   824
2021 06 16 14 46 MIN   221
2021 06 16 20 32 MAX   711
2021 06 17 02 46 MIN   164
2021 06 17 09 02 MAX   799
2021 06 17 15 33 MIN   235
2021 06 17 21 24 MAX   694
2021 06 18 03 38 MIN   201
2021 06 18 09 56 MAX   768
2021 06 18 16 29 MIN   242
2021 06 18 22 31 MAX   686
2021 06 19 04 44 MIN   235
2021 06 19 11 02 MAX   742
2021 06 19 17 37 MIN   232
2021 06 19 23 49 MAX   701
2021 06 20 06 03 MIN   251
2021 06 20 12 17 MAX   733
2021 06 20 18 49 MIN   201
2021 06 21 01 08 MAX   744
2021 06 21 07 26 MIN   240
2021 06 21 13 30 MAX   743
2021 06 21 19 56 MIN   153
2021 06 22 02 15 MAX   802
2021 06 22 08 40 MIN   208
2021 06 22 14 34 MAX   763
2021 06 22 20 56 MIN   102
2021 06 23 03 15 MAX   858
2021 06 23 09 43 MIN   173
2021 06 23 15 32 MAX   783
2021 06 23 21 50 MIN    61
2021 06 24 04 09 MAX   900
2021 06 24 10 39 MIN   145
2021 06 24 16 25 MAX   797
2021 06 24 22 41 MIN    35
2021 06 25 05 01 MAX   924
2021 06 25 11 31 MIN   130
2021 06 25 17 15 MAX   805
2021 06 25 23 30 MIN    23
2021 06 26 05 50 MAX   933
2021 06 26 12 20 MIN   125
2021 06 26 18 03 MAX   806
2021 06 27 00 17 MIN    25
2021 06 27 06 37 MAX   928
2021 06 27 13 06 MIN   131
2021 06 27 18 49 MAX   801
2021 06 28 01 02 MIN    40
2021 06 28 07 21 MAX   911
2021 06 28 13 49 MIN   145
2021 06 28 19 33 MAX   789
2021 06 29 01 45 MIN    70
2021 06 29 08 02 MAX   882
2021 06 29 14 30 MIN   167
2021 06 29 20 16 MAX   770
2021 06 30 02 26 MIN   113
2021 06 30 08 42 MAX   843
2021 06 30 15 10 MIN   195
2021 06 30 21 00 MAX   743
2021 07 01 03 09 MIN   167
2021 07 01 09 22 MAX   795
2021 07 01 15 52 MIN   225
2021 07 01 21 49 MAX   712
2021 07 02 03 55 MIN   229
2021 07 02 10 06 MAX   743
2021 07 02 16 40 MIN   253
2021 07 02 22 47 MAX   684
2021 07 03 04 50 MIN   287
2021 07 03 11 00 MAX   694
2021 07 03 17 37 MIN   271
2021 07 03 23 57 MAX   673
2021 07 04 06 01 MIN   328
2021 07 04 12 06 MAX   661
2021 07 04 18 43 MIN   269
2021 07 05 01 10 MAX   687
2021 07 05 07 22 MIN   336
2021 07 05 13 17 MAX   652
2021 07 05 19 46 MIN   247
2021 07 06 02 13 MAX   720
2021 07 06 08 32 MIN   315
2021 07 06 14 19 MAX   665
2021 07 06 20 38 MIN   215
2021 07 07 03 04 MAX   759
2021 07 07 09 26 MIN   282
2021 07 07 15 10 MAX   689
2021 07 07 21 23 MIN   180
2021 07 08 03 47 MAX   796
2021 07 08 10 11 MIN   248
2021 07 08 15 54 MAX   715
2021 07 08 22 04 MIN   149
2021 07 09 04 26 MAX   826
2021 07 09 10 52 MIN   220
2021 07 09 16 34 MAX   739
2021 07 09 22 44 MIN   122
2021 07 10 05 03 MAX   851
2021 07 10 11 30 MIN   198
2021 07 10 17 12 MAX   758
2021 07 10 23 23 MIN   101
2021 07 11 05 40 MAX   869
2021 07 11 12 07 MIN   181
2021 07 11 17 50 MAX   773
2021 07 12 00 01 MIN    87
2021 07 12 06 16 MAX   882
2021 07 12 12 44 MIN   170
2021 07 12 18 26 MAX   783
2021 07 13 00 40 MIN    79
2021 07 13 06 51 MAX   888
2021 07 13 13 19 MIN   163
2021 07 13 19 03 MAX   787
2021 07 14 01 18 MIN    82
2021 07 14 07 27 MAX   886
2021 07 14 13 55 MIN   160
2021 07 14 19 40 MAX   786
2021 07 15 01 57 MIN    97
2021 07 15 08 04 MAX   873
2021 07 15 14 32 MIN   163
2021 07 15 20 21 MAX   779
2021 07 16 02 37 MIN   126
2021 07 16 08 43 MAX   847
2021 07 16 15 12 MIN   171
2021 07 16 21 07 MAX   765
2021 07 17 03 23 MIN   170
2021 07 17 09 28 MAX   808
2021 07 17 15 58 MIN   183
2021 07 17 22 03 MAX   747
2021 07 18 04 17 MIN   222
2021 07 18 10 23 MAX   762
2021 07 18 16 54 MIN   196
2021 07 18 23 12 MAX   736
2021 07 19 05 25 MIN   270
2021 07 19 11 31 MAX   720
2021 07 19 18 03 MIN   199
2021 07 20 00 32 MAX   746
2021 07 20 06 53 MIN   291
2021 07 20 12 52 MAX   700
2021 07 20 19 19 MIN   182
2021 07 21 01 52 MAX   781
2021 07 21 08 21 MIN   274
2021 07 21 14 10 MAX   708
2021 07 21 20 31 MIN   146
2021 07 22 03 01 MAX   828
2021 07 22 09 33 MIN   234
2021 07 22 15 18 MAX   736
2021 07 22 21 33 MIN   105
2021 07 23 04 01 MAX   873
2021 07 23 10 33 MIN   190
2021 07 23 16 16 MAX   770
2021 07 23 22 30 MIN    69
2021 07 24 04 54 MAX   908
2021 07 24 11 24 MIN   154
2021 07 24 17 07 MAX   801
2021 07 24 23 21 MIN    43
2021 07 25 05 42 MAX   929
2021 07 25 12 10 MIN   130
2021 07 25 17 54 MAX   823
2021 07 26 00 08 MIN    30
2021 07 26 06 24 MAX   934
2021 07 26 12 52 MIN   118
2021 07 26 18 36 MAX   835
2021 07 27 00 50 MIN    34
2021 07 27 07 03 MAX   924
2021 07 27 13 29 MIN   119
2021 07 27 19 16 MAX   834
2021 07 28 01 28 MIN    55
2021 07 28 07 38 MAX   901
2021 07 28 14 03 MIN   132
2021 07 28 19 53 MAX   820
2021 07 29 02 04 MIN    94
2021 07 29 08 10 MAX   866
2021 07 29 14 35 MIN   153
2021 07 29 20 30 MAX   795
2021 07 30 02 38 MIN   147
2021 07 30 08 41 MAX   821
2021 07 30 15 06 MIN   183
2021 07 30 21 08 MAX   760
2021 07 31 03 14 MIN   211
2021 07 31 09 13 MAX   768
2021 07 31 15 40 MIN   217
2021 07 31 21 51 MAX   720
2021 08 01 03 54 MIN   280
2021 08 01 09 52 MAX   709
2021 08 01 16 21 MIN   254
2021 08 01 22 47 MAX   683
2021 08 02 04 48 MIN   344
2021 08 02 10 45 MAX   651
2021 08 02 17 19 MIN   285
2021 08 03 00 03 MAX   665
2021 08 03 06 13 MIN   384
2021 08 03 12 04 MAX   612
2021 08 03 18 39 MIN   293
2021 08 04 01 25 MAX   679
2021 08 04 07 52 MIN   375
2021 08 04 13 33 MAX   612
2021 08 04 19 54 MIN   269
2021 08 05 02 32 MAX   718
2021 08 05 09 02 MIN   333
2021 08 05 14 42 MAX   644
2021 08 05 20 53 MIN   227
2021 08 06 03 23 MAX   766
2021 08 06 09 53 MIN   283
2021 08 06 15 34 MAX   688
2021 08 06 21 42 MIN   179
2021 08 07 04 07 MAX   813
2021 08 07 10 35 MIN   236
2021 08 07 16 17 MAX   733
2021 08 07 22 26 MIN   133
2021 08 08 04 46 MAX   853
2021 08 08 11 13 MIN   195
2021 08 08 16 56 MAX   773
2021 08 08 23 08 MIN    93
2021 08 09 05 23 MAX   886
2021 08 09 11 50 MIN   160
2021 08 09 17 34 MAX   807
2021 08 09 23 49 MIN    62
2021 08 10 05 59 MAX   909
2021 08 10 12 26 MIN   131
2021 08 10 18 12 MAX   832
2021 08 11 00 29 MIN    44
2021 08 11 06 35 MAX   921
2021 08 11 13 01 MIN   110
2021 08 11 18 49 MAX   847
2021 08 12 01 07 MIN    43
2021 08 12 07 10 MAX   918
2021 08 12 13 36 MIN    98
2021 08 12 19 26 MAX   850
2021 08 13 01 45 MIN    61
2021 08 13 07 45 MAX   900
2021 08 13 14 10 MIN    99
2021 08 13 20 05 MAX   841
2021 08 14 02 23 MIN   100
2021 08 14 08 21 MAX   865
2021 08 14 14 47 MIN   113
2021 08 14 20 47 MAX   818
2021 08 15 03 04 MIN   159
2021 08 15 09 01 MAX   813
2021 08 15 15 27 MIN   142
2021 08 15 21 37 MAX   783
2021 08 16 03 52 MIN   230
2021 08 16 09 49 MAX   748
2021 08 16 16 17 MIN   181
2021 08 16 22 41 MAX   745
2021 08 17 04 57 MIN   301
2021 08 17 10 54 MAX   682
2021 08 17 17 25 MIN   218
2021 08 18 00 06 MAX   725
2021 08 18 06 35 MIN   339
2021 08 18 12 28 MAX   644
2021 08 18 18 56 MIN   225
2021 08 19 01 41 MAX   745
2021 08 19 08 19 MIN   315
2021 08 19 14 04 MAX   659
2021 08 19 20 21 MIN   191
2021 08 20 02 59 MAX   798
2021 08 20 09 33 MIN   253
2021 08 20 15 17 MAX   713
2021 08 20 21 29 MIN   136
2021 08 21 03 58 MAX   855
2021 08 21 10 28 MIN   190
2021 08 21 16 13 MAX   773
2021 08 21 22 25 MIN    83
2021 08 22 04 46 MAX   900
2021 08 22 11 13 MIN   139
2021 08 22 16 59 MAX   823
2021 08 22 23 12 MIN    44
2021 08 23 05 28 MAX   925
2021 08 23 11 53 MIN   105
2021 08 23 17 40 MAX   857
2021 08 23 23 54 MIN    25
2021 08 24 06 04 MAX   931
2021 08 24 12 29 MIN    89
2021 08 24 18 18 MAX   873
2021 08 25 00 32 MIN    27
2021 08 25 06 38 MAX   921
2021 08 25 13 01 MIN    87
2021 08 25 18 52 MAX   872
2021 08 26 01 06 MIN    49
2021 08 26 07 07 MAX   898
2021 08 26 13 30 MIN    96
2021 08 26 19 24 MAX   857
2021 08 27 01 37 MIN    88
2021 08 27 07 34 MAX   865
2021 08 27 13 56 MIN   116
2021 08 27 19 55 MAX   830
2021 08 28 02 07 MIN   139
2021 08 28 08 00 MAX   823
2021 08 28 14 21 MIN   144
2021 08 28 20 26 MAX   793
2021 08 29 02 36 MIN   201
2021 08 29 08 27 MAX   771
2021 08 29 14 47 MIN   181
2021 08 29 21 01 MAX   748
2021 08 30 03 08 MIN   269
2021 08 30 08 59 MAX   710
2021 08 30 15 19 MIN   228
2021 08 30 21 45 MAX   699
2021 08 31 03 50 MIN   339
2021 08 31 09 40 MAX   643
2021 08 31 16 03 MIN   280
2021 08 31 22 50 MAX   655
2021 09 01 04 59 MIN   399
2021 09 01 10 49 MAX   582
2021 09 01 17 20 MIN   321
2021 09 02 00 29 MAX   644
2021 09 02 07 11 MIN   408
2021 09 02 12 49 MAX   565
2021 09 02 19 08 MIN   315
2021 09 03 01 59 MAX   680
2021 09 03 08 42 MIN   356
2021 09 03 14 19 MAX   607
2021 09 03 20 26 MIN   264
2021 09 04 03 00 MAX   739
2021 09 04 09 33 MIN   290
2021 09 04 15 14 MAX   672
2021 09 04 21 21 MIN   197
2021 09 05 03 44 MAX   800
2021 09 05 10 13 MIN   225
2021 09 05 15 58 MAX   739
2021 09 05 22 08 MIN   131
2021 09 06 04 23 MAX   855
2021 09 06 10 50 MIN   166
2021 09 06 16 37 MAX   801
2021 09 06 22 52 MIN    74
2021 09 07 05 00 MAX   897
2021 09 07 11 26 MIN   114
2021 09 07 17 15 MAX   851
2021 09 07 23 33 MIN    33
2021 09 08 05 37 MAX   924
2021 09 08 12 02 MIN    73
2021 09 08 17 53 MAX   885
2021 09 09 00 13 MIN    13
2021 09 09 06 13 MAX   932
2021 09 09 12 37 MIN    46
2021 09 09 18 30 MAX   903
2021 09 10 00 51 MIN    17
2021 09 10 06 48 MAX   922
2021 09 10 13 11 MIN    36
2021 09 10 19 08 MAX   902
2021 09 11 01 29 MIN    46
2021 09 11 07 23 MAX   892
2021 09 11 13 45 MIN    45
2021 09 11 19 46 MAX   883
2021 09 12 02 07 MIN    98
2021 09 12 07 58 MAX   844
2021 09 12 14 20 MIN    74
2021 09 12 20 27 MAX   845
2021 09 13 02 47 MIN   169
2021 09 13 08 36 MAX   780
2021 09 13 14 59 MIN   123
2021 09 13 21 15 MAX   792
2021 09 14 03 34 MIN   252
2021 09 14 09 22 MAX   704
2021 09 14 15 47 MIN   187
2021 09 14 22 18 MAX   734
2021 09 15 04 42 MIN   330
2021 09 15 10 31 MAX   629
2021 09 15 16 59 MIN   248
2021 09 15 23 53 MAX   697
2021 09 16 06 38 MIN   359
2021 09 16 12 25 MAX   596
2021 09 16 18 47 MIN   263
2021 09 17 01 41 MAX   720
2021 09 17 08 23 MIN   308
2021 09 17 14 09 MAX   641
2021 09 17 20 19 MIN   215
2021 09 18 02 56 MAX   780
2021 09 18 09 26 MIN   231
2021 09 18 15 15 MAX   720
2021 09 18 21 24 MIN   147
2021 09 19 03 48 MAX   840
2021 09 19 10 12 MIN   160
2021 09 19 16 03 MAX   794
2021 09 19 22 14 MIN    86
2021 09 20 04 30 MAX   882
2021 09 20 10 52 MIN   108
2021 09 20 16 44 MAX   850
2021 09 20 22 57 MIN    47
2021 09 21 05 06 MAX   903
2021 09 21 11 27 MIN    75
2021 09 21 17 21 MAX   883
2021 09 21 23 35 MIN    31
2021 09 22 05 38 MAX   904
2021 09 22 11 59 MIN    60
2021 09 22 17 54 MAX   895
2021 09 23 00 10 MIN    38
2021 09 23 06 07 MAX   890
2021 09 23 12 28 MIN    59
2021 09 23 18 25 MAX   890
2021 09 24 00 41 MIN    62
2021 09 24 06 34 MAX   867
2021 09 24 12 54 MIN    69
2021 09 24 18 54 MAX   873
2021 09 25 01 10 MIN    98
2021 09 25 06 59 MAX   837
2021 09 25 13 18 MIN    87
2021 09 25 19 22 MAX   846
2021 09 26 01 37 MIN   143
2021 09 26 07 24 MAX   799
2021 09 26 13 41 MIN   114
2021 09 26 19 50 MAX   811
2021 09 27 02 04 MIN   196
2021 09 27 07 50 MAX   752
2021 09 27 14 06 MIN   153
2021 09 27 20 20 MAX   768
2021 09 28 02 34 MIN   257
2021 09 28 08 19 MAX   694
2021 09 28 14 34 MIN   203
2021 09 28 20 57 MAX   717
2021 09 29 03 10 MIN   321
2021 09 29 08 55 MAX   629
2021 09 29 15 11 MIN   261
2021 09 29 21 49 MAX   665
2021 09 30 04 07 MIN   383
2021 09 30 09 53 MAX   565
2021 09 30 16 14 MIN   318
2021 09 30 23 22 MAX   631
2021 10 01 06 16 MIN   407
2021 10 01 11 58 MAX   536
2021 10 01 18 13 MIN   336
2021 10 02 01 14 MAX   653
2021 10 02 08 06 MIN   354
2021 10 02 13 48 MAX   584
2021 10 02 19 53 MIN   284
2021 10 03 02 25 MAX   714
2021 10 03 09 00 MIN   278
2021 10 03 14 48 MAX   666
2021 10 03 20 56 MIN   206
2021 10 04 03 13 MAX   782
2021 10 04 09 40 MIN   199
2021 10 04 15 32 MAX   751
2021 10 04 21 45 MIN   128
2021 10 05 03 54 MAX   842
2021 10 05 10 18 MIN   126
2021 10 05 16 13 MAX   828
2021 10 05 22 30 MIN    64
2021 10 06 04 32 MAX   887
2021 10 06 10 55 MIN    64
2021 10 06 16 51 MAX   888
2021 10 06 23 13 MIN    22
2021 10 07 05 10 MAX   910
2021 10 07 11 32 MIN    19
2021 10 07 17 31 MAX   925
2021 10 07 23 54 MIN     6
2021 10 08 05 48 MAX   911
2021 10 08 12 09 MIN    -6
2021 10 08 18 10 MAX   939
2021 10 09 00 34 MIN    18
2021 10 09 06 25 MAX   891
2021 10 09 12 45 MIN    -8
2021 10 09 18 49 MAX   929
2021 10 10 01 13 MIN    55
2021 10 10 07 02 MAX   853
2021 10 10 13 21 MIN    13
2021 10 10 19 29 MAX   899
2021 10 11 01 53 MIN   113
2021 10 11 07 39 MAX   798
2021 10 11 13 57 MIN    57
2021 10 11 20 11 MAX   850
2021 10 12 02 35 MIN   186
2021 10 12 08 19 MAX   732
2021 10 12 14 37 MIN   120
2021 10 12 21 00 MAX   787
2021 10 13 03 26 MIN   265
2021 10 13 09 10 MAX   658
2021 10 13 15 28 MIN   195
2021 10 13 22 05 MAX   722
2021 10 14 04 43 MIN   329
2021 10 14 10 28 MAX   594
2021 10 14 16 47 MIN   262
2021 10 14 23 45 MAX   684
2021 10 15 06 37 MIN   335
2021 10 15 12 26 MAX   585
2021 10 15 18 39 MIN   273
2021 10 16 01 29 MAX   705
2021 10 16 08 06 MIN   276
2021 10 16 14 01 MAX   647
2021 10 16 20 07 MIN   223
2021 10 17 02 38 MAX   757
2021 10 17 09 03 MIN   202
2021 10 17 15 00 MAX   730
2021 10 17 21 08 MIN   158
2021 10 18 03 25 MAX   806
2021 10 18 09 46 MIN   137
2021 10 18 15 44 MAX   802
2021 10 18 21 55 MIN   105
2021 10 19 04 04 MAX   838
2021 10 19 10 22 MIN    89
2021 10 19 16 22 MAX   854
2021 10 19 22 36 MIN    72
2021 10 20 04 37 MAX   852
2021 10 20 10 55 MIN    60
2021 10 20 16 56 MAX   881
2021 10 20 23 12 MIN    62
2021 10 21 05 07 MAX   850
2021 10 21 11 26 MIN    47
2021 10 21 17 28 MAX   889
2021 10 21 23 45 MIN    70
2021 10 22 05 36 MAX   838
2021 10 22 11 53 MIN    47
2021 10 22 17 57 MAX   883
2021 10 23 00 16 MIN    90
2021 10 23 06 03 MAX   819
2021 10 23 12 19 MIN    56
2021 10 23 18 26 MAX   867
2021 10 24 00 44 MIN   118
2021 10 24 06 29 MAX   794
2021 10 24 12 44 MIN    72
2021 10 24 18 53 MAX   844
2021 10 25 01 12 MIN   153
2021 10 25 06 56 MAX   762
2021 10 25 13 09 MIN    98
2021 10 25 19 21 MAX   815
2021 10 26 01 40 MIN   195
2021 10 26 07 24 MAX   722
2021 10 26 13 35 MIN   134
2021 10 26 19 51 MAX   779
2021 10 27 02 11 MIN   242
2021 10 27 07 54 MAX   675
2021 10 27 14 05 MIN   179
2021 10 27 20 25 MAX   736
2021 10 28 02 47 MIN   294
2021 10 28 08 30 MAX   622
2021 10 28 14 42 MIN   232
2021 10 28 21 13 MAX   688
2021 10 29 03 39 MIN   343
2021 10 29 09 24 MAX   570
2021 10 29 15 38 MIN   286
2021 10 29 22 26 MAX   648
2021 10 30 05 13 MIN   368
2021 10 30 11 05 MAX   543
2021 10 30 17 16 MIN   316
2021 10 31 00 11 MAX   647
2021 10 31 07 04 MIN   333
2021 10 31 12 59 MAX   581
2021 10 31 19 05 MIN   284
2021 11 01 01 34 MAX   692
2021 11 01 08 10 MIN   258
2021 11 01 14 09 MAX   665
2021 11 01 20 19 MIN   212
2021 11 02 02 32 MAX   753
2021 11 02 08 58 MIN   174
2021 11 02 15 00 MAX   757
2021 11 02 21 15 MIN   138
2021 11 03 03 18 MAX   808
2021 11 03 09 41 MIN    95
2021 11 03 15 44 MAX   839
2021 11 03 22 05 MIN    77
2021 11 04 04 01 MAX   848
2021 11 04 10 22 MIN    31
2021 11 04 16 26 MAX   899
2021 11 04 22 50 MIN    40
2021 11 05 04 42 MAX   866
2021 11 05 11 03 MIN   -12
2021 11 05 17 08 MAX   934
2021 11 05 23 34 MIN    29
2021 11 06 05 23 MAX   862
2021 11 06 11 43 MIN   -31
2021 11 06 17 51 MAX   943
2021 11 07 00 18 MIN    42
2021 11 07 06 04 MAX   840
2021 11 07 12 22 MIN   -26
2021 11 07 18 33 MAX   928
2021 11 08 01 00 MIN    77
2021 11 08 06 45 MAX   804
2021 11 08 13 01 MIN     2
2021 11 08 19 17 MAX   893
2021 11 09 01 44 MIN   127
2021 11 09 07 27 MAX   756
2021 11 09 13 42 MIN    50
2021 11 09 20 02 MAX   844
2021 11 10 02 30 MIN   186
2021 11 10 08 13 MAX   702
2021 11 10 14 27 MIN   113
2021 11 10 20 53 MAX   786
2021 11 11 03 25 MIN   245
2021 11 11 09 08 MAX   646
2021 11 11 15 21 MIN   183
2021 11 11 21 56 MAX   728
2021 11 12 04 36 MIN   287
2021 11 12 10 24 MAX   603
2021 11 12 16 36 MIN   243
2021 11 12 23 19 MAX   688
2021 11 13 06 06 MIN   290
2021 11 13 12 01 MAX   601
2021 11 13 18 10 MIN   263
2021 11 14 00 49 MAX   686
2021 11 14 07 25 MIN   252
2021 11 14 13 28 MAX   649
2021 11 14 19 35 MIN   237
2021 11 15 01 59 MAX   712
2021 11 15 08 24 MIN   196
2021 11 15 14 30 MAX   716
2021 11 15 20 39 MIN   192
2021 11 16 02 50 MAX   743
2021 11 16 09 09 MIN   142
2021 11 16 15 16 MAX   778
2021 11 16 21 28 MIN   151
2021 11 17 03 30 MAX   766
2021 11 17 09 47 MIN   100
2021 11 17 15 55 MAX   822
2021 11 17 22 10 MIN   125
2021 11 18 04 05 MAX   779
2021 11 18 10 21 MIN    72
2021 11 18 16 30 MAX   848
2021 11 18 22 47 MIN   113
2021 11 19 04 37 MAX   782
2021 11 19 10 52 MIN    57
2021 11 19 17 02 MAX   857
2021 11 19 23 21 MIN   114
2021 11 20 05 07 MAX   778
2021 11 20 11 21 MIN    53
2021 11 20 17 33 MAX   854
2021 11 20 23 53 MIN   123
2021 11 21 05 38 MAX   767
2021 11 21 11 50 MIN    58
2021 11 21 18 02 MAX   844
2021 11 22 00 24 MIN   139
2021 11 22 06 07 MAX   752
2021 11 22 12 18 MIN    70
2021 11 22 18 32 MAX   829
2021 11 23 00 55 MIN   161
2021 11 23 06 37 MAX   730
2021 11 23 12 47 MIN    89
2021 11 23 19 02 MAX   810
2021 11 24 01 25 MIN   187
2021 11 24 07 08 MAX   704
2021 11 24 13 17 MIN   115
2021 11 24 19 33 MAX   787
2021 11 25 01 58 MIN   218
2021 11 25 07 41 MAX   672
2021 11 25 13 50 MIN   148
2021 11 25 20 08 MAX   757
2021 11 26 02 35 MIN   252
2021 11 26 08 18 MAX   638
2021 11 26 14 29 MIN   188
2021 11 26 20 52 MAX   722
2021 11 27 03 22 MIN   282
2021 11 27 09 09 MAX   605
2021 11 27 15 21 MIN   231
2021 11 27 21 50 MAX   687
2021 11 28 04 28 MIN   299
2021 11 28 10 23 MAX   585
2021 11 28 16 36 MIN   263
2021 11 28 23 08 MAX   667
2021 11 29 05 51 MIN   284
2021 11 29 11 57 MAX   604
2021 11 29 18 09 MIN   263
2021 11 30 00 33 MAX   678
2021 11 30 07 08 MIN   231
2021 11 30 13 19 MAX   667
2021 11 30 19 34 MIN   224
2021 12 01 01 43 MAX   713
2021 12 01 08 10 MIN   160
2021 12 01 14 21 MAX   747
2021 12 01 20 42 MIN   168
2021 12 02 02 40 MAX   753
2021 12 02 09 02 MIN    88
2021 12 02 15 14 MAX   822
2021 12 02 21 39 MIN   118
2021 12 03 03 31 MAX   785
2021 12 03 09 50 MIN    29
2021 12 03 16 03 MAX   878
2021 12 03 22 30 MIN    85
2021 12 04 04 18 MAX   801
2021 12 04 10 36 MIN   -10
2021 12 04 16 50 MAX   910
2021 12 04 23 19 MIN    71
2021 12 05 05 05 MAX   803
2021 12 05 11 21 MIN   -27
2021 12 05 17 37 MAX   919
2021 12 06 00 06 MIN    75
2021 12 06 05 50 MAX   792
2021 12 06 12 06 MIN   -24
2021 12 06 18 23 MAX   909
2021 12 07 00 53 MIN    93
2021 12 07 06 36 MAX   772
2021 12 07 12 50 MIN    -3
2021 12 07 19 10 MAX   884
2021 12 08 01 39 MIN   121
2021 12 08 07 22 MAX   746
2021 12 08 13 35 MIN    34
2021 12 08 19 56 MAX   848
2021 12 09 02 26 MIN   155
2021 12 09 08 10 MAX   714
2021 12 09 14 22 MIN    83
2021 12 09 20 44 MAX   802
2021 12 10 03 15 MIN   191
2021 12 10 09 01 MAX   678
2021 12 10 15 12 MIN   141
2021 12 10 21 36 MAX   751
2021 12 11 04 10 MIN   223
2021 12 11 10 02 MAX   646
2021 12 11 16 10 MIN   199
2021 12 11 22 35 MAX   703
2021 12 12 05 13 MIN   243
2021 12 12 11 14 MAX   629
2021 12 12 17 21 MIN   245
2021 12 12 23 45 MAX   667
2021 12 13 06 23 MIN   240
2021 12 13 12 35 MAX   640
2021 12 13 18 42 MIN   262
2021 12 14 00 58 MAX   655
2021 12 14 07 29 MIN   214
2021 12 14 13 45 MAX   677
2021 12 14 19 56 MIN   249
2021 12 15 02 00 MAX   663
2021 12 15 08 23 MIN   177
2021 12 15 14 41 MAX   722
2021 12 15 20 56 MIN   221
2021 12 16 02 51 MAX   680
2021 12 16 09 08 MIN   140
2021 12 16 15 26 MAX   762
2021 12 16 21 44 MIN   194
2021 12 17 03 33 MAX   697
2021 12 17 09 47 MIN   109
2021 12 17 16 05 MAX   791
2021 12 17 22 25 MIN   173
2021 12 18 04 10 MAX   712
2021 12 18 10 22 MIN    88
2021 12 18 16 40 MAX   808
2021 12 18 23 02 MIN   159
2021 12 19 04 45 MAX   722
2021 12 19 10 56 MIN    74
2021 12 19 17 14 MAX   816
2021 12 19 23 37 MIN   153
2021 12 20 05 20 MAX   727
2021 12 20 11 30 MIN    68
2021 12 20 17 46 MAX   819
2021 12 21 00 11 MIN   152
2021 12 21 05 53 MAX   726
2021 12 21 12 03 MIN    68
2021 12 21 18 18 MAX   818
2021 12 22 00 44 MIN   156
2021 12 22 06 26 MAX   721
2021 12 22 12 36 MIN    73
2021 12 22 18 50 MAX   813
2021 12 23 01 16 MIN   165
2021 12 23 06 59 MAX   711
2021 12 23 13 10 MIN    84
2021 12 23 19 22 MAX   804
2021 12 24 01 50 MIN   176
2021 12 24 07 33 MAX   699
2021 12 24 13 45 MIN   102
2021 12 24 19 57 MAX   789
2021 12 25 02 25 MIN   190
2021 12 25 08 09 MAX   682
2021 12 25 14 24 MIN   129
2021 12 25 20 36 MAX   765
2021 12 26 03 06 MIN   203
2021 12 26 08 54 MAX   664
2021 12 26 15 09 MIN   164
2021 12 26 21 22 MAX   733
2021 12 27 03 54 MIN   214
2021 12 27 09 51 MAX   648
2021 12 27 16 05 MIN   204
2021 12 27 22 20 MAX   698
2021 12 28 04 54 MIN   216
2021 12 28 11 04 MAX   646
2021 12 28 17 17 MIN   236
2021 12 28 23 32 MAX   673
2021 12 29 06 06 MIN   200
2021 12 29 12 26 MAX   671
2021 12 29 18 44 MIN   243
2021 12 30 00 50 MAX   667
2021 12 30 07 19 MIN   161
2021 12 30 13 43 MAX   722
2021 12 30 20 08 MIN   218
2021 12 31 02 03 MAX   684
2021 12 31 08 25 MIN   109
2021 12 31 14 48 MAX   780
2021 12 31 21 17 MIN   178
