 <API - 조위예측극치자료>

대상조위관측소 : 장항
위도(WGS84) : N 126.6875
경도(WGS84) : E 36.0069
관측기관 : 20201221 ~ 20220101

2020 12 21 02 16 MIN   176
2020 12 21 07 35 MAX   525
2020 12 21 14 03 MIN   161
2020 12 21 20 07 MAX   576
2020 12 22 03 02 MIN   197
2020 12 22 08 32 MAX   499
2020 12 22 14 54 MIN   206
2020 12 22 21 01 MAX   537
2020 12 23 03 58 MIN   209
2020 12 23 09 42 MAX   483
2020 12 23 16 05 MIN   240
2020 12 23 22 08 MAX   507
2020 12 24 05 02 MIN   207
2020 12 24 11 03 MAX   487
2020 12 24 17 29 MIN   249
2020 12 24 23 21 MAX   495
2020 12 25 06 05 MIN   189
2020 12 25 12 15 MAX   513
2020 12 25 18 43 MIN   234
2020 12 26 00 24 MAX   501
2020 12 26 06 58 MIN   161
2020 12 26 13 11 MAX   551
2020 12 26 19 40 MIN   207
2020 12 27 01 15 MAX   517
2020 12 27 07 43 MIN   130
2020 12 27 13 55 MAX   588
2020 12 27 20 27 MIN   179
2020 12 28 01 57 MAX   534
2020 12 28 08 24 MIN   100
2020 12 28 14 33 MAX   621
2020 12 28 21 10 MIN   154
2020 12 29 02 34 MAX   551
2020 12 29 09 05 MIN    74
2020 12 29 15 08 MAX   647
2020 12 29 21 50 MIN   135
2020 12 30 03 09 MAX   564
2020 12 30 09 45 MIN    54
2020 12 30 15 43 MAX   664
2020 12 30 22 32 MIN   122
2020 12 31 03 43 MAX   574
2020 12 31 10 25 MIN    41
2020 12 31 16 17 MAX   675
2020 12 31 23 12 MIN   116
2021 01 01 04 17 MAX   581
2021 01 01 11 05 MIN    37
2021 01 01 16 51 MAX   679
2021 01 01 23 52 MIN   115
2021 01 02 04 53 MAX   583
2021 01 02 11 44 MIN    41
2021 01 02 17 27 MAX   676
2021 01 03 00 31 MIN   118
2021 01 03 05 31 MAX   582
2021 01 03 12 24 MIN    54
2021 01 03 18 05 MAX   667
2021 01 04 01 11 MIN   124
2021 01 04 06 14 MAX   576
2021 01 04 13 04 MIN    76
2021 01 04 18 47 MAX   649
2021 01 05 01 52 MIN   132
2021 01 05 07 03 MAX   565
2021 01 05 13 49 MIN   106
2021 01 05 19 35 MAX   623
2021 01 06 02 37 MIN   141
2021 01 06 08 01 MAX   551
2021 01 06 14 42 MIN   142
2021 01 06 20 31 MAX   591
2021 01 07 03 31 MIN   147
2021 01 07 09 08 MAX   542
2021 01 07 15 49 MIN   176
2021 01 07 21 36 MAX   561
2021 01 08 04 36 MIN   145
2021 01 08 10 25 MAX   546
2021 01 08 17 14 MIN   194
2021 01 08 22 48 MAX   542
2021 01 09 05 48 MIN   130
2021 01 09 11 45 MAX   571
2021 01 09 18 40 MIN   187
2021 01 10 00 01 MAX   541
2021 01 10 06 58 MIN   103
2021 01 10 12 57 MAX   609
2021 01 10 19 55 MIN   163
2021 01 11 01 07 MAX   553
2021 01 11 08 01 MIN    74
2021 01 11 13 57 MAX   648
2021 01 11 20 58 MIN   136
2021 01 12 02 03 MAX   570
2021 01 12 08 58 MIN    48
2021 01 12 14 49 MAX   678
2021 01 12 21 53 MIN   114
2021 01 13 02 54 MAX   586
2021 01 13 09 51 MIN    30
2021 01 13 15 37 MAX   696
2021 01 13 22 42 MIN    99
2021 01 14 03 40 MAX   598
2021 01 14 10 39 MIN    22
2021 01 14 16 20 MAX   702
2021 01 14 23 25 MIN    93
2021 01 15 04 23 MAX   606
2021 01 15 11 21 MIN    24
2021 01 15 17 00 MAX   697
2021 01 16 00 04 MIN    95
2021 01 16 05 04 MAX   607
2021 01 16 11 58 MIN    37
2021 01 16 17 37 MAX   684
2021 01 17 00 39 MIN   104
2021 01 17 05 43 MAX   602
2021 01 17 12 31 MIN    60
2021 01 17 18 12 MAX   663
2021 01 18 01 09 MIN   117
2021 01 18 06 22 MAX   589
2021 01 18 13 02 MIN    92
2021 01 18 18 47 MAX   634
2021 01 19 01 39 MIN   134
2021 01 19 07 03 MAX   567
2021 01 19 13 33 MIN   132
2021 01 19 19 23 MAX   597
2021 01 20 02 09 MIN   154
2021 01 20 07 46 MAX   539
2021 01 20 14 08 MIN   176
2021 01 20 20 01 MAX   554
2021 01 21 02 45 MIN   176
2021 01 21 08 37 MAX   509
2021 01 21 14 54 MIN   222
2021 01 21 20 48 MAX   509
2021 01 22 03 33 MIN   196
2021 01 22 09 42 MAX   486
2021 01 22 16 00 MIN   261
2021 01 22 21 50 MAX   471
2021 01 23 04 39 MIN   205
2021 01 23 11 09 MAX   484
2021 01 23 17 34 MIN   274
2021 01 23 23 16 MAX   454
2021 01 24 05 54 MIN   195
2021 01 24 12 29 MAX   511
2021 01 24 18 57 MIN   255
2021 01 25 00 33 MAX   464
2021 01 25 06 58 MIN   166
2021 01 25 13 27 MAX   551
2021 01 25 19 58 MIN   221
2021 01 26 01 29 MAX   491
2021 01 26 07 52 MIN   131
2021 01 26 14 12 MAX   593
2021 01 26 20 49 MIN   184
2021 01 27 02 13 MAX   522
2021 01 27 08 42 MIN    95
2021 01 27 14 51 MAX   630
2021 01 27 21 36 MIN   150
2021 01 28 02 52 MAX   553
2021 01 28 09 30 MIN    62
2021 01 28 15 27 MAX   660
2021 01 28 22 20 MIN   121
2021 01 29 03 29 MAX   580
2021 01 29 10 17 MIN    36
2021 01 29 16 02 MAX   682
2021 01 29 23 02 MIN    96
2021 01 30 04 05 MAX   602
2021 01 30 11 01 MIN    19
2021 01 30 16 37 MAX   694
2021 01 30 23 42 MIN    78
2021 01 31 04 42 MAX   617
2021 01 31 11 42 MIN    12
2021 01 31 17 12 MAX   698
2021 02 01 00 20 MIN    67
2021 02 01 05 20 MAX   626
2021 02 01 12 22 MIN    19
2021 02 01 17 48 MAX   691
2021 02 02 00 57 MIN    66
2021 02 02 06 02 MAX   627
2021 02 02 13 01 MIN    40
2021 02 02 18 27 MAX   672
2021 02 03 01 33 MIN    73
2021 02 03 06 47 MAX   618
2021 02 03 13 41 MIN    77
2021 02 03 19 10 MAX   640
2021 02 04 02 11 MIN    89
2021 02 04 07 39 MAX   598
2021 02 04 14 25 MIN   126
2021 02 04 19 58 MAX   596
2021 02 05 02 55 MIN   113
2021 02 05 08 39 MAX   571
2021 02 05 15 22 MIN   181
2021 02 05 20 56 MAX   546
2021 02 06 03 52 MIN   139
2021 02 06 09 55 MAX   548
2021 02 06 16 43 MIN   226
2021 02 06 22 10 MAX   502
2021 02 07 05 09 MIN   154
2021 02 07 11 25 MAX   546
2021 02 07 18 25 MIN   234
2021 02 07 23 40 MAX   486
2021 02 08 06 36 MIN   145
2021 02 08 12 51 MAX   574
2021 02 08 19 52 MIN   206
2021 02 09 00 59 MAX   503
2021 02 09 07 52 MIN   116
2021 02 09 13 57 MAX   613
2021 02 09 20 57 MIN   166
2021 02 10 02 02 MAX   536
2021 02 10 08 56 MIN    82
2021 02 10 14 49 MAX   649
2021 02 10 21 50 MIN   129
2021 02 11 02 52 MAX   571
2021 02 11 09 49 MIN    52
2021 02 11 15 32 MAX   673
2021 02 11 22 33 MIN   101
2021 02 12 03 34 MAX   600
2021 02 12 10 33 MIN    34
2021 02 12 16 09 MAX   686
2021 02 12 23 11 MIN    84
2021 02 13 04 12 MAX   621
2021 02 13 11 12 MIN    28
2021 02 13 16 42 MAX   688
2021 02 13 23 44 MIN    77
2021 02 14 04 48 MAX   631
2021 02 14 11 44 MIN    35
2021 02 14 17 13 MAX   681
2021 02 15 00 13 MIN    78
2021 02 15 05 22 MAX   632
2021 02 15 12 13 MIN    52
2021 02 15 17 43 MAX   666
2021 02 16 00 38 MIN    85
2021 02 16 05 56 MAX   623
2021 02 16 12 39 MIN    79
2021 02 16 18 12 MAX   641
2021 02 17 01 01 MIN    97
2021 02 17 06 30 MAX   605
2021 02 17 13 05 MIN   114
2021 02 17 18 41 MAX   608
2021 02 18 01 25 MIN   116
2021 02 18 07 05 MAX   578
2021 02 18 13 33 MIN   156
2021 02 18 19 12 MAX   567
2021 02 19 01 52 MIN   140
2021 02 19 07 45 MAX   545
2021 02 19 14 07 MIN   205
2021 02 19 19 45 MAX   520
2021 02 20 02 27 MIN   170
2021 02 20 08 34 MAX   510
2021 02 20 14 56 MIN   255
2021 02 20 20 30 MAX   472
2021 02 21 03 18 MIN   200
2021 02 21 09 47 MAX   483
2021 02 21 16 17 MIN   292
2021 02 21 21 45 MAX   433
2021 02 22 04 39 MIN   217
2021 02 22 11 33 MAX   486
2021 02 22 18 11 MIN   288
2021 02 22 23 41 MAX   428
2021 02 23 06 11 MIN   202
2021 02 23 12 54 MAX   524
2021 02 23 19 33 MIN   249
2021 02 24 00 59 MAX   462
2021 02 24 07 24 MIN   163
2021 02 24 13 47 MAX   574
2021 02 24 20 32 MIN   199
2021 02 25 01 51 MAX   510
2021 02 25 08 25 MIN   115
2021 02 25 14 29 MAX   621
2021 02 25 21 21 MIN   148
2021 02 26 02 33 MAX   558
2021 02 26 09 18 MIN    69
2021 02 26 15 06 MAX   661
2021 02 26 22 04 MIN   102
2021 02 27 03 11 MAX   602
2021 02 27 10 07 MIN    29
2021 02 27 15 41 MAX   691
2021 02 27 22 45 MIN    62
2021 02 28 03 49 MAX   638
2021 02 28 10 51 MIN     0
2021 02 28 16 16 MAX   709
2021 02 28 23 24 MIN    32
2021 03 01 04 27 MAX   664
2021 03 01 11 32 MIN   -12
2021 03 01 16 51 MAX   713
2021 03 02 00 00 MIN    15
2021 03 02 00 00 MIN    15
2021 03 02 05 06 MAX   678
2021 03 02 12 12 MIN    -6
2021 03 02 17 27 MAX   703
2021 03 03 00 35 MIN    13
2021 03 03 05 47 MAX   679
2021 03 03 12 49 MIN    21
2021 03 03 18 05 MAX   678
2021 03 04 01 09 MIN    26
2021 03 04 06 32 MAX   664
2021 03 04 13 28 MIN    68
2021 03 04 18 45 MAX   637
2021 03 05 01 44 MIN    55
2021 03 05 07 20 MAX   633
2021 03 05 14 10 MIN   131
2021 03 05 19 31 MAX   583
2021 03 06 02 23 MIN    97
2021 03 06 08 18 MAX   590
2021 03 06 15 03 MIN   199
2021 03 06 20 26 MAX   521
2021 03 07 03 15 MIN   146
2021 03 07 09 33 MAX   547
2021 03 07 16 25 MIN   256
2021 03 07 21 43 MAX   466
2021 03 08 04 39 MIN   184
2021 03 08 11 14 MAX   530
2021 03 08 18 23 MIN   261
2021 03 08 23 30 MAX   451
2021 03 09 06 26 MIN   183
2021 03 09 12 49 MAX   555
2021 03 09 19 52 MIN   219
2021 03 10 01 00 MAX   483
2021 03 10 07 51 MIN   147
2021 03 10 13 54 MAX   596
2021 03 10 20 50 MIN   168
2021 03 11 02 01 MAX   533
2021 03 11 08 52 MIN   103
2021 03 11 14 40 MAX   632
2021 03 11 21 35 MIN   124
2021 03 12 02 46 MAX   580
2021 03 12 09 40 MIN    69
2021 03 12 15 17 MAX   657
2021 03 12 22 13 MIN    92
2021 03 13 03 23 MAX   617
2021 03 13 10 19 MIN    48
2021 03 13 15 48 MAX   670
2021 03 13 22 47 MIN    72
2021 03 14 03 57 MAX   641
2021 03 14 10 53 MIN    41
2021 03 14 16 17 MAX   673
2021 03 14 23 15 MIN    63
2021 03 15 04 28 MAX   654
2021 03 15 11 23 MIN    45
2021 03 15 16 45 MAX   667
2021 03 15 23 41 MIN    61
2021 03 16 04 59 MAX   656
2021 03 16 11 49 MIN    60
2021 03 16 17 12 MAX   654
2021 03 17 00 03 MIN    65
2021 03 17 05 29 MAX   649
2021 03 17 12 14 MIN    82
2021 03 17 17 38 MAX   632
2021 03 18 00 25 MIN    74
2021 03 18 06 00 MAX   634
2021 03 18 12 39 MIN   112
2021 03 18 18 04 MAX   603
2021 03 19 00 47 MIN    90
2021 03 19 06 31 MAX   611
2021 03 19 13 06 MIN   151
2021 03 19 18 31 MAX   568
2021 03 20 01 11 MIN   114
2021 03 20 07 05 MAX   580
2021 03 20 13 37 MIN   197
2021 03 20 19 01 MAX   527
2021 03 21 01 41 MIN   147
2021 03 21 07 48 MAX   544
2021 03 21 14 17 MIN   246
2021 03 21 19 41 MAX   482
2021 03 22 02 22 MIN   185
2021 03 22 08 49 MAX   508
2021 03 22 15 23 MIN   289
2021 03 22 20 45 MAX   437
2021 03 23 03 32 MIN   221
2021 03 23 10 26 MAX   490
2021 03 23 17 22 MIN   299
2021 03 23 22 43 MAX   420
2021 03 24 05 22 MIN   225
2021 03 24 12 07 MAX   516
2021 03 24 19 02 MIN   257
2021 03 25 00 23 MAX   456
2021 03 25 06 55 MIN   188
2021 03 25 13 11 MAX   565
2021 03 25 20 05 MIN   197
2021 03 26 01 23 MAX   515
2021 03 26 08 04 MIN   133
2021 03 26 13 56 MAX   617
2021 03 26 20 54 MIN   136
2021 03 27 02 08 MAX   578
2021 03 27 09 00 MIN    77
2021 03 27 14 35 MAX   662
2021 03 27 21 38 MIN    80
2021 03 28 02 49 MAX   635
2021 03 28 09 50 MIN    30
2021 03 28 15 12 MAX   694
2021 03 28 22 19 MIN    33
2021 03 29 03 28 MAX   680
2021 03 29 10 34 MIN    -2
2021 03 29 15 49 MAX   710
2021 03 29 22 58 MIN     0
2021 03 30 04 08 MAX   710
2021 03 30 11 16 MIN   -15
2021 03 30 16 25 MAX   710
2021 03 30 23 34 MIN   -17
2021 03 31 04 49 MAX   724
2021 03 31 11 56 MIN    -4
2021 03 31 17 03 MAX   694
2021 04 01 00 10 MIN   -15
2021 04 01 05 32 MAX   719
2021 04 01 12 35 MIN    29
2021 04 01 17 43 MAX   662
2021 04 02 00 44 MIN     6
2021 04 02 06 17 MAX   696
2021 04 02 13 14 MIN    83
2021 04 02 18 25 MAX   616
2021 04 03 01 20 MIN    45
2021 04 03 07 06 MAX   656
2021 04 03 13 57 MIN   149
2021 04 03 19 11 MAX   561
2021 04 04 01 58 MIN    99
2021 04 04 08 04 MAX   604
2021 04 04 14 51 MIN   217
2021 04 04 20 08 MAX   502
2021 04 05 02 49 MIN   159
2021 04 05 09 17 MAX   554
2021 04 05 16 18 MIN   265
2021 04 05 21 30 MAX   454
2021 04 06 04 18 MIN   208
2021 04 06 10 58 MAX   532
2021 04 06 18 12 MIN   259
2021 04 06 23 21 MAX   450
2021 04 07 06 14 MIN   208
2021 04 07 12 30 MAX   550
2021 04 07 19 30 MIN   215
2021 04 08 00 49 MAX   492
2021 04 08 07 36 MIN   171
2021 04 08 13 32 MAX   583
2021 04 08 20 23 MIN   166
2021 04 09 01 46 MAX   547
2021 04 09 08 32 MIN   130
2021 04 09 14 15 MAX   614
2021 04 09 21 06 MIN   125
2021 04 10 02 28 MAX   595
2021 04 10 09 17 MIN    98
2021 04 10 14 49 MAX   635
2021 04 10 21 41 MIN    95
2021 04 11 03 03 MAX   632
2021 04 11 09 54 MIN    79
2021 04 11 15 19 MAX   646
2021 04 11 22 12 MIN    76
2021 04 12 03 35 MAX   655
2021 04 12 10 27 MIN    72
2021 04 12 15 47 MAX   648
2021 04 12 22 40 MIN    66
2021 04 13 04 05 MAX   667
2021 04 13 10 56 MIN    74
2021 04 13 16 14 MAX   642
2021 04 13 23 04 MIN    62
2021 04 14 04 35 MAX   670
2021 04 14 11 23 MIN    84
2021 04 14 16 41 MAX   630
2021 04 14 23 28 MIN    63
2021 04 15 05 04 MAX   666
2021 04 15 11 50 MIN   102
2021 04 15 17 07 MAX   612
2021 04 15 23 51 MIN    69
2021 04 16 05 33 MAX   654
2021 04 16 12 17 MIN   126
2021 04 16 17 34 MAX   590
2021 04 17 00 15 MIN    83
2021 04 17 06 04 MAX   636
2021 04 17 12 45 MIN   159
2021 04 17 18 01 MAX   563
2021 04 18 00 41 MIN   105
2021 04 18 06 38 MAX   611
2021 04 18 13 17 MIN   197
2021 04 18 18 34 MAX   531
2021 04 19 01 11 MIN   136
2021 04 19 07 20 MAX   579
2021 04 19 13 56 MIN   238
2021 04 19 19 18 MAX   495
2021 04 20 01 50 MIN   175
2021 04 20 08 15 MAX   545
2021 04 20 14 55 MIN   274
2021 04 20 20 22 MAX   459
2021 04 21 02 52 MIN   214
2021 04 21 09 35 MAX   521
2021 04 21 16 35 MIN   284
2021 04 21 22 00 MAX   444
2021 04 22 04 35 MIN   231
2021 04 22 11 09 MAX   530
2021 04 22 18 16 MIN   249
2021 04 22 23 38 MAX   477
2021 04 23 06 19 MIN   203
2021 04 23 12 21 MAX   568
2021 04 23 19 23 MIN   190
2021 04 24 00 45 MAX   539
2021 04 24 07 34 MIN   151
2021 04 24 13 14 MAX   615
2021 04 24 20 16 MIN   127
2021 04 25 01 36 MAX   607
2021 04 25 08 34 MIN    96
2021 04 25 13 58 MAX   656
2021 04 25 21 02 MIN    71
2021 04 26 02 21 MAX   669
2021 04 26 09 25 MIN    51
2021 04 26 14 39 MAX   684
2021 04 26 21 46 MIN    25
2021 04 27 03 04 MAX   715
2021 04 27 10 12 MIN    23
2021 04 27 15 19 MAX   695
2021 04 27 22 27 MIN    -5
2021 04 28 03 47 MAX   743
2021 04 28 10 56 MIN    15
2021 04 28 16 00 MAX   689
2021 04 28 23 07 MIN   -17
2021 04 29 04 31 MAX   751
2021 04 29 11 39 MIN    28
2021 04 29 16 42 MAX   669
2021 04 29 23 45 MIN   -11
2021 04 30 05 17 MAX   741
2021 04 30 12 21 MIN    61
2021 04 30 17 25 MAX   637
2021 05 01 00 22 MIN    15
2021 05 01 06 05 MAX   713
2021 05 01 13 03 MIN   110
2021 05 01 18 11 MAX   597
2021 05 02 01 00 MIN    58
2021 05 02 06 55 MAX   672
2021 05 02 13 49 MIN   166
2021 05 02 19 01 MAX   552
2021 05 03 01 42 MIN   112
2021 05 03 07 51 MAX   623
2021 05 03 14 45 MIN   219
2021 05 03 19 59 MAX   508
2021 05 04 02 35 MIN   171
2021 05 04 08 59 MAX   576
2021 05 04 16 03 MIN   251
2021 05 04 21 16 MAX   476
2021 05 05 03 58 MIN   218
2021 05 05 10 23 MAX   548
2021 05 05 17 33 MIN   248
2021 05 05 22 53 MAX   476
2021 05 06 05 41 MIN   228
2021 05 06 11 46 MAX   549
2021 05 06 18 45 MIN   217
2021 05 07 00 16 MAX   511
2021 05 07 07 00 MIN   206
2021 05 07 12 48 MAX   567
2021 05 07 19 39 MIN   179
2021 05 08 01 15 MAX   558
2021 05 08 07 58 MIN   175
2021 05 08 13 35 MAX   588
2021 05 08 20 23 MIN   145
2021 05 09 01 59 MAX   602
2021 05 09 08 44 MIN   149
2021 05 09 14 12 MAX   604
2021 05 09 20 59 MIN   119
2021 05 10 02 36 MAX   635
2021 05 10 09 23 MIN   131
2021 05 10 14 45 MAX   614
2021 05 10 21 31 MIN   100
2021 05 11 03 09 MAX   658
2021 05 11 09 56 MIN   121
2021 05 11 15 16 MAX   617
2021 05 11 22 00 MIN    88
2021 05 12 03 40 MAX   671
2021 05 12 10 28 MIN   119
2021 05 12 15 45 MAX   613
2021 05 12 22 27 MIN    80
2021 05 13 04 11 MAX   676
2021 05 13 10 58 MIN   122
2021 05 13 16 14 MAX   606
2021 05 13 22 55 MIN    77
2021 05 14 04 41 MAX   675
2021 05 14 11 28 MIN   133
2021 05 14 16 43 MAX   594
2021 05 14 23 23 MIN    80
2021 05 15 05 12 MAX   669
2021 05 15 12 00 MIN   149
2021 05 15 17 12 MAX   581
2021 05 15 23 52 MIN    90
2021 05 16 05 45 MAX   657
2021 05 16 12 32 MIN   172
2021 05 16 17 44 MAX   564
2021 05 17 00 22 MIN   109
2021 05 17 06 20 MAX   639
2021 05 17 13 06 MIN   200
2021 05 17 18 21 MAX   544
2021 05 18 00 55 MIN   135
2021 05 18 07 02 MAX   615
2021 05 18 13 48 MIN   227
2021 05 18 19 08 MAX   521
2021 05 19 01 36 MIN   169
2021 05 19 07 54 MAX   589
2021 05 19 14 42 MIN   249
2021 05 19 20 09 MAX   499
2021 05 20 02 34 MIN   203
2021 05 20 08 59 MAX   567
2021 05 20 15 57 MIN   252
2021 05 20 21 28 MAX   494
2021 05 21 03 59 MIN   223
2021 05 21 10 16 MAX   563
2021 05 21 17 21 MIN   228
2021 05 21 22 52 MAX   519
2021 05 22 05 35 MIN   211
2021 05 22 11 28 MAX   581
2021 05 22 18 31 MIN   181
2021 05 23 00 04 MAX   572
2021 05 23 06 56 MIN   175
2021 05 23 12 29 MAX   612
2021 05 23 19 30 MIN   129
2021 05 24 01 02 MAX   634
2021 05 24 08 02 MIN   133
2021 05 24 13 20 MAX   641
2021 05 24 20 22 MIN    81
2021 05 25 01 54 MAX   690
2021 05 25 08 59 MIN    97
2021 05 25 14 08 MAX   660
2021 05 25 21 11 MIN    43
2021 05 26 02 42 MAX   731
2021 05 26 09 51 MIN    75
2021 05 26 14 53 MAX   666
2021 05 26 21 58 MIN    19
2021 05 27 03 30 MAX   753
2021 05 27 10 39 MIN    69
2021 05 27 15 39 MAX   659
2021 05 27 22 43 MIN    11
2021 05 28 04 18 MAX   758
2021 05 28 11 26 MIN    78
2021 05 28 16 26 MAX   643
2021 05 28 23 25 MIN    18
2021 05 29 05 06 MAX   747
2021 05 29 12 11 MIN   101
2021 05 29 17 13 MAX   622
2021 05 30 00 07 MIN    41
2021 05 30 05 55 MAX   723
2021 05 30 12 56 MIN   133
2021 05 30 18 01 MAX   597
2021 05 31 00 49 MIN    77
2021 05 31 06 44 MAX   690
2021 05 31 13 42 MIN   169
2021 05 31 18 51 MAX   571
2021 06 01 01 32 MIN   123
2021 06 01 07 35 MAX   650
2021 06 01 14 32 MIN   202
2021 06 01 19 47 MAX   544
2021 06 02 02 22 MIN   173
2021 06 02 08 30 MAX   609
2021 06 02 15 30 MIN   225
2021 06 02 20 51 MAX   522
2021 06 03 03 26 MIN   218
2021 06 03 09 34 MAX   574
2021 06 03 16 36 MIN   233
2021 06 03 22 07 MAX   514
2021 06 04 04 46 MIN   245
2021 06 04 10 44 MAX   553
2021 06 04 17 42 MIN   224
2021 06 04 23 26 MAX   528
2021 06 05 06 05 MIN   248
2021 06 05 11 51 MAX   550
2021 06 05 18 40 MIN   203
2021 06 06 00 32 MAX   559
2021 06 06 07 11 MIN   233
2021 06 06 12 46 MAX   558
2021 06 06 19 29 MIN   179
2021 06 07 01 24 MAX   594
2021 06 07 08 04 MIN   213
2021 06 07 13 32 MAX   569
2021 06 07 20 10 MIN   155
2021 06 08 02 06 MAX   626
2021 06 08 08 47 MIN   193
2021 06 08 14 11 MAX   579
2021 06 08 20 46 MIN   135
2021 06 09 02 43 MAX   650
2021 06 09 09 25 MIN   178
2021 06 09 14 47 MAX   586
2021 06 09 21 21 MIN   119
2021 06 10 03 18 MAX   668
2021 06 10 10 01 MIN   168
2021 06 10 15 21 MAX   590
2021 06 10 21 55 MIN   106
2021 06 11 03 51 MAX   679
2021 06 11 10 37 MIN   163
2021 06 11 15 53 MAX   591
2021 06 11 22 29 MIN    98
2021 06 12 04 24 MAX   684
2021 06 12 11 12 MIN   163
2021 06 12 16 25 MAX   589
2021 06 12 23 04 MIN    95
2021 06 13 04 57 MAX   684
2021 06 13 11 48 MIN   169
2021 06 13 16 58 MAX   586
2021 06 13 23 39 MIN   100
2021 06 14 05 31 MAX   679
2021 06 14 12 25 MIN   179
2021 06 14 17 32 MAX   582
2021 06 15 00 14 MIN   113
2021 06 15 06 07 MAX   669
2021 06 15 13 02 MIN   191
2021 06 15 18 12 MAX   574
2021 06 16 00 51 MIN   133
2021 06 16 06 47 MAX   655
2021 06 16 13 43 MIN   203
2021 06 16 18 58 MAX   565
2021 06 17 01 32 MIN   158
2021 06 17 07 33 MAX   636
2021 06 17 14 30 MIN   212
2021 06 17 19 52 MAX   555
2021 06 18 02 25 MIN   187
2021 06 18 08 28 MAX   615
2021 06 18 15 25 MIN   213
2021 06 18 20 58 MAX   552
2021 06 19 03 32 MIN   211
2021 06 19 09 31 MAX   599
2021 06 19 16 31 MIN   201
2021 06 19 22 12 MAX   565
2021 06 20 04 53 MIN   221
2021 06 20 10 40 MAX   593
2021 06 20 17 39 MIN   176
2021 06 20 23 26 MAX   598
2021 06 21 06 18 MIN   209
2021 06 21 11 47 MAX   599
2021 06 21 18 44 MIN   142
2021 06 22 00 33 MAX   643
2021 06 22 07 33 MIN   185
2021 06 22 12 48 MAX   612
2021 06 22 19 45 MIN   108
2021 06 23 01 33 MAX   688
2021 06 23 08 38 MIN   158
2021 06 23 13 44 MAX   624
2021 06 23 20 42 MIN    79
2021 06 24 02 27 MAX   723
2021 06 24 09 36 MIN   137
2021 06 24 14 36 MAX   631
2021 06 24 21 36 MIN    59
2021 06 25 03 20 MAX   744
2021 06 25 10 29 MIN   125
2021 06 25 15 26 MAX   634
2021 06 25 22 27 MIN    49
2021 06 26 04 10 MAX   751
2021 06 26 11 18 MIN   121
2021 06 26 16 15 MAX   633
2021 06 26 23 15 MIN    50
2021 06 27 04 58 MAX   747
2021 06 27 12 04 MIN   126
2021 06 27 17 03 MAX   629
2021 06 27 23 59 MIN    62
2021 06 28 05 44 MAX   732
2021 06 28 12 47 MIN   137
2021 06 28 17 50 MAX   622
2021 06 29 00 42 MIN    87
2021 06 29 06 27 MAX   709
2021 06 29 13 28 MIN   155
2021 06 29 18 37 MAX   610
2021 06 30 01 22 MIN   122
2021 06 30 07 10 MAX   678
2021 06 30 14 08 MIN   175
2021 06 30 19 24 MAX   592
2021 07 01 02 02 MIN   165
2021 07 01 07 53 MAX   641
2021 07 01 14 48 MIN   196
2021 07 01 20 17 MAX   571
2021 07 02 02 46 MIN   212
2021 07 02 08 41 MAX   601
2021 07 02 15 34 MIN   215
2021 07 02 21 16 MAX   551
2021 07 03 03 42 MIN   255
2021 07 03 09 36 MAX   562
2021 07 03 16 27 MIN   228
2021 07 03 22 26 MAX   541
2021 07 04 04 53 MIN   283
2021 07 04 10 42 MAX   535
2021 07 04 17 28 MIN   228
2021 07 04 23 41 MAX   550
2021 07 05 06 12 MIN   288
2021 07 05 11 51 MAX   525
2021 07 05 18 27 MIN   216
2021 07 06 00 46 MAX   575
2021 07 06 07 18 MIN   273
2021 07 06 12 51 MAX   531
2021 07 06 19 19 MIN   196
2021 07 07 01 38 MAX   606
2021 07 07 08 12 MIN   250
2021 07 07 13 41 MAX   545
2021 07 07 20 05 MIN   172
2021 07 08 02 21 MAX   637
2021 07 08 08 58 MIN   227
2021 07 08 14 23 MAX   562
2021 07 08 20 48 MIN   149
2021 07 09 02 59 MAX   662
2021 07 09 09 41 MIN   206
2021 07 09 15 00 MAX   578
2021 07 09 21 30 MIN   128
2021 07 10 03 35 MAX   682
2021 07 10 10 22 MIN   188
2021 07 10 15 36 MAX   591
2021 07 10 22 12 MIN   112
2021 07 11 04 10 MAX   695
2021 07 11 11 02 MIN   175
2021 07 11 16 11 MAX   602
2021 07 11 22 53 MIN   101
2021 07 12 04 43 MAX   702
2021 07 12 11 41 MIN   166
2021 07 12 16 45 MAX   611
2021 07 12 23 34 MIN    97
2021 07 13 05 16 MAX   704
2021 07 13 12 18 MIN   161
2021 07 13 17 20 MAX   616
2021 07 14 00 12 MIN   102
2021 07 14 05 51 MAX   701
2021 07 14 12 55 MIN   160
2021 07 14 17 59 MAX   619
2021 07 15 00 51 MIN   116
2021 07 15 06 28 MAX   692
2021 07 15 13 32 MIN   162
2021 07 15 18 42 MAX   617
2021 07 16 01 30 MIN   139
2021 07 16 07 09 MAX   674
2021 07 16 14 11 MIN   167
2021 07 16 19 33 MAX   611
2021 07 17 02 14 MIN   170
2021 07 17 07 57 MAX   647
2021 07 17 14 54 MIN   173
2021 07 17 20 31 MAX   602
2021 07 18 03 08 MIN   206
2021 07 18 08 52 MAX   616
2021 07 18 15 48 MIN   179
2021 07 18 21 39 MAX   597
2021 07 19 04 19 MIN   238
2021 07 19 09 58 MAX   586
2021 07 19 16 54 MIN   180
2021 07 19 22 56 MAX   605
2021 07 20 05 48 MIN   251
2021 07 20 11 12 MAX   568
2021 07 20 18 08 MIN   168
2021 07 21 00 14 MAX   631
2021 07 21 07 15 MIN   238
2021 07 21 12 27 MAX   570
2021 07 21 19 20 MIN   145
2021 07 22 01 24 MAX   667
2021 07 22 08 28 MIN   210
2021 07 22 13 32 MAX   585
2021 07 22 20 27 MIN   119
2021 07 23 02 24 MAX   702
2021 07 23 09 31 MIN   179
2021 07 23 14 30 MAX   607
2021 07 23 21 28 MIN    93
2021 07 24 03 16 MAX   728
2021 07 24 10 24 MIN   152
2021 07 24 15 21 MAX   627
2021 07 24 22 22 MIN    73
2021 07 25 04 03 MAX   743
2021 07 25 11 11 MIN   132
2021 07 25 16 08 MAX   644
2021 07 25 23 10 MIN    63
2021 07 26 04 47 MAX   745
2021 07 26 11 53 MIN   122
2021 07 26 16 52 MAX   654
2021 07 26 23 51 MIN    66
2021 07 27 05 26 MAX   737
2021 07 27 12 30 MIN   122
2021 07 27 17 34 MAX   657
2021 07 28 00 29 MIN    84
2021 07 28 06 03 MAX   720
2021 07 28 13 03 MIN   130
2021 07 28 18 14 MAX   651
2021 07 29 01 02 MIN   115
2021 07 29 06 38 MAX   693
2021 07 29 13 34 MIN   146
2021 07 29 18 55 MAX   635
2021 07 30 01 34 MIN   155
2021 07 30 07 13 MAX   658
2021 07 30 14 03 MIN   168
2021 07 30 19 37 MAX   610
2021 07 31 02 06 MIN   203
2021 07 31 07 49 MAX   615
2021 07 31 14 34 MIN   193
2021 07 31 20 25 MAX   580
2021 08 01 02 45 MIN   252
2021 08 01 08 31 MAX   567
2021 08 01 15 13 MIN   219
2021 08 01 21 23 MAX   552
2021 08 02 03 40 MIN   298
2021 08 02 09 25 MAX   523
2021 08 02 16 08 MIN   241
2021 08 02 22 41 MAX   537
2021 08 03 05 03 MIN   324
2021 08 03 10 45 MAX   492
2021 08 03 17 21 MIN   247
2021 08 04 00 06 MAX   550
2021 08 04 06 35 MIN   317
2021 08 04 12 11 MAX   491
2021 08 04 18 32 MIN   232
2021 08 05 01 12 MAX   582
2021 08 05 07 44 MIN   288
2021 08 05 13 15 MAX   514
2021 08 05 19 32 MIN   203
2021 08 06 02 01 MAX   620
2021 08 06 08 38 MIN   252
2021 08 06 14 03 MAX   545
2021 08 06 20 25 MIN   170
2021 08 07 02 41 MAX   655
2021 08 07 09 24 MIN   217
2021 08 07 14 43 MAX   577
2021 08 07 21 15 MIN   137
2021 08 08 03 17 MAX   684
2021 08 08 10 08 MIN   184
2021 08 08 15 20 MAX   606
2021 08 08 22 02 MIN   109
2021 08 09 03 51 MAX   706
2021 08 09 10 49 MIN   156
2021 08 09 15 55 MAX   630
2021 08 09 22 46 MIN    87
2021 08 10 04 23 MAX   719
2021 08 10 11 27 MIN   132
2021 08 10 16 29 MAX   649
2021 08 10 23 27 MIN    74
2021 08 11 04 55 MAX   725
2021 08 11 12 03 MIN   116
2021 08 11 17 04 MAX   663
2021 08 12 00 06 MIN    74
2021 08 12 05 28 MAX   723
2021 08 12 12 38 MIN   108
2021 08 12 17 42 MAX   669
2021 08 13 00 44 MIN    88
2021 08 13 06 04 MAX   711
2021 08 13 13 12 MIN   109
2021 08 13 18 24 MAX   667
2021 08 14 01 21 MIN   116
2021 08 14 06 43 MAX   687
2021 08 14 13 46 MIN   120
2021 08 14 19 12 MAX   655
2021 08 15 02 01 MIN   158
2021 08 15 07 27 MAX   650
2021 08 15 14 24 MIN   140
2021 08 15 20 06 MAX   632
2021 08 16 02 49 MIN   210
2021 08 16 08 19 MAX   602
2021 08 16 15 12 MIN   167
2021 08 16 21 13 MAX   606
2021 08 17 03 57 MIN   260
2021 08 17 09 25 MAX   554
2021 08 17 16 19 MIN   192
2021 08 17 22 37 MAX   592
2021 08 18 05 35 MIN   285
2021 08 18 10 52 MAX   523
2021 08 18 17 47 MIN   198
2021 08 19 00 10 MAX   607
2021 08 19 07 14 MIN   267
2021 08 19 12 22 MAX   528
2021 08 19 19 14 MIN   177
2021 08 20 01 25 MAX   644
2021 08 20 08 29 MIN   224
2021 08 20 13 34 MAX   562
2021 08 20 20 27 MIN   140
2021 08 21 02 24 MAX   684
2021 08 21 09 27 MIN   178
2021 08 21 14 30 MAX   604
2021 08 21 21 27 MIN   102
2021 08 22 03 11 MAX   714
2021 08 22 10 14 MIN   140
2021 08 22 15 16 MAX   641
2021 08 22 22 16 MIN    73
2021 08 23 03 51 MAX   731
2021 08 23 10 54 MIN   113
2021 08 23 15 58 MAX   668
2021 08 23 22 58 MIN    60
2021 08 24 04 27 MAX   735
2021 08 24 11 30 MIN    99
2021 08 24 16 36 MAX   684
2021 08 24 23 35 MIN    62
2021 08 25 05 00 MAX   728
2021 08 25 12 02 MIN    97
2021 08 25 17 12 MAX   688
2021 08 26 00 07 MIN    80
2021 08 26 05 31 MAX   711
2021 08 26 12 29 MIN   104
2021 08 26 17 47 MAX   680
2021 08 27 00 35 MIN   109
2021 08 27 06 01 MAX   685
2021 08 27 12 54 MIN   118
2021 08 27 18 22 MAX   662
2021 08 28 01 02 MIN   147
2021 08 28 06 31 MAX   651
2021 08 28 13 17 MIN   139
2021 08 28 18 58 MAX   635
2021 08 29 01 30 MIN   192
2021 08 29 07 02 MAX   608
2021 08 29 13 42 MIN   166
2021 08 29 19 38 MAX   601
2021 08 30 02 02 MIN   241
2021 08 30 07 36 MAX   560
2021 08 30 14 13 MIN   199
2021 08 30 20 25 MAX   563
2021 08 31 02 45 MIN   291
2021 08 31 08 19 MAX   510
2021 08 31 14 58 MIN   234
2021 08 31 21 34 MAX   531
2021 09 01 03 58 MIN   331
2021 09 01 09 29 MAX   466
2021 09 01 16 11 MIN   261
2021 09 01 23 16 MAX   526
2021 09 02 05 52 MIN   334
2021 09 02 11 28 MAX   456
2021 09 02 17 47 MIN   257
2021 09 03 00 41 MAX   556
2021 09 03 07 20 MIN   297
2021 09 03 12 50 MAX   488
2021 09 03 19 05 MIN   223
2021 09 04 01 35 MAX   601
2021 09 04 08 17 MIN   248
2021 09 04 13 43 MAX   536
2021 09 04 20 07 MIN   177
2021 09 05 02 16 MAX   644
2021 09 05 09 04 MIN   198
2021 09 05 14 23 MAX   584
2021 09 05 21 00 MIN   131
2021 09 06 02 52 MAX   681
2021 09 06 09 46 MIN   152
2021 09 06 14 59 MAX   629
2021 09 06 21 48 MIN    90
2021 09 07 03 24 MAX   709
2021 09 07 10 25 MIN   112
2021 09 07 15 33 MAX   665
2021 09 07 22 32 MIN    60
2021 09 08 03 56 MAX   725
2021 09 08 11 03 MIN    80
2021 09 08 16 09 MAX   693
2021 09 08 23 13 MIN    43
2021 09 09 04 28 MAX   731
2021 09 09 11 38 MIN    59
2021 09 09 16 45 MAX   710
2021 09 09 23 52 MIN    43
2021 09 10 05 02 MAX   724
2021 09 10 12 12 MIN    52
2021 09 10 17 23 MAX   715
2021 09 11 00 29 MIN    63
2021 09 11 05 38 MAX   704
2021 09 11 12 46 MIN    59
2021 09 11 18 05 MAX   705
2021 09 12 01 07 MIN   101
2021 09 12 06 17 MAX   670
2021 09 12 13 19 MIN    81
2021 09 12 18 53 MAX   681
2021 09 13 01 47 MIN   154
2021 09 13 07 01 MAX   622
2021 09 13 13 56 MIN   117
2021 09 13 19 47 MAX   642
2021 09 14 02 35 MIN   217
2021 09 14 07 54 MAX   564
2021 09 14 14 42 MIN   163
2021 09 14 20 56 MAX   599
2021 09 15 03 46 MIN   274
2021 09 15 09 05 MAX   508
2021 09 15 15 55 MIN   208
2021 09 15 22 29 MAX   572
2021 09 16 05 38 MIN   291
2021 09 16 10 48 MAX   482
2021 09 16 17 42 MIN   219
2021 09 17 00 10 MAX   587
2021 09 17 07 15 MIN   254
2021 09 17 12 27 MAX   509
2021 09 17 19 16 MIN   186
2021 09 18 01 24 MAX   626
2021 09 18 08 21 MIN   199
2021 09 18 13 35 MAX   562
2021 09 18 20 24 MIN   139
2021 09 19 02 14 MAX   665
2021 09 19 09 10 MIN   149
2021 09 19 14 24 MAX   616
2021 09 19 21 16 MIN    97
2021 09 20 02 54 MAX   692
2021 09 20 09 51 MIN   110
2021 09 20 15 04 MAX   659
2021 09 20 22 00 MIN    70
2021 09 21 03 29 MAX   707
2021 09 21 10 27 MIN    86
2021 09 21 15 40 MAX   688
2021 09 21 22 37 MIN    59
2021 09 22 04 00 MAX   708
2021 09 22 10 59 MIN    74
2021 09 22 16 13 MAX   701
2021 09 22 23 11 MIN    65
2021 09 23 04 28 MAX   699
2021 09 23 11 26 MIN    73
2021 09 23 16 46 MAX   703
2021 09 23 23 40 MIN    82
2021 09 24 04 56 MAX   681
2021 09 24 11 51 MIN    81
2021 09 24 17 17 MAX   693
2021 09 25 00 06 MIN   108
2021 09 25 05 24 MAX   656
2021 09 25 12 13 MIN    93
2021 09 25 17 49 MAX   675
2021 09 26 00 32 MIN   141
2021 09 26 05 52 MAX   625
2021 09 26 12 34 MIN   112
2021 09 26 18 22 MAX   648
2021 09 27 00 58 MIN   180
2021 09 27 06 21 MAX   586
2021 09 27 12 58 MIN   138
2021 09 27 18 57 MAX   615
2021 09 28 01 29 MIN   224
2021 09 28 06 52 MAX   543
2021 09 28 13 27 MIN   172
2021 09 28 19 39 MAX   576
2021 09 29 02 08 MIN   271
2021 09 29 07 31 MAX   497
2021 09 29 14 06 MIN   213
2021 09 29 20 37 MAX   537
2021 09 30 03 10 MIN   313
2021 09 30 08 35 MAX   453
2021 09 30 15 11 MIN   253
2021 09 30 22 11 MAX   514
2021 10 01 05 05 MIN   323
2021 10 01 10 35 MAX   436
2021 10 01 17 00 MIN   264
2021 10 01 23 53 MAX   533
2021 10 02 06 46 MIN   282
2021 10 02 12 15 MAX   472
2021 10 02 18 36 MIN   229
2021 10 03 00 57 MAX   577
2021 10 03 07 44 MIN   224
2021 10 03 13 13 MAX   531
2021 10 03 19 44 MIN   175
2021 10 04 01 40 MAX   624
2021 10 04 08 31 MIN   165
2021 10 04 13 55 MAX   594
2021 10 04 20 39 MIN   120
2021 10 05 02 17 MAX   665
2021 10 05 09 13 MIN   110
2021 10 05 14 32 MAX   651
2021 10 05 21 26 MIN    73
2021 10 06 02 51 MAX   696
2021 10 06 09 53 MIN    64
2021 10 06 15 08 MAX   697
2021 10 06 22 11 MIN    39
2021 10 07 03 25 MAX   713
2021 10 07 10 31 MIN    30
2021 10 07 15 45 MAX   729
2021 10 07 22 52 MIN    23
2021 10 08 03 59 MAX   716
2021 10 08 11 08 MIN    10
2021 10 08 16 24 MAX   746
2021 10 08 23 33 MIN    27
2021 10 09 04 36 MAX   702
2021 10 09 11 44 MIN     7
2021 10 09 17 05 MAX   744
2021 10 10 00 12 MIN    52
2021 10 10 05 14 MAX   674
2021 10 10 12 19 MIN    22
2021 10 10 17 49 MAX   725
2021 10 11 00 52 MIN    96
2021 10 11 05 56 MAX   633
2021 10 11 12 54 MIN    55
2021 10 11 18 38 MAX   689
2021 10 12 01 35 MIN   154
2021 10 12 06 43 MAX   581
2021 10 12 13 33 MIN   103
2021 10 12 19 34 MAX   641
2021 10 13 02 27 MIN   215
2021 10 13 07 39 MAX   525
2021 10 13 14 22 MIN   161
2021 10 13 20 44 MAX   590
2021 10 14 03 45 MIN   263
2021 10 14 08 58 MAX   477
2021 10 14 15 42 MIN   211
2021 10 14 22 18 MAX   560
2021 10 15 05 32 MIN   263
2021 10 15 10 46 MAX   468
2021 10 15 17 36 MIN   219
2021 10 15 23 55 MAX   570
2021 10 16 06 55 MIN   221
2021 10 16 12 20 MAX   508
2021 10 16 19 03 MIN   184
2021 10 17 01 02 MAX   602
2021 10 17 07 53 MIN   169
2021 10 17 13 22 MAX   567
2021 10 17 20 05 MIN   140
2021 10 18 01 49 MAX   632
2021 10 18 08 38 MIN   123
2021 10 18 14 07 MAX   622
2021 10 18 20 54 MIN   104
2021 10 19 02 26 MAX   653
2021 10 19 09 17 MIN    90
2021 10 19 14 44 MAX   662
2021 10 19 21 35 MIN    83
2021 10 20 02 59 MAX   664
2021 10 20 09 51 MIN    70
2021 10 20 15 17 MAX   687
2021 10 20 22 10 MIN    76
2021 10 21 03 29 MAX   663
2021 10 21 10 21 MIN    61
2021 10 21 15 49 MAX   699
2021 10 21 22 42 MIN    81
2021 10 22 03 57 MAX   654
2021 10 22 10 47 MIN    61
2021 10 22 16 19 MAX   699
2021 10 22 23 11 MIN    94
2021 10 23 04 25 MAX   639
2021 10 23 11 11 MIN    65
2021 10 23 16 50 MAX   690
2021 10 23 23 38 MIN   113
2021 10 24 04 53 MAX   618
2021 10 24 11 34 MIN    74
2021 10 24 17 20 MAX   675
2021 10 25 00 04 MIN   138
2021 10 25 05 21 MAX   592
2021 10 25 11 58 MIN    89
2021 10 25 17 52 MAX   653
2021 10 26 00 33 MIN   169
2021 10 26 05 50 MAX   563
2021 10 26 12 25 MIN   113
2021 10 26 18 27 MAX   624
2021 10 27 01 05 MIN   204
2021 10 27 06 23 MAX   529
2021 10 27 12 54 MIN   145
2021 10 27 19 07 MAX   590
2021 10 28 01 44 MIN   243
2021 10 28 07 05 MAX   492
2021 10 28 13 32 MIN   185
2021 10 28 19 59 MAX   553
2021 10 29 02 40 MIN   277
2021 10 29 08 07 MAX   456
2021 10 29 14 30 MIN   226
2021 10 29 21 13 MAX   524
2021 10 30 04 13 MIN   287
2021 10 30 09 41 MAX   440
2021 10 30 16 09 MIN   248
2021 10 30 22 46 MAX   524
2021 10 31 05 52 MIN   255
2021 10 31 11 22 MAX   469
2021 10 31 17 55 MIN   225
2021 11 01 00 00 MAX   555
2021 11 01 00 00 MAX   555
2021 11 01 06 57 MIN   198
2021 11 01 12 29 MAX   530
2021 11 01 19 10 MIN   174
2021 11 02 00 53 MAX   598
2021 11 02 07 48 MIN   136
2021 11 02 13 19 MAX   599
2021 11 02 20 07 MIN   120
2021 11 03 01 36 MAX   638
2021 11 03 08 33 MIN    79
2021 11 03 14 01 MAX   662
2021 11 03 20 58 MIN    74
2021 11 04 02 15 MAX   668
2021 11 04 09 16 MIN    33
2021 11 04 14 41 MAX   713
2021 11 04 21 45 MIN    42
2021 11 05 02 54 MAX   683
2021 11 05 09 58 MIN     0
2021 11 05 15 22 MAX   746
2021 11 05 22 30 MIN    28
2021 11 06 03 33 MAX   682
2021 11 06 10 38 MIN   -16
2021 11 06 16 05 MAX   758
2021 11 06 23 14 MIN    34
2021 11 07 04 13 MAX   665
2021 11 07 11 17 MIN   -14
2021 11 07 16 50 MAX   751
2021 11 07 23 57 MIN    59
2021 11 08 04 57 MAX   636
2021 11 08 11 56 MIN     6
2021 11 08 17 37 MAX   727
2021 11 09 00 41 MIN    99
2021 11 09 05 42 MAX   599
2021 11 09 12 36 MIN    42
2021 11 09 18 28 MAX   689
2021 11 10 01 28 MIN   147
2021 11 10 06 33 MAX   556
2021 11 10 13 19 MIN    92
2021 11 10 19 23 MAX   641
2021 11 11 02 23 MIN   194
2021 11 11 07 32 MAX   513
2021 11 11 14 12 MIN   148
2021 11 11 20 29 MAX   593
2021 11 12 03 34 MIN   226
2021 11 12 08 47 MAX   481
2021 11 12 15 30 MIN   196
2021 11 12 21 49 MAX   560
2021 11 13 04 59 MIN   225
2021 11 13 10 21 MAX   477
2021 11 13 17 07 MIN   211
2021 11 13 23 13 MAX   552
2021 11 14 06 12 MIN   196
2021 11 14 11 48 MAX   510
2021 11 14 18 30 MIN   193
2021 11 15 00 21 MAX   565
2021 11 15 07 10 MIN   157
2021 11 15 12 52 MAX   558
2021 11 15 19 32 MIN   163
2021 11 16 01 11 MAX   584
2021 11 16 07 57 MIN   121
2021 11 16 13 40 MAX   605
2021 11 16 20 22 MIN   136
2021 11 17 01 51 MAX   600
2021 11 17 08 36 MIN    93
2021 11 17 14 19 MAX   641
2021 11 17 21 04 MIN   118
2021 11 18 02 26 MAX   609
2021 11 18 09 11 MIN    75
2021 11 18 14 53 MAX   664
2021 11 18 21 40 MIN   110
2021 11 19 02 59 MAX   611
2021 11 19 09 41 MIN    65
2021 11 19 15 26 MAX   677
2021 11 19 22 13 MIN   109
2021 11 20 03 29 MAX   607
2021 11 20 10 09 MIN    61
2021 11 20 15 57 MAX   680
2021 11 20 22 43 MIN   115
2021 11 21 03 59 MAX   598
2021 11 21 10 37 MIN    60
2021 11 21 16 28 MAX   677
2021 11 21 23 13 MIN   125
2021 11 22 04 29 MAX   585
2021 11 22 11 04 MIN    64
2021 11 22 17 00 MAX   668
2021 11 22 23 44 MIN   140
2021 11 23 04 59 MAX   569
2021 11 23 11 33 MIN    74
2021 11 23 17 32 MAX   653
2021 11 24 00 16 MIN   160
2021 11 24 05 31 MAX   551
2021 11 24 12 03 MIN    92
2021 11 24 18 06 MAX   633
2021 11 25 00 50 MIN   184
2021 11 25 06 07 MAX   530
2021 11 25 12 36 MIN   119
2021 11 25 18 45 MAX   607
2021 11 26 01 29 MIN   209
2021 11 26 06 49 MAX   506
2021 11 26 13 15 MIN   152
2021 11 26 19 31 MAX   578
2021 11 27 02 19 MIN   230
2021 11 27 07 44 MAX   482
2021 11 27 14 07 MIN   188
2021 11 27 20 29 MAX   551
2021 11 28 03 28 MIN   237
2021 11 28 08 57 MAX   470
2021 11 28 15 25 MIN   215
2021 11 28 21 41 MAX   537
2021 11 29 04 48 MIN   218
2021 11 29 10 22 MAX   486
2021 11 29 17 01 MIN   213
2021 11 29 22 56 MAX   545
2021 11 30 06 00 MIN   176
2021 11 30 11 38 MAX   532
2021 11 30 18 25 MIN   182
2021 12 01 00 00 MAX   571
2021 12 01 00 00 MAX   571
2021 12 01 06 59 MIN   123
2021 12 01 12 39 MAX   594
2021 12 01 19 32 MIN   139
2021 12 02 00 54 MAX   601
2021 12 02 07 51 MIN    71
2021 12 02 13 30 MAX   655
2021 12 02 20 29 MIN   100
2021 12 03 01 42 MAX   626
2021 12 03 08 40 MIN    29
2021 12 03 14 18 MAX   704
2021 12 03 21 22 MIN    71
2021 12 04 02 28 MAX   639
2021 12 04 09 27 MIN     0
2021 12 04 15 05 MAX   734
2021 12 04 22 12 MIN    58
2021 12 05 03 13 MAX   639
2021 12 05 10 13 MIN   -15
2021 12 05 15 53 MAX   746
2021 12 05 23 00 MIN    59
2021 12 06 03 59 MAX   629
2021 12 06 10 59 MIN   -14
2021 12 06 16 40 MAX   741
2021 12 06 23 47 MIN    74
2021 12 07 04 46 MAX   611
2021 12 07 11 43 MIN     2
2021 12 07 17 29 MAX   721
2021 12 08 00 34 MIN    97
2021 12 08 05 34 MAX   589
2021 12 08 12 27 MIN    32
2021 12 08 18 18 MAX   690
2021 12 09 01 21 MIN   126
2021 12 09 06 25 MAX   563
2021 12 09 13 13 MIN    73
2021 12 09 19 09 MAX   651
2021 12 10 02 11 MIN   155
2021 12 10 07 20 MAX   537
2021 12 10 14 03 MIN   121
2021 12 10 20 03 MAX   609
2021 12 11 03 05 MIN   178
2021 12 11 08 23 MAX   513
2021 12 11 15 03 MIN   169
2021 12 11 21 04 MAX   568
2021 12 12 04 07 MIN   190
2021 12 12 09 36 MAX   499
2021 12 12 16 16 MIN   205
2021 12 12 22 12 MAX   538
2021 12 13 05 13 MIN   186
2021 12 13 10 57 MAX   506
2021 12 13 17 36 MIN   217
2021 12 13 23 23 MAX   526
2021 12 14 06 14 MIN   168
2021 12 14 12 10 MAX   533
2021 12 14 18 48 MIN   208
2021 12 15 00 24 MAX   528
2021 12 15 07 07 MIN   145
2021 12 15 13 07 MAX   567
2021 12 15 19 45 MIN   189
2021 12 16 01 14 MAX   538
2021 12 16 07 52 MIN   121
2021 12 16 13 53 MAX   600
2021 12 16 20 32 MIN   170
2021 12 17 01 56 MAX   550
2021 12 17 08 30 MIN   101
2021 12 17 14 32 MAX   626
2021 12 17 21 12 MIN   155
2021 12 18 02 33 MAX   559
2021 12 18 09 05 MIN    85
2021 12 18 15 07 MAX   645
2021 12 18 21 48 MIN   145
2021 12 19 03 08 MAX   566
2021 12 19 09 38 MIN    73
2021 12 19 15 40 MAX   657
2021 12 19 22 22 MIN   138
2021 12 20 03 41 MAX   568
2021 12 20 10 11 MIN    64
2021 12 20 16 13 MAX   663
2021 12 20 22 56 MIN   137
2021 12 21 04 13 MAX   568
2021 12 21 10 45 MIN    60
2021 12 21 16 45 MAX   662
2021 12 21 23 31 MIN   139
2021 12 22 04 45 MAX   566
2021 12 22 11 20 MIN    63
2021 12 22 17 17 MAX   657
2021 12 23 00 06 MIN   146
2021 12 23 05 17 MAX   560
2021 12 23 11 54 MIN    73
2021 12 23 17 50 MAX   647
2021 12 24 00 42 MIN   156
2021 12 24 05 53 MAX   552
2021 12 24 12 30 MIN    92
2021 12 24 18 25 MAX   631
2021 12 25 01 19 MIN   166
2021 12 25 06 33 MAX   541
2021 12 25 13 08 MIN   117
2021 12 25 19 05 MAX   610
2021 12 26 02 01 MIN   176
2021 12 26 07 21 MAX   528
2021 12 26 13 53 MIN   148
2021 12 26 19 53 MAX   586
2021 12 27 02 50 MIN   181
2021 12 27 08 20 MAX   517
2021 12 27 14 51 MIN   179
2021 12 27 20 50 MAX   562
2021 12 28 03 50 MIN   176
2021 12 28 09 31 MAX   517
2021 12 28 16 08 MIN   200
2021 12 28 21 58 MAX   545
2021 12 29 04 58 MIN   159
2021 12 29 10 48 MAX   538
2021 12 29 17 36 MIN   200
2021 12 29 23 09 MAX   543
2021 12 30 06 08 MIN   127
2021 12 30 12 02 MAX   579
2021 12 30 18 58 MIN   177
2021 12 31 00 17 MAX   555
2021 12 31 07 12 MIN    89
2021 12 31 13 07 MAX   629
2021 12 31 20 07 MIN   146
