 <API - 조위예측극치자료>

대상조위관측소 : 제주
위도(WGS84) : N 126.5431
경도(WGS84) : E 33.5275
관측기관 : 20201221 ~ 20220101

2020 12 21 02 59 MAX   176
2020 12 21 09 27 MIN    95
2020 12 21 16 04 MAX   214
2020 12 21 22 54 MIN   112
2020 12 22 04 21 MAX   171
2020 12 22 10 29 MIN   113
2020 12 22 17 02 MAX   202
2020 12 22 23 54 MIN   108
2020 12 23 06 00 MAX   174
2020 12 23 11 44 MIN   125
2020 12 23 18 00 MAX   194
2020 12 24 00 49 MIN   100
2020 12 24 07 18 MAX   183
2020 12 24 13 05 MIN   129
2020 12 24 18 55 MAX   189
2020 12 25 01 36 MIN    90
2020 12 25 08 14 MAX   195
2020 12 25 14 15 MIN   126
2020 12 25 19 42 MAX   186
2020 12 26 02 17 MIN    78
2020 12 26 08 57 MAX   208
2020 12 26 15 10 MIN   118
2020 12 26 20 24 MAX   186
2020 12 27 02 54 MIN    66
2020 12 27 09 33 MAX   221
2020 12 27 15 53 MIN   109
2020 12 27 21 02 MAX   187
2020 12 28 03 29 MIN    54
2020 12 28 10 07 MAX   234
2020 12 28 16 31 MIN   101
2020 12 28 21 38 MAX   190
2020 12 29 04 04 MIN    41
2020 12 29 10 39 MAX   246
2020 12 29 17 05 MIN    93
2020 12 29 22 12 MAX   195
2020 12 30 04 40 MIN    30
2020 12 30 11 11 MAX   255
2020 12 30 17 39 MIN    88
2020 12 30 22 47 MAX   200
2020 12 31 05 18 MIN    22
2020 12 31 11 45 MAX   262
2020 12 31 18 15 MIN    85
2020 12 31 23 22 MAX   204
2021 01 01 05 56 MIN    19
2021 01 01 12 21 MAX   264
2021 01 01 18 53 MIN    84
2021 01 02 00 00 MAX   206
2021 01 02 00 00 MAX   206
2021 01 02 06 38 MIN    21
2021 01 02 12 59 MAX   262
2021 01 02 19 35 MIN    85
2021 01 03 00 42 MAX   204
2021 01 03 07 22 MIN    29
2021 01 03 13 40 MAX   255
2021 01 03 20 20 MIN    86
2021 01 04 01 30 MAX   200
2021 01 04 08 09 MIN    43
2021 01 04 14 24 MAX   244
2021 01 04 21 09 MIN    87
2021 01 05 02 26 MAX   194
2021 01 05 09 02 MIN    60
2021 01 05 15 12 MAX   232
2021 01 05 22 04 MIN    85
2021 01 06 03 36 MAX   189
2021 01 06 10 04 MIN    78
2021 01 06 16 08 MAX   218
2021 01 06 23 03 MIN    79
2021 01 07 05 06 MAX   190
2021 01 07 11 17 MIN    93
2021 01 07 17 11 MAX   205
2021 01 08 00 06 MIN    70
2021 01 08 06 38 MAX   200
2021 01 08 12 40 MIN   100
2021 01 08 18 21 MAX   196
2021 01 09 01 09 MIN    56
2021 01 09 07 53 MAX   217
2021 01 09 14 01 MIN    98
2021 01 09 19 26 MAX   193
2021 01 10 02 08 MIN    40
2021 01 10 08 53 MAX   236
2021 01 10 15 10 MIN    90
2021 01 10 20 25 MAX   194
2021 01 11 03 02 MIN    24
2021 01 11 09 45 MAX   253
2021 01 11 16 06 MIN    80
2021 01 11 21 17 MAX   198
2021 01 12 03 53 MIN    10
2021 01 12 10 32 MAX   266
2021 01 12 16 55 MIN    71
2021 01 12 22 04 MAX   204
2021 01 13 04 41 MIN     1
2021 01 13 11 14 MAX   274
2021 01 13 17 39 MIN    66
2021 01 13 22 48 MAX   210
2021 01 14 05 25 MIN    -2
2021 01 14 11 54 MAX   274
2021 01 14 18 20 MIN    66
2021 01 14 23 29 MAX   213
2021 01 15 06 07 MIN     3
2021 01 15 12 31 MAX   268
2021 01 15 19 00 MIN    69
2021 01 16 00 09 MAX   211
2021 01 16 06 47 MIN    16
2021 01 16 13 07 MAX   258
2021 01 16 19 39 MIN    75
2021 01 17 00 49 MAX   206
2021 01 17 07 25 MIN    36
2021 01 17 13 41 MAX   243
2021 01 17 20 18 MIN    82
2021 01 18 01 31 MAX   198
2021 01 18 08 04 MIN    58
2021 01 18 14 14 MAX   228
2021 01 18 20 58 MIN    88
2021 01 19 02 17 MAX   187
2021 01 19 08 43 MIN    81
2021 01 19 14 48 MAX   211
2021 01 19 21 40 MIN    92
2021 01 20 03 13 MAX   178
2021 01 20 09 28 MIN   103
2021 01 20 15 26 MAX   196
2021 01 20 22 29 MIN    94
2021 01 21 04 31 MAX   172
2021 01 21 10 25 MIN   121
2021 01 21 16 13 MAX   182
2021 01 21 23 24 MIN    93
2021 01 22 06 12 MAX   173
2021 01 22 11 50 MIN   132
2021 01 22 17 24 MAX   170
2021 01 23 00 24 MIN    88
2021 01 23 07 34 MAX   183
2021 01 23 13 33 MIN   132
2021 01 23 18 45 MAX   164
2021 01 24 01 23 MIN    80
2021 01 24 08 33 MAX   195
2021 01 24 14 52 MIN   123
2021 01 24 19 50 MAX   164
2021 01 25 02 16 MIN    68
2021 01 25 09 17 MAX   210
2021 01 25 15 42 MIN   111
2021 01 25 20 42 MAX   169
2021 01 26 03 03 MIN    53
2021 01 26 09 53 MAX   224
2021 01 26 16 19 MIN    98
2021 01 26 21 23 MAX   177
2021 01 27 03 47 MIN    37
2021 01 27 10 27 MAX   238
2021 01 27 16 52 MIN    87
2021 01 27 22 01 MAX   189
2021 01 28 04 27 MIN    21
2021 01 28 10 58 MAX   252
2021 01 28 17 24 MIN    76
2021 01 28 22 36 MAX   201
2021 01 29 05 07 MIN     8
2021 01 29 11 30 MAX   262
2021 01 29 17 58 MIN    66
2021 01 29 23 13 MAX   212
2021 01 30 05 47 MIN     0
2021 01 30 12 03 MAX   268
2021 01 30 18 33 MIN    59
2021 01 30 23 52 MAX   220
2021 01 31 06 27 MIN     0
2021 01 31 12 38 MAX   268
2021 01 31 19 11 MIN    54
2021 02 01 00 33 MAX   223
2021 02 01 07 10 MIN     9
2021 02 01 13 14 MAX   261
2021 02 01 19 51 MIN    52
2021 02 02 01 19 MAX   221
2021 02 02 07 55 MIN    26
2021 02 02 13 52 MAX   248
2021 02 02 20 34 MIN    53
2021 02 03 02 11 MAX   214
2021 02 03 08 44 MIN    50
2021 02 03 14 33 MAX   230
2021 02 03 21 22 MIN    56
2021 02 04 03 13 MAX   204
2021 02 04 09 41 MIN    76
2021 02 04 15 20 MAX   208
2021 02 04 22 18 MIN    60
2021 02 05 04 38 MAX   196
2021 02 05 10 54 MIN    99
2021 02 05 16 18 MAX   187
2021 02 05 23 24 MIN    62
2021 02 06 06 26 MAX   199
2021 02 06 12 27 MIN   111
2021 02 06 17 42 MAX   172
2021 02 07 00 39 MIN    58
2021 02 07 07 54 MAX   210
2021 02 07 14 03 MIN   109
2021 02 07 19 13 MAX   168
2021 02 08 01 53 MIN    49
2021 02 08 08 58 MAX   226
2021 02 08 15 15 MIN    97
2021 02 08 20 23 MAX   174
2021 02 09 02 55 MIN    35
2021 02 09 09 47 MAX   240
2021 02 09 16 06 MIN    83
2021 02 09 21 17 MAX   185
2021 02 10 03 48 MIN    21
2021 02 10 10 27 MAX   251
2021 02 10 16 47 MIN    71
2021 02 10 22 01 MAX   199
2021 02 11 04 34 MIN    10
2021 02 11 11 02 MAX   258
2021 02 11 17 24 MIN    62
2021 02 11 22 41 MAX   211
2021 02 12 05 15 MIN     5
2021 02 12 11 34 MAX   260
2021 02 12 17 59 MIN    56
2021 02 12 23 18 MAX   219
2021 02 13 05 53 MIN     8
2021 02 13 12 04 MAX   258
2021 02 13 18 32 MIN    55
2021 02 13 23 53 MAX   222
2021 02 14 06 28 MIN    18
2021 02 14 12 33 MAX   251
2021 02 14 19 04 MIN    57
2021 02 15 00 29 MAX   220
2021 02 15 07 02 MIN    35
2021 02 15 13 00 MAX   240
2021 02 15 19 35 MIN    61
2021 02 16 01 05 MAX   213
2021 02 16 07 35 MIN    55
2021 02 16 13 27 MAX   226
2021 02 16 20 06 MIN    67
2021 02 17 01 44 MAX   204
2021 02 17 08 08 MIN    77
2021 02 17 13 53 MAX   210
2021 02 17 20 38 MIN    73
2021 02 18 02 27 MAX   194
2021 02 18 08 46 MIN    98
2021 02 18 14 21 MAX   194
2021 02 18 21 15 MIN    79
2021 02 19 03 23 MAX   183
2021 02 19 09 32 MIN   117
2021 02 19 14 53 MAX   177
2021 02 19 22 02 MIN    85
2021 02 20 04 51 MAX   177
2021 02 20 10 45 MIN   131
2021 02 20 15 40 MAX   161
2021 02 20 23 05 MIN    88
2021 02 21 06 42 MAX   179
2021 02 21 12 50 MIN   135
2021 02 21 17 40 MAX   150
2021 02 22 00 24 MIN    86
2021 02 22 08 02 MAX   190
2021 02 22 14 41 MIN   125
2021 02 22 19 25 MAX   151
2021 02 23 01 40 MIN    76
2021 02 23 08 55 MAX   205
2021 02 23 15 29 MIN   110
2021 02 23 20 26 MAX   161
2021 02 24 02 41 MIN    60
2021 02 24 09 34 MAX   220
2021 02 24 16 02 MIN    96
2021 02 24 21 10 MAX   176
2021 02 25 03 29 MIN    40
2021 02 25 10 06 MAX   236
2021 02 25 16 31 MIN    80
2021 02 25 21 48 MAX   194
2021 02 26 04 12 MIN    21
2021 02 26 10 36 MAX   251
2021 02 26 17 01 MIN    64
2021 02 26 22 23 MAX   213
2021 02 27 04 53 MIN     4
2021 02 27 11 05 MAX   264
2021 02 27 17 33 MIN    48
2021 02 27 23 01 MAX   231
2021 02 28 05 33 MIN    -5
2021 02 28 11 37 MAX   271
2021 02 28 18 07 MIN    34
2021 02 28 23 40 MAX   244
2021 03 01 06 13 MIN    -5
2021 03 01 12 10 MAX   271
2021 03 01 18 43 MIN    25
2021 03 02 00 22 MAX   250
2021 03 02 06 55 MIN     6
2021 03 02 12 45 MAX   262
2021 03 02 19 21 MIN    22
2021 03 03 01 07 MAX   247
2021 03 03 07 40 MIN    27
2021 03 03 13 21 MAX   245
2021 03 03 20 02 MIN    27
2021 03 04 01 57 MAX   237
2021 03 04 08 29 MIN    56
2021 03 04 13 59 MAX   222
2021 03 04 20 47 MIN    38
2021 03 05 02 58 MAX   221
2021 03 05 09 27 MIN    86
2021 03 05 14 42 MAX   196
2021 03 05 21 41 MIN    52
2021 03 06 04 25 MAX   206
2021 03 06 10 44 MIN   111
2021 03 06 15 38 MAX   172
2021 03 06 22 50 MIN    65
2021 03 07 06 23 MAX   203
2021 03 07 12 32 MIN   121
2021 03 07 17 25 MAX   155
2021 03 08 00 19 MIN    71
2021 03 08 07 55 MAX   211
2021 03 08 14 14 MIN   113
2021 03 08 19 22 MAX   158
2021 03 09 01 45 MIN    65
2021 03 09 08 56 MAX   221
2021 03 09 15 13 MIN    98
2021 03 09 20 30 MAX   171
2021 03 10 02 51 MIN    52
2021 03 10 09 38 MAX   231
2021 03 10 15 54 MIN    84
2021 03 10 21 17 MAX   187
2021 03 11 03 42 MIN    40
2021 03 11 10 11 MAX   239
2021 03 11 16 29 MIN    71
2021 03 11 21 55 MAX   204
2021 03 12 04 23 MIN    30
2021 03 12 10 39 MAX   244
2021 03 12 17 01 MIN    60
2021 03 12 22 29 MAX   218
2021 03 13 05 01 MIN    25
2021 03 13 11 06 MAX   247
2021 03 13 17 31 MIN    52
2021 03 13 23 02 MAX   228
2021 03 14 05 35 MIN    27
2021 03 14 11 31 MAX   246
2021 03 14 18 00 MIN    47
2021 03 14 23 35 MAX   234
2021 03 15 06 07 MIN    35
2021 03 15 11 56 MAX   241
2021 03 15 18 27 MIN    46
2021 03 16 00 08 MAX   235
2021 03 16 06 39 MIN    48
2021 03 16 12 20 MAX   233
2021 03 16 18 54 MIN    48
2021 03 17 00 41 MAX   231
2021 03 17 07 10 MIN    64
2021 03 17 12 44 MAX   221
2021 03 17 19 20 MIN    53
2021 03 18 01 16 MAX   224
2021 03 18 07 42 MIN    82
2021 03 18 13 09 MAX   207
2021 03 18 19 49 MIN    60
2021 03 19 01 54 MAX   215
2021 03 19 08 18 MIN   100
2021 03 19 13 35 MAX   192
2021 03 19 20 21 MIN    69
2021 03 20 02 41 MAX   203
2021 03 20 09 04 MIN   118
2021 03 20 14 04 MAX   176
2021 03 20 21 03 MIN    80
2021 03 21 03 48 MAX   192
2021 03 21 10 11 MIN   132
2021 03 21 14 42 MAX   160
2021 03 21 22 02 MIN    90
2021 03 22 05 42 MAX   188
2021 03 22 12 15 MIN   137
2021 03 22 16 31 MAX   146
2021 03 22 23 30 MIN    95
2021 03 23 07 19 MAX   194
2021 03 23 14 13 MIN   126
2021 03 23 19 02 MAX   150
2021 03 24 01 02 MIN    88
2021 03 24 08 19 MAX   207
2021 03 24 14 58 MIN   111
2021 03 24 20 06 MAX   164
2021 03 25 02 13 MIN    72
2021 03 25 09 00 MAX   222
2021 03 25 15 29 MIN    94
2021 03 25 20 50 MAX   184
2021 03 26 03 06 MIN    52
2021 03 26 09 32 MAX   237
2021 03 26 15 59 MIN    75
2021 03 26 21 28 MAX   207
2021 03 27 03 51 MIN    32
2021 03 27 10 02 MAX   252
2021 03 27 16 29 MIN    53
2021 03 27 22 06 MAX   232
2021 03 28 04 33 MIN    16
2021 03 28 10 33 MAX   263
2021 03 28 17 02 MIN    32
2021 03 28 22 45 MAX   254
2021 03 29 05 15 MIN     7
2021 03 29 11 06 MAX   269
2021 03 29 17 37 MIN    14
2021 03 29 23 26 MAX   270
2021 03 30 05 57 MIN     9
2021 03 30 11 40 MAX   267
2021 03 30 18 14 MIN     4
2021 03 31 00 09 MAX   276
2021 03 31 06 41 MIN    22
2021 03 31 12 15 MAX   255
2021 03 31 18 53 MIN     4
2021 04 01 00 56 MAX   272
2021 04 01 07 28 MIN    45
2021 04 01 12 52 MAX   235
2021 04 01 19 34 MIN    15
2021 04 02 01 48 MAX   258
2021 04 02 08 19 MIN    73
2021 04 02 13 32 MAX   211
2021 04 02 20 19 MIN    33
2021 04 03 02 50 MAX   238
2021 04 03 09 21 MIN   102
2021 04 03 14 16 MAX   185
2021 04 03 21 13 MIN    56
2021 04 04 04 21 MAX   220
2021 04 04 10 46 MIN   121
2021 04 04 15 19 MAX   163
2021 04 04 22 26 MIN    77
2021 04 05 06 14 MAX   213
2021 04 05 12 36 MIN   125
2021 04 05 17 37 MAX   154
2021 04 06 00 03 MIN    87
2021 04 06 07 39 MAX   215
2021 04 06 14 02 MIN   114
2021 04 06 19 27 MAX   163
2021 04 07 01 33 MIN    84
2021 04 07 08 34 MAX   220
2021 04 07 14 52 MIN   101
2021 04 07 20 26 MAX   180
2021 04 08 02 38 MIN    76
2021 04 08 09 12 MAX   224
2021 04 08 15 29 MIN    88
2021 04 08 21 08 MAX   196
2021 04 09 03 26 MIN    67
2021 04 09 09 41 MAX   228
2021 04 09 16 00 MIN    75
2021 04 09 21 42 MAX   212
2021 04 10 04 06 MIN    60
2021 04 10 10 06 MAX   231
2021 04 10 16 30 MIN    63
2021 04 10 22 14 MAX   226
2021 04 11 04 42 MIN    57
2021 04 11 10 30 MAX   233
2021 04 11 16 58 MIN    54
2021 04 11 22 45 MAX   237
2021 04 12 05 14 MIN    58
2021 04 12 10 54 MAX   233
2021 04 12 17 24 MIN    47
2021 04 12 23 16 MAX   245
2021 04 13 05 46 MIN    62
2021 04 13 11 18 MAX   229
2021 04 13 17 50 MIN    44
2021 04 13 23 47 MAX   248
2021 04 14 06 17 MIN    71
2021 04 14 11 42 MAX   223
2021 04 14 18 15 MIN    45
2021 04 15 00 19 MAX   248
2021 04 15 06 48 MIN    82
2021 04 15 12 07 MAX   214
2021 04 15 18 41 MIN    49
2021 04 16 00 52 MAX   243
2021 04 16 07 22 MIN    95
2021 04 16 12 34 MAX   203
2021 04 16 19 11 MIN    56
2021 04 17 01 29 MAX   235
2021 04 17 08 00 MIN   109
2021 04 17 13 03 MAX   191
2021 04 17 19 45 MIN    67
2021 04 18 02 14 MAX   224
2021 04 18 08 48 MIN   123
2021 04 18 13 36 MAX   177
2021 04 18 20 28 MIN    80
2021 04 19 03 15 MAX   212
2021 04 19 09 57 MIN   135
2021 04 19 14 20 MAX   164
2021 04 19 21 25 MIN    93
2021 04 20 04 48 MAX   204
2021 04 20 11 40 MIN   138
2021 04 20 16 04 MAX   153
2021 04 20 22 48 MIN   101
2021 04 21 06 24 MAX   206
2021 04 21 13 14 MIN   129
2021 04 21 18 24 MAX   159
2021 04 22 00 20 MIN    98
2021 04 22 07 27 MAX   214
2021 04 22 14 06 MIN   113
2021 04 22 19 33 MAX   176
2021 04 23 01 36 MIN    86
2021 04 23 08 11 MAX   225
2021 04 23 14 44 MIN    94
2021 04 23 20 21 MAX   198
2021 04 24 02 35 MIN    70
2021 04 24 08 47 MAX   238
2021 04 24 15 18 MIN    71
2021 04 24 21 04 MAX   224
2021 04 25 03 25 MIN    53
2021 04 25 09 21 MAX   249
2021 04 25 15 53 MIN    47
2021 04 25 21 45 MAX   251
2021 04 26 04 12 MIN    40
2021 04 26 09 56 MAX   257
2021 04 26 16 29 MIN    23
2021 04 26 22 28 MAX   275
2021 04 27 04 57 MIN    34
2021 04 27 10 33 MAX   260
2021 04 27 17 07 MIN     6
2021 04 27 23 12 MAX   290
2021 04 28 05 43 MIN    37
2021 04 28 11 10 MAX   255
2021 04 28 17 47 MIN    -2
2021 04 28 23 58 MAX   295
2021 04 29 06 30 MIN    49
2021 04 29 11 49 MAX   243
2021 04 29 18 28 MIN     2
2021 04 30 00 48 MAX   289
2021 04 30 07 20 MIN    69
2021 04 30 12 29 MAX   225
2021 04 30 19 11 MIN    16
2021 05 01 01 42 MAX   273
2021 05 01 08 14 MIN    93
2021 05 01 13 13 MAX   204
2021 05 01 20 00 MIN    39
2021 05 02 02 46 MAX   253
2021 05 02 09 19 MIN   114
2021 05 02 14 03 MAX   184
2021 05 02 20 56 MIN    66
2021 05 03 04 10 MAX   234
2021 05 03 10 42 MIN   126
2021 05 03 15 20 MAX   168
2021 05 03 22 08 MIN    89
2021 05 04 05 44 MAX   224
2021 05 04 12 13 MIN   127
2021 05 04 17 29 MAX   165
2021 05 04 23 37 MIN   103
2021 05 05 07 00 MAX   220
2021 05 05 13 25 MIN   118
2021 05 05 19 08 MAX   176
2021 05 06 01 03 MIN   106
2021 05 06 07 53 MAX   219
2021 05 06 14 14 MIN   107
2021 05 06 20 08 MAX   190
2021 05 07 02 11 MIN   104
2021 05 07 08 30 MAX   218
2021 05 07 14 52 MIN    95
2021 05 07 20 50 MAX   205
2021 05 08 03 01 MIN   100
2021 05 08 08 59 MAX   219
2021 05 08 15 24 MIN    84
2021 05 08 21 25 MAX   219
2021 05 09 03 44 MIN    96
2021 05 09 09 25 MAX   219
2021 05 09 15 54 MIN    73
2021 05 09 21 57 MAX   232
2021 05 10 04 20 MIN    93
2021 05 10 09 51 MAX   220
2021 05 10 16 22 MIN    63
2021 05 10 22 27 MAX   243
2021 05 11 04 55 MIN    92
2021 05 11 10 16 MAX   219
2021 05 11 16 48 MIN    56
2021 05 11 22 57 MAX   251
2021 05 12 05 27 MIN    93
2021 05 12 10 43 MAX   217
2021 05 12 17 14 MIN    51
2021 05 12 23 28 MAX   257
2021 05 13 05 58 MIN    96
2021 05 13 11 10 MAX   214
2021 05 13 17 42 MIN    50
2021 05 14 00 00 MAX   259
2021 05 14 00 00 MAX   259
2021 05 14 06 31 MIN   102
2021 05 14 11 38 MAX   210
2021 05 14 18 12 MIN    52
2021 05 15 00 35 MAX   257
2021 05 15 07 07 MIN   110
2021 05 15 12 09 MAX   203
2021 05 15 18 46 MIN    59
2021 05 16 01 13 MAX   251
2021 05 16 07 49 MIN   120
2021 05 16 12 43 MAX   194
2021 05 16 19 24 MIN    70
2021 05 17 01 58 MAX   242
2021 05 17 08 39 MIN   130
2021 05 17 13 23 MAX   185
2021 05 17 20 10 MIN    83
2021 05 18 02 54 MAX   232
2021 05 18 09 43 MIN   137
2021 05 18 14 17 MAX   175
2021 05 18 21 07 MIN    95
2021 05 19 04 04 MAX   224
2021 05 19 10 59 MIN   137
2021 05 19 15 45 MAX   170
2021 05 19 22 19 MIN   104
2021 05 20 05 21 MAX   222
2021 05 20 12 11 MIN   128
2021 05 20 17 35 MAX   176
2021 05 20 23 39 MIN   106
2021 05 21 06 23 MAX   225
2021 05 21 13 07 MIN   113
2021 05 21 18 52 MAX   192
2021 05 22 00 54 MIN   101
2021 05 22 07 14 MAX   230
2021 05 22 13 52 MIN    94
2021 05 22 19 49 MAX   215
2021 05 23 02 01 MIN    92
2021 05 23 07 58 MAX   236
2021 05 23 14 34 MIN    70
2021 05 23 20 40 MAX   240
2021 05 24 02 59 MIN    81
2021 05 24 08 40 MAX   242
2021 05 24 15 16 MIN    46
2021 05 24 21 27 MAX   266
2021 05 25 03 52 MIN    72
2021 05 25 09 22 MAX   245
2021 05 25 15 59 MIN    25
2021 05 25 22 15 MAX   287
2021 05 26 04 43 MIN    68
2021 05 26 10 03 MAX   246
2021 05 26 16 41 MIN    11
2021 05 26 23 02 MAX   300
2021 05 27 05 32 MIN    69
2021 05 27 10 46 MAX   242
2021 05 27 17 25 MIN     5
2021 05 27 23 51 MAX   304
2021 05 28 06 22 MIN    78
2021 05 28 11 29 MAX   233
2021 05 28 18 10 MIN    11
2021 05 29 00 41 MAX   297
2021 05 29 07 13 MIN    91
2021 05 29 12 14 MAX   221
2021 05 29 18 57 MIN    27
2021 05 30 01 36 MAX   283
2021 05 30 08 08 MIN   107
2021 05 30 13 02 MAX   207
2021 05 30 19 47 MIN    50
2021 05 31 02 35 MAX   265
2021 05 31 09 09 MIN   120
2021 05 31 13 58 MAX   194
2021 05 31 20 42 MIN    75
2021 06 01 03 42 MAX   247
2021 06 01 10 16 MIN   128
2021 06 01 15 11 MAX   184
2021 06 01 21 46 MIN    99
2021 06 02 04 54 MAX   233
2021 06 02 11 27 MIN   129
2021 06 02 16 51 MAX   181
2021 06 02 22 59 MIN   117
2021 06 03 05 59 MAX   224
2021 06 03 12 31 MIN   124
2021 06 03 18 29 MAX   188
2021 06 04 00 16 MIN   129
2021 06 04 06 52 MAX   217
2021 06 04 13 24 MIN   115
2021 06 04 19 39 MAX   199
2021 06 05 01 29 MIN   133
2021 06 05 07 33 MAX   213
2021 06 05 14 06 MIN   106
2021 06 05 20 28 MAX   211
2021 06 06 02 30 MIN   133
2021 06 06 08 07 MAX   210
2021 06 06 14 42 MIN    96
2021 06 06 21 06 MAX   223
2021 06 07 03 19 MIN   130
2021 06 07 08 39 MAX   209
2021 06 07 15 14 MIN    87
2021 06 07 21 40 MAX   234
2021 06 08 04 01 MIN   126
2021 06 08 09 11 MAX   209
2021 06 08 15 44 MIN    78
2021 06 08 22 12 MAX   245
2021 06 09 04 37 MIN   122
2021 06 09 09 42 MAX   209
2021 06 09 16 15 MIN    69
2021 06 09 22 42 MAX   255
2021 06 10 05 11 MIN   119
2021 06 10 10 14 MAX   210
2021 06 10 16 45 MIN    63
2021 06 10 23 14 MAX   262
2021 06 11 05 44 MIN   117
2021 06 11 10 45 MAX   211
2021 06 11 17 18 MIN    59
2021 06 11 23 47 MAX   267
2021 06 12 06 19 MIN   118
2021 06 12 11 19 MAX   211
2021 06 12 17 53 MIN    59
2021 06 13 00 23 MAX   267
2021 06 13 06 57 MIN   121
2021 06 13 11 53 MAX   209
2021 06 13 18 32 MIN    63
2021 06 14 01 02 MAX   264
2021 06 14 07 39 MIN   127
2021 06 14 12 32 MAX   206
2021 06 14 19 14 MIN    71
2021 06 15 01 45 MAX   259
2021 06 15 08 26 MIN   131
2021 06 15 13 16 MAX   201
2021 06 15 20 01 MIN    82
2021 06 16 02 32 MAX   251
2021 06 16 09 18 MIN   133
2021 06 16 14 11 MAX   196
2021 06 16 20 53 MIN    94
2021 06 17 03 24 MAX   244
2021 06 17 10 16 MIN   131
2021 06 17 15 22 MAX   193
2021 06 17 21 54 MIN   105
2021 06 18 04 21 MAX   238
2021 06 18 11 15 MIN   123
2021 06 18 16 51 MAX   197
2021 06 18 23 03 MIN   114
2021 06 19 05 20 MAX   234
2021 06 19 12 11 MIN   110
2021 06 19 18 15 MAX   210
2021 06 20 00 18 MIN   118
2021 06 20 06 17 MAX   231
2021 06 20 13 05 MIN    93
2021 06 20 19 24 MAX   229
2021 06 21 01 33 MIN   117
2021 06 21 07 12 MAX   230
2021 06 21 13 56 MIN    74
2021 06 21 20 24 MAX   251
2021 06 22 02 40 MIN   112
2021 06 22 08 04 MAX   230
2021 06 22 14 46 MIN    54
2021 06 22 21 17 MAX   272
2021 06 23 03 41 MIN   104
2021 06 23 08 54 MAX   232
2021 06 23 15 35 MIN    37
2021 06 23 22 08 MAX   290
2021 06 24 04 35 MIN    99
2021 06 24 09 43 MAX   233
2021 06 24 16 24 MIN    25
2021 06 24 22 58 MAX   301
2021 06 25 05 26 MIN    96
2021 06 25 10 30 MAX   234
2021 06 25 17 12 MIN    21
2021 06 25 23 46 MAX   305
2021 06 26 06 15 MIN    98
2021 06 26 11 18 MAX   233
2021 06 26 17 59 MIN    26
2021 06 27 00 34 MAX   301
2021 06 27 07 04 MIN   104
2021 06 27 12 04 MAX   228
2021 06 27 18 47 MIN    39
2021 06 28 01 22 MAX   289
2021 06 28 07 53 MIN   112
2021 06 28 12 52 MAX   221
2021 06 28 19 35 MIN    59
2021 06 29 02 10 MAX   274
2021 06 29 08 44 MIN   121
2021 06 29 13 44 MAX   212
2021 06 29 20 23 MIN    83
2021 06 30 02 58 MAX   257
2021 06 30 09 37 MIN   127
2021 06 30 14 44 MAX   203
2021 06 30 21 15 MIN   108
2021 07 01 03 48 MAX   240
2021 07 01 10 32 MIN   130
2021 07 01 16 01 MAX   197
2021 07 01 22 12 MIN   131
2021 07 02 04 38 MAX   227
2021 07 02 11 29 MIN   129
2021 07 02 17 38 MAX   198
2021 07 02 23 19 MIN   148
2021 07 03 05 30 MAX   216
2021 07 03 12 22 MIN   124
2021 07 03 19 02 MAX   205
2021 07 04 00 38 MIN   158
2021 07 04 06 22 MAX   208
2021 07 04 13 11 MIN   118
2021 07 04 20 03 MAX   214
2021 07 05 01 56 MIN   160
2021 07 05 07 11 MAX   203
2021 07 05 13 54 MIN   110
2021 07 05 20 49 MAX   225
2021 07 06 02 59 MIN   156
2021 07 06 07 56 MAX   201
2021 07 06 14 34 MIN   102
2021 07 06 21 26 MAX   236
2021 07 07 03 48 MIN   149
2021 07 07 08 39 MAX   201
2021 07 07 15 12 MIN    92
2021 07 07 22 00 MAX   247
2021 07 08 04 27 MIN   142
2021 07 08 09 18 MAX   204
2021 07 08 15 49 MIN    82
2021 07 08 22 32 MAX   258
2021 07 09 05 01 MIN   135
2021 07 09 09 55 MAX   209
2021 07 09 16 26 MIN    73
2021 07 09 23 04 MAX   267
2021 07 10 05 34 MIN   130
2021 07 10 10 31 MAX   215
2021 07 10 17 04 MIN    66
2021 07 10 23 37 MAX   274
2021 07 11 06 08 MIN   127
2021 07 11 11 06 MAX   220
2021 07 11 17 42 MIN    62
2021 07 12 00 11 MAX   278
2021 07 12 06 43 MIN   125
2021 07 12 11 43 MAX   224
2021 07 12 18 22 MIN    62
2021 07 13 00 46 MAX   278
2021 07 13 07 21 MIN   124
2021 07 13 12 23 MAX   225
2021 07 13 19 04 MIN    68
2021 07 14 01 23 MAX   275
2021 07 14 08 02 MIN   123
2021 07 14 13 07 MAX   224
2021 07 14 19 49 MIN    78
2021 07 15 02 02 MAX   268
2021 07 15 08 46 MIN   122
2021 07 15 13 59 MAX   221
2021 07 15 20 37 MIN    93
2021 07 16 02 45 MAX   259
2021 07 16 09 35 MIN   119
2021 07 16 15 01 MAX   218
2021 07 16 21 32 MIN   110
2021 07 17 03 31 MAX   248
2021 07 17 10 28 MIN   113
2021 07 17 16 20 MAX   218
2021 07 17 22 37 MIN   126
2021 07 18 04 25 MAX   235
2021 07 18 11 25 MIN   106
2021 07 18 17 52 MAX   225
2021 07 18 23 55 MIN   137
2021 07 19 05 29 MAX   225
2021 07 19 12 26 MIN    95
2021 07 19 19 14 MAX   239
2021 07 20 01 19 MIN   141
2021 07 20 06 38 MAX   218
2021 07 20 13 27 MIN    83
2021 07 20 20 21 MAX   256
2021 07 21 02 36 MIN   136
2021 07 21 07 44 MAX   217
2021 07 21 14 27 MIN    68
2021 07 21 21 19 MAX   274
2021 07 22 03 40 MIN   127
2021 07 22 08 42 MAX   221
2021 07 22 15 23 MIN    54
2021 07 22 22 09 MAX   289
2021 07 23 04 33 MIN   117
2021 07 23 09 35 MAX   228
2021 07 23 16 16 MIN    43
2021 07 23 22 55 MAX   299
2021 07 24 05 20 MIN   110
2021 07 24 10 24 MAX   236
2021 07 24 17 05 MIN    37
2021 07 24 23 38 MAX   302
2021 07 25 06 04 MIN   106
2021 07 25 11 09 MAX   241
2021 07 25 17 51 MIN    40
2021 07 26 00 18 MAX   299
2021 07 26 06 46 MIN   107
2021 07 26 11 53 MAX   242
2021 07 26 18 34 MIN    51
2021 07 27 00 56 MAX   290
2021 07 27 07 27 MIN   110
2021 07 27 12 37 MAX   239
2021 07 27 19 16 MIN    69
2021 07 28 01 32 MAX   276
2021 07 28 08 08 MIN   116
2021 07 28 13 22 MAX   231
2021 07 28 19 58 MIN    93
2021 07 29 02 07 MAX   260
2021 07 29 08 49 MIN   122
2021 07 29 14 11 MAX   222
2021 07 29 20 40 MIN   119
2021 07 30 02 40 MAX   243
2021 07 30 09 33 MIN   127
2021 07 30 15 11 MAX   213
2021 07 30 21 26 MIN   143
2021 07 31 03 14 MAX   227
2021 07 31 10 19 MIN   130
2021 07 31 16 35 MAX   208
2021 07 31 22 22 MIN   162
2021 08 01 03 54 MAX   213
2021 08 01 11 10 MIN   130
2021 08 01 18 17 MAX   210
2021 08 01 23 44 MIN   174
2021 08 02 04 55 MAX   202
2021 08 02 12 06 MIN   128
2021 08 02 19 34 MAX   218
2021 08 03 01 32 MIN   176
2021 08 03 06 19 MAX   195
2021 08 03 13 03 MIN   123
2021 08 03 20 29 MAX   228
2021 08 04 02 56 MIN   168
2021 08 04 07 29 MAX   194
2021 08 04 13 58 MIN   115
2021 08 04 21 12 MAX   239
2021 08 05 03 45 MIN   158
2021 08 05 08 24 MAX   198
2021 08 05 14 48 MIN   104
2021 08 05 21 48 MAX   251
2021 08 06 04 19 MIN   149
2021 08 06 09 08 MAX   205
2021 08 06 15 32 MIN    92
2021 08 06 22 20 MAX   262
2021 08 07 04 49 MIN   139
2021 08 07 09 45 MAX   214
2021 08 07 16 13 MIN    79
2021 08 07 22 50 MAX   272
2021 08 08 05 18 MIN   131
2021 08 08 10 20 MAX   225
2021 08 08 16 52 MIN    68
2021 08 08 23 19 MAX   281
2021 08 09 05 48 MIN   123
2021 08 09 10 55 MAX   235
2021 08 09 17 31 MIN    60
2021 08 09 23 48 MAX   287
2021 08 10 06 19 MIN   115
2021 08 10 11 31 MAX   244
2021 08 10 18 09 MIN    59
2021 08 11 00 19 MAX   290
2021 08 11 06 54 MIN   108
2021 08 11 12 11 MAX   250
2021 08 11 18 50 MIN    64
2021 08 12 00 52 MAX   286
2021 08 12 07 31 MIN   103
2021 08 12 12 55 MAX   251
2021 08 12 19 33 MIN    77
2021 08 13 01 27 MAX   277
2021 08 13 08 11 MIN   101
2021 08 13 13 45 MAX   247
2021 08 13 20 21 MIN    97
2021 08 14 02 05 MAX   263
2021 08 14 08 56 MIN   101
2021 08 14 14 44 MAX   241
2021 08 14 21 14 MIN   119
2021 08 15 02 48 MAX   245
2021 08 15 09 47 MIN   102
2021 08 15 16 04 MAX   235
2021 08 15 22 22 MIN   140
2021 08 16 03 40 MAX   226
2021 08 16 10 48 MIN   104
2021 08 16 17 50 MAX   236
2021 08 16 23 49 MIN   154
2021 08 17 04 55 MAX   210
2021 08 17 11 59 MIN   102
2021 08 17 19 22 MAX   247
2021 08 18 01 27 MIN   155
2021 08 18 06 31 MAX   204
2021 08 18 13 14 MIN    95
2021 08 18 20 30 MAX   260
2021 08 19 02 46 MIN   146
2021 08 19 07 48 MAX   207
2021 08 19 14 23 MIN    83
2021 08 19 21 23 MAX   274
2021 08 20 03 42 MIN   133
2021 08 20 08 47 MAX   218
2021 08 20 15 21 MIN    69
2021 08 20 22 06 MAX   285
2021 08 21 04 27 MIN   121
2021 08 21 09 36 MAX   231
2021 08 21 16 12 MIN    58
2021 08 21 22 44 MAX   292
2021 08 22 05 06 MIN   111
2021 08 22 10 19 MAX   244
2021 08 22 16 56 MIN    52
2021 08 22 23 18 MAX   295
2021 08 23 05 43 MIN   104
2021 08 23 11 00 MAX   253
2021 08 23 17 38 MIN    54
2021 08 23 23 50 MAX   292
2021 08 24 06 18 MIN   100
2021 08 24 11 38 MAX   257
2021 08 24 18 16 MIN    65
2021 08 25 00 20 MAX   284
2021 08 25 06 53 MIN   101
2021 08 25 12 17 MAX   255
2021 08 25 18 54 MIN    83
2021 08 26 00 48 MAX   271
2021 08 26 07 26 MIN   105
2021 08 26 12 56 MAX   248
2021 08 26 19 30 MIN   105
2021 08 27 01 14 MAX   256
2021 08 27 07 59 MIN   111
2021 08 27 13 37 MAX   239
2021 08 27 20 06 MIN   129
2021 08 28 01 39 MAX   240
2021 08 28 08 32 MIN   118
2021 08 28 14 25 MAX   229
2021 08 28 20 46 MIN   151
2021 08 29 02 04 MAX   224
2021 08 29 09 08 MIN   125
2021 08 29 15 31 MAX   220
2021 08 29 21 37 MIN   169
2021 08 30 02 32 MAX   209
2021 08 30 09 53 MIN   130
2021 08 30 17 19 MAX   216
2021 08 30 23 02 MIN   180
2021 08 31 03 14 MAX   195
2021 08 31 10 56 MIN   134
2021 08 31 18 56 MAX   222
2021 09 01 01 33 MIN   179
2021 09 01 05 45 MAX   186
2021 09 01 12 14 MIN   132
2021 09 01 20 02 MAX   231
2021 09 02 02 58 MIN   167
2021 09 02 07 21 MAX   188
2021 09 02 13 28 MIN   124
2021 09 02 20 50 MAX   242
2021 09 03 03 32 MIN   155
2021 09 03 08 18 MAX   197
2021 09 03 14 28 MIN   112
2021 09 03 21 26 MAX   253
2021 09 04 03 58 MIN   144
2021 09 04 08 59 MAX   208
2021 09 04 15 15 MIN    96
2021 09 04 21 56 MAX   265
2021 09 05 04 24 MIN   133
2021 09 05 09 33 MAX   222
2021 09 05 15 57 MIN    81
2021 09 05 22 22 MAX   275
2021 09 06 04 49 MIN   120
2021 09 06 10 06 MAX   238
2021 09 06 16 35 MIN    68
2021 09 06 22 48 MAX   285
2021 09 07 05 17 MIN   106
2021 09 07 10 40 MAX   254
2021 09 07 17 13 MIN    59
2021 09 07 23 16 MAX   291
2021 09 08 05 48 MIN    92
2021 09 08 11 17 MAX   267
2021 09 08 17 53 MIN    57
2021 09 08 23 46 MAX   293
2021 09 09 06 21 MIN    80
2021 09 09 11 58 MAX   275
2021 09 09 18 34 MIN    64
2021 09 10 00 18 MAX   287
2021 09 10 06 57 MIN    74
2021 09 10 12 42 MAX   277
2021 09 10 19 18 MIN    81
2021 09 11 00 53 MAX   274
2021 09 11 07 37 MIN    74
2021 09 11 13 32 MAX   270
2021 09 11 20 06 MIN   104
2021 09 12 01 30 MAX   254
2021 09 12 08 21 MIN    81
2021 09 12 14 32 MAX   258
2021 09 12 21 04 MIN   129
2021 09 13 02 12 MAX   231
2021 09 13 09 13 MIN    92
2021 09 13 15 59 MAX   247
2021 09 13 22 20 MIN   151
2021 09 14 03 07 MAX   209
2021 09 14 10 20 MIN   103
2021 09 14 17 58 MAX   244
2021 09 15 00 03 MIN   160
2021 09 15 04 52 MAX   193
2021 09 15 11 45 MIN   109
2021 09 15 19 27 MAX   252
2021 09 16 01 44 MIN   152
2021 09 16 06 53 MAX   195
2021 09 16 13 12 MIN   104
2021 09 16 20 30 MAX   262
2021 09 17 02 48 MIN   139
2021 09 17 08 04 MAX   207
2021 09 17 14 22 MIN    93
2021 09 17 21 15 MAX   270
2021 09 18 03 31 MIN   125
2021 09 18 08 53 MAX   222
2021 09 18 15 16 MIN    81
2021 09 18 21 50 MAX   276
2021 09 19 04 07 MIN   112
2021 09 19 09 33 MAX   238
2021 09 19 16 02 MIN    72
2021 09 19 22 20 MAX   279
2021 09 20 04 41 MIN   101
2021 09 20 10 11 MAX   251
2021 09 20 16 42 MIN    68
2021 09 20 22 48 MAX   279
2021 09 21 05 14 MIN    93
2021 09 21 10 46 MAX   261
2021 09 21 17 20 MIN    72
2021 09 21 23 14 MAX   275
2021 09 22 05 44 MIN    87
2021 09 22 11 21 MAX   265
2021 09 22 17 56 MIN    81
2021 09 22 23 39 MAX   268
2021 09 23 06 14 MIN    86
2021 09 23 11 56 MAX   265
2021 09 23 18 30 MIN    96
2021 09 24 00 03 MAX   257
2021 09 24 06 42 MIN    89
2021 09 24 12 31 MAX   260
2021 09 24 19 03 MIN   114
2021 09 25 00 26 MAX   244
2021 09 25 07 08 MIN    95
2021 09 25 13 07 MAX   252
2021 09 25 19 37 MIN   133
2021 09 26 00 49 MAX   230
2021 09 26 07 37 MIN   103
2021 09 26 13 48 MAX   242
2021 09 26 20 16 MIN   150
2021 09 27 01 13 MAX   215
2021 09 27 08 09 MIN   112
2021 09 27 14 40 MAX   231
2021 09 27 21 06 MIN   165
2021 09 28 01 40 MAX   200
2021 09 28 08 51 MIN   122
2021 09 28 16 10 MAX   223
2021 09 28 22 34 MIN   175
2021 09 29 02 17 MAX   186
2021 09 29 09 55 MIN   131
2021 09 29 18 06 MAX   223
2021 09 30 01 19 MIN   171
2021 09 30 05 27 MAX   176
2021 09 30 11 27 MIN   134
2021 09 30 19 22 MAX   231
2021 10 01 02 27 MIN   158
2021 10 01 07 09 MAX   183
2021 10 01 12 55 MIN   127
2021 10 01 20 13 MAX   240
2021 10 02 02 56 MIN   146
2021 10 02 08 02 MAX   196
2021 10 02 14 00 MIN   114
2021 10 02 20 49 MAX   250
2021 10 03 03 20 MIN   132
2021 10 03 08 40 MAX   211
2021 10 03 14 49 MIN    98
2021 10 03 21 17 MAX   260
2021 10 04 03 44 MIN   117
2021 10 04 09 13 MAX   230
2021 10 04 15 32 MIN    82
2021 10 04 21 43 MAX   270
2021 10 05 04 11 MIN    98
2021 10 05 09 47 MAX   250
2021 10 05 16 13 MIN    69
2021 10 05 22 10 MAX   278
2021 10 06 04 41 MIN    78
2021 10 06 10 23 MAX   271
2021 10 06 16 53 MIN    60
2021 10 06 22 40 MAX   284
2021 10 07 05 13 MIN    60
2021 10 07 11 02 MAX   287
2021 10 07 17 34 MIN    59
2021 10 07 23 12 MAX   283
2021 10 08 05 48 MIN    47
2021 10 08 11 44 MAX   296
2021 10 08 18 18 MIN    67
2021 10 08 23 47 MAX   274
2021 10 09 06 26 MIN    42
2021 10 09 12 30 MAX   295
2021 10 09 19 05 MIN    84
2021 10 10 00 23 MAX   258
2021 10 10 07 07 MIN    48
2021 10 10 13 22 MAX   285
2021 10 10 19 56 MIN   108
2021 10 11 01 03 MAX   236
2021 10 11 07 53 MIN    62
2021 10 11 14 25 MAX   269
2021 10 11 20 59 MIN   131
2021 10 12 01 49 MAX   212
2021 10 12 08 48 MIN    82
2021 10 12 15 58 MAX   253
2021 10 12 22 24 MIN   148
2021 10 13 02 55 MAX   191
2021 10 13 10 01 MIN   100
2021 10 13 17 50 MAX   247
2021 10 14 00 09 MIN   149
2021 10 14 05 16 MAX   182
2021 10 14 11 34 MIN   110
2021 10 14 19 11 MAX   250
2021 10 15 01 33 MIN   139
2021 10 15 07 03 MAX   192
2021 10 15 13 02 MIN   108
2021 10 15 20 08 MAX   253
2021 10 16 02 26 MIN   125
2021 10 16 08 04 MAX   208
2021 10 16 14 10 MIN   100
2021 10 16 20 49 MAX   255
2021 10 17 03 05 MIN   112
2021 10 17 08 48 MAX   224
2021 10 17 15 02 MIN    93
2021 10 17 21 20 MAX   256
2021 10 18 03 39 MIN    99
2021 10 18 09 25 MAX   239
2021 10 18 15 45 MIN    88
2021 10 18 21 47 MAX   256
2021 10 19 04 10 MIN    88
2021 10 19 09 58 MAX   251
2021 10 19 16 25 MIN    86
2021 10 19 22 12 MAX   254
2021 10 20 04 40 MIN    79
2021 10 20 10 31 MAX   260
2021 10 20 17 00 MIN    89
2021 10 20 22 36 MAX   250
2021 10 21 05 08 MIN    73
2021 10 21 11 03 MAX   266
2021 10 21 17 34 MIN    95
2021 10 21 23 00 MAX   244
2021 10 22 05 34 MIN    70
2021 10 22 11 35 MAX   267
2021 10 22 18 08 MIN   104
2021 10 22 23 24 MAX   236
2021 10 23 06 00 MIN    71
2021 10 23 12 08 MAX   265
2021 10 23 18 40 MIN   115
2021 10 23 23 49 MAX   227
2021 10 24 06 27 MIN    76
2021 10 24 12 42 MAX   260
2021 10 24 19 14 MIN   128
2021 10 25 00 15 MAX   216
2021 10 25 06 56 MIN    83
2021 10 25 13 21 MAX   251
2021 10 25 19 54 MIN   140
2021 10 26 00 44 MAX   203
2021 10 26 07 30 MIN    94
2021 10 26 14 08 MAX   240
2021 10 26 20 46 MIN   152
2021 10 27 01 18 MAX   190
2021 10 27 08 14 MIN   107
2021 10 27 15 17 MAX   229
2021 10 27 22 06 MIN   159
2021 10 28 02 08 MAX   177
2021 10 28 09 15 MIN   119
2021 10 28 16 58 MAX   223
2021 10 28 23 59 MIN   157
2021 10 29 04 35 MAX   169
2021 10 29 10 40 MIN   125
2021 10 29 18 22 MAX   226
2021 10 30 01 16 MIN   146
2021 10 30 06 30 MAX   177
2021 10 30 12 08 MIN   123
2021 10 30 19 18 MAX   231
2021 10 31 01 57 MIN   132
2021 10 31 07 28 MAX   192
2021 10 31 13 19 MIN   113
2021 10 31 19 56 MAX   238
2021 11 01 02 28 MIN   116
2021 11 01 08 10 MAX   210
2021 11 01 14 15 MIN    99
2021 11 01 20 28 MAX   246
2021 11 02 02 58 MIN    96
2021 11 02 08 48 MAX   233
2021 11 02 15 03 MIN    85
2021 11 02 20 59 MAX   254
2021 11 03 03 30 MIN    72
2021 11 03 09 26 MAX   257
2021 11 03 15 49 MIN    72
2021 11 03 21 31 MAX   260
2021 11 04 04 04 MIN    49
2021 11 04 10 06 MAX   280
2021 11 04 16 34 MIN    64
2021 11 04 22 06 MAX   263
2021 11 05 04 41 MIN    29
2021 11 05 10 48 MAX   297
2021 11 05 17 19 MIN    63
2021 11 05 22 43 MAX   261
2021 11 06 05 20 MIN    17
2021 11 06 11 33 MAX   305
2021 11 06 18 06 MIN    70
2021 11 06 23 22 MAX   252
2021 11 07 06 01 MIN    15
2021 11 07 12 22 MAX   303
2021 11 07 18 55 MIN    84
2021 11 08 00 03 MAX   237
2021 11 08 06 46 MIN    25
2021 11 08 13 16 MAX   290
2021 11 08 19 50 MIN   103
2021 11 09 00 47 MAX   218
2021 11 09 07 35 MIN    44
2021 11 09 14 19 MAX   272
2021 11 09 20 54 MIN   121
2021 11 10 01 40 MAX   199
2021 11 10 08 32 MIN    67
2021 11 10 15 40 MAX   254
2021 11 10 22 12 MIN   132
2021 11 11 02 56 MAX   183
2021 11 11 09 43 MIN    90
2021 11 11 17 13 MAX   242
2021 11 11 23 39 MIN   132
2021 11 12 04 59 MAX   179
2021 11 12 11 09 MIN   105
2021 11 12 18 31 MAX   237
2021 11 13 00 52 MIN   123
2021 11 13 06 42 MAX   188
2021 11 13 12 33 MIN   110
2021 11 13 19 28 MAX   234
2021 11 14 01 46 MIN   111
2021 11 14 07 48 MAX   203
2021 11 14 13 44 MIN   109
2021 11 14 20 09 MAX   231
2021 11 15 02 28 MIN    99
2021 11 15 08 34 MAX   217
2021 11 15 14 40 MIN   107
2021 11 15 20 40 MAX   228
2021 11 16 03 03 MIN    87
2021 11 16 09 12 MAX   229
2021 11 16 15 26 MIN   104
2021 11 16 21 08 MAX   225
2021 11 17 03 35 MIN    76
2021 11 17 09 46 MAX   240
2021 11 17 16 06 MIN   102
2021 11 17 21 34 MAX   223
2021 11 18 04 05 MIN    67
2021 11 18 10 17 MAX   250
2021 11 18 16 43 MIN   101
2021 11 18 22 00 MAX   220
2021 11 19 04 33 MIN    60
2021 11 19 10 48 MAX   257
2021 11 19 17 17 MIN   102
2021 11 19 22 27 MAX   218
2021 11 20 05 00 MIN    55
2021 11 20 11 18 MAX   261
2021 11 20 17 50 MIN   104
2021 11 20 22 56 MAX   214
2021 11 21 05 28 MIN    54
2021 11 21 11 50 MAX   262
2021 11 21 18 23 MIN   109
2021 11 21 23 25 MAX   209
2021 11 22 05 58 MIN    56
2021 11 22 12 25 MAX   260
2021 11 22 18 59 MIN   115
2021 11 22 23 57 MAX   203
2021 11 23 06 32 MIN    62
2021 11 23 13 03 MAX   253
2021 11 23 19 39 MIN   123
2021 11 24 00 32 MAX   195
2021 11 24 07 10 MIN    72
2021 11 24 13 47 MAX   244
2021 11 24 20 28 MIN   131
2021 11 25 01 12 MAX   185
2021 11 25 07 55 MIN    84
2021 11 25 14 41 MAX   233
2021 11 25 21 29 MIN   137
2021 11 26 02 05 MAX   176
2021 11 26 08 50 MIN    97
2021 11 26 15 47 MAX   225
2021 11 26 22 42 MIN   136
2021 11 27 03 29 MAX   169
2021 11 27 09 58 MIN   106
2021 11 27 16 59 MAX   220
2021 11 27 23 50 MIN   129
2021 11 28 05 18 MAX   173
2021 11 28 11 14 MIN   110
2021 11 28 18 01 MAX   220
2021 11 29 00 45 MIN   115
2021 11 29 06 37 MAX   186
2021 11 29 12 29 MIN   108
2021 11 29 18 50 MAX   222
2021 11 30 01 29 MIN    96
2021 11 30 07 33 MAX   206
2021 11 30 13 35 MIN   100
2021 11 30 19 33 MAX   225
2021 12 01 02 09 MIN    74
2021 12 01 08 21 MAX   230
2021 12 01 14 35 MIN    90
2021 12 01 20 15 MAX   229
2021 12 02 02 50 MIN    49
2021 12 02 09 07 MAX   254
2021 12 02 15 29 MIN    79
2021 12 02 20 56 MAX   233
2021 12 03 03 32 MIN    26
2021 12 03 09 53 MAX   277
2021 12 03 16 19 MIN    70
2021 12 03 21 39 MAX   235
2021 12 04 04 15 MIN     7
2021 12 04 10 40 MAX   294
2021 12 04 17 09 MIN    66
2021 12 04 22 22 MAX   235
2021 12 05 04 59 MIN    -4
2021 12 05 11 27 MAX   302
2021 12 05 17 58 MIN    68
2021 12 05 23 07 MAX   230
2021 12 06 05 46 MIN    -4
2021 12 06 12 17 MAX   300
2021 12 06 18 48 MIN    76
2021 12 06 23 52 MAX   222
2021 12 07 06 33 MIN     6
2021 12 07 13 09 MAX   288
2021 12 07 19 41 MIN    88
2021 12 08 00 41 MAX   210
2021 12 08 07 23 MIN    25
2021 12 08 14 04 MAX   271
2021 12 08 20 37 MIN   100
2021 12 09 01 35 MAX   197
2021 12 09 08 18 MIN    49
2021 12 09 15 05 MAX   251
2021 12 09 21 40 MIN   109
2021 12 10 02 41 MAX   185
2021 12 10 09 18 MIN    74
2021 12 10 16 12 MAX   233
2021 12 10 22 47 MIN   111
2021 12 11 04 09 MAX   178
2021 12 11 10 27 MIN    97
2021 12 11 17 21 MAX   219
2021 12 11 23 54 MIN   108
2021 12 12 05 54 MAX   181
2021 12 12 11 45 MIN   113
2021 12 12 18 22 MAX   209
2021 12 13 00 53 MIN   100
2021 12 13 07 17 MAX   190
2021 12 13 13 03 MIN   120
2021 12 13 19 11 MAX   201
2021 12 14 01 42 MIN    90
2021 12 14 08 15 MAX   202
2021 12 14 14 12 MIN   122
2021 12 14 19 51 MAX   196
2021 12 15 02 23 MIN    80
2021 12 15 08 58 MAX   213
2021 12 15 15 07 MIN   118
2021 12 15 20 26 MAX   193
2021 12 16 02 59 MIN    70
2021 12 16 09 34 MAX   224
2021 12 16 15 52 MIN   113
2021 12 16 21 01 MAX   192
2021 12 17 03 32 MIN    60
2021 12 17 10 06 MAX   234
2021 12 17 16 30 MIN   107
2021 12 17 21 34 MAX   193
2021 12 18 04 04 MIN    52
2021 12 18 10 36 MAX   243
2021 12 18 17 05 MIN   102
2021 12 18 22 07 MAX   195
2021 12 19 04 36 MIN    44
2021 12 19 11 07 MAX   250
2021 12 19 17 38 MIN    98
2021 12 19 22 40 MAX   197
2021 12 20 05 09 MIN    39
2021 12 20 11 40 MAX   255
2021 12 20 18 11 MIN    97
2021 12 20 23 14 MAX   198
2021 12 21 05 43 MIN    38
2021 12 21 12 13 MAX   256
2021 12 21 18 45 MIN    98
2021 12 21 23 48 MAX   198
2021 12 22 06 20 MIN    40
2021 12 22 12 49 MAX   253
2021 12 22 19 23 MIN   102
2021 12 23 00 24 MAX   195
2021 12 23 06 59 MIN    47
2021 12 23 13 28 MAX   247
2021 12 23 20 04 MIN   106
2021 12 24 01 05 MAX   190
2021 12 24 07 42 MIN    57
2021 12 24 14 08 MAX   239
2021 12 24 20 50 MIN   108
2021 12 25 01 52 MAX   184
2021 12 25 08 29 MIN    70
2021 12 25 14 53 MAX   229
2021 12 25 21 42 MIN   108
2021 12 26 02 51 MAX   179
2021 12 26 09 23 MIN    83
2021 12 26 15 42 MAX   220
2021 12 26 22 37 MIN   103
2021 12 27 04 07 MAX   178
2021 12 27 10 26 MIN    95
2021 12 27 16 37 MAX   211
2021 12 27 23 34 MIN    92
2021 12 28 05 38 MAX   185
2021 12 28 11 41 MIN   102
2021 12 28 17 38 MAX   205
2021 12 29 00 29 MIN    77
2021 12 29 06 57 MAX   201
2021 12 29 13 00 MIN   103
2021 12 29 18 38 MAX   201
2021 12 30 01 25 MIN    58
2021 12 30 08 01 MAX   222
2021 12 30 14 13 MIN    97
2021 12 30 19 36 MAX   201
2021 12 31 02 17 MIN    37
2021 12 31 08 56 MAX   245
2021 12 31 15 16 MIN    86
2021 12 31 20 31 MAX   204
