 <API - 조위예측극치자료>

대상조위관측소 : 진도
위도(WGS84) : N 126.3086
경도(WGS84) : E 34.3778
관측기관 : 20201221 ~ 20220101

2020 12 21 03 32 MAX   237
2020 12 21 09 48 MIN    93
2020 12 21 16 21 MAX   288
2020 12 21 23 05 MIN   112
2020 12 22 04 53 MAX   230
2020 12 22 10 48 MIN   120
2020 12 22 17 24 MAX   269
2020 12 23 00 05 MIN   112
2020 12 23 06 20 MAX   235
2020 12 23 12 04 MIN   139
2020 12 23 18 29 MAX   256
2020 12 24 01 05 MIN   106
2020 12 24 07 34 MAX   249
2020 12 24 13 30 MIN   144
2020 12 24 19 30 MAX   250
2020 12 25 02 00 MIN    95
2020 12 25 08 32 MAX   268
2020 12 25 14 43 MIN   136
2020 12 25 20 22 MAX   248
2020 12 26 02 45 MIN    80
2020 12 26 09 18 MAX   288
2020 12 26 15 37 MIN   124
2020 12 26 21 05 MAX   250
2020 12 27 03 25 MIN    63
2020 12 27 09 56 MAX   307
2020 12 27 16 19 MIN   111
2020 12 27 21 41 MAX   255
2020 12 28 04 00 MIN    46
2020 12 28 10 29 MAX   324
2020 12 28 16 55 MIN   100
2020 12 28 22 14 MAX   261
2020 12 29 04 35 MIN    28
2020 12 29 11 00 MAX   338
2020 12 29 17 29 MIN    89
2020 12 29 22 45 MAX   269
2020 12 30 05 10 MIN    12
2020 12 30 11 30 MAX   350
2020 12 30 18 02 MIN    81
2020 12 30 23 17 MAX   275
2020 12 31 05 46 MIN     1
2020 12 31 12 01 MAX   358
2020 12 31 18 38 MIN    74
2020 12 31 23 51 MAX   279
2021 01 01 06 25 MIN    -5
2021 01 01 12 36 MAX   362
2021 01 01 19 16 MIN    70
2021 01 02 00 28 MAX   280
2021 01 02 07 05 MIN    -3
2021 01 02 13 13 MAX   360
2021 01 02 19 57 MIN    68
2021 01 03 01 09 MAX   276
2021 01 03 07 48 MIN     7
2021 01 03 13 54 MAX   351
2021 01 03 20 41 MIN    70
2021 01 04 01 57 MAX   269
2021 01 04 08 34 MIN    26
2021 01 04 14 39 MAX   336
2021 01 04 21 29 MIN    73
2021 01 05 02 53 MAX   260
2021 01 05 09 26 MIN    50
2021 01 05 15 29 MAX   317
2021 01 05 22 22 MIN    76
2021 01 06 04 05 MAX   255
2021 01 06 10 27 MIN    77
2021 01 06 16 29 MAX   295
2021 01 06 23 21 MIN    76
2021 01 07 05 33 MAX   260
2021 01 07 11 41 MIN    99
2021 01 07 17 40 MAX   276
2021 01 08 00 26 MIN    70
2021 01 08 06 58 MAX   277
2021 01 08 13 05 MIN   110
2021 01 08 18 53 MAX   264
2021 01 09 01 32 MIN    57
2021 01 09 08 10 MAX   301
2021 01 09 14 27 MIN   105
2021 01 09 20 00 MAX   262
2021 01 10 02 34 MIN    39
2021 01 10 09 11 MAX   328
2021 01 10 15 34 MIN    91
2021 01 10 20 58 MAX   266
2021 01 11 03 29 MIN    17
2021 01 11 10 04 MAX   351
2021 01 11 16 30 MIN    75
2021 01 11 21 49 MAX   274
2021 01 12 04 20 MIN    -2
2021 01 12 10 51 MAX   367
2021 01 12 17 18 MIN    63
2021 01 12 22 34 MAX   284
2021 01 13 05 07 MIN   -16
2021 01 13 11 32 MAX   375
2021 01 13 18 02 MIN    56
2021 01 13 23 16 MAX   291
2021 01 14 05 51 MIN   -22
2021 01 14 12 12 MAX   375
2021 01 14 18 43 MIN    53
2021 01 14 23 56 MAX   294
2021 01 15 06 32 MIN   -17
2021 01 15 12 48 MAX   367
2021 01 15 19 23 MIN    56
2021 01 16 00 37 MAX   291
2021 01 16 07 13 MIN    -3
2021 01 16 13 23 MAX   353
2021 01 16 20 01 MIN    61
2021 01 17 01 17 MAX   284
2021 01 17 07 51 MIN    19
2021 01 17 13 58 MAX   334
2021 01 17 20 40 MIN    70
2021 01 18 01 59 MAX   273
2021 01 18 08 30 MIN    46
2021 01 18 14 32 MAX   313
2021 01 18 21 19 MIN    80
2021 01 19 02 47 MAX   260
2021 01 19 09 11 MIN    77
2021 01 19 15 09 MAX   289
2021 01 19 22 00 MIN    90
2021 01 20 03 44 MAX   247
2021 01 20 09 56 MIN   107
2021 01 20 15 53 MAX   264
2021 01 20 22 45 MIN    99
2021 01 21 04 59 MAX   240
2021 01 21 10 52 MIN   135
2021 01 21 16 50 MAX   241
2021 01 21 23 39 MIN   105
2021 01 22 06 27 MAX   242
2021 01 22 12 13 MIN   155
2021 01 22 18 10 MAX   224
2021 01 23 00 44 MIN   105
2021 01 23 07 47 MAX   254
2021 01 23 13 59 MIN   157
2021 01 23 19 31 MAX   219
2021 01 24 01 49 MIN    97
2021 01 24 08 50 MAX   272
2021 01 24 15 18 MIN   144
2021 01 24 20 34 MAX   223
2021 01 25 02 46 MIN    81
2021 01 25 09 37 MAX   292
2021 01 25 16 06 MIN   128
2021 01 25 21 22 MAX   234
2021 01 26 03 34 MIN    60
2021 01 26 10 14 MAX   312
2021 01 26 16 42 MIN   110
2021 01 26 21 59 MAX   249
2021 01 27 04 16 MIN    37
2021 01 27 10 46 MAX   331
2021 01 27 17 15 MIN    91
2021 01 27 22 33 MAX   265
2021 01 28 04 56 MIN    14
2021 01 28 11 16 MAX   348
2021 01 28 17 48 MIN    73
2021 01 28 23 06 MAX   281
2021 01 29 05 35 MIN    -6
2021 01 29 11 46 MAX   361
2021 01 29 18 22 MIN    56
2021 01 29 23 41 MAX   293
2021 01 30 06 15 MIN   -19
2021 01 30 12 19 MAX   369
2021 01 30 18 58 MIN    43
2021 01 31 00 18 MAX   301
2021 01 31 06 55 MIN   -23
2021 01 31 12 54 MAX   369
2021 01 31 19 36 MIN    35
2021 02 01 00 59 MAX   303
2021 02 01 07 37 MIN   -15
2021 02 01 13 32 MAX   359
2021 02 01 20 16 MIN    33
2021 02 02 01 43 MAX   300
2021 02 02 08 22 MIN     6
2021 02 02 14 11 MAX   340
2021 02 02 20 58 MIN    37
2021 02 03 02 35 MAX   293
2021 02 03 09 10 MIN    36
2021 02 03 14 55 MAX   313
2021 02 03 21 44 MIN    47
2021 02 04 03 38 MAX   282
2021 02 04 10 06 MIN    73
2021 02 04 15 45 MAX   282
2021 02 04 22 38 MIN    59
2021 02 05 05 03 MAX   275
2021 02 05 11 16 MIN   108
2021 02 05 16 51 MAX   252
2021 02 05 23 42 MIN    69
2021 02 06 06 42 MAX   279
2021 02 06 12 47 MIN   129
2021 02 06 18 22 MAX   232
2021 02 07 00 59 MIN    71
2021 02 07 08 09 MAX   295
2021 02 07 14 25 MIN   128
2021 02 07 19 52 MAX   230
2021 02 08 02 17 MIN    61
2021 02 08 09 19 MAX   315
2021 02 08 15 38 MIN   111
2021 02 08 21 01 MAX   241
2021 02 09 03 22 MIN    41
2021 02 09 10 11 MAX   334
2021 02 09 16 31 MIN    91
2021 02 09 21 51 MAX   259
2021 02 10 04 16 MIN    20
2021 02 10 10 52 MAX   348
2021 02 10 17 13 MIN    73
2021 02 10 22 33 MAX   277
2021 02 11 05 01 MIN     3
2021 02 11 11 26 MAX   355
2021 02 11 17 50 MIN    59
2021 02 11 23 10 MAX   293
2021 02 12 05 42 MIN    -7
2021 02 12 11 55 MAX   357
2021 02 12 18 25 MIN    49
2021 02 12 23 44 MAX   302
2021 02 13 06 20 MIN    -8
2021 02 13 12 24 MAX   353
2021 02 13 18 58 MIN    44
2021 02 14 00 19 MAX   306
2021 02 14 06 55 MIN     1
2021 02 14 12 51 MAX   344
2021 02 14 19 30 MIN    44
2021 02 15 00 54 MAX   304
2021 02 15 07 30 MIN    17
2021 02 15 13 20 MAX   330
2021 02 15 20 01 MIN    48
2021 02 16 01 31 MAX   296
2021 02 16 08 04 MIN    41
2021 02 16 13 49 MAX   311
2021 02 16 20 32 MIN    57
2021 02 17 02 10 MAX   285
2021 02 17 08 39 MIN    69
2021 02 17 14 18 MAX   288
2021 02 17 21 04 MIN    68
2021 02 18 02 54 MAX   271
2021 02 18 09 16 MIN    99
2021 02 18 14 50 MAX   263
2021 02 18 21 39 MIN    82
2021 02 19 03 50 MAX   257
2021 02 19 10 01 MIN   130
2021 02 19 15 25 MAX   237
2021 02 19 22 22 MIN    97
2021 02 20 05 11 MAX   247
2021 02 20 11 04 MIN   156
2021 02 20 16 21 MAX   214
2021 02 20 23 21 MIN   109
2021 02 21 06 50 MAX   248
2021 02 21 12 55 MIN   169
2021 02 21 18 27 MAX   201
2021 02 22 00 43 MIN   112
2021 02 22 08 13 MAX   261
2021 02 22 15 00 MIN   157
2021 02 22 20 04 MAX   207
2021 02 23 02 07 MIN   100
2021 02 23 09 11 MAX   282
2021 02 23 15 50 MIN   135
2021 02 23 21 03 MAX   225
2021 02 24 03 10 MIN    76
2021 02 24 09 51 MAX   305
2021 02 24 16 24 MIN   111
2021 02 24 21 44 MAX   248
2021 02 25 03 59 MIN    47
2021 02 25 10 23 MAX   328
2021 02 25 16 55 MIN    85
2021 02 25 22 19 MAX   272
2021 02 26 04 41 MIN    16
2021 02 26 10 53 MAX   349
2021 02 26 17 27 MIN    58
2021 02 26 22 52 MAX   295
2021 02 27 05 21 MIN   -10
2021 02 27 11 24 MAX   365
2021 02 27 18 00 MIN    33
2021 02 27 23 27 MAX   316
2021 02 28 06 01 MIN   -28
2021 02 28 11 56 MAX   373
2021 02 28 18 35 MIN    13
2021 03 01 00 04 MAX   331
2021 03 01 06 42 MIN   -33
2021 03 01 12 31 MAX   371
2021 03 01 19 11 MIN     1
2021 03 02 00 45 MAX   338
2021 03 02 07 24 MIN   -23
2021 03 02 13 07 MAX   357
2021 03 02 19 48 MIN    -1
2021 03 03 01 29 MAX   335
2021 03 03 08 07 MIN     1
2021 03 03 13 45 MAX   333
2021 03 03 20 28 MIN     8
2021 03 04 02 20 MAX   324
2021 03 04 08 55 MIN    39
2021 03 04 14 26 MAX   300
2021 03 04 21 12 MIN    25
2021 03 05 03 22 MAX   307
2021 03 05 09 50 MIN    82
2021 03 05 15 12 MAX   264
2021 03 05 22 02 MIN    50
2021 03 06 04 50 MAX   290
2021 03 06 11 02 MIN   122
2021 03 06 16 17 MAX   231
2021 03 06 23 08 MIN    74
2021 03 07 06 39 MAX   285
2021 03 07 12 45 MIN   144
2021 03 07 18 15 MAX   211
2021 03 08 00 36 MIN    88
2021 03 08 08 11 MAX   294
2021 03 08 14 34 MIN   136
2021 03 08 20 01 MAX   217
2021 03 09 02 10 MIN    82
2021 03 09 09 20 MAX   309
2021 03 09 15 39 MIN   115
2021 03 09 21 08 MAX   237
2021 03 10 03 19 MIN    63
2021 03 10 10 08 MAX   322
2021 03 10 16 22 MIN    93
2021 03 10 21 52 MAX   260
2021 03 11 04 10 MIN    42
2021 03 11 10 41 MAX   331
2021 03 11 16 57 MIN    73
2021 03 11 22 27 MAX   282
2021 03 12 04 52 MIN    24
2021 03 12 11 07 MAX   336
2021 03 12 17 29 MIN    56
2021 03 12 22 58 MAX   300
2021 03 13 05 28 MIN    13
2021 03 13 11 30 MAX   338
2021 03 13 17 59 MIN    43
2021 03 13 23 29 MAX   313
2021 03 14 06 02 MIN    10
2021 03 14 11 54 MAX   337
2021 03 14 18 28 MIN    34
2021 03 15 00 00 MAX   320
2021 03 15 00 00 MAX   320
2021 03 15 06 35 MIN    15
2021 03 15 12 19 MAX   330
2021 03 15 18 56 MIN    31
2021 03 16 00 32 MAX   321
2021 03 16 07 07 MIN    28
2021 03 16 12 45 MAX   319
2021 03 16 19 23 MIN    33
2021 03 17 01 05 MAX   317
2021 03 17 07 39 MIN    47
2021 03 17 13 11 MAX   302
2021 03 17 19 51 MIN    39
2021 03 18 01 40 MAX   308
2021 03 18 08 11 MIN    72
2021 03 18 13 38 MAX   282
2021 03 18 20 19 MIN    51
2021 03 19 02 18 MAX   295
2021 03 19 08 46 MIN   100
2021 03 19 14 06 MAX   260
2021 03 19 20 50 MIN    66
2021 03 20 03 03 MAX   279
2021 03 20 09 27 MIN   128
2021 03 20 14 36 MAX   237
2021 03 20 21 29 MIN    85
2021 03 21 04 07 MAX   263
2021 03 21 10 23 MIN   154
2021 03 21 15 16 MAX   215
2021 03 21 22 22 MIN   104
2021 03 22 05 47 MAX   255
2021 03 22 11 59 MIN   170
2021 03 22 17 13 MAX   197
2021 03 22 23 43 MIN   117
2021 03 23 07 23 MAX   262
2021 03 23 14 15 MIN   160
2021 03 23 19 29 MAX   204
2021 03 24 01 23 MIN   112
2021 03 24 08 29 MAX   281
2021 03 24 15 15 MIN   134
2021 03 24 20 36 MAX   227
2021 03 25 02 41 MIN    88
2021 03 25 09 14 MAX   304
2021 03 25 15 51 MIN   105
2021 03 25 21 20 MAX   255
2021 03 26 03 35 MIN    56
2021 03 26 09 49 MAX   327
2021 03 26 16 25 MIN    73
2021 03 26 21 56 MAX   286
2021 03 27 04 21 MIN    23
2021 03 27 10 22 MAX   348
2021 03 27 16 58 MIN    41
2021 03 27 22 31 MAX   317
2021 03 28 05 02 MIN    -5
2021 03 28 10 54 MAX   362
2021 03 28 17 31 MIN    11
2021 03 28 23 08 MAX   343
2021 03 29 05 44 MIN   -23
2021 03 29 11 28 MAX   368
2021 03 29 18 06 MIN   -12
2021 03 29 23 47 MAX   362
2021 03 30 06 26 MIN   -26
2021 03 30 12 03 MAX   362
2021 03 30 18 43 MIN   -24
2021 03 31 00 30 MAX   371
2021 03 31 07 09 MIN   -14
2021 03 31 12 41 MAX   344
2021 03 31 19 21 MIN   -24
2021 04 01 01 16 MAX   366
2021 04 01 07 54 MIN    15
2021 04 01 13 20 MAX   317
2021 04 01 20 01 MIN   -10
2021 04 02 02 09 MAX   351
2021 04 02 08 43 MIN    54
2021 04 02 14 02 MAX   284
2021 04 02 20 45 MIN    16
2021 04 03 03 16 MAX   327
2021 04 03 09 41 MIN    97
2021 04 03 14 52 MAX   249
2021 04 03 21 36 MIN    50
2021 04 04 04 50 MAX   305
2021 04 04 10 58 MIN   132
2021 04 04 16 08 MAX   219
2021 04 04 22 44 MIN    83
2021 04 05 06 30 MAX   295
2021 04 05 12 44 MIN   145
2021 04 05 18 20 MAX   209
2021 04 06 00 19 MIN   103
2021 04 06 07 56 MAX   296
2021 04 06 14 20 MIN   134
2021 04 06 19 58 MAX   223
2021 04 07 01 57 MIN   100
2021 04 07 08 59 MAX   303
2021 04 07 15 17 MIN   113
2021 04 07 21 00 MAX   246
2021 04 08 03 05 MIN    84
2021 04 08 09 43 MAX   310
2021 04 08 15 56 MIN    92
2021 04 08 21 41 MAX   270
2021 04 09 03 54 MIN    67
2021 04 09 10 12 MAX   314
2021 04 09 16 29 MIN    73
2021 04 09 22 13 MAX   291
2021 04 10 04 34 MIN    52
2021 04 10 10 36 MAX   317
2021 04 10 16 59 MIN    56
2021 04 10 22 42 MAX   309
2021 04 11 05 09 MIN    43
2021 04 11 10 58 MAX   319
2021 04 11 17 28 MIN    42
2021 04 11 23 10 MAX   323
2021 04 12 05 42 MIN    39
2021 04 12 11 21 MAX   317
2021 04 12 17 55 MIN    32
2021 04 12 23 39 MAX   332
2021 04 13 06 13 MIN    42
2021 04 13 11 46 MAX   312
2021 04 13 18 21 MIN    27
2021 04 14 00 10 MAX   335
2021 04 14 06 44 MIN    51
2021 04 14 12 12 MAX   302
2021 04 14 18 47 MIN    27
2021 04 15 00 42 MAX   334
2021 04 15 07 16 MIN    66
2021 04 15 12 38 MAX   290
2021 04 15 19 14 MIN    31
2021 04 16 01 15 MAX   327
2021 04 16 07 48 MIN    85
2021 04 16 13 06 MAX   275
2021 04 16 19 43 MIN    42
2021 04 17 01 51 MAX   316
2021 04 17 08 24 MIN   107
2021 04 17 13 36 MAX   258
2021 04 17 20 17 MIN    57
2021 04 18 02 34 MAX   302
2021 04 18 09 07 MIN   129
2021 04 18 14 10 MAX   239
2021 04 18 20 56 MIN    77
2021 04 19 03 30 MAX   286
2021 04 19 10 03 MIN   149
2021 04 19 14 58 MAX   221
2021 04 19 21 49 MIN    99
2021 04 20 04 54 MAX   275
2021 04 20 11 28 MIN   159
2021 04 20 16 43 MAX   207
2021 04 20 23 04 MIN   115
2021 04 21 06 25 MAX   277
2021 04 21 13 10 MIN   151
2021 04 21 18 47 MAX   214
2021 04 22 00 40 MIN   116
2021 04 22 07 34 MAX   289
2021 04 22 14 20 MIN   127
2021 04 22 19 58 MAX   239
2021 04 23 02 03 MIN    98
2021 04 23 08 25 MAX   307
2021 04 23 15 06 MIN    96
2021 04 23 20 47 MAX   271
2021 04 24 03 04 MIN    70
2021 04 24 09 07 MAX   326
2021 04 24 15 45 MIN    63
2021 04 24 21 28 MAX   306
2021 04 25 03 55 MIN    40
2021 04 25 09 44 MAX   341
2021 04 25 16 22 MIN    29
2021 04 25 22 07 MAX   340
2021 04 26 04 41 MIN    15
2021 04 26 10 21 MAX   351
2021 04 26 16 59 MIN    -1
2021 04 26 22 48 MAX   370
2021 04 27 05 25 MIN     0
2021 04 27 10 58 MAX   352
2021 04 27 17 37 MIN   -23
2021 04 27 23 31 MAX   389
2021 04 28 06 09 MIN    -1
2021 04 28 11 37 MAX   343
2021 04 28 18 16 MIN   -33
2021 04 29 00 16 MAX   396
2021 04 29 06 55 MIN    13
2021 04 29 12 17 MAX   325
2021 04 29 18 57 MIN   -29
2021 04 30 01 07 MAX   389
2021 04 30 07 43 MIN    40
2021 04 30 13 01 MAX   301
2021 04 30 19 39 MIN   -11
2021 05 01 02 04 MAX   370
2021 05 01 08 35 MIN    74
2021 05 01 13 48 MAX   273
2021 05 01 20 26 MIN    20
2021 05 02 03 14 MAX   345
2021 05 02 09 36 MIN   107
2021 05 02 14 46 MAX   245
2021 05 02 21 20 MIN    56
2021 05 03 04 38 MAX   321
2021 05 03 10 52 MIN   131
2021 05 03 16 14 MAX   225
2021 05 03 22 27 MIN    91
2021 05 04 06 02 MAX   306
2021 05 04 12 18 MIN   138
2021 05 04 18 05 MAX   223
2021 05 04 23 54 MIN   114
2021 05 05 07 17 MAX   298
2021 05 05 13 38 MIN   130
2021 05 05 19 32 MAX   237
2021 05 06 01 25 MIN   119
2021 05 06 08 16 MAX   296
2021 05 06 14 34 MIN   114
2021 05 06 20 34 MAX   258
2021 05 07 02 36 MIN   112
2021 05 07 08 58 MAX   296
2021 05 07 15 17 MIN    96
2021 05 07 21 17 MAX   280
2021 05 08 03 28 MIN   100
2021 05 08 09 30 MAX   296
2021 05 08 15 52 MIN    79
2021 05 08 21 51 MAX   300
2021 05 09 04 10 MIN    89
2021 05 09 09 57 MAX   297
2021 05 09 16 23 MIN    63
2021 05 09 22 21 MAX   317
2021 05 10 04 47 MIN    80
2021 05 10 10 23 MAX   298
2021 05 10 16 52 MIN    51
2021 05 10 22 51 MAX   331
2021 05 11 05 21 MIN    76
2021 05 11 10 49 MAX   296
2021 05 11 17 20 MIN    41
2021 05 11 23 20 MAX   341
2021 05 12 05 53 MIN    76
2021 05 12 11 15 MAX   293
2021 05 12 17 47 MIN    34
2021 05 12 23 50 MAX   346
2021 05 13 06 25 MIN    81
2021 05 13 11 42 MAX   288
2021 05 13 18 15 MIN    31
2021 05 14 00 22 MAX   347
2021 05 14 06 57 MIN    90
2021 05 14 12 11 MAX   281
2021 05 14 18 45 MIN    34
2021 05 15 00 55 MAX   343
2021 05 15 07 32 MIN   102
2021 05 15 12 42 MAX   271
2021 05 15 19 18 MIN    42
2021 05 16 01 33 MAX   336
2021 05 16 08 10 MIN   116
2021 05 16 13 17 MAX   260
2021 05 16 19 55 MIN    56
2021 05 17 02 16 MAX   325
2021 05 17 08 56 MIN   129
2021 05 17 13 59 MAX   247
2021 05 17 20 38 MIN    74
2021 05 18 03 07 MAX   313
2021 05 18 09 52 MIN   140
2021 05 18 14 57 MAX   234
2021 05 18 21 32 MIN    95
2021 05 19 04 13 MAX   303
2021 05 19 11 01 MIN   143
2021 05 19 16 26 MAX   227
2021 05 19 22 40 MIN   111
2021 05 20 05 28 MAX   299
2021 05 20 12 15 MIN   134
2021 05 20 18 05 MAX   236
2021 05 21 00 02 MIN   117
2021 05 21 06 37 MAX   302
2021 05 21 13 21 MIN   115
2021 05 21 19 17 MAX   259
2021 05 22 01 22 MIN   109
2021 05 22 07 33 MAX   310
2021 05 22 14 16 MIN    89
2021 05 22 20 13 MAX   292
2021 05 23 02 31 MIN    90
2021 05 23 08 21 MAX   320
2021 05 23 15 02 MIN    59
2021 05 23 21 00 MAX   327
2021 05 24 03 28 MIN    68
2021 05 24 09 06 MAX   327
2021 05 24 15 46 MIN    29
2021 05 24 21 46 MAX   361
2021 05 25 04 20 MIN    49
2021 05 25 09 49 MAX   332
2021 05 25 16 28 MIN     2
2021 05 25 22 31 MAX   388
2021 05 26 05 09 MIN    39
2021 05 26 10 32 MAX   330
2021 05 26 17 10 MIN   -17
2021 05 26 23 18 MAX   405
2021 05 27 05 57 MIN    38
2021 05 27 11 15 MAX   324
2021 05 27 17 53 MIN   -24
2021 05 28 00 08 MAX   409
2021 05 28 06 45 MIN    49
2021 05 28 12 00 MAX   311
2021 05 28 18 38 MIN   -18
2021 05 29 01 01 MAX   400
2021 05 29 07 35 MIN    67
2021 05 29 12 47 MAX   294
2021 05 29 19 24 MIN     1
2021 05 30 01 58 MAX   382
2021 05 30 08 28 MIN    89
2021 05 30 13 39 MAX   276
2021 05 30 20 12 MIN    30
2021 05 31 03 01 MAX   359
2021 05 31 09 26 MIN   109
2021 05 31 14 41 MAX   258
2021 05 31 21 06 MIN    64
2021 06 01 04 08 MAX   336
2021 06 01 10 29 MIN   124
2021 06 01 15 59 MAX   246
2021 06 01 22 06 MIN    98
2021 06 02 05 15 MAX   315
2021 06 02 11 35 MIN   130
2021 06 02 17 29 MAX   244
2021 06 02 23 17 MIN   125
2021 06 03 06 18 MAX   299
2021 06 03 12 40 MIN   127
2021 06 03 18 50 MAX   254
2021 06 04 00 36 MIN   141
2021 06 04 07 14 MAX   289
2021 06 04 13 38 MIN   118
2021 06 04 19 55 MAX   270
2021 06 05 01 53 MIN   143
2021 06 05 08 01 MAX   283
2021 06 05 14 27 MIN   106
2021 06 05 20 45 MAX   288
2021 06 06 02 55 MIN   138
2021 06 06 08 41 MAX   280
2021 06 06 15 08 MIN    93
2021 06 06 21 26 MAX   306
2021 06 07 03 45 MIN   129
2021 06 07 09 17 MAX   279
2021 06 07 15 44 MIN    81
2021 06 07 22 01 MAX   322
2021 06 08 04 26 MIN   121
2021 06 08 09 50 MAX   279
2021 06 08 16 16 MIN    69
2021 06 08 22 34 MAX   336
2021 06 09 05 03 MIN   115
2021 06 09 10 20 MAX   280
2021 06 09 16 47 MIN    58
2021 06 09 23 05 MAX   347
2021 06 10 05 37 MIN   112
2021 06 10 10 50 MAX   280
2021 06 10 17 18 MIN    49
2021 06 10 23 36 MAX   354
2021 06 11 06 10 MIN   111
2021 06 11 11 21 MAX   281
2021 06 11 17 50 MIN    43
2021 06 12 00 08 MAX   358
2021 06 12 06 44 MIN   113
2021 06 12 11 53 MAX   280
2021 06 12 18 25 MIN    41
2021 06 13 00 42 MAX   358
2021 06 13 07 20 MIN   115
2021 06 13 12 28 MAX   277
2021 06 13 19 02 MIN    45
2021 06 14 01 18 MAX   355
2021 06 14 08 00 MIN   119
2021 06 14 13 07 MAX   272
2021 06 14 19 43 MIN    56
2021 06 15 01 59 MAX   349
2021 06 15 08 45 MIN   122
2021 06 15 13 53 MAX   265
2021 06 15 20 28 MIN    71
2021 06 16 02 45 MAX   340
2021 06 16 09 35 MIN   124
2021 06 16 14 49 MAX   258
2021 06 16 21 19 MIN    89
2021 06 17 03 38 MAX   330
2021 06 17 10 30 MIN   123
2021 06 17 16 03 MAX   256
2021 06 17 22 19 MIN   106
2021 06 18 04 38 MAX   320
2021 06 18 11 29 MIN   117
2021 06 18 17 26 MAX   264
2021 06 18 23 29 MIN   120
2021 06 19 05 42 MAX   312
2021 06 19 12 29 MIN   105
2021 06 19 18 40 MAX   284
2021 06 20 00 46 MIN   124
2021 06 20 06 44 MAX   308
2021 06 20 13 28 MIN    87
2021 06 20 19 43 MAX   312
2021 06 21 02 01 MIN   118
2021 06 21 07 41 MAX   306
2021 06 21 14 23 MIN    65
2021 06 21 20 40 MAX   342
2021 06 22 03 08 MIN   106
2021 06 22 08 34 MAX   307
2021 06 22 15 14 MIN    42
2021 06 22 21 32 MAX   371
2021 06 23 04 06 MIN    92
2021 06 23 09 25 MAX   310
2021 06 23 16 03 MIN    20
2021 06 23 22 23 MAX   394
2021 06 24 05 00 MIN    81
2021 06 24 10 14 MAX   312
2021 06 24 16 51 MIN     4
2021 06 24 23 13 MAX   408
2021 06 25 05 50 MIN    77
2021 06 25 11 02 MAX   312
2021 06 25 17 39 MIN    -3
2021 06 26 00 03 MAX   411
2021 06 26 06 39 MIN    79
2021 06 26 11 49 MAX   309
2021 06 26 18 26 MIN     1
2021 06 27 00 53 MAX   404
2021 06 27 07 26 MIN    85
2021 06 27 12 37 MAX   302
2021 06 27 19 13 MIN    16
2021 06 28 01 43 MAX   389
2021 06 28 08 15 MIN    95
2021 06 28 13 28 MAX   293
2021 06 28 20 00 MIN    40
2021 06 29 02 32 MAX   368
2021 06 29 09 03 MIN   105
2021 06 29 14 23 MAX   282
2021 06 29 20 48 MIN    71
2021 06 30 03 22 MAX   345
2021 06 30 09 53 MIN   115
2021 06 30 15 27 MAX   272
2021 06 30 21 38 MIN   103
2021 07 01 04 12 MAX   322
2021 07 01 10 44 MIN   122
2021 07 01 16 42 MAX   267
2021 07 01 22 34 MIN   134
2021 07 02 05 06 MAX   301
2021 07 02 11 38 MIN   126
2021 07 02 18 00 MAX   269
2021 07 02 23 40 MIN   158
2021 07 03 06 02 MAX   284
2021 07 03 12 34 MIN   126
2021 07 03 19 10 MAX   278
2021 07 04 00 59 MIN   172
2021 07 04 06 59 MAX   271
2021 07 04 13 29 MIN   122
2021 07 04 20 10 MAX   292
2021 07 05 02 20 MIN   172
2021 07 05 07 53 MAX   265
2021 07 05 14 20 MIN   114
2021 07 05 21 01 MAX   308
2021 07 06 03 24 MIN   165
2021 07 06 08 42 MAX   263
2021 07 06 15 04 MIN   104
2021 07 06 21 45 MAX   324
2021 07 07 04 12 MIN   155
2021 07 07 09 24 MAX   266
2021 07 07 15 44 MIN    91
2021 07 07 22 21 MAX   338
2021 07 08 04 52 MIN   146
2021 07 08 10 01 MAX   271
2021 07 08 16 21 MIN    77
2021 07 08 22 54 MAX   351
2021 07 09 05 26 MIN   137
2021 07 09 10 35 MAX   278
2021 07 09 16 58 MIN    64
2021 07 09 23 25 MAX   361
2021 07 10 05 59 MIN   130
2021 07 10 11 07 MAX   285
2021 07 10 17 35 MIN    52
2021 07 10 23 56 MAX   368
2021 07 11 06 32 MIN   122
2021 07 11 11 41 MAX   291
2021 07 11 18 12 MIN    45
2021 07 12 00 28 MAX   373
2021 07 12 07 07 MIN   115
2021 07 12 12 17 MAX   294
2021 07 12 18 52 MIN    44
2021 07 13 01 02 MAX   374
2021 07 13 07 45 MIN   109
2021 07 13 12 56 MAX   294
2021 07 13 19 33 MIN    50
2021 07 14 01 39 MAX   370
2021 07 14 08 25 MIN   105
2021 07 14 13 41 MAX   292
2021 07 14 20 17 MIN    63
2021 07 15 02 19 MAX   361
2021 07 15 09 09 MIN   103
2021 07 15 14 33 MAX   289
2021 07 15 21 04 MIN    82
2021 07 16 03 04 MAX   347
2021 07 16 09 55 MIN   102
2021 07 16 15 37 MAX   287
2021 07 16 21 59 MIN   105
2021 07 17 03 54 MAX   329
2021 07 17 10 47 MIN   101
2021 07 17 16 53 MAX   292
2021 07 17 23 02 MIN   128
2021 07 18 04 54 MAX   310
2021 07 18 11 44 MIN    99
2021 07 18 18 15 MAX   304
2021 07 19 00 19 MIN   144
2021 07 19 06 03 MAX   294
2021 07 19 12 47 MIN    93
2021 07 19 19 29 MAX   324
2021 07 20 01 43 MIN   149
2021 07 20 07 13 MAX   286
2021 07 20 13 52 MIN    81
2021 07 20 20 35 MAX   348
2021 07 21 03 01 MIN   141
2021 07 21 08 19 MAX   286
2021 07 21 14 54 MIN    63
2021 07 21 21 34 MAX   371
2021 07 22 04 04 MIN   126
2021 07 22 09 17 MAX   292
2021 07 22 15 51 MIN    44
2021 07 22 22 27 MAX   391
2021 07 23 04 57 MIN   111
2021 07 23 10 08 MAX   303
2021 07 23 16 43 MIN    28
2021 07 23 23 14 MAX   402
2021 07 24 05 45 MIN   100
2021 07 24 10 56 MAX   312
2021 07 24 17 31 MIN    18
2021 07 24 23 57 MAX   406
2021 07 25 06 28 MIN    92
2021 07 25 11 41 MAX   319
2021 07 25 18 17 MIN    17
2021 07 26 00 38 MAX   400
2021 07 26 07 10 MIN    89
2021 07 26 12 25 MAX   320
2021 07 26 19 00 MIN    28
2021 07 27 01 16 MAX   387
2021 07 27 07 50 MIN    91
2021 07 27 13 09 MAX   315
2021 07 27 19 42 MIN    48
2021 07 28 01 53 MAX   369
2021 07 28 08 30 MIN    96
2021 07 28 13 56 MAX   307
2021 07 28 20 24 MIN    76
2021 07 29 02 30 MAX   347
2021 07 29 09 10 MIN   104
2021 07 29 14 48 MAX   296
2021 07 29 21 06 MIN   107
2021 07 30 03 07 MAX   324
2021 07 30 09 51 MIN   113
2021 07 30 15 50 MAX   287
2021 07 30 21 52 MIN   140
2021 07 31 03 49 MAX   299
2021 07 31 10 35 MIN   123
2021 07 31 17 04 MAX   281
2021 07 31 22 47 MIN   169
2021 08 01 04 41 MAX   277
2021 08 01 11 25 MIN   132
2021 08 01 18 23 MAX   283
2021 08 02 00 01 MIN   190
2021 08 02 05 53 MAX   259
2021 08 02 12 23 MIN   136
2021 08 02 19 35 MAX   292
2021 08 03 01 45 MIN   196
2021 08 03 07 10 MAX   250
2021 08 03 13 27 MIN   134
2021 08 03 20 38 MAX   306
2021 08 04 03 13 MIN   187
2021 08 04 08 17 MAX   251
2021 08 04 14 28 MIN   125
2021 08 04 21 29 MAX   322
2021 08 05 04 05 MIN   174
2021 08 05 09 09 MAX   259
2021 08 05 15 19 MIN   109
2021 08 05 22 08 MAX   339
2021 08 06 04 41 MIN   159
2021 08 06 09 49 MAX   271
2021 08 06 16 04 MIN    90
2021 08 06 22 41 MAX   353
2021 08 07 05 13 MIN   144
2021 08 07 10 23 MAX   285
2021 08 07 16 44 MIN    71
2021 08 07 23 10 MAX   367
2021 08 08 05 42 MIN   129
2021 08 08 10 55 MAX   298
2021 08 08 17 22 MIN    53
2021 08 08 23 38 MAX   378
2021 08 09 06 13 MIN   112
2021 08 09 11 28 MAX   310
2021 08 09 18 00 MIN    40
2021 08 10 00 07 MAX   385
2021 08 10 06 46 MIN    97
2021 08 10 12 03 MAX   319
2021 08 10 18 40 MIN    34
2021 08 11 00 38 MAX   387
2021 08 11 07 21 MIN    85
2021 08 11 12 41 MAX   324
2021 08 11 19 20 MIN    38
2021 08 12 01 12 MAX   382
2021 08 12 07 58 MIN    77
2021 08 12 13 24 MAX   325
2021 08 12 20 02 MIN    52
2021 08 13 01 49 MAX   368
2021 08 13 08 37 MIN    75
2021 08 13 14 13 MAX   322
2021 08 13 20 48 MIN    76
2021 08 14 02 30 MAX   347
2021 08 14 09 20 MIN    79
2021 08 14 15 13 MAX   317
2021 08 14 21 40 MIN   107
2021 08 15 03 17 MAX   321
2021 08 15 10 09 MIN    88
2021 08 15 16 32 MAX   313
2021 08 15 22 43 MIN   139
2021 08 16 04 15 MAX   293
2021 08 16 11 07 MIN    98
2021 08 16 18 06 MAX   316
2021 08 17 00 06 MIN   163
2021 08 17 05 37 MAX   271
2021 08 17 12 18 MIN   103
2021 08 17 19 32 MAX   330
2021 08 18 01 44 MIN   169
2021 08 18 07 10 MAX   264
2021 08 18 13 36 MIN    98
2021 08 18 20 46 MAX   349
2021 08 19 03 08 MIN   156
2021 08 19 08 26 MAX   270
2021 08 19 14 49 MIN    83
2021 08 19 21 44 MAX   368
2021 08 20 04 07 MIN   136
2021 08 20 09 24 MAX   287
2021 08 20 15 49 MIN    62
2021 08 20 22 30 MAX   383
2021 08 21 04 52 MIN   117
2021 08 21 10 11 MAX   306
2021 08 21 16 39 MIN    43
2021 08 21 23 08 MAX   391
2021 08 22 05 32 MIN   100
2021 08 22 10 51 MAX   322
2021 08 22 17 24 MIN    31
2021 08 22 23 41 MAX   392
2021 08 23 06 09 MIN    87
2021 08 23 11 29 MAX   333
2021 08 23 18 05 MIN    29
2021 08 24 00 12 MAX   387
2021 08 24 06 44 MIN    79
2021 08 24 12 07 MAX   338
2021 08 24 18 43 MIN    37
2021 08 25 00 41 MAX   376
2021 08 25 07 18 MIN    76
2021 08 25 12 45 MAX   336
2021 08 25 19 20 MIN    54
2021 08 26 01 11 MAX   360
2021 08 26 07 51 MIN    80
2021 08 26 13 25 MAX   328
2021 08 26 19 57 MIN    79
2021 08 27 01 41 MAX   340
2021 08 27 08 24 MIN    88
2021 08 27 14 08 MAX   317
2021 08 27 20 34 MIN   109
2021 08 28 02 12 MAX   317
2021 08 28 08 57 MIN   100
2021 08 28 14 58 MAX   304
2021 08 28 21 14 MIN   140
2021 08 29 02 44 MAX   291
2021 08 29 09 33 MIN   115
2021 08 29 16 03 MAX   292
2021 08 29 22 01 MIN   170
2021 08 30 03 24 MAX   266
2021 08 30 10 16 MIN   130
2021 08 30 17 29 MAX   286
2021 08 30 23 08 MIN   195
2021 08 31 04 33 MAX   244
2021 08 31 11 13 MIN   142
2021 08 31 18 54 MAX   289
2021 09 01 01 10 MIN   204
2021 09 01 06 33 MAX   234
2021 09 01 12 31 MIN   147
2021 09 01 20 08 MAX   301
2021 09 02 03 03 MIN   191
2021 09 02 07 58 MAX   241
2021 09 02 13 54 MIN   138
2021 09 02 21 04 MAX   317
2021 09 03 03 48 MIN   173
2021 09 03 08 54 MAX   256
2021 09 03 14 58 MIN   118
2021 09 03 21 45 MAX   335
2021 09 04 04 19 MIN   153
2021 09 04 09 35 MAX   275
2021 09 04 15 46 MIN    94
2021 09 04 22 16 MAX   352
2021 09 05 04 47 MIN   131
2021 09 05 10 08 MAX   295
2021 09 05 16 27 MIN    69
2021 09 05 22 43 MAX   368
2021 09 06 05 15 MIN   107
2021 09 06 10 39 MAX   316
2021 09 06 17 06 MIN    46
2021 09 06 23 09 MAX   380
2021 09 07 05 45 MIN    84
2021 09 07 11 10 MAX   334
2021 09 07 17 44 MIN    29
2021 09 07 23 38 MAX   388
2021 09 08 06 17 MIN    63
2021 09 08 11 45 MAX   349
2021 09 08 18 23 MIN    21
2021 09 09 00 09 MAX   388
2021 09 09 06 50 MIN    47
2021 09 09 12 24 MAX   358
2021 09 09 19 03 MIN    26
2021 09 10 00 43 MAX   378
2021 09 10 07 27 MIN    39
2021 09 10 13 06 MAX   360
2021 09 10 19 45 MIN    44
2021 09 11 01 19 MAX   358
2021 09 11 08 05 MIN    42
2021 09 11 13 55 MAX   353
2021 09 11 20 32 MIN    74
2021 09 12 01 59 MAX   331
2021 09 12 08 47 MIN    54
2021 09 12 14 56 MAX   341
2021 09 12 21 26 MIN   111
2021 09 13 02 46 MAX   298
2021 09 13 09 36 MIN    74
2021 09 13 16 23 MAX   327
2021 09 13 22 33 MIN   147
2021 09 14 03 49 MAX   266
2021 09 14 10 37 MIN    96
2021 09 14 18 09 MAX   324
2021 09 15 00 08 MIN   170
2021 09 15 05 42 MAX   246
2021 09 15 11 59 MIN   112
2021 09 15 19 37 MAX   332
2021 09 16 01 56 MIN   166
2021 09 16 07 28 MAX   249
2021 09 16 13 32 MIN   109
2021 09 16 20 48 MAX   346
2021 09 17 03 09 MIN   146
2021 09 17 08 39 MAX   268
2021 09 17 14 48 MIN    92
2021 09 17 21 40 MAX   359
2021 09 18 03 57 MIN   124
2021 09 18 09 29 MAX   291
2021 09 18 15 45 MIN    71
2021 09 18 22 18 MAX   367
2021 09 19 04 35 MIN   102
2021 09 19 10 07 MAX   313
2021 09 19 16 31 MIN    53
2021 09 19 22 48 MAX   370
2021 09 20 05 09 MIN    84
2021 09 20 10 42 MAX   332
2021 09 20 17 10 MIN    43
2021 09 20 23 14 MAX   369
2021 09 21 05 41 MIN    69
2021 09 21 11 14 MAX   344
2021 09 21 17 47 MIN    41
2021 09 21 23 38 MAX   364
2021 09 22 06 12 MIN    59
2021 09 22 11 47 MAX   350
2021 09 22 18 22 MIN    47
2021 09 23 00 04 MAX   355
2021 09 23 06 42 MIN    56
2021 09 23 12 21 MAX   350
2021 09 23 18 56 MIN    62
2021 09 24 00 30 MAX   341
2021 09 24 07 11 MIN    58
2021 09 24 12 56 MAX   344
2021 09 24 19 30 MIN    83
2021 09 25 00 58 MAX   322
2021 09 25 07 39 MIN    67
2021 09 25 13 33 MAX   334
2021 09 25 20 04 MIN   108
2021 09 26 01 27 MAX   300
2021 09 26 08 09 MIN    80
2021 09 26 14 15 MAX   320
2021 09 26 20 42 MIN   136
2021 09 27 01 56 MAX   277
2021 09 27 08 40 MIN    96
2021 09 27 15 07 MAX   305
2021 09 27 21 26 MIN   163
2021 09 28 02 30 MAX   254
2021 09 28 09 19 MIN   115
2021 09 28 16 25 MAX   291
2021 09 28 22 29 MIN   186
2021 09 29 03 22 MAX   232
2021 09 29 10 13 MIN   134
2021 09 29 18 01 MAX   287
2021 09 30 00 23 MIN   195
2021 09 30 05 53 MAX   221
2021 09 30 11 35 MIN   146
2021 09 30 19 22 MAX   294
2021 10 01 02 21 MIN   181
2021 10 01 07 31 MAX   231
2021 10 01 13 13 MIN   141
2021 10 01 20 22 MAX   308
2021 10 02 03 08 MIN   158
2021 10 02 08 31 MAX   252
2021 10 02 14 28 MIN   121
2021 10 02 21 04 MAX   326
2021 10 03 03 40 MIN   132
2021 10 03 09 12 MAX   277
2021 10 03 15 20 MIN    94
2021 10 03 21 36 MAX   343
2021 10 04 04 09 MIN   104
2021 10 04 09 45 MAX   304
2021 10 04 16 03 MIN    65
2021 10 04 22 05 MAX   359
2021 10 05 04 39 MIN    75
2021 10 05 10 16 MAX   331
2021 10 05 16 44 MIN    40
2021 10 05 22 34 MAX   371
2021 10 06 05 11 MIN    46
2021 10 06 10 50 MAX   357
2021 10 06 17 23 MIN    21
2021 10 06 23 05 MAX   376
2021 10 07 05 44 MIN    21
2021 10 07 11 26 MAX   377
2021 10 07 18 04 MIN    14
2021 10 07 23 38 MAX   373
2021 10 08 06 19 MIN     5
2021 10 08 12 06 MAX   388
2021 10 08 18 46 MIN    20
2021 10 09 00 14 MAX   359
2021 10 09 06 56 MIN     0
2021 10 09 12 51 MAX   388
2021 10 09 19 30 MIN    41
2021 10 10 00 53 MAX   335
2021 10 10 07 35 MIN     9
2021 10 10 13 42 MAX   377
2021 10 10 20 19 MIN    74
2021 10 11 01 36 MAX   305
2021 10 11 08 19 MIN    29
2021 10 11 14 47 MAX   357
2021 10 11 21 17 MIN   111
2021 10 12 02 26 MAX   272
2021 10 12 09 10 MIN    59
2021 10 12 16 19 MAX   337
2021 10 12 22 31 MIN   143
2021 10 13 03 42 MAX   242
2021 10 13 10 15 MIN    91
2021 10 13 17 59 MAX   327
2021 10 14 00 09 MIN   156
2021 10 14 05 53 MAX   231
2021 10 14 11 44 MIN   112
2021 10 14 19 22 MAX   327
2021 10 15 01 45 MIN   146
2021 10 15 07 30 MAX   245
2021 10 15 13 21 MIN   113
2021 10 15 20 28 MAX   332
2021 10 16 02 47 MIN   125
2021 10 16 08 35 MAX   269
2021 10 16 14 36 MIN    99
2021 10 16 21 16 MAX   337
2021 10 17 03 30 MIN   103
2021 10 17 09 21 MAX   294
2021 10 17 15 30 MIN    82
2021 10 17 21 50 MAX   339
2021 10 18 04 06 MIN    82
2021 10 18 09 56 MAX   316
2021 10 18 16 14 MIN    69
2021 10 18 22 16 MAX   338
2021 10 19 04 38 MIN    64
2021 10 19 10 27 MAX   334
2021 10 19 16 52 MIN    60
2021 10 19 22 40 MAX   336
2021 10 20 05 09 MIN    49
2021 10 20 10 57 MAX   346
2021 10 20 17 27 MIN    57
2021 10 20 23 04 MAX   332
2021 10 21 05 37 MIN    40
2021 10 21 11 27 MAX   354
2021 10 21 18 00 MIN    61
2021 10 21 23 29 MAX   324
2021 10 22 06 05 MIN    36
2021 10 22 11 58 MAX   356
2021 10 22 18 33 MIN    71
2021 10 22 23 56 MAX   313
2021 10 23 06 32 MIN    37
2021 10 23 12 31 MAX   353
2021 10 23 19 06 MIN    86
2021 10 24 00 23 MAX   299
2021 10 24 07 00 MIN    44
2021 10 24 13 05 MAX   345
2021 10 24 19 40 MIN   105
2021 10 25 00 53 MAX   282
2021 10 25 07 29 MIN    55
2021 10 25 13 43 MAX   333
2021 10 25 20 17 MIN   126
2021 10 26 01 24 MAX   264
2021 10 26 08 02 MIN    72
2021 10 26 14 28 MAX   317
2021 10 26 21 01 MIN   147
2021 10 27 02 00 MAX   244
2021 10 27 08 41 MIN    92
2021 10 27 15 28 MAX   301
2021 10 27 22 00 MIN   164
2021 10 28 02 53 MAX   226
2021 10 28 09 33 MIN   114
2021 10 28 16 52 MAX   290
2021 10 28 23 28 MIN   171
2021 10 29 04 55 MAX   214
2021 10 29 10 47 MIN   131
2021 10 29 18 17 MAX   289
2021 10 30 01 03 MIN   160
2021 10 30 06 46 MAX   224
2021 10 30 12 22 MIN   134
2021 10 30 19 22 MAX   298
2021 10 31 02 05 MIN   137
2021 10 31 07 52 MAX   247
2021 10 31 13 44 MIN   120
2021 10 31 20 10 MAX   311
2021 11 01 02 48 MIN   108
2021 11 01 08 38 MAX   276
2021 11 01 14 45 MIN    95
2021 11 01 20 49 MAX   325
2021 11 02 03 24 MIN    76
2021 11 02 09 15 MAX   309
2021 11 02 15 34 MIN    68
2021 11 02 21 23 MAX   339
2021 11 03 04 00 MIN    43
2021 11 03 09 51 MAX   342
2021 11 03 16 19 MIN    42
2021 11 03 21 58 MAX   348
2021 11 04 04 35 MIN    12
2021 11 04 10 28 MAX   373
2021 11 04 17 02 MIN    24
2021 11 04 22 33 MAX   351
2021 11 05 05 12 MIN   -13
2021 11 05 11 08 MAX   395
2021 11 05 17 46 MIN    17
2021 11 05 23 11 MAX   346
2021 11 06 05 50 MIN   -28
2021 11 06 11 51 MAX   407
2021 11 06 18 31 MIN    24
2021 11 06 23 51 MAX   332
2021 11 07 06 30 MIN   -30
2021 11 07 12 39 MAX   405
2021 11 07 19 18 MIN    43
2021 11 08 00 34 MAX   311
2021 11 08 07 13 MIN   -17
2021 11 08 13 34 MAX   390
2021 11 08 20 10 MIN    71
2021 11 09 01 21 MAX   284
2021 11 09 07 59 MIN     9
2021 11 09 14 39 MAX   366
2021 11 09 21 10 MIN   101
2021 11 10 02 17 MAX   257
2021 11 10 08 52 MIN    43
2021 11 10 16 01 MAX   341
2021 11 10 22 21 MIN   124
2021 11 11 03 38 MAX   235
2021 11 11 09 58 MIN    79
2021 11 11 17 28 MAX   323
2021 11 11 23 44 MIN   132
2021 11 12 05 33 MAX   229
2021 11 12 11 20 MIN   106
2021 11 12 18 45 MAX   312
2021 11 13 01 03 MIN   124
2021 11 13 07 06 MAX   243
2021 11 13 12 50 MIN   116
2021 11 13 19 48 MAX   307
2021 11 14 02 05 MIN   108
2021 11 14 08 14 MAX   265
2021 11 14 14 08 MIN   112
2021 11 14 20 35 MAX   304
2021 11 15 02 51 MIN    88
2021 11 15 09 02 MAX   288
2021 11 15 15 06 MIN   102
2021 11 15 21 11 MAX   301
2021 11 16 03 30 MIN    70
2021 11 16 09 39 MAX   308
2021 11 16 15 52 MIN    91
2021 11 16 21 40 MAX   300
2021 11 17 04 04 MIN    54
2021 11 17 10 12 MAX   325
2021 11 17 16 32 MIN    83
2021 11 17 22 07 MAX   298
2021 11 18 04 35 MIN    40
2021 11 18 10 41 MAX   339
2021 11 18 17 08 MIN    78
2021 11 18 22 33 MAX   296
2021 11 19 05 04 MIN    31
2021 11 19 11 11 MAX   348
2021 11 19 17 42 MIN    77
2021 11 19 23 01 MAX   292
2021 11 20 05 32 MIN    25
2021 11 20 11 40 MAX   353
2021 11 20 18 14 MIN    81
2021 11 20 23 30 MAX   287
2021 11 21 06 01 MIN    23
2021 11 21 12 12 MAX   354
2021 11 21 18 47 MIN    89
2021 11 21 23 59 MAX   279
2021 11 22 06 31 MIN    26
2021 11 22 12 45 MAX   349
2021 11 22 19 21 MIN   100
2021 11 23 00 30 MAX   270
2021 11 23 07 03 MIN    34
2021 11 23 13 21 MAX   340
2021 11 23 19 59 MIN   113
2021 11 24 01 05 MAX   258
2021 11 24 07 38 MIN    47
2021 11 24 14 02 MAX   328
2021 11 24 20 42 MIN   125
2021 11 25 01 45 MAX   244
2021 11 25 08 20 MIN    66
2021 11 25 14 49 MAX   314
2021 11 25 21 35 MIN   134
2021 11 26 02 37 MAX   230
2021 11 26 09 09 MIN    87
2021 11 26 15 48 MAX   300
2021 11 26 22 38 MIN   137
2021 11 27 03 58 MAX   220
2021 11 27 10 12 MIN   107
2021 11 27 16 58 MAX   291
2021 11 27 23 49 MIN   130
2021 11 28 05 41 MAX   224
2021 11 28 11 30 MIN   118
2021 11 28 18 08 MAX   289
2021 11 29 00 54 MIN   113
2021 11 29 06 59 MAX   244
2021 11 29 12 52 MIN   116
2021 11 29 19 07 MAX   293
2021 11 30 01 50 MIN    88
2021 11 30 07 56 MAX   274
2021 11 30 14 04 MIN   101
2021 11 30 19 57 MAX   301
2021 12 01 02 37 MIN    58
2021 12 01 08 43 MAX   309
2021 12 01 15 04 MIN    79
2021 12 01 20 42 MAX   309
2021 12 02 03 20 MIN    27
2021 12 02 09 27 MAX   344
2021 12 02 15 57 MIN    56
2021 12 02 21 25 MAX   315
2021 12 03 04 03 MIN    -3
2021 12 03 10 11 MAX   376
2021 12 03 16 45 MIN    40
2021 12 03 22 08 MAX   318
2021 12 04 04 45 MIN   -27
2021 12 04 10 56 MAX   399
2021 12 04 17 33 MIN    32
2021 12 04 22 51 MAX   317
2021 12 05 05 28 MIN   -42
2021 12 05 11 43 MAX   409
2021 12 05 18 21 MIN    34
2021 12 05 23 36 MAX   309
2021 12 06 06 13 MIN   -43
2021 12 06 12 33 MAX   407
2021 12 06 19 10 MIN    46
2021 12 07 00 22 MAX   296
2021 12 07 06 59 MIN   -31
2021 12 07 13 26 MAX   392
2021 12 07 20 02 MIN    64
2021 12 08 01 12 MAX   279
2021 12 08 07 47 MIN    -6
2021 12 08 14 23 MAX   368
2021 12 08 20 56 MIN    82
2021 12 09 02 07 MAX   261
2021 12 09 08 39 MIN    27
2021 12 09 15 26 MAX   341
2021 12 09 21 55 MIN    98
2021 12 10 03 16 MAX   245
2021 12 10 09 36 MIN    64
2021 12 10 16 34 MAX   314
2021 12 10 22 58 MIN   107
2021 12 11 04 46 MAX   236
2021 12 11 10 43 MIN    97
2021 12 11 17 43 MAX   292
2021 12 12 00 04 MIN   107
2021 12 12 06 20 MAX   241
2021 12 12 12 01 MIN   121
2021 12 12 18 46 MAX   277
2021 12 13 01 07 MIN   100
2021 12 13 07 36 MAX   256
2021 12 13 13 24 MIN   131
2021 12 13 19 40 MAX   267
2021 12 14 02 03 MIN    88
2021 12 14 08 34 MAX   274
2021 12 14 14 36 MIN   127
2021 12 14 20 26 MAX   262
2021 12 15 02 48 MIN    74
2021 12 15 09 19 MAX   293
2021 12 15 15 32 MIN   118
2021 12 15 21 05 MAX   260
2021 12 16 03 28 MIN    60
2021 12 16 09 56 MAX   310
2021 12 16 16 16 MIN   108
2021 12 16 21 40 MAX   262
2021 12 17 04 03 MIN    48
2021 12 17 10 29 MAX   324
2021 12 17 16 54 MIN    99
2021 12 17 22 13 MAX   264
2021 12 18 04 36 MIN    36
2021 12 18 10 59 MAX   336
2021 12 18 17 29 MIN    93
2021 12 18 22 43 MAX   267
2021 12 19 05 07 MIN    26
2021 12 19 11 29 MAX   344
2021 12 19 18 01 MIN    90
2021 12 19 23 14 MAX   269
2021 12 20 05 39 MIN    18
2021 12 20 12 00 MAX   349
2021 12 20 18 34 MIN    90
2021 12 20 23 45 MAX   270
2021 12 21 06 13 MIN    15
2021 12 21 12 31 MAX   349
2021 12 21 19 07 MIN    91
2021 12 22 00 17 MAX   269
2021 12 22 06 48 MIN    17
2021 12 22 13 04 MAX   345
2021 12 22 19 43 MIN    94
2021 12 23 00 53 MAX   264
2021 12 23 07 25 MIN    25
2021 12 23 13 39 MAX   338
2021 12 23 20 22 MIN    96
2021 12 24 01 32 MAX   257
2021 12 24 08 06 MIN    40
2021 12 24 14 18 MAX   327
2021 12 24 21 06 MIN    98
2021 12 25 02 19 MAX   247
2021 12 25 08 52 MIN    60
2021 12 25 15 02 MAX   314
2021 12 25 21 54 MIN    99
2021 12 26 03 17 MAX   240
2021 12 26 09 44 MIN    81
2021 12 26 15 53 MAX   299
2021 12 26 22 49 MIN    97
2021 12 27 04 35 MAX   239
2021 12 27 10 48 MIN   100
2021 12 27 16 54 MAX   285
2021 12 27 23 49 MIN    89
2021 12 28 06 00 MAX   250
2021 12 28 12 04 MIN   112
2021 12 28 18 02 MAX   275
2021 12 29 00 51 MIN    75
2021 12 29 07 14 MAX   274
2021 12 29 13 25 MIN   111
2021 12 29 19 08 MAX   271
2021 12 30 01 51 MIN    55
2021 12 30 08 16 MAX   304
2021 12 30 14 39 MIN    98
2021 12 30 20 08 MAX   273
2021 12 31 02 46 MIN    29
2021 12 31 09 11 MAX   337
2021 12 31 15 42 MIN    79
2021 12 31 21 03 MAX   280
