 <API - 조위예측극치자료>

대상조위관측소 : 추자도
위도(WGS84) : N 126.3003
경도(WGS84) : E 33.9619
관측기관 : 20201221 ~ 20220101

2020 12 21 03 33 MAX   199
2020 12 21 09 46 MIN    89
2020 12 21 16 33 MAX   244
2020 12 21 23 06 MIN   109
2020 12 22 04 54 MAX   195
2020 12 22 10 47 MIN   112
2020 12 22 17 30 MAX   230
2020 12 23 00 06 MIN   107
2020 12 23 06 23 MAX   198
2020 12 23 12 03 MIN   128
2020 12 23 18 28 MAX   219
2020 12 24 01 03 MIN   100
2020 12 24 07 39 MAX   209
2020 12 24 13 25 MIN   133
2020 12 24 19 23 MAX   212
2020 12 25 01 54 MIN    89
2020 12 25 08 37 MAX   224
2020 12 25 14 36 MIN   128
2020 12 25 20 12 MAX   209
2020 12 26 02 37 MIN    76
2020 12 26 09 22 MAX   239
2020 12 26 15 30 MIN   118
2020 12 26 20 54 MAX   209
2020 12 27 03 15 MIN    61
2020 12 27 09 59 MAX   255
2020 12 27 16 13 MIN   107
2020 12 27 21 33 MAX   211
2020 12 28 03 50 MIN    46
2020 12 28 10 32 MAX   270
2020 12 28 16 50 MIN    95
2020 12 28 22 07 MAX   214
2020 12 29 04 24 MIN    30
2020 12 29 11 04 MAX   283
2020 12 29 17 24 MIN    85
2020 12 29 22 41 MAX   220
2020 12 30 05 00 MIN    16
2020 12 30 11 35 MAX   294
2020 12 30 17 58 MIN    78
2020 12 30 23 14 MAX   225
2020 12 31 05 36 MIN     6
2020 12 31 12 09 MAX   301
2020 12 31 18 33 MIN    73
2020 12 31 23 49 MAX   229
2021 01 01 06 15 MIN     1
2021 01 01 12 44 MAX   303
2021 01 01 19 10 MIN    72
2021 01 02 00 27 MAX   231
2021 01 02 06 56 MIN     3
2021 01 02 13 23 MAX   301
2021 01 02 19 51 MIN    73
2021 01 03 01 08 MAX   229
2021 01 03 07 39 MIN    13
2021 01 03 14 04 MAX   294
2021 01 03 20 35 MIN    75
2021 01 04 01 56 MAX   225
2021 01 04 08 26 MIN    29
2021 01 04 14 49 MAX   282
2021 01 04 21 23 MIN    77
2021 01 05 02 54 MAX   219
2021 01 05 09 18 MIN    50
2021 01 05 15 39 MAX   267
2021 01 05 22 17 MIN    77
2021 01 06 04 07 MAX   216
2021 01 06 10 20 MIN    73
2021 01 06 16 36 MAX   250
2021 01 06 23 17 MIN    73
2021 01 07 05 35 MAX   220
2021 01 07 11 34 MIN    91
2021 01 07 17 41 MAX   235
2021 01 08 00 20 MIN    64
2021 01 08 07 00 MAX   233
2021 01 08 12 58 MIN   100
2021 01 08 18 50 MAX   224
2021 01 09 01 24 MIN    50
2021 01 09 08 13 MAX   253
2021 01 09 14 18 MIN    97
2021 01 09 19 55 MAX   219
2021 01 10 02 24 MIN    31
2021 01 10 09 15 MAX   275
2021 01 10 15 26 MIN    86
2021 01 10 20 53 MAX   220
2021 01 11 03 19 MIN    12
2021 01 11 10 08 MAX   295
2021 01 11 16 23 MIN    72
2021 01 11 21 45 MAX   224
2021 01 12 04 10 MIN    -5
2021 01 12 10 55 MAX   309
2021 01 12 17 11 MIN    61
2021 01 12 22 31 MAX   230
2021 01 13 04 57 MIN   -17
2021 01 13 11 38 MAX   316
2021 01 13 17 55 MIN    54
2021 01 13 23 14 MAX   236
2021 01 14 05 41 MIN   -22
2021 01 14 12 18 MAX   316
2021 01 14 18 36 MIN    52
2021 01 14 23 55 MAX   239
2021 01 15 06 24 MIN   -17
2021 01 15 12 56 MAX   309
2021 01 15 19 16 MIN    55
2021 01 16 00 36 MAX   238
2021 01 16 07 04 MIN    -3
2021 01 16 13 32 MAX   296
2021 01 16 19 55 MIN    62
2021 01 17 01 17 MAX   233
2021 01 17 07 44 MIN    19
2021 01 17 14 07 MAX   280
2021 01 17 20 34 MIN    70
2021 01 18 02 00 MAX   225
2021 01 18 08 23 MIN    45
2021 01 18 14 41 MAX   262
2021 01 18 21 14 MIN    79
2021 01 19 02 47 MAX   215
2021 01 19 09 04 MIN    74
2021 01 19 15 17 MAX   244
2021 01 19 21 56 MIN    87
2021 01 20 03 45 MAX   206
2021 01 20 09 49 MIN   102
2021 01 20 15 56 MAX   225
2021 01 20 22 43 MIN    93
2021 01 21 04 59 MAX   201
2021 01 21 10 46 MIN   126
2021 01 21 16 46 MAX   208
2021 01 21 23 38 MIN    95
2021 01 22 06 28 MAX   202
2021 01 22 12 11 MIN   141
2021 01 22 17 56 MAX   194
2021 01 23 00 40 MIN    92
2021 01 23 07 49 MAX   212
2021 01 23 13 54 MIN   141
2021 01 23 19 13 MAX   186
2021 01 24 01 42 MIN    83
2021 01 24 08 53 MAX   227
2021 01 24 15 12 MIN   129
2021 01 24 20 19 MAX   186
2021 01 25 02 37 MIN    68
2021 01 25 09 40 MAX   243
2021 01 25 16 01 MIN   113
2021 01 25 21 11 MAX   192
2021 01 26 03 24 MIN    49
2021 01 26 10 18 MAX   260
2021 01 26 16 38 MIN    97
2021 01 26 21 52 MAX   202
2021 01 27 04 07 MIN    28
2021 01 27 10 50 MAX   275
2021 01 27 17 10 MIN    81
2021 01 27 22 28 MAX   215
2021 01 28 04 46 MIN     8
2021 01 28 11 22 MAX   290
2021 01 28 17 42 MIN    66
2021 01 28 23 03 MAX   227
2021 01 29 05 25 MIN    -9
2021 01 29 11 53 MAX   301
2021 01 29 18 15 MIN    53
2021 01 29 23 39 MAX   239
2021 01 30 06 05 MIN   -20
2021 01 30 12 26 MAX   307
2021 01 30 18 50 MIN    43
2021 01 31 00 17 MAX   248
2021 01 31 06 45 MIN   -21
2021 01 31 13 01 MAX   307
2021 01 31 19 27 MIN    37
2021 02 01 00 59 MAX   251
2021 02 01 07 27 MIN   -11
2021 02 01 13 38 MAX   300
2021 02 01 20 07 MIN    36
2021 02 02 01 45 MAX   250
2021 02 02 08 11 MIN     9
2021 02 02 14 17 MAX   285
2021 02 02 20 50 MIN    39
2021 02 03 02 38 MAX   244
2021 02 03 09 01 MIN    37
2021 02 03 15 00 MAX   264
2021 02 03 21 38 MIN    45
2021 02 04 03 43 MAX   236
2021 02 04 09 57 MIN    70
2021 02 04 15 48 MAX   239
2021 02 04 22 32 MIN    52
2021 02 05 05 08 MAX   231
2021 02 05 11 09 MIN    99
2021 02 05 16 51 MAX   214
2021 02 05 23 37 MIN    57
2021 02 06 06 45 MAX   234
2021 02 06 12 42 MIN   115
2021 02 06 18 15 MAX   196
2021 02 07 00 52 MIN    55
2021 02 07 08 10 MAX   246
2021 02 07 14 18 MIN   112
2021 02 07 19 42 MAX   190
2021 02 08 02 07 MIN    45
2021 02 08 09 17 MAX   263
2021 02 08 15 30 MIN    96
2021 02 08 20 52 MAX   196
2021 02 09 03 11 MIN    28
2021 02 09 10 10 MAX   278
2021 02 09 16 22 MIN    78
2021 02 09 21 45 MAX   209
2021 02 10 04 04 MIN     9
2021 02 10 10 52 MAX   290
2021 02 10 17 04 MIN    62
2021 02 10 22 29 MAX   223
2021 02 11 04 51 MIN    -6
2021 02 11 11 27 MAX   296
2021 02 11 17 41 MIN    49
2021 02 11 23 08 MAX   236
2021 02 12 05 32 MIN   -15
2021 02 12 11 59 MAX   298
2021 02 12 18 16 MIN    40
2021 02 12 23 44 MAX   245
2021 02 13 06 10 MIN   -14
2021 02 13 12 29 MAX   294
2021 02 13 18 49 MIN    37
2021 02 14 00 20 MAX   249
2021 02 14 06 46 MIN    -4
2021 02 14 12 58 MAX   286
2021 02 14 19 21 MIN    39
2021 02 15 00 55 MAX   248
2021 02 15 07 21 MIN    15
2021 02 15 13 25 MAX   274
2021 02 15 19 53 MIN    45
2021 02 16 01 32 MAX   243
2021 02 16 07 55 MIN    39
2021 02 16 13 53 MAX   258
2021 02 16 20 24 MIN    53
2021 02 17 02 12 MAX   235
2021 02 17 08 29 MIN    66
2021 02 17 14 21 MAX   241
2021 02 17 20 57 MIN    63
2021 02 18 02 57 MAX   225
2021 02 18 09 07 MIN    93
2021 02 18 14 51 MAX   222
2021 02 18 21 32 MIN    74
2021 02 19 03 53 MAX   214
2021 02 19 09 53 MIN   119
2021 02 19 15 26 MAX   202
2021 02 19 22 17 MIN    84
2021 02 20 05 14 MAX   207
2021 02 20 11 04 MIN   139
2021 02 20 16 21 MAX   182
2021 02 20 23 20 MIN    91
2021 02 21 06 51 MAX   208
2021 02 21 13 06 MIN   145
2021 02 21 18 13 MAX   169
2021 02 22 00 42 MIN    90
2021 02 22 08 15 MAX   218
2021 02 22 14 56 MIN   132
2021 02 22 19 50 MAX   171
2021 02 23 02 01 MIN    77
2021 02 23 09 15 MAX   234
2021 02 23 15 46 MIN   113
2021 02 23 20 53 MAX   182
2021 02 24 03 02 MIN    55
2021 02 24 09 56 MAX   252
2021 02 24 16 18 MIN    92
2021 02 24 21 37 MAX   198
2021 02 25 03 50 MIN    29
2021 02 25 10 29 MAX   269
2021 02 25 16 48 MIN    71
2021 02 25 22 14 MAX   217
2021 02 26 04 31 MIN     3
2021 02 26 10 59 MAX   286
2021 02 26 17 18 MIN    49
2021 02 26 22 49 MAX   238
2021 02 27 05 10 MIN   -18
2021 02 27 11 29 MAX   299
2021 02 27 17 50 MIN    28
2021 02 27 23 26 MAX   257
2021 02 28 05 50 MIN   -31
2021 02 28 12 01 MAX   307
2021 02 28 18 24 MIN    11
2021 03 01 00 05 MAX   271
2021 03 01 06 30 MIN   -32
2021 03 01 12 34 MAX   306
2021 03 01 19 00 MIN     1
2021 03 02 00 47 MAX   279
2021 03 02 07 12 MIN   -20
2021 03 02 13 09 MAX   296
2021 03 02 19 38 MIN    -1
2021 03 03 01 33 MAX   278
2021 03 03 07 57 MIN     6
2021 03 03 13 47 MAX   276
2021 03 03 20 19 MIN     6
2021 03 04 02 25 MAX   270
2021 03 04 08 46 MIN    40
2021 03 04 14 27 MAX   250
2021 03 04 21 04 MIN    21
2021 03 05 03 28 MAX   255
2021 03 05 09 43 MIN    77
2021 03 05 15 12 MAX   220
2021 03 05 21 56 MIN    40
2021 03 06 04 54 MAX   241
2021 03 06 10 58 MIN   109
2021 03 06 16 14 MAX   192
2021 03 06 23 03 MIN    59
2021 03 07 06 36 MAX   236
2021 03 07 12 43 MIN   124
2021 03 07 18 02 MAX   173
2021 03 08 00 30 MIN    68
2021 03 08 08 08 MAX   242
2021 03 08 14 27 MIN   115
2021 03 08 19 49 MAX   175
2021 03 09 01 59 MIN    61
2021 03 09 09 16 MAX   253
2021 03 09 15 30 MIN    96
2021 03 09 21 00 MAX   189
2021 03 10 03 07 MIN    45
2021 03 10 10 03 MAX   264
2021 03 10 16 12 MIN    76
2021 03 10 21 47 MAX   208
2021 03 11 03 58 MIN    26
2021 03 11 10 38 MAX   271
2021 03 11 16 46 MIN    58
2021 03 11 22 24 MAX   226
2021 03 12 04 40 MIN    11
2021 03 12 11 06 MAX   276
2021 03 12 17 18 MIN    42
2021 03 12 22 57 MAX   241
2021 03 13 05 18 MIN     2
2021 03 13 11 32 MAX   278
2021 03 13 17 49 MIN    31
2021 03 13 23 30 MAX   253
2021 03 14 05 52 MIN     2
2021 03 14 11 57 MAX   276
2021 03 14 18 18 MIN    24
2021 03 15 00 01 MAX   260
2021 03 15 06 25 MIN    10
2021 03 15 12 22 MAX   270
2021 03 15 18 46 MIN    23
2021 03 16 00 34 MAX   262
2021 03 16 06 57 MIN    25
2021 03 16 12 46 MAX   261
2021 03 16 19 13 MIN    27
2021 03 17 01 07 MAX   261
2021 03 17 07 29 MIN    45
2021 03 17 13 11 MAX   248
2021 03 17 19 40 MIN    34
2021 03 18 01 43 MAX   255
2021 03 18 08 02 MIN    68
2021 03 18 13 37 MAX   233
2021 03 18 20 09 MIN    45
2021 03 19 02 22 MAX   246
2021 03 19 08 38 MIN    92
2021 03 19 14 05 MAX   215
2021 03 19 20 41 MIN    58
2021 03 20 03 10 MAX   233
2021 03 20 09 23 MIN   115
2021 03 20 14 38 MAX   196
2021 03 20 21 22 MIN    73
2021 03 21 04 18 MAX   221
2021 03 21 10 28 MIN   134
2021 03 21 15 23 MAX   177
2021 03 21 22 19 MIN    87
2021 03 22 05 54 MAX   214
2021 03 22 12 22 MIN   142
2021 03 22 17 21 MAX   162
2021 03 22 23 46 MIN    94
2021 03 23 07 28 MAX   218
2021 03 23 14 22 MIN   130
2021 03 23 19 21 MAX   165
2021 03 24 01 22 MIN    85
2021 03 24 08 36 MAX   231
2021 03 24 15 12 MIN   110
2021 03 24 20 29 MAX   181
2021 03 25 02 33 MIN    63
2021 03 25 09 21 MAX   248
2021 03 25 15 45 MIN    86
2021 03 25 21 15 MAX   203
2021 03 26 03 25 MIN    36
2021 03 26 09 55 MAX   265
2021 03 26 16 16 MIN    60
2021 03 26 21 53 MAX   228
2021 03 27 04 10 MIN     9
2021 03 27 10 26 MAX   281
2021 03 27 16 47 MIN    32
2021 03 27 22 31 MAX   255
2021 03 28 04 51 MIN   -12
2021 03 28 10 58 MAX   293
2021 03 28 17 20 MIN     6
2021 03 28 23 09 MAX   280
2021 03 29 05 32 MIN   -24
2021 03 29 11 30 MAX   299
2021 03 29 17 55 MIN   -15
2021 03 29 23 51 MAX   298
2021 03 30 06 15 MIN   -23
2021 03 30 12 05 MAX   295
2021 03 30 18 32 MIN   -26
2021 03 31 00 34 MAX   307
2021 03 31 06 58 MIN    -7
2021 03 31 12 41 MAX   282
2021 03 31 19 10 MIN   -25
2021 04 01 01 22 MAX   304
2021 04 01 07 45 MIN    20
2021 04 01 13 19 MAX   259
2021 04 01 19 51 MIN   -11
2021 04 02 02 16 MAX   291
2021 04 02 08 35 MIN    55
2021 04 02 14 00 MAX   232
2021 04 02 20 36 MIN    12
2021 04 03 03 21 MAX   272
2021 04 03 09 36 MIN    91
2021 04 03 14 47 MAX   203
2021 04 03 21 29 MIN    41
2021 04 04 04 48 MAX   252
2021 04 04 10 57 MIN   117
2021 04 04 16 00 MAX   178
2021 04 04 22 39 MIN    68
2021 04 05 06 26 MAX   242
2021 04 05 12 45 MIN   124
2021 04 05 18 10 MAX   168
2021 04 06 00 14 MIN    82
2021 04 06 07 53 MAX   242
2021 04 06 14 16 MIN   112
2021 04 06 19 54 MAX   178
2021 04 07 01 48 MIN    79
2021 04 07 08 56 MAX   247
2021 04 07 15 09 MIN    94
2021 04 07 20 57 MAX   197
2021 04 08 02 55 MIN    66
2021 04 08 09 39 MAX   251
2021 04 08 15 47 MIN    75
2021 04 08 21 39 MAX   216
2021 04 09 03 44 MIN    51
2021 04 09 10 10 MAX   254
2021 04 09 16 19 MIN    58
2021 04 09 22 13 MAX   233
2021 04 10 04 24 MIN    40
2021 04 10 10 36 MAX   256
2021 04 10 16 49 MIN    42
2021 04 10 22 44 MAX   249
2021 04 11 04 59 MIN    34
2021 04 11 10 59 MAX   257
2021 04 11 17 17 MIN    30
2021 04 11 23 13 MAX   261
2021 04 12 05 32 MIN    33
2021 04 12 11 22 MAX   256
2021 04 12 17 43 MIN    23
2021 04 12 23 43 MAX   270
2021 04 13 06 04 MIN    38
2021 04 13 11 45 MAX   252
2021 04 13 18 09 MIN    20
2021 04 14 00 13 MAX   275
2021 04 14 06 35 MIN    48
2021 04 14 12 09 MAX   245
2021 04 14 18 35 MIN    21
2021 04 15 00 45 MAX   277
2021 04 15 07 07 MIN    62
2021 04 15 12 35 MAX   235
2021 04 15 19 02 MIN    27
2021 04 16 01 19 MAX   273
2021 04 16 07 41 MIN    79
2021 04 16 13 04 MAX   223
2021 04 16 19 31 MIN    38
2021 04 17 01 57 MAX   265
2021 04 17 08 20 MIN    98
2021 04 17 13 34 MAX   209
2021 04 17 20 06 MIN    52
2021 04 18 02 43 MAX   253
2021 04 18 09 07 MIN   117
2021 04 18 14 10 MAX   193
2021 04 18 20 48 MIN    69
2021 04 19 03 44 MAX   239
2021 04 19 10 11 MIN   132
2021 04 19 15 01 MAX   178
2021 04 19 21 44 MIN    85
2021 04 20 05 09 MAX   230
2021 04 20 11 45 MIN   137
2021 04 20 16 49 MAX   167
2021 04 20 23 05 MIN    95
2021 04 21 06 36 MAX   229
2021 04 21 13 21 MIN   128
2021 04 21 18 44 MAX   172
2021 04 22 00 38 MIN    92
2021 04 22 07 44 MAX   237
2021 04 22 14 19 MIN   108
2021 04 22 19 55 MAX   191
2021 04 23 01 56 MIN    75
2021 04 23 08 33 MAX   249
2021 04 23 15 00 MIN    82
2021 04 23 20 46 MAX   216
2021 04 24 02 55 MIN    53
2021 04 24 09 11 MAX   262
2021 04 24 15 36 MIN    53
2021 04 24 21 29 MAX   246
2021 04 25 03 44 MIN    30
2021 04 25 09 47 MAX   274
2021 04 25 16 11 MIN    22
2021 04 25 22 10 MAX   276
2021 04 26 04 30 MIN    12
2021 04 26 10 22 MAX   283
2021 04 26 16 48 MIN    -6
2021 04 26 22 53 MAX   303
2021 04 27 05 15 MIN     3
2021 04 27 10 59 MAX   285
2021 04 27 17 26 MIN   -27
2021 04 27 23 37 MAX   322
2021 04 28 06 00 MIN     6
2021 04 28 11 37 MAX   278
2021 04 28 18 05 MIN   -35
2021 04 29 00 24 MAX   329
2021 04 29 06 46 MIN    21
2021 04 29 12 16 MAX   264
2021 04 29 18 46 MIN   -29
2021 04 30 01 14 MAX   324
2021 04 30 07 36 MIN    46
2021 04 30 12 57 MAX   244
2021 04 30 19 29 MIN   -11
2021 05 01 02 10 MAX   308
2021 05 01 08 30 MIN    75
2021 05 01 13 42 MAX   220
2021 05 01 20 17 MIN    18
2021 05 02 03 16 MAX   286
2021 05 02 09 34 MIN   102
2021 05 02 14 38 MAX   198
2021 05 02 21 12 MIN    50
2021 05 03 04 36 MAX   266
2021 05 03 10 52 MIN   119
2021 05 03 16 04 MAX   181
2021 05 03 22 23 MIN    79
2021 05 04 06 01 MAX   252
2021 05 04 12 21 MIN   122
2021 05 04 18 02 MAX   179
2021 05 04 23 51 MIN    97
2021 05 05 07 18 MAX   245
2021 05 05 13 37 MIN   112
2021 05 05 19 35 MAX   192
2021 05 06 01 20 MIN   100
2021 05 06 08 17 MAX   243
2021 05 06 14 30 MIN    98
2021 05 06 20 37 MAX   209
2021 05 07 02 29 MIN    95
2021 05 07 08 59 MAX   241
2021 05 07 15 10 MIN    82
2021 05 07 21 21 MAX   226
2021 05 08 03 20 MIN    87
2021 05 08 09 30 MAX   240
2021 05 08 15 43 MIN    67
2021 05 08 21 56 MAX   242
2021 05 09 04 02 MIN    80
2021 05 09 09 56 MAX   240
2021 05 09 16 13 MIN    53
2021 05 09 22 27 MAX   256
2021 05 10 04 38 MIN    75
2021 05 10 10 20 MAX   239
2021 05 10 16 42 MIN    42
2021 05 10 22 56 MAX   268
2021 05 11 05 13 MIN    72
2021 05 11 10 45 MAX   238
2021 05 11 17 08 MIN    34
2021 05 11 23 25 MAX   279
2021 05 12 05 45 MIN    73
2021 05 12 11 11 MAX   236
2021 05 12 17 35 MIN    29
2021 05 12 23 55 MAX   286
2021 05 13 06 17 MIN    77
2021 05 13 11 38 MAX   232
2021 05 13 18 02 MIN    28
2021 05 14 00 26 MAX   290
2021 05 14 06 51 MIN    85
2021 05 14 12 07 MAX   227
2021 05 14 18 33 MIN    32
2021 05 15 01 01 MAX   289
2021 05 15 07 27 MIN    95
2021 05 15 12 39 MAX   220
2021 05 15 19 06 MIN    40
2021 05 16 01 40 MAX   282
2021 05 16 08 08 MIN   108
2021 05 16 13 15 MAX   211
2021 05 16 19 45 MIN    53
2021 05 17 02 26 MAX   272
2021 05 17 08 56 MIN   120
2021 05 17 13 57 MAX   200
2021 05 17 20 30 MIN    69
2021 05 18 03 22 MAX   261
2021 05 18 09 56 MIN   129
2021 05 18 14 54 MAX   190
2021 05 18 21 25 MIN    84
2021 05 19 04 29 MAX   252
2021 05 19 11 07 MIN   131
2021 05 19 16 22 MAX   185
2021 05 19 22 35 MIN    95
2021 05 20 05 41 MAX   248
2021 05 20 12 19 MIN   123
2021 05 20 18 00 MAX   192
2021 05 20 23 56 MIN    98
2021 05 21 06 45 MAX   249
2021 05 21 13 19 MIN   105
2021 05 21 19 16 MAX   210
2021 05 22 01 14 MIN    91
2021 05 22 07 38 MAX   254
2021 05 22 14 09 MIN    80
2021 05 22 20 14 MAX   236
2021 05 23 02 21 MIN    78
2021 05 23 08 24 MAX   260
2021 05 23 14 53 MIN    51
2021 05 23 21 05 MAX   266
2021 05 24 03 19 MIN    62
2021 05 24 09 07 MAX   266
2021 05 24 15 35 MIN    22
2021 05 24 21 52 MAX   296
2021 05 25 04 11 MIN    49
2021 05 25 09 48 MAX   269
2021 05 25 16 17 MIN    -3
2021 05 25 22 39 MAX   320
2021 05 26 05 00 MIN    43
2021 05 26 10 30 MAX   268
2021 05 26 16 59 MIN   -20
2021 05 26 23 26 MAX   336
2021 05 27 05 49 MIN    44
2021 05 27 11 13 MAX   262
2021 05 27 17 43 MIN   -25
2021 05 28 00 15 MAX   341
2021 05 28 06 38 MIN    54
2021 05 28 11 56 MAX   252
2021 05 28 18 27 MIN   -17
2021 05 29 01 08 MAX   335
2021 05 29 07 29 MIN    71
2021 05 29 12 42 MAX   238
2021 05 29 19 14 MIN     2
2021 05 30 02 04 MAX   319
2021 05 30 08 24 MIN    90
2021 05 30 13 33 MAX   223
2021 05 30 20 04 MIN    29
2021 05 31 03 04 MAX   299
2021 05 31 09 23 MIN   107
2021 05 31 14 33 MAX   209
2021 05 31 20 59 MIN    59
2021 06 01 04 11 MAX   279
2021 06 01 10 28 MIN   118
2021 06 01 15 52 MAX   199
2021 06 01 22 02 MIN    88
2021 06 02 05 19 MAX   262
2021 06 02 11 36 MIN   121
2021 06 02 17 27 MAX   199
2021 06 02 23 14 MIN   111
2021 06 03 06 22 MAX   249
2021 06 03 12 42 MIN   117
2021 06 03 18 56 MAX   207
2021 06 04 00 33 MIN   124
2021 06 04 07 17 MAX   240
2021 06 04 13 38 MIN   107
2021 06 04 20 03 MAX   220
2021 06 05 01 48 MIN   128
2021 06 05 08 02 MAX   234
2021 06 05 14 23 MIN    96
2021 06 05 20 55 MAX   234
2021 06 06 02 49 MIN   126
2021 06 06 08 39 MAX   229
2021 06 06 15 01 MIN    84
2021 06 06 21 35 MAX   248
2021 06 07 03 38 MIN   121
2021 06 07 09 12 MAX   227
2021 06 07 15 34 MIN    73
2021 06 07 22 09 MAX   262
2021 06 08 04 20 MIN   115
2021 06 08 09 42 MAX   226
2021 06 08 16 05 MIN    62
2021 06 08 22 40 MAX   274
2021 06 09 04 56 MIN   110
2021 06 09 10 13 MAX   227
2021 06 09 16 35 MIN    53
2021 06 09 23 10 MAX   285
2021 06 10 05 31 MIN   105
2021 06 10 10 43 MAX   227
2021 06 10 17 06 MIN    45
2021 06 10 23 40 MAX   294
2021 06 11 06 04 MIN   103
2021 06 11 11 15 MAX   228
2021 06 11 17 38 MIN    40
2021 06 12 00 13 MAX   299
2021 06 12 06 39 MIN   104
2021 06 12 11 48 MAX   228
2021 06 12 18 13 MIN    40
2021 06 13 00 49 MAX   301
2021 06 13 07 16 MIN   108
2021 06 13 12 24 MAX   226
2021 06 13 18 51 MIN    44
2021 06 14 01 28 MAX   298
2021 06 14 07 56 MIN   113
2021 06 14 13 02 MAX   223
2021 06 14 19 33 MIN    53
2021 06 15 02 10 MAX   291
2021 06 15 08 41 MIN   119
2021 06 15 13 48 MAX   218
2021 06 15 20 19 MIN    66
2021 06 16 02 58 MAX   283
2021 06 16 09 32 MIN   122
2021 06 16 14 44 MAX   213
2021 06 16 21 11 MIN    81
2021 06 17 03 50 MAX   275
2021 06 17 10 27 MIN   121
2021 06 17 15 56 MAX   212
2021 06 17 22 10 MIN    95
2021 06 18 04 48 MAX   267
2021 06 18 11 26 MIN   114
2021 06 18 17 21 MAX   218
2021 06 18 23 20 MIN   106
2021 06 19 05 47 MAX   260
2021 06 19 12 25 MIN   100
2021 06 19 18 40 MAX   233
2021 06 20 00 37 MIN   111
2021 06 20 06 44 MAX   256
2021 06 20 13 21 MIN    80
2021 06 20 19 47 MAX   256
2021 06 21 01 52 MIN   108
2021 06 21 07 39 MAX   253
2021 06 21 14 13 MIN    57
2021 06 21 20 46 MAX   282
2021 06 22 02 59 MIN    99
2021 06 22 08 32 MAX   253
2021 06 22 15 04 MIN    34
2021 06 22 21 40 MAX   307
2021 06 23 03 58 MIN    89
2021 06 23 09 22 MAX   253
2021 06 23 15 53 MIN    14
2021 06 23 22 31 MAX   327
2021 06 24 04 52 MIN    81
2021 06 24 10 10 MAX   254
2021 06 24 16 41 MIN     0
2021 06 24 23 21 MAX   340
2021 06 25 05 43 MIN    77
2021 06 25 10 57 MAX   253
2021 06 25 17 28 MIN    -5
2021 06 26 00 11 MAX   343
2021 06 26 06 32 MIN    79
2021 06 26 11 45 MAX   251
2021 06 26 18 16 MIN     0
2021 06 27 01 00 MAX   338
2021 06 27 07 20 MIN    86
2021 06 27 12 32 MAX   246
2021 06 27 19 03 MIN    15
2021 06 28 01 49 MAX   325
2021 06 28 08 08 MIN    95
2021 06 28 13 23 MAX   239
2021 06 28 19 51 MIN    38
2021 06 29 02 39 MAX   307
2021 06 29 08 58 MIN   105
2021 06 29 14 17 MAX   230
2021 06 29 20 40 MIN    66
2021 06 30 03 29 MAX   288
2021 06 30 09 49 MIN   114
2021 06 30 15 22 MAX   223
2021 06 30 21 32 MIN    96
2021 07 01 04 19 MAX   269
2021 07 01 10 43 MIN   119
2021 07 01 16 39 MAX   219
2021 07 01 22 29 MIN   124
2021 07 02 05 09 MAX   252
2021 07 02 11 39 MIN   121
2021 07 02 18 03 MAX   221
2021 07 02 23 36 MIN   146
2021 07 03 05 59 MAX   238
2021 07 03 12 34 MIN   118
2021 07 03 19 19 MAX   228
2021 07 04 00 56 MIN   158
2021 07 04 06 51 MAX   228
2021 07 04 13 26 MIN   112
2021 07 04 20 21 MAX   239
2021 07 05 02 15 MIN   160
2021 07 05 07 41 MAX   221
2021 07 05 14 12 MIN   104
2021 07 05 21 11 MAX   252
2021 07 06 03 18 MIN   154
2021 07 06 08 28 MAX   218
2021 07 06 14 54 MIN    94
2021 07 06 21 51 MAX   265
2021 07 07 04 07 MIN   145
2021 07 07 09 11 MAX   218
2021 07 07 15 33 MIN    82
2021 07 07 22 26 MAX   278
2021 07 08 04 46 MIN   135
2021 07 08 09 50 MAX   221
2021 07 08 16 10 MIN    70
2021 07 08 22 58 MAX   289
2021 07 09 05 20 MIN   125
2021 07 09 10 26 MAX   227
2021 07 09 16 47 MIN    58
2021 07 09 23 29 MAX   299
2021 07 10 05 53 MIN   118
2021 07 10 11 01 MAX   232
2021 07 10 17 23 MIN    48
2021 07 11 00 02 MAX   307
2021 07 11 06 25 MIN   113
2021 07 11 11 35 MAX   238
2021 07 11 18 01 MIN    42
2021 07 12 00 35 MAX   311
2021 07 12 07 00 MIN   109
2021 07 12 12 12 MAX   242
2021 07 12 18 41 MIN    41
2021 07 13 01 10 MAX   311
2021 07 13 07 37 MIN   107
2021 07 13 12 51 MAX   243
2021 07 13 19 22 MIN    47
2021 07 14 01 47 MAX   308
2021 07 14 08 17 MIN   107
2021 07 14 13 36 MAX   243
2021 07 14 20 06 MIN    59
2021 07 15 02 27 MAX   301
2021 07 15 09 00 MIN   106
2021 07 15 14 29 MAX   241
2021 07 15 20 54 MIN    77
2021 07 16 03 11 MAX   290
2021 07 16 09 48 MIN   104
2021 07 16 15 33 MAX   241
2021 07 16 21 48 MIN    98
2021 07 17 03 59 MAX   276
2021 07 17 10 40 MIN   100
2021 07 17 16 52 MAX   244
2021 07 17 22 53 MIN   118
2021 07 18 04 55 MAX   261
2021 07 18 11 38 MIN    93
2021 07 18 18 17 MAX   254
2021 07 19 00 11 MIN   133
2021 07 19 05 59 MAX   248
2021 07 19 12 40 MIN    83
2021 07 19 19 33 MAX   270
2021 07 20 01 35 MIN   136
2021 07 20 07 07 MAX   239
2021 07 20 13 43 MIN    69
2021 07 20 20 40 MAX   289
2021 07 21 02 52 MIN   129
2021 07 21 08 11 MAX   236
2021 07 21 14 43 MIN    52
2021 07 21 21 39 MAX   309
2021 07 22 03 56 MIN   117
2021 07 22 09 10 MAX   239
2021 07 22 15 40 MIN    35
2021 07 22 22 31 MAX   325
2021 07 23 04 49 MIN   104
2021 07 23 10 03 MAX   246
2021 07 23 16 32 MIN    21
2021 07 23 23 18 MAX   335
2021 07 24 05 37 MIN    93
2021 07 24 10 51 MAX   253
2021 07 24 17 21 MIN    12
2021 07 25 00 02 MAX   338
2021 07 25 06 20 MIN    87
2021 07 25 11 36 MAX   259
2021 07 25 18 06 MIN    13
2021 07 26 00 43 MAX   334
2021 07 26 07 01 MIN    86
2021 07 26 12 21 MAX   261
2021 07 26 18 51 MIN    25
2021 07 27 01 22 MAX   323
2021 07 27 07 42 MIN    90
2021 07 27 13 06 MAX   258
2021 07 27 19 33 MIN    45
2021 07 28 02 00 MAX   307
2021 07 28 08 22 MIN    96
2021 07 28 13 53 MAX   252
2021 07 28 20 15 MIN    73
2021 07 29 02 36 MAX   289
2021 07 29 09 03 MIN   104
2021 07 29 14 45 MAX   244
2021 07 29 20 58 MIN   104
2021 07 30 03 11 MAX   270
2021 07 30 09 45 MIN   112
2021 07 30 15 46 MAX   237
2021 07 30 21 44 MIN   134
2021 07 31 03 47 MAX   251
2021 07 31 10 31 MIN   119
2021 07 31 17 03 MAX   233
2021 07 31 22 40 MIN   160
2021 08 01 04 30 MAX   234
2021 08 01 11 21 MIN   124
2021 08 01 18 25 MAX   235
2021 08 01 23 59 MIN   176
2021 08 02 05 31 MAX   220
2021 08 02 12 19 MIN   124
2021 08 02 19 41 MAX   242
2021 08 03 01 45 MIN   179
2021 08 03 06 46 MAX   211
2021 08 03 13 20 MIN   120
2021 08 03 20 44 MAX   253
2021 08 04 03 11 MIN   170
2021 08 04 07 56 MAX   209
2021 08 04 14 18 MIN   110
2021 08 04 21 32 MAX   266
2021 08 05 04 01 MIN   156
2021 08 05 08 53 MAX   213
2021 08 05 15 09 MIN    96
2021 08 05 22 11 MAX   279
2021 08 06 04 36 MIN   142
2021 08 06 09 38 MAX   221
2021 08 06 15 53 MIN    79
2021 08 06 22 44 MAX   291
2021 08 07 05 06 MIN   129
2021 08 07 10 14 MAX   231
2021 08 07 16 33 MIN    62
2021 08 07 23 13 MAX   302
2021 08 08 05 34 MIN   116
2021 08 08 10 49 MAX   242
2021 08 08 17 11 MIN    46
2021 08 08 23 42 MAX   311
2021 08 09 06 04 MIN   105
2021 08 09 11 22 MAX   253
2021 08 09 17 49 MIN    36
2021 08 10 00 12 MAX   318
2021 08 10 06 35 MIN    94
2021 08 10 11 58 MAX   262
2021 08 10 18 27 MIN    32
2021 08 11 00 43 MAX   320
2021 08 11 07 10 MIN    85
2021 08 11 12 38 MAX   269
2021 08 11 19 07 MIN    38
2021 08 12 01 17 MAX   316
2021 08 12 07 46 MIN    80
2021 08 12 13 22 MAX   272
2021 08 12 19 50 MIN    54
2021 08 13 01 52 MAX   306
2021 08 13 08 27 MIN    78
2021 08 13 14 13 MAX   270
2021 08 13 20 37 MIN    77
2021 08 14 02 32 MAX   290
2021 08 14 09 11 MIN    80
2021 08 14 15 15 MAX   267
2021 08 14 21 30 MIN   105
2021 08 15 03 16 MAX   270
2021 08 15 10 01 MIN    85
2021 08 15 16 35 MAX   264
2021 08 15 22 36 MIN   132
2021 08 16 04 12 MAX   247
2021 08 16 11 00 MIN    90
2021 08 16 18 08 MAX   266
2021 08 17 00 02 MIN   150
2021 08 17 05 29 MAX   228
2021 08 17 12 11 MIN    90
2021 08 17 19 34 MAX   276
2021 08 18 01 39 MIN   152
2021 08 18 06 59 MAX   219
2021 08 18 13 27 MIN    84
2021 08 18 20 45 MAX   291
2021 08 19 03 00 MIN   140
2021 08 19 08 15 MAX   222
2021 08 19 14 37 MIN    69
2021 08 19 21 43 MAX   305
2021 08 20 03 58 MIN   123
2021 08 20 09 15 MAX   233
2021 08 20 15 36 MIN    51
2021 08 20 22 30 MAX   317
2021 08 21 04 43 MIN   106
2021 08 21 10 04 MAX   247
2021 08 21 16 28 MIN    35
2021 08 21 23 08 MAX   324
2021 08 22 05 22 MIN    91
2021 08 22 10 47 MAX   260
2021 08 22 17 12 MIN    25
2021 08 22 23 43 MAX   325
2021 08 23 05 59 MIN    80
2021 08 23 11 27 MAX   270
2021 08 23 17 54 MIN    25
2021 08 24 00 15 MAX   321
2021 08 24 06 34 MIN    75
2021 08 24 12 05 MAX   275
2021 08 24 18 33 MIN    35
2021 08 25 00 46 MAX   311
2021 08 25 07 08 MIN    75
2021 08 25 12 45 MAX   275
2021 08 25 19 10 MIN    55
2021 08 26 01 15 MAX   297
2021 08 26 07 42 MIN    80
2021 08 26 13 25 MAX   270
2021 08 26 19 47 MIN    81
2021 08 27 01 42 MAX   280
2021 08 27 08 15 MIN    88
2021 08 27 14 08 MAX   262
2021 08 27 20 24 MIN   110
2021 08 28 02 09 MAX   262
2021 08 28 08 48 MIN    99
2021 08 28 14 58 MAX   253
2021 08 28 21 04 MIN   138
2021 08 29 02 37 MAX   244
2021 08 29 09 24 MIN   110
2021 08 29 16 02 MAX   245
2021 08 29 21 54 MIN   163
2021 08 30 03 11 MAX   226
2021 08 30 10 07 MIN   121
2021 08 30 17 27 MAX   241
2021 08 30 23 13 MIN   180
2021 08 31 04 08 MAX   209
2021 08 31 11 08 MIN   128
2021 08 31 18 54 MAX   243
2021 09 01 01 28 MIN   182
2021 09 01 06 09 MAX   198
2021 09 01 12 28 MIN   129
2021 09 01 20 10 MAX   252
2021 09 02 03 04 MIN   168
2021 09 02 07 41 MAX   200
2021 09 02 13 47 MIN   119
2021 09 02 21 07 MAX   264
2021 09 03 03 45 MIN   152
2021 09 03 08 42 MAX   210
2021 09 03 14 49 MIN   101
2021 09 03 21 47 MAX   277
2021 09 04 04 14 MIN   135
2021 09 04 09 25 MAX   223
2021 09 04 15 36 MIN    80
2021 09 04 22 18 MAX   289
2021 09 05 04 39 MIN   118
2021 09 05 10 00 MAX   238
2021 09 05 16 15 MIN    59
2021 09 05 22 46 MAX   301
2021 09 06 05 05 MIN   100
2021 09 06 10 33 MAX   255
2021 09 06 16 53 MIN    41
2021 09 06 23 12 MAX   311
2021 09 07 05 34 MIN    81
2021 09 07 11 06 MAX   272
2021 09 07 17 31 MIN    28
2021 09 07 23 40 MAX   318
2021 09 08 06 04 MIN    64
2021 09 08 11 43 MAX   286
2021 09 08 18 09 MIN    25
2021 09 09 00 10 MAX   319
2021 09 09 06 38 MIN    50
2021 09 09 12 23 MAX   297
2021 09 09 18 50 MIN    33
2021 09 10 00 43 MAX   312
2021 09 10 07 14 MIN    44
2021 09 10 13 08 MAX   300
2021 09 10 19 34 MIN    52
2021 09 11 01 18 MAX   297
2021 09 11 07 53 MIN    46
2021 09 11 13 59 MAX   296
2021 09 11 20 22 MIN    81
2021 09 12 01 57 MAX   275
2021 09 12 08 37 MIN    56
2021 09 12 15 02 MAX   286
2021 09 12 21 18 MIN   113
2021 09 13 02 42 MAX   249
2021 09 13 09 27 MIN    72
2021 09 13 16 28 MAX   276
2021 09 13 22 30 MIN   141
2021 09 14 03 42 MAX   223
2021 09 14 10 31 MIN    88
2021 09 14 18 08 MAX   273
2021 09 15 00 10 MIN   155
2021 09 15 05 29 MAX   205
2021 09 15 11 54 MIN    98
2021 09 15 19 36 MAX   278
2021 09 16 01 55 MIN   148
2021 09 16 07 17 MAX   206
2021 09 16 13 23 MIN    94
2021 09 16 20 45 MAX   287
2021 09 17 03 02 MIN   131
2021 09 17 08 31 MAX   219
2021 09 17 14 37 MIN    79
2021 09 17 21 36 MAX   296
2021 09 18 03 48 MIN   111
2021 09 18 09 22 MAX   236
2021 09 18 15 33 MIN    62
2021 09 18 22 15 MAX   302
2021 09 19 04 25 MIN    93
2021 09 19 10 03 MAX   253
2021 09 19 16 18 MIN    47
2021 09 19 22 47 MAX   305
2021 09 20 04 58 MIN    77
2021 09 20 10 40 MAX   268
2021 09 20 16 59 MIN    40
2021 09 20 23 14 MAX   303
2021 09 21 05 30 MIN    65
2021 09 21 11 14 MAX   279
2021 09 21 17 36 MIN    41
2021 09 21 23 40 MAX   298
2021 09 22 06 01 MIN    58
2021 09 22 11 48 MAX   285
2021 09 22 18 11 MIN    50
2021 09 23 00 05 MAX   290
2021 09 23 06 31 MIN    57
2021 09 23 12 22 MAX   287
2021 09 23 18 46 MIN    67
2021 09 24 00 30 MAX   278
2021 09 24 06 59 MIN    61
2021 09 24 12 58 MAX   284
2021 09 24 19 20 MIN    89
2021 09 25 00 54 MAX   264
2021 09 25 07 27 MIN    69
2021 09 25 13 35 MAX   277
2021 09 25 19 55 MIN   113
2021 09 26 01 19 MAX   248
2021 09 26 07 56 MIN    81
2021 09 26 14 18 MAX   268
2021 09 26 20 34 MIN   136
2021 09 27 01 47 MAX   231
2021 09 27 08 28 MIN    95
2021 09 27 15 12 MAX   257
2021 09 27 21 23 MIN   157
2021 09 28 02 20 MAX   213
2021 09 28 09 09 MIN   109
2021 09 28 16 31 MAX   247
2021 09 28 22 42 MIN   171
2021 09 29 03 14 MAX   196
2021 09 29 10 09 MIN   123
2021 09 29 18 05 MAX   244
2021 09 30 00 57 MIN   172
2021 09 30 05 43 MAX   187
2021 09 30 11 39 MIN   129
2021 09 30 19 27 MAX   249
2021 10 01 02 29 MIN   157
2021 10 01 07 22 MAX   193
2021 10 01 13 12 MIN   121
2021 10 01 20 28 MAX   259
2021 10 02 03 07 MIN   140
2021 10 02 08 23 MAX   207
2021 10 02 14 20 MIN   102
2021 10 02 21 09 MAX   270
2021 10 03 03 35 MIN   120
2021 10 03 09 04 MAX   225
2021 10 03 15 10 MIN    80
2021 10 03 21 40 MAX   281
2021 10 04 04 01 MIN    99
2021 10 04 09 39 MAX   245
2021 10 04 15 51 MIN    58
2021 10 04 22 08 MAX   292
2021 10 05 04 28 MIN    74
2021 10 05 10 13 MAX   268
2021 10 05 16 31 MIN    39
2021 10 05 22 35 MAX   302
2021 10 06 04 58 MIN    49
2021 10 06 10 48 MAX   291
2021 10 06 17 11 MIN    27
2021 10 06 23 04 MAX   307
2021 10 07 05 31 MIN    27
2021 10 07 11 27 MAX   311
2021 10 07 17 52 MIN    25
2021 10 07 23 37 MAX   305
2021 10 08 06 06 MIN    12
2021 10 08 12 09 MAX   322
2021 10 08 18 35 MIN    35
2021 10 09 00 12 MAX   295
2021 10 09 06 44 MIN     8
2021 10 09 12 55 MAX   324
2021 10 09 19 20 MIN    56
2021 10 10 00 50 MAX   277
2021 10 10 07 25 MIN    17
2021 10 10 13 49 MAX   315
2021 10 10 20 12 MIN    85
2021 10 11 01 31 MAX   252
2021 10 11 08 09 MIN    35
2021 10 11 14 55 MAX   299
2021 10 11 21 13 MIN   115
2021 10 12 02 20 MAX   225
2021 10 12 09 02 MIN    61
2021 10 12 16 23 MAX   283
2021 10 12 22 32 MIN   138
2021 10 13 03 35 MAX   202
2021 10 13 10 11 MIN    86
2021 10 13 18 00 MAX   274
2021 10 14 00 15 MIN   144
2021 10 14 05 46 MAX   193
2021 10 14 11 42 MIN   100
2021 10 14 19 23 MAX   274
2021 10 15 01 45 MIN   132
2021 10 15 07 27 MAX   203
2021 10 15 13 15 MIN    99
2021 10 15 20 27 MAX   277
2021 10 16 02 41 MIN   114
2021 10 16 08 32 MAX   222
2021 10 16 14 27 MIN    87
2021 10 16 21 13 MAX   279
2021 10 17 03 22 MIN    96
2021 10 17 09 18 MAX   241
2021 10 17 15 20 MIN    74
2021 10 17 21 48 MAX   280
2021 10 18 03 57 MIN    78
2021 10 18 09 55 MAX   258
2021 10 18 16 03 MIN    65
2021 10 18 22 16 MAX   278
2021 10 19 04 28 MIN    63
2021 10 19 10 28 MAX   272
2021 10 19 16 42 MIN    60
2021 10 19 22 40 MAX   275
2021 10 20 04 58 MIN    51
2021 10 20 11 00 MAX   282
2021 10 20 17 17 MIN    61
2021 10 20 23 03 MAX   270
2021 10 21 05 26 MIN    44
2021 10 21 11 30 MAX   290
2021 10 21 17 51 MIN    68
2021 10 21 23 27 MAX   263
2021 10 22 05 53 MIN    42
2021 10 22 12 01 MAX   293
2021 10 22 18 25 MIN    79
2021 10 22 23 51 MAX   254
2021 10 23 06 20 MIN    44
2021 10 23 12 34 MAX   293
2021 10 23 18 58 MIN    93
2021 10 24 00 17 MAX   244
2021 10 24 06 47 MIN    51
2021 10 24 13 09 MAX   288
2021 10 24 19 33 MIN   110
2021 10 25 00 45 MAX   232
2021 10 25 07 16 MIN    62
2021 10 25 13 48 MAX   280
2021 10 25 20 13 MIN   127
2021 10 26 01 17 MAX   218
2021 10 26 07 51 MIN    76
2021 10 26 14 37 MAX   268
2021 10 26 21 03 MIN   143
2021 10 27 01 56 MAX   203
2021 10 27 08 33 MIN    93
2021 10 27 15 44 MAX   255
2021 10 27 22 14 MIN   154
2021 10 28 02 56 MAX   189
2021 10 28 09 31 MIN   109
2021 10 28 17 09 MAX   247
2021 10 28 23 53 MIN   155
2021 10 29 05 01 MAX   181
2021 10 29 10 53 MIN   119
2021 10 29 18 30 MAX   246
2021 10 30 01 19 MIN   144
2021 10 30 06 42 MAX   189
2021 10 30 12 23 MIN   116
2021 10 30 19 32 MAX   251
2021 10 31 02 08 MIN   126
2021 10 31 07 47 MAX   205
2021 10 31 13 37 MIN   103
2021 10 31 20 17 MAX   259
2021 11 01 02 43 MIN   104
2021 11 01 08 33 MAX   227
2021 11 01 14 35 MIN    84
2021 11 01 20 52 MAX   268
2021 11 02 03 15 MIN    77
2021 11 02 09 13 MAX   253
2021 11 02 15 23 MIN    64
2021 11 02 21 24 MAX   277
2021 11 03 03 48 MIN    48
2021 11 03 09 51 MAX   281
2021 11 03 16 07 MIN    46
2021 11 03 21 57 MAX   284
2021 11 04 04 23 MIN    20
2021 11 04 10 31 MAX   307
2021 11 04 16 51 MIN    35
2021 11 04 22 32 MAX   287
2021 11 05 04 59 MIN    -4
2021 11 05 11 13 MAX   328
2021 11 05 17 36 MIN    33
2021 11 05 23 09 MAX   283
2021 11 06 05 38 MIN   -17
2021 11 06 11 58 MAX   339
2021 11 06 18 22 MIN    42
2021 11 06 23 47 MAX   272
2021 11 07 06 19 MIN   -17
2021 11 07 12 47 MAX   338
2021 11 07 19 11 MIN    59
2021 11 08 00 30 MAX   255
2021 11 08 07 03 MIN    -4
2021 11 08 13 42 MAX   326
2021 11 08 20 05 MIN    83
2021 11 09 01 16 MAX   234
2021 11 09 07 51 MIN    20
2021 11 09 14 47 MAX   306
2021 11 09 21 07 MIN   106
2021 11 10 02 12 MAX   213
2021 11 10 08 47 MIN    49
2021 11 10 16 06 MAX   286
2021 11 10 22 22 MIN   122
2021 11 11 03 35 MAX   196
2021 11 11 09 56 MIN    77
2021 11 11 17 31 MAX   272
2021 11 11 23 47 MIN   125
2021 11 12 05 32 MAX   193
2021 11 12 11 20 MIN    97
2021 11 12 18 48 MAX   264
2021 11 13 01 04 MIN   117
2021 11 13 07 07 MAX   205
2021 11 13 12 48 MIN   104
2021 11 13 19 49 MAX   259
2021 11 14 02 02 MIN   102
2021 11 14 08 14 MAX   222
2021 11 14 14 02 MIN   101
2021 11 14 20 35 MAX   255
2021 11 15 02 45 MIN    86
2021 11 15 09 03 MAX   239
2021 11 15 14 58 MIN    95
2021 11 15 21 10 MAX   251
2021 11 16 03 22 MIN    70
2021 11 16 09 42 MAX   255
2021 11 16 15 44 MIN    89
2021 11 16 21 39 MAX   247
2021 11 17 03 54 MIN    57
2021 11 17 10 15 MAX   268
2021 11 17 16 24 MIN    85
2021 11 17 22 05 MAX   243
2021 11 18 04 24 MIN    46
2021 11 18 10 46 MAX   278
2021 11 18 17 00 MIN    83
2021 11 18 22 30 MAX   240
2021 11 19 04 52 MIN    38
2021 11 19 11 15 MAX   287
2021 11 19 17 35 MIN    84
2021 11 19 22 56 MAX   237
2021 11 20 05 20 MIN    33
2021 11 20 11 44 MAX   293
2021 11 20 18 08 MIN    87
2021 11 20 23 24 MAX   233
2021 11 21 05 48 MIN    33
2021 11 21 12 16 MAX   296
2021 11 21 18 42 MIN    93
2021 11 21 23 54 MAX   228
2021 11 22 06 19 MIN    36
2021 11 22 12 50 MAX   293
2021 11 22 19 18 MIN   102
2021 11 23 00 27 MAX   221
2021 11 23 06 52 MIN    44
2021 11 23 13 29 MAX   287
2021 11 23 19 58 MIN   112
2021 11 24 01 03 MAX   213
2021 11 24 07 30 MIN    56
2021 11 24 14 13 MAX   277
2021 11 24 20 44 MIN   123
2021 11 25 01 45 MAX   203
2021 11 25 08 14 MIN    71
2021 11 25 15 06 MAX   265
2021 11 25 21 41 MIN   131
2021 11 26 02 41 MAX   193
2021 11 26 09 07 MIN    86
2021 11 26 16 10 MAX   254
2021 11 26 22 47 MIN   133
2021 11 27 04 03 MAX   186
2021 11 27 10 12 MIN    99
2021 11 27 17 18 MAX   247
2021 11 27 23 56 MIN   126
2021 11 28 05 39 MAX   190
2021 11 28 11 28 MIN   105
2021 11 28 18 20 MAX   245
2021 11 29 00 55 MIN   110
2021 11 29 06 56 MAX   206
2021 11 29 12 47 MIN   102
2021 11 29 19 13 MAX   247
2021 11 30 01 44 MIN    87
2021 11 30 07 56 MAX   229
2021 11 30 13 55 MIN    92
2021 11 30 19 59 MAX   250
2021 12 01 02 27 MIN    60
2021 12 01 08 45 MAX   257
2021 12 01 14 54 MIN    77
2021 12 01 20 42 MAX   255
2021 12 02 03 09 MIN    30
2021 12 02 09 31 MAX   287
2021 12 02 15 47 MIN    61
2021 12 02 21 23 MAX   259
2021 12 03 03 51 MIN     3
2021 12 03 10 16 MAX   313
2021 12 03 16 37 MIN    50
2021 12 03 22 05 MAX   261
2021 12 04 04 34 MIN   -19
2021 12 04 11 03 MAX   333
2021 12 04 17 25 MIN    45
2021 12 04 22 49 MAX   259
2021 12 05 05 18 MIN   -31
2021 12 05 11 50 MAX   343
2021 12 05 18 14 MIN    48
2021 12 05 23 33 MAX   253
2021 12 06 06 03 MIN   -31
2021 12 06 12 41 MAX   341
2021 12 06 19 04 MIN    58
2021 12 07 00 19 MAX   243
2021 12 07 06 50 MIN   -19
2021 12 07 13 34 MAX   328
2021 12 07 19 56 MIN    72
2021 12 08 01 09 MAX   230
2021 12 08 07 40 MIN     4
2021 12 08 14 31 MAX   309
2021 12 08 20 52 MIN    88
2021 12 09 02 05 MAX   216
2021 12 09 08 33 MIN    33
2021 12 09 15 34 MAX   287
2021 12 09 21 52 MIN   100
2021 12 10 03 16 MAX   204
2021 12 10 09 33 MIN    64
2021 12 10 16 41 MAX   266
2021 12 10 22 57 MIN   105
2021 12 11 04 47 MAX   199
2021 12 11 10 42 MIN    91
2021 12 11 17 48 MAX   249
2021 12 12 00 05 MIN   103
2021 12 12 06 22 MAX   204
2021 12 12 12 00 MIN   111
2021 12 12 18 49 MAX   236
2021 12 13 01 06 MIN    96
2021 12 13 07 40 MAX   216
2021 12 13 13 21 MIN   120
2021 12 13 19 40 MAX   226
2021 12 14 01 58 MIN    85
2021 12 14 08 40 MAX   230
2021 12 14 14 31 MIN   120
2021 12 14 20 22 MAX   220
2021 12 15 02 41 MIN    73
2021 12 15 09 25 MAX   244
2021 12 15 15 25 MIN   115
2021 12 15 20 59 MAX   216
2021 12 16 03 19 MIN    61
2021 12 16 10 02 MAX   257
2021 12 16 16 10 MIN   107
2021 12 16 21 32 MAX   214
2021 12 17 03 53 MIN    50
2021 12 17 10 33 MAX   269
2021 12 17 16 49 MIN   100
2021 12 17 22 05 MAX   215
2021 12 18 04 25 MIN    39
2021 12 18 11 03 MAX   279
2021 12 18 17 23 MIN    93
2021 12 18 22 37 MAX   218
2021 12 19 04 57 MIN    31
2021 12 19 11 33 MAX   287
2021 12 19 17 57 MIN    88
2021 12 19 23 09 MAX   220
2021 12 20 05 29 MIN    24
2021 12 20 12 04 MAX   293
2021 12 20 18 29 MIN    87
2021 12 20 23 42 MAX   221
2021 12 21 06 03 MIN    22
2021 12 21 12 37 MAX   294
2021 12 21 19 04 MIN    88
2021 12 22 00 16 MAX   221
2021 12 22 06 39 MIN    24
2021 12 22 13 13 MAX   291
2021 12 22 19 41 MIN    92
2021 12 23 00 53 MAX   218
2021 12 23 07 18 MIN    32
2021 12 23 13 51 MAX   284
2021 12 23 20 20 MIN    97
2021 12 24 01 33 MAX   213
2021 12 24 08 00 MIN    44
2021 12 24 14 32 MAX   275
2021 12 24 21 04 MIN   101
2021 12 25 02 21 MAX   207
2021 12 25 08 46 MIN    59
2021 12 25 15 17 MAX   264
2021 12 25 21 53 MIN   102
2021 12 26 03 20 MAX   203
2021 12 26 09 39 MIN    76
2021 12 26 16 07 MAX   252
2021 12 26 22 47 MIN    98
2021 12 27 04 37 MAX   203
2021 12 27 10 42 MIN    92
2021 12 27 17 04 MAX   242
2021 12 27 23 46 MIN    88
2021 12 28 06 02 MAX   212
2021 12 28 11 58 MIN   102
2021 12 28 18 06 MAX   233
2021 12 29 00 45 MIN    72
2021 12 29 07 18 MAX   231
2021 12 29 13 18 MIN   102
2021 12 29 19 07 MAX   228
2021 12 30 01 42 MIN    50
2021 12 30 08 22 MAX   256
2021 12 30 14 32 MIN    93
2021 12 30 20 05 MAX   228
2021 12 31 02 36 MIN    25
2021 12 31 09 18 MAX   283
2021 12 31 15 34 MIN    79
2021 12 31 20 59 MAX   230
