 <API - 조위예측극치자료>

대상조위관측소 : 태안
위도(WGS84) : N 126.2389
경도(WGS84) : E 36.9131
관측기관 : 20201221 ~ 20220101

2020 12 21 02 55 MIN   190
2020 12 21 08 40 MAX   536
2020 12 21 14 45 MIN   162
2020 12 21 21 08 MAX   591
2020 12 22 03 43 MIN   213
2020 12 22 09 36 MAX   510
2020 12 22 15 39 MIN   212
2020 12 22 22 00 MAX   550
2020 12 23 04 41 MIN   227
2020 12 23 10 47 MAX   496
2020 12 23 16 48 MIN   250
2020 12 23 23 05 MAX   519
2020 12 24 05 48 MIN   225
2020 12 24 12 07 MAX   504
2020 12 24 18 12 MIN   264
2020 12 25 00 18 MAX   508
2020 12 25 06 53 MIN   206
2020 12 25 13 18 MAX   534
2020 12 25 19 28 MIN   251
2020 12 26 01 22 MAX   515
2020 12 26 07 46 MIN   174
2020 12 26 14 12 MAX   574
2020 12 26 20 26 MIN   222
2020 12 27 02 14 MAX   533
2020 12 27 08 30 MIN   139
2020 12 27 14 55 MAX   613
2020 12 27 21 13 MIN   192
2020 12 28 02 57 MAX   553
2020 12 28 09 08 MIN   106
2020 12 28 15 34 MAX   647
2020 12 28 21 53 MIN   167
2020 12 29 03 36 MAX   571
2020 12 29 09 46 MIN    78
2020 12 29 16 11 MAX   672
2020 12 29 22 32 MIN   148
2020 12 30 04 13 MAX   585
2020 12 30 10 23 MIN    57
2020 12 30 16 47 MAX   690
2020 12 30 23 10 MIN   135
2020 12 31 04 50 MAX   595
2020 12 31 11 00 MIN    43
2020 12 31 17 23 MAX   701
2020 12 31 23 47 MIN   129
2021 01 01 05 27 MAX   600
2021 01 01 11 38 MIN    36
2021 01 01 17 59 MAX   705
2021 01 02 00 25 MIN   127
2021 01 02 06 03 MAX   601
2021 01 02 12 16 MIN    37
2021 01 02 18 36 MAX   702
2021 01 03 01 02 MIN   128
2021 01 03 06 42 MAX   599
2021 01 03 12 56 MIN    48
2021 01 03 19 14 MAX   692
2021 01 04 01 41 MIN   132
2021 01 04 07 24 MAX   592
2021 01 04 13 38 MIN    69
2021 01 04 19 55 MAX   673
2021 01 05 02 23 MIN   138
2021 01 05 08 11 MAX   580
2021 01 05 14 25 MIN   102
2021 01 05 20 40 MAX   645
2021 01 06 03 11 MIN   146
2021 01 06 09 07 MAX   567
2021 01 06 15 20 MIN   142
2021 01 06 21 33 MAX   610
2021 01 07 04 07 MIN   152
2021 01 07 10 15 MAX   558
2021 01 07 16 28 MIN   181
2021 01 07 22 38 MAX   577
2021 01 08 05 13 MIN   150
2021 01 08 11 34 MAX   564
2021 01 08 17 50 MIN   204
2021 01 08 23 53 MAX   555
2021 01 09 06 25 MIN   134
2021 01 09 12 55 MAX   592
2021 01 09 19 17 MIN   200
2021 01 10 01 09 MAX   553
2021 01 10 07 34 MIN   105
2021 01 10 14 06 MAX   633
2021 01 10 20 31 MIN   175
2021 01 11 02 17 MAX   567
2021 01 11 08 35 MIN    71
2021 01 11 15 07 MAX   674
2021 01 11 21 33 MIN   146
2021 01 12 03 15 MAX   586
2021 01 12 09 30 MIN    41
2021 01 12 16 00 MAX   705
2021 01 12 22 26 MIN   121
2021 01 13 04 06 MAX   604
2021 01 13 10 20 MIN    20
2021 01 13 16 48 MAX   723
2021 01 13 23 14 MIN   105
2021 01 14 04 53 MAX   617
2021 01 14 11 06 MIN    10
2021 01 14 17 32 MAX   729
2021 01 14 23 57 MIN    98
2021 01 15 05 37 MAX   625
2021 01 15 11 48 MIN    11
2021 01 15 18 11 MAX   723
2021 01 16 00 36 MIN   100
2021 01 16 06 16 MAX   625
2021 01 16 12 27 MIN    24
2021 01 16 18 47 MAX   708
2021 01 17 01 11 MIN   108
2021 01 17 06 54 MAX   618
2021 01 17 13 03 MIN    48
2021 01 17 19 20 MAX   685
2021 01 18 01 44 MIN   122
2021 01 18 07 30 MAX   604
2021 01 18 13 38 MIN    84
2021 01 18 19 51 MAX   654
2021 01 19 02 16 MIN   141
2021 01 19 08 07 MAX   582
2021 01 19 14 13 MIN   128
2021 01 19 20 22 MAX   616
2021 01 20 02 49 MIN   164
2021 01 20 08 48 MAX   555
2021 01 20 14 51 MIN   179
2021 01 20 20 57 MAX   573
2021 01 21 03 26 MIN   188
2021 01 21 09 38 MAX   526
2021 01 21 15 39 MIN   232
2021 01 21 21 42 MAX   527
2021 01 22 04 16 MIN   211
2021 01 22 10 44 MAX   505
2021 01 22 16 46 MIN   276
2021 01 22 22 44 MAX   487
2021 01 23 05 24 MIN   222
2021 01 23 12 08 MAX   506
2021 01 23 18 20 MIN   293
2021 01 24 00 10 MAX   468
2021 01 24 06 41 MIN   211
2021 01 24 13 27 MAX   534
2021 01 24 19 49 MIN   273
2021 01 25 01 30 MAX   479
2021 01 25 07 47 MIN   180
2021 01 25 14 27 MAX   575
2021 01 25 20 51 MIN   236
2021 01 26 02 29 MAX   507
2021 01 26 08 40 MIN   140
2021 01 26 15 14 MAX   617
2021 01 26 21 38 MIN   197
2021 01 27 03 17 MAX   541
2021 01 27 09 26 MIN    99
2021 01 27 15 55 MAX   655
2021 01 27 22 19 MIN   161
2021 01 28 04 00 MAX   573
2021 01 28 10 09 MIN    63
2021 01 28 16 34 MAX   686
2021 01 28 22 59 MIN   131
2021 01 29 04 40 MAX   600
2021 01 29 10 51 MIN    34
2021 01 29 17 12 MAX   709
2021 01 29 23 36 MIN   106
2021 01 30 05 18 MAX   623
2021 01 30 11 31 MIN    14
2021 01 30 17 49 MAX   723
2021 01 31 00 13 MIN    88
2021 01 31 05 57 MAX   639
2021 01 31 12 11 MIN     6
2021 01 31 18 25 MAX   727
2021 02 01 00 49 MIN    76
2021 02 01 06 36 MAX   647
2021 02 01 12 51 MIN    11
2021 02 01 19 02 MAX   720
2021 02 02 01 25 MIN    71
2021 02 02 07 16 MAX   648
2021 02 02 13 31 MIN    34
2021 02 02 19 38 MAX   699
2021 02 03 02 02 MIN    76
2021 02 03 07 58 MAX   638
2021 02 03 14 13 MIN    73
2021 02 03 20 17 MAX   664
2021 02 04 02 42 MIN    90
2021 02 04 08 46 MAX   618
2021 02 04 15 01 MIN   126
2021 02 04 21 02 MAX   616
2021 02 05 03 29 MIN   114
2021 02 05 09 45 MAX   591
2021 02 05 15 59 MIN   187
2021 02 05 21 57 MAX   562
2021 02 06 04 29 MIN   142
2021 02 06 11 00 MAX   568
2021 02 06 17 20 MIN   237
2021 02 06 23 12 MAX   515
2021 02 07 05 46 MIN   158
2021 02 07 12 33 MAX   569
2021 02 07 19 03 MIN   249
2021 02 08 00 47 MAX   498
2021 02 08 07 12 MIN   147
2021 02 08 14 00 MAX   601
2021 02 08 20 31 MIN   218
2021 02 09 02 11 MAX   519
2021 02 09 08 26 MIN   114
2021 02 09 15 07 MAX   644
2021 02 09 21 35 MIN   174
2021 02 10 03 14 MAX   558
2021 02 10 09 26 MIN    75
2021 02 10 15 59 MAX   681
2021 02 10 22 24 MIN   134
2021 02 11 04 05 MAX   596
2021 02 11 10 16 MIN    42
2021 02 11 16 43 MAX   705
2021 02 11 23 05 MIN   105
2021 02 12 04 48 MAX   627
2021 02 12 10 59 MIN    22
2021 02 12 17 20 MAX   717
2021 02 12 23 42 MIN    87
2021 02 13 05 26 MAX   646
2021 02 13 11 38 MIN    15
2021 02 13 17 53 MAX   716
2021 02 14 00 15 MIN    79
2021 02 14 06 01 MAX   655
2021 02 14 12 12 MIN    22
2021 02 14 18 23 MAX   707
2021 02 15 00 44 MIN    79
2021 02 15 06 33 MAX   654
2021 02 15 12 44 MIN    41
2021 02 15 18 50 MAX   690
2021 02 16 01 11 MIN    87
2021 02 16 07 04 MAX   644
2021 02 16 13 14 MIN    71
2021 02 16 19 16 MAX   665
2021 02 17 01 36 MIN   101
2021 02 17 07 35 MAX   626
2021 02 17 13 43 MIN   111
2021 02 17 19 42 MAX   632
2021 02 18 02 01 MIN   122
2021 02 18 08 07 MAX   600
2021 02 18 14 15 MIN   160
2021 02 18 20 10 MAX   590
2021 02 19 02 30 MIN   149
2021 02 19 08 45 MAX   568
2021 02 19 14 51 MIN   215
2021 02 19 20 42 MAX   542
2021 02 20 03 07 MIN   181
2021 02 20 09 34 MAX   533
2021 02 20 15 40 MIN   270
2021 02 20 21 26 MAX   491
2021 02 21 03 59 MIN   215
2021 02 21 10 48 MAX   506
2021 02 21 17 02 MIN   313
2021 02 21 22 43 MAX   448
2021 02 22 05 23 MIN   235
2021 02 22 12 31 MAX   510
2021 02 22 19 07 MIN   310
2021 02 23 00 41 MAX   442
2021 02 23 07 01 MIN   219
2021 02 23 13 55 MAX   547
2021 02 23 20 30 MIN   266
2021 02 24 02 04 MAX   478
2021 02 24 08 13 MIN   174
2021 02 24 14 51 MAX   597
2021 02 24 21 20 MIN   212
2021 02 25 03 00 MAX   529
2021 02 25 09 08 MIN   120
2021 02 25 15 36 MAX   646
2021 02 25 22 01 MIN   159
2021 02 26 03 45 MAX   580
2021 02 26 09 55 MIN    68
2021 02 26 16 16 MAX   688
2021 02 26 22 40 MIN   112
2021 02 27 04 26 MAX   626
2021 02 27 10 38 MIN    26
2021 02 27 16 54 MAX   720
2021 02 27 23 17 MIN    73
2021 02 28 05 05 MAX   663
2021 02 28 11 20 MIN    -3
2021 02 28 17 31 MAX   739
2021 02 28 23 53 MIN    43
2021 03 01 05 44 MAX   689
2021 03 01 12 00 MIN   -14
2021 03 01 18 07 MAX   744
2021 03 02 00 28 MIN    25
2021 03 02 06 23 MAX   704
2021 03 02 12 39 MIN    -6
2021 03 02 18 42 MAX   733
2021 03 03 01 03 MIN    20
2021 03 03 07 02 MAX   704
2021 03 03 13 19 MIN    23
2021 03 03 19 17 MAX   705
2021 03 04 01 38 MIN    31
2021 03 04 07 42 MAX   689
2021 03 04 13 59 MIN    72
2021 03 04 19 54 MAX   660
2021 03 05 02 15 MIN    57
2021 03 05 08 27 MAX   657
2021 03 05 14 44 MIN   137
2021 03 05 20 35 MAX   602
2021 03 06 02 57 MIN    99
2021 03 06 09 21 MAX   613
2021 03 06 15 39 MIN   210
2021 03 06 21 26 MAX   537
2021 03 07 03 53 MIN   149
2021 03 07 10 36 MAX   569
2021 03 07 17 04 MIN   270
2021 03 07 22 44 MAX   478
2021 03 08 05 17 MIN   190
2021 03 08 12 22 MAX   555
2021 03 08 19 05 MIN   277
2021 03 09 00 42 MAX   465
2021 03 09 07 02 MIN   188
2021 03 09 13 59 MAX   585
2021 03 09 20 33 MIN   231
2021 03 10 02 13 MAX   506
2021 03 10 08 24 MIN   148
2021 03 10 15 03 MAX   629
2021 03 10 21 28 MIN   176
2021 03 11 03 12 MAX   562
2021 03 11 09 22 MIN   101
2021 03 11 15 49 MAX   666
2021 03 11 22 10 MIN   130
2021 03 12 03 57 MAX   612
2021 03 12 10 07 MIN    64
2021 03 12 16 27 MAX   690
2021 03 12 22 46 MIN    96
2021 03 13 04 35 MAX   648
2021 03 13 10 46 MIN    41
2021 03 13 16 59 MAX   701
2021 03 13 23 17 MIN    75
2021 03 14 05 08 MAX   671
2021 03 14 11 20 MIN    33
2021 03 14 17 27 MAX   701
2021 03 14 23 46 MIN    65
2021 03 15 05 40 MAX   682
2021 03 15 11 51 MIN    39
2021 03 15 17 54 MAX   693
2021 03 16 00 11 MIN    63
2021 03 16 06 09 MAX   682
2021 03 16 12 21 MIN    55
2021 03 16 18 19 MAX   679
2021 03 17 00 35 MIN    68
2021 03 17 06 37 MAX   675
2021 03 17 12 48 MIN    80
2021 03 17 18 43 MAX   658
2021 03 18 00 58 MIN    78
2021 03 18 07 04 MAX   661
2021 03 18 13 17 MIN   115
2021 03 18 19 07 MAX   629
2021 03 19 01 22 MIN    96
2021 03 19 07 34 MAX   639
2021 03 19 13 45 MIN   159
2021 03 19 19 33 MAX   593
2021 03 20 01 48 MIN   122
2021 03 20 08 06 MAX   608
2021 03 20 14 18 MIN   209
2021 03 20 20 01 MAX   549
2021 03 21 02 19 MIN   157
2021 03 21 08 46 MAX   571
2021 03 21 14 59 MIN   263
2021 03 21 20 37 MAX   500
2021 03 22 03 02 MIN   199
2021 03 22 09 46 MAX   532
2021 03 22 16 05 MIN   311
2021 03 22 21 40 MAX   451
2021 03 23 04 14 MIN   239
2021 03 23 11 26 MAX   512
2021 03 23 18 15 MIN   323
2021 03 23 23 48 MAX   431
2021 03 24 06 11 MIN   244
2021 03 24 13 12 MAX   537
2021 03 24 19 56 MIN   276
2021 03 25 01 35 MAX   472
2021 03 25 07 43 MIN   200
2021 03 25 14 19 MAX   588
2021 03 25 20 50 MIN   212
2021 03 26 02 36 MAX   536
2021 03 26 08 45 MIN   138
2021 03 26 15 07 MAX   642
2021 03 26 21 33 MIN   148
2021 03 27 03 23 MAX   602
2021 03 27 09 35 MIN    78
2021 03 27 15 48 MAX   688
2021 03 27 22 11 MIN    90
2021 03 28 04 04 MAX   661
2021 03 28 10 20 MIN    31
2021 03 28 16 27 MAX   721
2021 03 28 22 48 MIN    43
2021 03 29 04 45 MAX   706
2021 03 29 11 02 MIN     1
2021 03 29 17 05 MAX   738
2021 03 29 23 25 MIN    10
2021 03 30 05 25 MAX   737
2021 03 30 11 44 MIN    -8
2021 03 30 17 42 MAX   738
2021 03 31 00 01 MIN    -7
2021 03 31 06 05 MAX   750
2021 03 31 12 24 MIN     6
2021 03 31 18 19 MAX   720
2021 04 01 00 36 MIN    -7
2021 04 01 06 45 MAX   745
2021 04 01 13 05 MIN    41
2021 04 01 18 56 MAX   685
2021 04 02 01 12 MIN    13
2021 04 02 07 26 MAX   722
2021 04 02 13 46 MIN    95
2021 04 02 19 33 MAX   637
2021 04 03 01 50 MIN    50
2021 04 03 08 12 MAX   681
2021 04 03 14 33 MIN   163
2021 04 03 20 15 MAX   578
2021 04 04 02 33 MIN   104
2021 04 04 09 06 MAX   628
2021 04 04 15 31 MIN   232
2021 04 04 21 08 MAX   515
2021 04 05 03 29 MIN   165
2021 04 05 10 21 MAX   577
2021 04 05 17 01 MIN   281
2021 04 05 22 35 MAX   466
2021 04 06 04 59 MIN   214
2021 04 06 12 07 MAX   556
2021 04 06 18 56 MIN   275
2021 04 07 00 35 MAX   468
2021 04 07 06 49 MIN   215
2021 04 07 13 40 MAX   579
2021 04 07 20 13 MIN   228
2021 04 08 02 01 MAX   518
2021 04 08 08 09 MIN   176
2021 04 08 14 41 MAX   614
2021 04 08 21 03 MIN   175
2021 04 09 02 56 MAX   578
2021 04 09 09 05 MIN   132
2021 04 09 15 24 MAX   645
2021 04 09 21 42 MIN   131
2021 04 10 03 37 MAX   628
2021 04 10 09 47 MIN    99
2021 04 10 15 58 MAX   664
2021 04 10 22 15 MIN    98
2021 04 11 04 13 MAX   664
2021 04 11 10 24 MIN    78
2021 04 11 16 28 MAX   673
2021 04 11 22 44 MIN    78
2021 04 12 04 44 MAX   686
2021 04 12 10 57 MIN    71
2021 04 12 16 55 MAX   673
2021 04 12 23 11 MIN    67
2021 04 13 05 14 MAX   696
2021 04 13 11 28 MIN    74
2021 04 13 17 21 MAX   667
2021 04 13 23 36 MIN    63
2021 04 14 05 42 MAX   699
2021 04 14 11 57 MIN    87
2021 04 14 17 47 MAX   656
2021 04 15 00 00 MIN    65
2021 04 15 00 00 MIN    65
2021 04 15 06 09 MAX   694
2021 04 15 12 25 MIN   107
2021 04 15 18 13 MAX   639
2021 04 16 00 25 MIN    74
2021 04 16 06 37 MAX   684
2021 04 16 12 54 MIN   135
2021 04 16 18 38 MAX   615
2021 04 17 00 50 MIN    89
2021 04 17 07 06 MAX   666
2021 04 17 13 23 MIN   170
2021 04 17 19 05 MAX   586
2021 04 18 01 17 MIN   112
2021 04 18 07 39 MAX   640
2021 04 18 13 56 MIN   211
2021 04 18 19 35 MAX   551
2021 04 19 01 49 MIN   145
2021 04 19 08 17 MAX   606
2021 04 19 14 37 MIN   255
2021 04 19 20 14 MAX   511
2021 04 20 02 31 MIN   187
2021 04 20 09 11 MAX   568
2021 04 20 15 38 MIN   294
2021 04 20 21 15 MAX   470
2021 04 21 03 37 MIN   229
2021 04 21 10 34 MAX   540
2021 04 21 17 21 MIN   305
2021 04 21 23 05 MAX   453
2021 04 22 05 24 MIN   246
2021 04 22 12 16 MAX   548
2021 04 22 19 03 MIN   267
2021 04 23 00 53 MAX   491
2021 04 23 07 03 MIN   213
2021 04 23 13 32 MAX   588
2021 04 23 20 05 MIN   203
2021 04 24 02 01 MAX   559
2021 04 24 08 13 MIN   156
2021 04 24 14 27 MAX   636
2021 04 24 20 52 MIN   135
2021 04 25 02 52 MAX   630
2021 04 25 09 07 MIN    99
2021 04 25 15 12 MAX   678
2021 04 25 21 34 MIN    75
2021 04 26 03 37 MAX   692
2021 04 26 09 55 MIN    55
2021 04 26 15 55 MAX   706
2021 04 26 22 15 MIN    28
2021 04 27 04 20 MAX   739
2021 04 27 10 41 MIN    30
2021 04 27 16 36 MAX   716
2021 04 27 22 54 MIN    -2
2021 04 28 05 03 MAX   767
2021 04 28 11 25 MIN    26
2021 04 28 17 16 MAX   710
2021 04 28 23 33 MIN   -13
2021 04 29 05 46 MAX   776
2021 04 29 12 09 MIN    43
2021 04 29 17 56 MAX   689
2021 04 30 00 11 MIN    -6
2021 04 30 06 29 MAX   766
2021 04 30 12 52 MIN    78
2021 04 30 18 37 MAX   656
2021 05 01 00 51 MIN    19
2021 05 01 07 14 MAX   738
2021 05 01 13 38 MIN   126
2021 05 01 19 19 MAX   614
2021 05 02 01 32 MIN    60
2021 05 02 08 01 MAX   696
2021 05 02 14 27 MIN   181
2021 05 02 20 05 MAX   566
2021 05 03 02 18 MIN   115
2021 05 03 08 55 MAX   645
2021 05 03 15 26 MIN   233
2021 05 03 21 03 MAX   519
2021 05 04 03 16 MIN   175
2021 05 04 10 04 MAX   597
2021 05 04 16 46 MIN   265
2021 05 04 22 25 MAX   486
2021 05 05 04 38 MIN   222
2021 05 05 11 32 MAX   569
2021 05 05 18 17 MIN   262
2021 05 06 00 06 MAX   492
2021 05 06 06 16 MIN   233
2021 05 06 12 56 MAX   571
2021 05 06 19 30 MIN   228
2021 05 07 01 28 MAX   534
2021 05 07 07 36 MIN   211
2021 05 07 13 58 MAX   590
2021 05 07 20 22 MIN   186
2021 05 08 02 24 MAX   585
2021 05 08 08 33 MIN   179
2021 05 08 14 43 MAX   610
2021 05 08 21 02 MIN   148
2021 05 09 03 07 MAX   630
2021 05 09 09 18 MIN   152
2021 05 09 15 20 MAX   626
2021 05 09 21 36 MIN   117
2021 05 10 03 43 MAX   664
2021 05 10 09 56 MIN   133
2021 05 10 15 51 MAX   635
2021 05 10 22 06 MIN    96
2021 05 11 04 16 MAX   686
2021 05 11 10 30 MIN   123
2021 05 11 16 21 MAX   639
2021 05 11 22 34 MIN    83
2021 05 12 04 46 MAX   699
2021 05 12 11 03 MIN   121
2021 05 12 16 50 MAX   637
2021 05 12 23 01 MIN    76
2021 05 13 05 16 MAX   705
2021 05 13 11 34 MIN   127
2021 05 13 17 19 MAX   630
2021 05 13 23 29 MIN    75
2021 05 14 05 46 MAX   704
2021 05 14 12 05 MIN   140
2021 05 14 17 48 MAX   619
2021 05 14 23 57 MIN    80
2021 05 15 06 16 MAX   698
2021 05 15 12 37 MIN   158
2021 05 15 18 17 MAX   603
2021 05 16 00 26 MIN    91
2021 05 16 06 47 MAX   686
2021 05 16 13 09 MIN   182
2021 05 16 18 48 MAX   584
2021 05 17 00 58 MIN   110
2021 05 17 07 21 MAX   667
2021 05 17 13 45 MIN   210
2021 05 17 19 23 MAX   560
2021 05 18 01 34 MIN   137
2021 05 18 08 01 MAX   641
2021 05 18 14 27 MIN   237
2021 05 18 20 05 MAX   534
2021 05 19 02 18 MIN   172
2021 05 19 08 51 MAX   610
2021 05 19 15 23 MIN   259
2021 05 19 21 06 MAX   508
2021 05 20 03 21 MIN   209
2021 05 20 09 58 MAX   585
2021 05 20 16 39 MIN   264
2021 05 20 22 32 MAX   501
2021 05 21 04 47 MIN   230
2021 05 21 11 20 MAX   578
2021 05 21 18 03 MIN   237
2021 05 22 00 05 MAX   530
2021 05 22 06 18 MIN   217
2021 05 22 12 37 MAX   596
2021 05 22 19 11 MIN   186
2021 05 23 01 19 MAX   588
2021 05 23 07 34 MIN   178
2021 05 23 13 40 MAX   627
2021 05 23 20 06 MIN   128
2021 05 24 02 17 MAX   653
2021 05 24 08 36 MIN   135
2021 05 24 14 34 MAX   656
2021 05 24 20 55 MIN    74
2021 05 25 03 08 MAX   710
2021 05 25 09 30 MIN   100
2021 05 25 15 22 MAX   675
2021 05 25 21 40 MIN    34
2021 05 26 03 56 MAX   752
2021 05 26 10 20 MIN    80
2021 05 26 16 08 MAX   681
2021 05 26 22 25 MIN    10
2021 05 27 04 43 MAX   775
2021 05 27 11 09 MIN    77
2021 05 27 16 54 MAX   675
2021 05 27 23 08 MIN     3
2021 05 28 05 30 MAX   781
2021 05 28 11 57 MIN    89
2021 05 28 17 39 MAX   660
2021 05 28 23 52 MIN    11
2021 05 29 06 17 MAX   771
2021 05 29 12 44 MIN   112
2021 05 29 18 24 MAX   638
2021 05 30 00 36 MIN    34
2021 05 30 07 04 MAX   748
2021 05 30 13 31 MIN   143
2021 05 30 19 10 MAX   612
2021 05 31 01 20 MIN    70
2021 05 31 07 51 MAX   713
2021 05 31 14 19 MIN   177
2021 05 31 19 58 MAX   583
2021 06 01 02 07 MIN   116
2021 06 01 08 40 MAX   671
2021 06 01 15 11 MIN   210
2021 06 01 20 53 MAX   553
2021 06 02 03 00 MIN   167
2021 06 02 09 35 MAX   627
2021 06 02 16 11 MIN   234
2021 06 02 21 58 MAX   530
2021 06 03 04 05 MIN   216
2021 06 03 10 38 MAX   589
2021 06 03 17 18 MIN   243
2021 06 03 23 17 MAX   525
2021 06 04 05 22 MIN   247
2021 06 04 11 48 MAX   567
2021 06 04 18 26 MIN   233
2021 06 05 00 35 MAX   544
2021 06 05 06 42 MIN   252
2021 06 05 12 55 MAX   563
2021 06 05 19 25 MIN   207
2021 06 06 01 39 MAX   579
2021 06 06 07 49 MIN   237
2021 06 06 13 50 MAX   571
2021 06 06 20 12 MIN   177
2021 06 07 02 29 MAX   617
2021 06 07 08 43 MIN   215
2021 06 07 14 35 MAX   584
2021 06 07 20 51 MIN   149
2021 06 08 03 10 MAX   651
2021 06 08 09 26 MIN   194
2021 06 08 15 13 MAX   596
2021 06 08 21 26 MIN   125
2021 06 09 03 46 MAX   677
2021 06 09 10 04 MIN   177
2021 06 09 15 49 MAX   606
2021 06 09 21 59 MIN   107
2021 06 10 04 20 MAX   695
2021 06 10 10 40 MIN   167
2021 06 10 16 23 MAX   612
2021 06 10 22 32 MIN    94
2021 06 11 04 54 MAX   706
2021 06 11 11 16 MIN   163
2021 06 11 16 57 MAX   613
2021 06 11 23 05 MIN    87
2021 06 12 05 27 MAX   712
2021 06 12 11 50 MIN   165
2021 06 12 17 30 MAX   611
2021 06 12 23 38 MIN    86
2021 06 13 06 00 MAX   713
2021 06 13 12 25 MIN   171
2021 06 13 18 04 MAX   607
2021 06 14 00 12 MIN    90
2021 06 14 06 34 MAX   708
2021 06 14 13 00 MIN   181
2021 06 14 18 38 MAX   599
2021 06 15 00 48 MIN   101
2021 06 15 07 10 MAX   697
2021 06 15 13 37 MIN   192
2021 06 15 19 16 MAX   589
2021 06 16 01 27 MIN   121
2021 06 16 07 49 MAX   681
2021 06 16 14 18 MIN   202
2021 06 16 20 00 MAX   577
2021 06 17 02 12 MIN   148
2021 06 17 08 34 MAX   658
2021 06 17 15 05 MIN   210
2021 06 17 20 55 MAX   564
2021 06 18 03 07 MIN   180
2021 06 18 09 28 MAX   633
2021 06 18 16 03 MIN   211
2021 06 18 22 04 MAX   560
2021 06 19 04 15 MIN   208
2021 06 19 10 33 MAX   613
2021 06 19 17 10 MIN   199
2021 06 19 23 22 MAX   575
2021 06 20 05 35 MIN   220
2021 06 20 11 45 MAX   604
2021 06 20 18 19 MIN   170
2021 06 21 00 38 MAX   612
2021 06 21 06 55 MIN   210
2021 06 21 12 55 MAX   609
2021 06 21 19 22 MIN   131
2021 06 22 01 45 MAX   661
2021 06 22 08 07 MIN   185
2021 06 22 13 58 MAX   622
2021 06 22 20 20 MIN    91
2021 06 23 02 44 MAX   708
2021 06 23 09 10 MIN   157
2021 06 23 14 55 MAX   636
2021 06 23 21 13 MIN    58
2021 06 24 03 39 MAX   745
2021 06 24 10 07 MIN   136
2021 06 24 15 49 MAX   645
2021 06 24 22 04 MIN    36
2021 06 25 04 30 MAX   768
2021 06 25 10 59 MIN   124
2021 06 25 16 39 MAX   649
2021 06 25 22 52 MIN    26
2021 06 26 05 20 MAX   777
2021 06 26 11 49 MIN   121
2021 06 26 17 28 MAX   650
2021 06 26 23 40 MIN    28
2021 06 27 06 07 MAX   774
2021 06 27 12 35 MIN   126
2021 06 27 18 15 MAX   646
2021 06 28 00 25 MIN    42
2021 06 28 06 52 MAX   759
2021 06 28 13 19 MIN   138
2021 06 28 18 59 MAX   637
2021 06 29 01 09 MIN    67
2021 06 29 07 34 MAX   734
2021 06 29 14 01 MIN   155
2021 06 29 19 44 MAX   623
2021 06 30 01 52 MIN   104
2021 06 30 08 14 MAX   699
2021 06 30 14 42 MIN   176
2021 06 30 20 30 MAX   603
2021 07 01 02 35 MIN   151
2021 07 01 08 55 MAX   658
2021 07 01 15 25 MIN   198
2021 07 01 21 20 MAX   580
2021 07 02 03 24 MIN   203
2021 07 02 09 39 MAX   614
2021 07 02 16 13 MIN   218
2021 07 02 22 19 MAX   560
2021 07 03 04 21 MIN   252
2021 07 03 10 31 MAX   574
2021 07 03 17 10 MIN   231
2021 07 03 23 30 MAX   553
2021 07 04 05 33 MIN   285
2021 07 04 11 36 MAX   545
2021 07 04 18 13 MIN   229
2021 07 05 00 43 MAX   566
2021 07 05 06 54 MIN   293
2021 07 05 12 46 MAX   535
2021 07 05 19 14 MIN   212
2021 07 06 01 47 MAX   595
2021 07 06 08 03 MIN   276
2021 07 06 13 47 MAX   543
2021 07 06 20 06 MIN   186
2021 07 07 02 38 MAX   629
2021 07 07 08 57 MIN   250
2021 07 07 14 38 MAX   560
2021 07 07 20 50 MIN   158
2021 07 08 03 20 MAX   661
2021 07 08 09 42 MIN   223
2021 07 08 15 22 MAX   580
2021 07 08 21 30 MIN   132
2021 07 09 03 59 MAX   688
2021 07 09 10 22 MIN   200
2021 07 09 16 02 MAX   598
2021 07 09 22 09 MIN   109
2021 07 10 04 36 MAX   709
2021 07 10 11 00 MIN   182
2021 07 10 16 39 MAX   613
2021 07 10 22 47 MIN    91
2021 07 11 05 12 MAX   724
2021 07 11 11 37 MIN   170
2021 07 11 17 16 MAX   624
2021 07 11 23 25 MIN    80
2021 07 12 05 47 MAX   732
2021 07 12 12 13 MIN   161
2021 07 12 17 53 MAX   631
2021 07 13 00 03 MIN    75
2021 07 13 06 22 MAX   736
2021 07 13 12 48 MIN   155
2021 07 13 18 29 MAX   636
2021 07 14 00 41 MIN    79
2021 07 14 06 57 MAX   732
2021 07 14 13 24 MIN   152
2021 07 14 19 07 MAX   636
2021 07 15 01 20 MIN    93
2021 07 15 07 34 MAX   720
2021 07 15 14 01 MIN   152
2021 07 15 19 49 MAX   633
2021 07 16 02 02 MIN   119
2021 07 16 08 14 MAX   699
2021 07 16 14 42 MIN   155
2021 07 16 20 38 MAX   624
2021 07 17 02 50 MIN   155
2021 07 17 08 58 MAX   667
2021 07 17 15 29 MIN   162
2021 07 17 21 35 MAX   613
2021 07 18 03 47 MIN   198
2021 07 18 09 52 MAX   630
2021 07 18 16 25 MIN   168
2021 07 18 22 45 MAX   609
2021 07 19 04 58 MIN   235
2021 07 19 10 59 MAX   596
2021 07 19 17 33 MIN   167
2021 07 20 00 04 MAX   620
2021 07 20 06 24 MIN   251
2021 07 20 12 17 MAX   577
2021 07 20 18 46 MIN   151
2021 07 21 01 23 MAX   651
2021 07 21 07 50 MIN   238
2021 07 21 13 34 MAX   580
2021 07 21 19 56 MIN   123
2021 07 22 02 33 MAX   691
2021 07 22 09 02 MIN   206
2021 07 22 14 42 MAX   599
2021 07 22 20 58 MIN    91
2021 07 23 03 32 MAX   729
2021 07 23 10 02 MIN   173
2021 07 23 15 40 MAX   624
2021 07 23 21 54 MIN    62
2021 07 24 04 25 MAX   758
2021 07 24 10 53 MIN   145
2021 07 24 16 32 MAX   647
2021 07 24 22 45 MIN    42
2021 07 25 05 12 MAX   774
2021 07 25 11 39 MIN   126
2021 07 25 17 19 MAX   665
2021 07 25 23 31 MIN    34
2021 07 26 05 55 MAX   776
2021 07 26 12 20 MIN   116
2021 07 26 18 02 MAX   675
2021 07 27 00 13 MIN    39
2021 07 27 06 33 MAX   767
2021 07 27 12 57 MIN   116
2021 07 27 18 42 MAX   676
2021 07 28 00 52 MIN    59
2021 07 28 07 07 MAX   746
2021 07 28 13 31 MIN   125
2021 07 28 19 20 MAX   667
2021 07 29 01 29 MIN    92
2021 07 29 07 39 MAX   716
2021 07 29 14 04 MIN   141
2021 07 29 19 58 MAX   648
2021 07 30 02 05 MIN   138
2021 07 30 08 11 MAX   678
2021 07 30 14 36 MIN   163
2021 07 30 20 38 MAX   622
2021 07 31 02 42 MIN   191
2021 07 31 08 44 MAX   633
2021 07 31 15 11 MIN   190
2021 07 31 21 23 MAX   592
2021 08 01 03 25 MIN   249
2021 08 01 09 23 MAX   584
2021 08 01 15 54 MIN   218
2021 08 01 22 21 MAX   565
2021 08 02 04 23 MIN   301
2021 08 02 10 15 MAX   537
2021 08 02 16 52 MIN   241
2021 08 02 23 38 MAX   553
2021 08 03 05 48 MIN   331
2021 08 03 11 33 MAX   505
2021 08 03 18 08 MIN   245
2021 08 04 01 01 MAX   568
2021 08 04 07 25 MIN   323
2021 08 04 13 02 MAX   503
2021 08 04 19 21 MIN   226
2021 08 05 02 08 MAX   603
2021 08 05 08 35 MIN   289
2021 08 05 14 10 MAX   528
2021 08 05 20 20 MIN   191
2021 08 06 02 58 MAX   644
2021 08 06 09 24 MIN   248
2021 08 06 15 02 MAX   563
2021 08 06 21 09 MIN   152
2021 08 07 03 40 MAX   681
2021 08 07 10 05 MIN   210
2021 08 07 15 44 MAX   598
2021 08 07 21 52 MIN   115
2021 08 08 04 18 MAX   713
2021 08 08 10 43 MIN   177
2021 08 08 16 24 MAX   629
2021 08 08 22 34 MIN    84
2021 08 09 04 54 MAX   737
2021 08 09 11 19 MIN   149
2021 08 09 17 01 MAX   654
2021 08 09 23 13 MIN    61
2021 08 10 05 30 MAX   753
2021 08 10 11 54 MIN   126
2021 08 10 17 39 MAX   673
2021 08 10 23 52 MIN    50
2021 08 11 06 04 MAX   760
2021 08 11 12 28 MIN   110
2021 08 11 18 15 MAX   686
2021 08 12 00 30 MIN    51
2021 08 12 06 38 MAX   757
2021 08 12 13 02 MIN   100
2021 08 12 18 53 MAX   691
2021 08 13 01 08 MIN    67
2021 08 13 07 13 MAX   742
2021 08 13 13 37 MIN    98
2021 08 13 19 33 MAX   687
2021 08 14 01 48 MIN    99
2021 08 14 07 49 MAX   714
2021 08 14 14 13 MIN   106
2021 08 14 20 17 MAX   673
2021 08 15 02 31 MIN   147
2021 08 15 08 29 MAX   671
2021 08 15 14 56 MIN   126
2021 08 15 21 09 MAX   648
2021 08 16 03 23 MIN   205
2021 08 16 09 17 MAX   618
2021 08 16 15 47 MIN   154
2021 08 16 22 15 MAX   621
2021 08 17 04 32 MIN   262
2021 08 17 10 23 MAX   564
2021 08 17 16 56 MIN   181
2021 08 17 23 42 MAX   609
2021 08 18 06 11 MIN   290
2021 08 18 11 54 MAX   532
2021 08 18 18 24 MIN   185
2021 08 19 01 16 MAX   629
2021 08 19 07 52 MIN   270
2021 08 19 13 30 MAX   541
2021 08 19 19 47 MIN   158
2021 08 20 02 32 MAX   672
2021 08 20 09 04 MIN   222
2021 08 20 14 42 MAX   581
2021 08 20 20 55 MIN   116
2021 08 21 03 30 MAX   716
2021 08 21 09 57 MIN   173
2021 08 21 15 38 MAX   627
2021 08 21 21 50 MIN    76
2021 08 22 04 17 MAX   748
2021 08 22 10 42 MIN   133
2021 08 22 16 25 MAX   667
2021 08 22 22 36 MIN    47
2021 08 23 04 58 MAX   765
2021 08 23 11 20 MIN   107
2021 08 23 17 06 MAX   694
2021 08 23 23 18 MIN    35
2021 08 24 05 33 MAX   768
2021 08 24 11 55 MIN    93
2021 08 24 17 43 MAX   708
2021 08 24 23 55 MIN    39
2021 08 25 06 05 MAX   758
2021 08 25 12 27 MIN    90
2021 08 25 18 18 MAX   710
2021 08 26 00 29 MIN    58
2021 08 26 06 34 MAX   739
2021 08 26 12 55 MIN    96
2021 08 26 18 51 MAX   700
2021 08 27 01 01 MIN    91
2021 08 27 07 02 MAX   711
2021 08 27 13 22 MIN   111
2021 08 27 19 23 MAX   681
2021 08 28 01 32 MIN   134
2021 08 28 07 28 MAX   676
2021 08 28 13 48 MIN   132
2021 08 28 19 56 MAX   654
2021 08 29 02 04 MIN   185
2021 08 29 07 56 MAX   633
2021 08 29 14 16 MIN   162
2021 08 29 20 33 MAX   619
2021 08 30 02 39 MIN   242
2021 08 30 08 27 MAX   583
2021 08 30 14 50 MIN   198
2021 08 30 21 20 MAX   581
2021 08 31 03 25 MIN   299
2021 08 31 09 09 MAX   529
2021 08 31 15 38 MIN   237
2021 08 31 22 29 MAX   549
2021 09 01 04 41 MIN   345
2021 09 01 10 19 MAX   481
2021 09 01 16 56 MIN   266
2021 09 02 00 09 MAX   544
2021 09 02 06 48 MIN   348
2021 09 02 12 18 MAX   468
2021 09 02 18 38 MIN   259
2021 09 03 01 37 MAX   577
2021 09 03 08 14 MIN   304
2021 09 03 13 47 MAX   503
2021 09 03 19 54 MIN   218
2021 09 04 02 34 MAX   624
2021 09 04 09 04 MIN   250
2021 09 04 14 43 MAX   555
2021 09 04 20 49 MIN   165
2021 09 05 03 17 MAX   671
2021 09 05 09 43 MIN   197
2021 09 05 15 26 MAX   607
2021 09 05 21 35 MIN   113
2021 09 06 03 55 MAX   711
2021 09 06 10 18 MIN   149
2021 09 06 16 05 MAX   654
2021 09 06 22 17 MIN    71
2021 09 07 04 30 MAX   742
2021 09 07 10 53 MIN   109
2021 09 07 16 42 MAX   692
2021 09 07 22 57 MIN    41
2021 09 08 05 05 MAX   761
2021 09 08 11 27 MIN    77
2021 09 08 17 19 MAX   720
2021 09 08 23 36 MIN    28
2021 09 09 05 40 MAX   767
2021 09 09 12 01 MIN    56
2021 09 09 17 56 MAX   736
2021 09 10 00 14 MIN    32
2021 09 10 06 14 MAX   758
2021 09 10 12 35 MIN    47
2021 09 10 18 34 MAX   739
2021 09 11 00 53 MIN    55
2021 09 11 06 48 MAX   734
2021 09 11 13 09 MIN    52
2021 09 11 19 13 MAX   728
2021 09 12 01 32 MIN    97
2021 09 12 07 23 MAX   696
2021 09 12 13 45 MIN    72
2021 09 12 19 56 MAX   702
2021 09 13 02 14 MIN   156
2021 09 13 08 02 MAX   643
2021 09 13 14 25 MIN   109
2021 09 13 20 47 MAX   661
2021 09 14 03 06 MIN   224
2021 09 14 08 50 MAX   580
2021 09 14 15 16 MIN   157
2021 09 14 21 55 MAX   616
2021 09 15 04 21 MIN   286
2021 09 15 10 00 MAX   518
2021 09 15 16 31 MIN   204
2021 09 15 23 34 MAX   591
2021 09 16 06 16 MIN   305
2021 09 16 11 54 MAX   492
2021 09 16 18 17 MIN   215
2021 09 17 01 17 MAX   611
2021 09 17 07 56 MIN   264
2021 09 17 13 36 MAX   527
2021 09 17 19 47 MIN   178
2021 09 18 02 29 MAX   657
2021 09 18 08 57 MIN   204
2021 09 18 14 42 MAX   587
2021 09 18 20 51 MIN   127
2021 09 19 03 19 MAX   699
2021 09 19 09 42 MIN   150
2021 09 19 15 30 MAX   645
2021 09 19 21 40 MIN    83
2021 09 20 03 59 MAX   727
2021 09 20 10 19 MIN   109
2021 09 20 16 11 MAX   689
2021 09 20 22 22 MIN    55
2021 09 21 04 34 MAX   740
2021 09 21 10 53 MIN    82
2021 09 21 16 46 MAX   716
2021 09 21 22 59 MIN    45
2021 09 22 05 05 MAX   739
2021 09 22 11 23 MIN    69
2021 09 22 17 19 MAX   728
2021 09 22 23 33 MIN    52
2021 09 23 05 33 MAX   728
2021 09 23 11 51 MIN    67
2021 09 23 17 50 MAX   727
2021 09 24 00 04 MIN    71
2021 09 24 05 59 MAX   709
2021 09 24 12 16 MIN    74
2021 09 24 18 19 MAX   717
2021 09 25 00 33 MIN   100
2021 09 25 06 24 MAX   685
2021 09 25 12 40 MIN    87
2021 09 25 18 48 MAX   699
2021 09 26 01 02 MIN   138
2021 09 26 06 50 MAX   653
2021 09 26 13 05 MIN   108
2021 09 26 19 18 MAX   673
2021 09 27 01 31 MIN   182
2021 09 27 07 16 MAX   614
2021 09 27 13 31 MIN   137
2021 09 27 19 51 MAX   639
2021 09 28 02 04 MIN   233
2021 09 28 07 45 MAX   568
2021 09 28 14 02 MIN   175
2021 09 28 20 31 MAX   599
2021 09 29 02 44 MIN   286
2021 09 29 08 22 MAX   518
2021 09 29 14 42 MIN   220
2021 09 29 21 28 MAX   557
2021 09 30 03 50 MIN   333
2021 09 30 09 22 MAX   468
2021 09 30 15 51 MIN   264
2021 09 30 23 06 MAX   532
2021 10 01 05 59 MIN   345
2021 10 01 11 31 MAX   447
2021 10 01 17 48 MIN   275
2021 10 02 00 52 MAX   553
2021 10 02 07 39 MIN   299
2021 10 02 13 18 MAX   488
2021 10 02 19 23 MIN   234
2021 10 03 01 58 MAX   600
2021 10 03 08 30 MIN   236
2021 10 03 14 17 MAX   553
2021 10 03 20 24 MIN   173
2021 10 04 02 44 MAX   651
2021 10 04 09 09 MIN   171
2021 10 04 15 01 MAX   619
2021 10 04 21 12 MIN   113
2021 10 05 03 23 MAX   696
2021 10 05 09 45 MIN   113
2021 10 05 15 40 MAX   678
2021 10 05 21 55 MIN    65
2021 10 06 04 00 MAX   728
2021 10 06 10 20 MIN    65
2021 10 06 16 19 MAX   724
2021 10 06 22 36 MIN    34
2021 10 07 04 36 MAX   745
2021 10 07 10 56 MIN    30
2021 10 07 16 57 MAX   756
2021 10 07 23 16 MIN    22
2021 10 08 05 12 MAX   746
2021 10 08 11 31 MIN    10
2021 10 08 17 35 MAX   770
2021 10 08 23 56 MIN    32
2021 10 09 05 48 MAX   730
2021 10 09 12 06 MIN     7
2021 10 09 18 14 MAX   768
2021 10 10 00 37 MIN    61
2021 10 10 06 24 MAX   699
2021 10 10 12 42 MIN    21
2021 10 10 18 56 MAX   748
2021 10 11 01 19 MIN   109
2021 10 11 07 02 MAX   654
2021 10 11 13 20 MIN    54
2021 10 11 19 40 MAX   710
2021 10 12 02 04 MIN   169
2021 10 12 07 44 MAX   599
2021 10 12 14 02 MIN   103
2021 10 12 20 33 MAX   660
2021 10 13 03 00 MIN   234
2021 10 13 08 36 MAX   538
2021 10 13 14 56 MIN   163
2021 10 13 21 44 MAX   608
2021 10 14 04 23 MIN   283
2021 10 14 09 57 MAX   487
2021 10 14 16 19 MIN   216
2021 10 14 23 25 MAX   580
2021 10 15 06 15 MIN   284
2021 10 15 11 56 MAX   481
2021 10 15 18 10 MIN   225
2021 10 16 01 03 MAX   596
2021 10 16 07 39 MIN   237
2021 10 16 13 29 MAX   531
2021 10 16 19 37 MIN   188
2021 10 17 02 08 MAX   632
2021 10 17 08 33 MIN   180
2021 10 17 14 28 MAX   596
2021 10 17 20 36 MIN   140
2021 10 18 02 55 MAX   664
2021 10 18 09 14 MIN   129
2021 10 18 15 12 MAX   653
2021 10 18 21 22 MIN   102
2021 10 19 03 32 MAX   684
2021 10 19 09 49 MIN    92
2021 10 19 15 49 MAX   693
2021 10 19 22 01 MIN    80
2021 10 20 04 03 MAX   692
2021 10 20 10 20 MIN    69
2021 10 20 16 22 MAX   717
2021 10 20 22 36 MIN    73
2021 10 21 04 32 MAX   690
2021 10 21 10 48 MIN    57
2021 10 21 16 53 MAX   726
2021 10 21 23 08 MIN    79
2021 10 22 05 00 MAX   681
2021 10 22 11 15 MIN    56
2021 10 22 17 23 MAX   724
2021 10 22 23 39 MIN    94
2021 10 23 05 26 MAX   666
2021 10 23 11 40 MIN    61
2021 10 23 17 51 MAX   716
2021 10 24 00 08 MIN   117
2021 10 24 05 53 MAX   645
2021 10 24 12 05 MIN    72
2021 10 24 18 19 MAX   701
2021 10 25 00 37 MIN   146
2021 10 25 06 19 MAX   620
2021 10 25 12 30 MIN    91
2021 10 25 18 49 MAX   679
2021 10 26 01 07 MIN   181
2021 10 26 06 48 MAX   588
2021 10 26 12 58 MIN   117
2021 10 26 19 21 MAX   651
2021 10 27 01 40 MIN   221
2021 10 27 07 18 MAX   552
2021 10 27 13 30 MIN   152
2021 10 27 19 58 MAX   614
2021 10 28 02 20 MIN   263
2021 10 28 07 55 MAX   511
2021 10 28 14 09 MIN   195
2021 10 28 20 49 MAX   574
2021 10 29 03 18 MIN   300
2021 10 29 08 53 MAX   470
2021 10 29 15 11 MIN   240
2021 10 29 22 07 MAX   541
2021 10 30 04 57 MIN   313
2021 10 30 10 40 MAX   450
2021 10 30 16 54 MIN   263
2021 10 30 23 49 MAX   542
2021 10 31 06 39 MIN   277
2021 10 31 12 31 MAX   485
2021 10 31 18 38 MIN   236
2021 11 01 01 07 MAX   577
2021 11 01 07 40 MIN   215
2021 11 01 13 40 MAX   552
2021 11 01 19 48 MIN   181
2021 11 02 02 01 MAX   622
2021 11 02 08 26 MIN   147
2021 11 02 14 28 MAX   624
2021 11 02 20 42 MIN   123
2021 11 03 02 45 MAX   664
2021 11 03 09 06 MIN    84
2021 11 03 15 12 MAX   688
2021 11 03 21 29 MIN    77
2021 11 04 03 26 MAX   693
2021 11 04 09 45 MIN    34
2021 11 04 15 53 MAX   737
2021 11 04 22 13 MIN    48
2021 11 05 04 05 MAX   707
2021 11 05 10 24 MIN     0
2021 11 05 16 34 MAX   768
2021 11 05 22 57 MIN    39
2021 11 06 04 45 MAX   704
2021 11 06 11 02 MIN   -16
2021 11 06 17 16 MAX   780
2021 11 06 23 41 MIN    51
2021 11 07 05 26 MAX   685
2021 11 07 11 41 MIN   -13
2021 11 07 17 59 MAX   772
2021 11 08 00 25 MIN    79
2021 11 08 06 07 MAX   655
2021 11 08 12 21 MIN     8
2021 11 08 18 44 MAX   748
2021 11 09 01 11 MIN   121
2021 11 09 06 49 MAX   615
2021 11 09 13 03 MIN    45
2021 11 09 19 32 MAX   709
2021 11 10 02 00 MIN   170
2021 11 10 07 37 MAX   570
2021 11 10 13 50 MIN    95
2021 11 10 20 26 MAX   660
2021 11 11 02 59 MIN   217
2021 11 11 08 34 MAX   524
2021 11 11 14 47 MIN   153
2021 11 11 21 33 MAX   612
2021 11 12 04 14 MIN   248
2021 11 12 09 53 MAX   491
2021 11 12 16 05 MIN   203
2021 11 12 22 57 MAX   579
2021 11 13 05 42 MIN   248
2021 11 13 11 33 MAX   493
2021 11 13 17 41 MIN   221
2021 11 14 00 22 MAX   575
2021 11 14 06 57 MIN   216
2021 11 14 12 58 MAX   532
2021 11 14 19 05 MIN   203
2021 11 15 01 28 MAX   590
2021 11 15 07 53 MIN   172
2021 11 15 13 59 MAX   586
2021 11 15 20 08 MIN   172
2021 11 16 02 17 MAX   609
2021 11 16 08 37 MIN   130
2021 11 16 14 45 MAX   634
2021 11 16 20 56 MIN   144
2021 11 17 02 56 MAX   623
2021 11 17 09 13 MIN    97
2021 11 17 15 23 MAX   670
2021 11 17 21 36 MIN   124
2021 11 18 03 30 MAX   631
2021 11 18 09 45 MIN    75
2021 11 18 15 57 MAX   692
2021 11 18 22 13 MIN   115
2021 11 19 04 01 MAX   633
2021 11 19 10 14 MIN    62
2021 11 19 16 29 MAX   703
2021 11 19 22 46 MIN   115
2021 11 20 04 31 MAX   629
2021 11 20 10 42 MIN    57
2021 11 20 16 59 MAX   706
2021 11 20 23 18 MIN   122
2021 11 21 05 01 MAX   621
2021 11 21 11 10 MIN    59
2021 11 21 17 29 MAX   702
2021 11 21 23 49 MIN   135
2021 11 22 05 30 MAX   609
2021 11 22 11 39 MIN    66
2021 11 22 17 59 MAX   693
2021 11 23 00 20 MIN   152
2021 11 23 06 00 MAX   592
2021 11 23 12 08 MIN    78
2021 11 23 18 30 MAX   679
2021 11 24 00 53 MIN   175
2021 11 24 06 30 MAX   572
2021 11 24 12 39 MIN    98
2021 11 24 19 03 MAX   658
2021 11 25 01 27 MIN   200
2021 11 25 07 04 MAX   549
2021 11 25 13 14 MIN   125
2021 11 25 19 40 MAX   632
2021 11 26 02 06 MIN   226
2021 11 26 07 43 MAX   522
2021 11 26 13 55 MIN   159
2021 11 26 20 25 MAX   600
2021 11 27 02 56 MIN   248
2021 11 27 08 38 MAX   496
2021 11 27 14 51 MIN   198
2021 11 27 21 25 MAX   570
2021 11 28 04 06 MIN   256
2021 11 28 09 57 MAX   481
2021 11 28 16 09 MIN   226
2021 11 28 22 44 MAX   554
2021 11 29 05 28 MIN   237
2021 11 29 11 32 MAX   500
2021 11 29 17 42 MIN   225
2021 11 30 00 03 MAX   562
2021 11 30 06 39 MIN   191
2021 11 30 12 50 MAX   552
2021 11 30 19 03 MIN   193
2021 12 01 01 09 MAX   589
2021 12 01 07 36 MIN   132
2021 12 01 13 51 MAX   617
2021 12 01 20 07 MIN   149
2021 12 02 02 04 MAX   619
2021 12 02 08 26 MIN    75
2021 12 02 14 42 MAX   678
2021 12 02 21 02 MIN   110
2021 12 03 02 53 MAX   642
2021 12 03 09 12 MIN    29
2021 12 03 15 29 MAX   725
2021 12 03 21 53 MIN    84
2021 12 04 03 40 MAX   654
2021 12 04 09 56 MIN    -3
2021 12 04 16 16 MAX   755
2021 12 04 22 43 MIN    73
2021 12 05 04 25 MAX   654
2021 12 05 10 41 MIN   -17
2021 12 05 17 03 MAX   766
2021 12 05 23 31 MIN    77
2021 12 06 05 11 MAX   643
2021 12 06 11 25 MIN   -15
2021 12 06 17 50 MAX   761
2021 12 07 00 19 MIN    93
2021 12 07 05 57 MAX   626
2021 12 07 12 10 MIN     2
2021 12 07 18 38 MAX   743
2021 12 08 01 07 MIN   117
2021 12 08 06 45 MAX   603
2021 12 08 12 57 MIN    31
2021 12 08 19 26 MAX   712
2021 12 09 01 56 MIN   145
2021 12 09 07 34 MAX   577
2021 12 09 13 45 MIN    73
2021 12 09 20 16 MAX   673
2021 12 10 02 47 MIN   174
2021 12 10 08 28 MAX   549
2021 12 10 14 37 MIN   122
2021 12 10 21 09 MAX   628
2021 12 11 03 44 MIN   197
2021 12 11 09 31 MAX   525
2021 12 11 15 39 MIN   173
2021 12 11 22 09 MAX   586
2021 12 12 04 47 MIN   210
2021 12 12 10 46 MAX   514
2021 12 12 16 52 MIN   213
2021 12 12 23 17 MAX   555
2021 12 13 05 55 MIN   205
2021 12 13 12 06 MAX   526
2021 12 13 18 12 MIN   229
2021 12 14 00 27 MAX   542
2021 12 14 06 58 MIN   184
2021 12 14 13 16 MAX   556
2021 12 14 19 26 MIN   221
2021 12 15 01 27 MAX   545
2021 12 15 07 51 MIN   155
2021 12 15 14 12 MAX   593
2021 12 15 20 25 MIN   202
2021 12 16 02 17 MAX   555
2021 12 16 08 34 MIN   126
2021 12 16 14 57 MAX   627
2021 12 16 21 12 MIN   181
2021 12 17 02 58 MAX   567
2021 12 17 09 11 MIN   102
2021 12 17 15 34 MAX   652
2021 12 17 21 52 MIN   163
2021 12 18 03 35 MAX   578
2021 12 18 09 45 MIN    84
2021 12 18 16 09 MAX   670
2021 12 18 22 29 MIN   152
2021 12 19 04 09 MAX   585
2021 12 19 10 18 MIN    71
2021 12 19 16 42 MAX   681
2021 12 19 23 03 MIN   146
2021 12 20 04 43 MAX   589
2021 12 20 10 51 MIN    63
2021 12 20 17 14 MAX   686
2021 12 20 23 37 MIN   146
2021 12 21 05 16 MAX   589
2021 12 21 11 24 MIN    60
2021 12 21 17 47 MAX   686
2021 12 22 00 10 MIN   150
2021 12 22 05 48 MAX   585
2021 12 22 11 57 MIN    63
2021 12 22 18 19 MAX   682
2021 12 23 00 43 MIN   157
2021 12 23 06 22 MAX   579
2021 12 23 12 31 MIN    73
2021 12 23 18 52 MAX   672
2021 12 24 01 17 MIN   166
2021 12 24 06 57 MAX   569
2021 12 24 13 07 MIN    90
2021 12 24 19 28 MAX   656
2021 12 25 01 54 MIN   175
2021 12 25 07 35 MAX   557
2021 12 25 13 48 MIN   115
2021 12 25 20 07 MAX   634
2021 12 26 02 35 MIN   183
2021 12 26 08 23 MAX   543
2021 12 26 14 36 MIN   148
2021 12 26 20 53 MAX   607
2021 12 27 03 26 MIN   188
2021 12 27 09 23 MAX   531
2021 12 27 15 35 MIN   183
2021 12 27 21 51 MAX   579
2021 12 28 04 28 MIN   185
2021 12 28 10 38 MAX   532
2021 12 28 16 50 MIN   208
2021 12 28 23 01 MAX   559
2021 12 29 05 37 MIN   167
2021 12 29 11 59 MAX   556
2021 12 29 18 14 MIN   212
2021 12 30 00 16 MAX   555
2021 12 30 06 46 MIN   133
2021 12 30 13 13 MAX   600
2021 12 30 19 35 MIN   191
2021 12 31 01 25 MAX   566
2021 12 31 07 49 MIN    91
2021 12 31 14 17 MAX   650
2021 12 31 20 43 MIN   159
