 <API - 조위예측극치자료>

대상조위관측소 : 통영
위도(WGS84) : N 128.4347
경도(WGS84) : E 34.8278
관측기관 : 20201221 ~ 20220101

2020 12 21 01 05 MAX   174
2020 12 21 06 56 MIN    77
2020 12 21 13 41 MAX   198
2020 12 21 20 09 MIN    91
2020 12 22 02 11 MAX   166
2020 12 22 07 52 MIN    93
2020 12 22 14 37 MAX   185
2020 12 22 21 19 MIN    93
2020 12 23 03 30 MAX   166
2020 12 23 09 05 MIN   104
2020 12 23 15 48 MAX   177
2020 12 23 22 28 MIN    88
2020 12 24 04 49 MAX   172
2020 12 24 10 31 MIN   106
2020 12 24 16 59 MAX   176
2020 12 24 23 26 MIN    79
2020 12 25 05 51 MAX   184
2020 12 25 11 46 MIN   100
2020 12 25 17 55 MAX   178
2020 12 26 00 11 MIN    68
2020 12 26 06 40 MAX   198
2020 12 26 12 42 MIN    90
2020 12 26 18 39 MAX   182
2020 12 27 00 50 MIN    56
2020 12 27 07 23 MAX   211
2020 12 27 13 26 MIN    79
2020 12 27 19 18 MAX   187
2020 12 28 01 26 MIN    45
2020 12 28 08 01 MAX   224
2020 12 28 14 04 MIN    68
2020 12 28 19 54 MAX   193
2020 12 29 02 00 MIN    34
2020 12 29 08 38 MAX   236
2020 12 29 14 39 MIN    59
2020 12 29 20 30 MAX   199
2020 12 30 02 35 MIN    25
2020 12 30 09 14 MAX   246
2020 12 30 15 14 MIN    52
2020 12 30 21 07 MAX   203
2020 12 31 03 10 MIN    18
2020 12 31 09 51 MAX   252
2020 12 31 15 48 MIN    48
2020 12 31 21 44 MAX   206
2021 01 01 03 47 MIN    15
2021 01 01 10 28 MAX   255
2021 01 01 16 24 MIN    47
2021 01 01 22 23 MAX   206
2021 01 02 04 26 MIN    17
2021 01 02 11 06 MAX   252
2021 01 02 17 03 MIN    49
2021 01 02 23 04 MAX   202
2021 01 03 05 07 MIN    23
2021 01 03 11 45 MAX   246
2021 01 03 17 43 MIN    54
2021 01 03 23 49 MAX   197
2021 01 04 05 51 MIN    34
2021 01 04 12 27 MAX   235
2021 01 04 18 28 MIN    59
2021 01 05 00 39 MAX   190
2021 01 05 06 41 MIN    49
2021 01 05 13 13 MAX   222
2021 01 05 19 20 MIN    65
2021 01 06 01 42 MAX   183
2021 01 06 07 39 MIN    64
2021 01 06 14 07 MAX   208
2021 01 06 20 21 MIN    67
2021 01 07 02 59 MAX   181
2021 01 07 08 52 MIN    76
2021 01 07 15 13 MAX   196
2021 01 07 21 32 MIN    64
2021 01 08 04 26 MAX   187
2021 01 08 10 18 MIN    81
2021 01 08 16 28 MAX   189
2021 01 08 22 45 MIN    56
2021 01 09 05 45 MAX   201
2021 01 09 11 42 MIN    76
2021 01 09 17 41 MAX   189
2021 01 09 23 52 MIN    42
2021 01 10 06 52 MAX   219
2021 01 10 12 51 MIN    64
2021 01 10 18 44 MAX   194
2021 01 11 00 51 MIN    27
2021 01 11 07 48 MAX   237
2021 01 11 13 48 MIN    50
2021 01 11 19 39 MAX   202
2021 01 12 01 43 MIN    13
2021 01 12 08 38 MAX   252
2021 01 12 14 36 MIN    38
2021 01 12 20 28 MAX   209
2021 01 13 02 30 MIN     2
2021 01 13 09 23 MAX   261
2021 01 13 15 19 MIN    30
2021 01 13 21 13 MAX   214
2021 01 14 03 13 MIN    -3
2021 01 14 10 03 MAX   264
2021 01 14 15 59 MIN    28
2021 01 14 21 54 MAX   216
2021 01 15 03 54 MIN    -1
2021 01 15 10 40 MAX   260
2021 01 15 16 36 MIN    31
2021 01 15 22 33 MAX   214
2021 01 16 04 32 MIN     7
2021 01 16 11 14 MAX   250
2021 01 16 17 12 MIN    38
2021 01 16 23 10 MAX   208
2021 01 17 05 07 MIN    20
2021 01 17 11 46 MAX   237
2021 01 17 17 47 MIN    48
2021 01 17 23 47 MAX   200
2021 01 18 05 41 MIN    38
2021 01 18 12 15 MAX   221
2021 01 18 18 23 MIN    59
2021 01 19 00 25 MAX   189
2021 01 19 06 17 MIN    57
2021 01 19 12 44 MAX   204
2021 01 19 19 02 MIN    70
2021 01 20 01 09 MAX   178
2021 01 20 06 56 MIN    76
2021 01 20 13 17 MAX   188
2021 01 20 19 49 MIN    80
2021 01 21 02 05 MAX   168
2021 01 21 07 46 MIN    94
2021 01 21 14 01 MAX   172
2021 01 21 20 51 MIN    86
2021 01 22 03 22 MAX   163
2021 01 22 09 02 MIN   108
2021 01 22 15 12 MAX   159
2021 01 22 22 09 MIN    86
2021 01 23 04 52 MAX   167
2021 01 23 10 52 MIN   110
2021 01 23 16 49 MAX   154
2021 01 23 23 22 MIN    78
2021 01 24 06 08 MAX   178
2021 01 24 12 22 MIN   100
2021 01 24 18 04 MAX   159
2021 01 25 00 20 MIN    66
2021 01 25 07 04 MAX   194
2021 01 25 13 17 MIN    85
2021 01 25 18 57 MAX   168
2021 01 26 01 06 MIN    51
2021 01 26 07 48 MAX   211
2021 01 26 13 56 MIN    70
2021 01 26 19 41 MAX   179
2021 01 27 01 47 MIN    35
2021 01 27 08 27 MAX   227
2021 01 27 14 31 MIN    55
2021 01 27 20 21 MAX   192
2021 01 28 02 25 MIN    19
2021 01 28 09 04 MAX   243
2021 01 28 15 04 MIN    42
2021 01 28 21 00 MAX   204
2021 01 29 03 02 MIN     5
2021 01 29 09 40 MAX   255
2021 01 29 15 37 MIN    31
2021 01 29 21 39 MAX   215
2021 01 30 03 40 MIN    -5
2021 01 30 10 15 MAX   263
2021 01 30 16 11 MIN    23
2021 01 30 22 18 MAX   222
2021 01 31 04 17 MIN    -7
2021 01 31 10 51 MAX   264
2021 01 31 16 46 MIN    20
2021 01 31 22 57 MAX   224
2021 02 01 04 56 MIN    -2
2021 02 01 11 27 MAX   259
2021 02 01 17 23 MIN    22
2021 02 01 23 38 MAX   220
2021 02 02 05 37 MIN    11
2021 02 02 12 04 MAX   246
2021 02 02 18 02 MIN    28
2021 02 03 00 23 MAX   212
2021 02 03 06 21 MIN    30
2021 02 03 12 43 MAX   226
2021 02 03 18 45 MIN    38
2021 02 04 01 13 MAX   199
2021 02 04 07 12 MIN    54
2021 02 04 13 27 MAX   204
2021 02 04 19 36 MIN    50
2021 02 05 02 18 MAX   186
2021 02 05 08 17 MIN    77
2021 02 05 14 26 MAX   181
2021 02 05 20 41 MIN    61
2021 02 06 03 52 MAX   179
2021 02 06 09 53 MIN    91
2021 02 06 15 50 MAX   164
2021 02 06 22 08 MIN    64
2021 02 07 05 37 MAX   186
2021 02 07 11 43 MIN    88
2021 02 07 17 27 MAX   162
2021 02 07 23 38 MIN    56
2021 02 08 06 55 MAX   203
2021 02 08 12 58 MIN    72
2021 02 08 18 42 MAX   173
2021 02 09 00 48 MIN    40
2021 02 09 07 50 MAX   223
2021 02 09 13 49 MIN    54
2021 02 09 19 38 MAX   187
2021 02 10 01 41 MIN    22
2021 02 10 08 34 MAX   239
2021 02 10 14 30 MIN    37
2021 02 10 20 24 MAX   202
2021 02 11 02 25 MIN     7
2021 02 11 09 13 MAX   251
2021 02 11 15 06 MIN    25
2021 02 11 21 04 MAX   215
2021 02 12 03 03 MIN    -2
2021 02 12 09 47 MAX   256
2021 02 12 15 40 MIN    18
2021 02 12 21 41 MAX   222
2021 02 13 03 38 MIN    -5
2021 02 13 10 18 MAX   255
2021 02 13 16 11 MIN    17
2021 02 13 22 15 MAX   225
2021 02 14 04 12 MIN     0
2021 02 14 10 46 MAX   248
2021 02 14 16 42 MIN    21
2021 02 14 22 47 MAX   223
2021 02 15 04 42 MIN    11
2021 02 15 11 11 MAX   237
2021 02 15 17 11 MIN    28
2021 02 15 23 19 MAX   216
2021 02 16 05 13 MIN    27
2021 02 16 11 34 MAX   223
2021 02 16 17 39 MIN    39
2021 02 16 23 51 MAX   206
2021 02 17 05 42 MIN    45
2021 02 17 11 57 MAX   208
2021 02 17 18 08 MIN    51
2021 02 18 00 25 MAX   194
2021 02 18 06 14 MIN    64
2021 02 18 12 22 MAX   191
2021 02 18 18 41 MIN    63
2021 02 19 01 05 MAX   181
2021 02 19 06 51 MIN    84
2021 02 19 12 51 MAX   172
2021 02 19 19 21 MIN    76
2021 02 20 02 00 MAX   168
2021 02 20 07 45 MIN   102
2021 02 20 13 37 MAX   154
2021 02 20 20 27 MIN    86
2021 02 21 03 30 MAX   160
2021 02 21 09 36 MIN   114
2021 02 21 15 21 MAX   140
2021 02 21 22 12 MIN    88
2021 02 22 05 26 MAX   166
2021 02 22 12 09 MIN   106
2021 02 22 17 35 MAX   142
2021 02 22 23 47 MIN    77
2021 02 23 06 43 MAX   182
2021 02 23 13 07 MIN    88
2021 02 23 18 44 MAX   156
2021 02 24 00 47 MIN    58
2021 02 24 07 31 MAX   203
2021 02 24 13 43 MIN    69
2021 02 24 19 30 MAX   174
2021 02 25 01 31 MIN    37
2021 02 25 08 09 MAX   223
2021 02 25 14 13 MIN    49
2021 02 25 20 10 MAX   194
2021 02 26 02 09 MIN    15
2021 02 26 08 45 MAX   243
2021 02 26 14 43 MIN    30
2021 02 26 20 47 MAX   214
2021 02 27 02 47 MIN    -5
2021 02 27 09 19 MAX   260
2021 02 27 15 15 MIN    13
2021 02 27 21 26 MAX   232
2021 02 28 03 24 MIN   -18
2021 02 28 09 53 MAX   270
2021 02 28 15 48 MIN     0
2021 02 28 22 04 MAX   244
2021 03 01 04 01 MIN   -22
2021 03 01 10 27 MAX   272
2021 03 01 16 22 MIN    -6
2021 03 01 22 43 MAX   249
2021 03 02 04 40 MIN   -15
2021 03 02 11 02 MAX   264
2021 03 02 16 58 MIN    -4
2021 03 02 23 23 MAX   244
2021 03 03 05 20 MIN     1
2021 03 03 11 38 MAX   247
2021 03 03 17 35 MIN     6
2021 03 04 00 04 MAX   232
2021 03 04 06 02 MIN    26
2021 03 04 12 14 MAX   222
2021 03 04 18 14 MIN    23
2021 03 05 00 51 MAX   213
2021 03 05 06 51 MIN    56
2021 03 05 12 55 MAX   193
2021 03 05 19 00 MIN    44
2021 03 06 01 50 MAX   191
2021 03 06 07 56 MIN    84
2021 03 06 13 48 MAX   165
2021 03 06 20 01 MIN    64
2021 03 07 03 30 MAX   175
2021 03 07 09 50 MIN   101
2021 03 07 15 28 MAX   146
2021 03 07 21 40 MIN    76
2021 03 08 05 37 MAX   180
2021 03 08 11 56 MIN    92
2021 03 08 17 32 MAX   149
2021 03 08 23 34 MIN    70
2021 03 09 06 53 MAX   197
2021 03 09 12 59 MIN    73
2021 03 09 18 44 MAX   167
2021 03 10 00 45 MIN    52
2021 03 10 07 40 MAX   215
2021 03 10 13 38 MIN    53
2021 03 10 19 32 MAX   187
2021 03 11 01 32 MIN    33
2021 03 11 08 18 MAX   230
2021 03 11 14 12 MIN    36
2021 03 11 20 11 MAX   205
2021 03 12 02 10 MIN    17
2021 03 12 08 50 MAX   240
2021 03 12 14 43 MIN    23
2021 03 12 20 47 MAX   220
2021 03 13 02 44 MIN     7
2021 03 13 09 20 MAX   245
2021 03 13 15 13 MIN    14
2021 03 13 21 20 MAX   230
2021 03 14 03 17 MIN     4
2021 03 14 09 47 MAX   245
2021 03 14 15 41 MIN    11
2021 03 14 21 52 MAX   235
2021 03 15 03 47 MIN     7
2021 03 15 10 12 MAX   240
2021 03 15 16 09 MIN    12
2021 03 15 22 22 MAX   235
2021 03 16 04 16 MIN    15
2021 03 16 10 35 MAX   232
2021 03 16 16 35 MIN    18
2021 03 16 22 51 MAX   231
2021 03 17 04 44 MIN    28
2021 03 17 10 57 MAX   221
2021 03 17 17 00 MIN    27
2021 03 17 23 20 MAX   223
2021 03 18 05 12 MIN    43
2021 03 18 11 18 MAX   207
2021 03 18 17 25 MIN    38
2021 03 18 23 51 MAX   211
2021 03 19 05 42 MIN    60
2021 03 19 11 42 MAX   191
2021 03 19 17 52 MIN    52
2021 03 20 00 25 MAX   197
2021 03 20 06 17 MIN    79
2021 03 20 12 09 MAX   173
2021 03 20 18 25 MIN    67
2021 03 21 01 10 MAX   182
2021 03 21 07 03 MIN    98
2021 03 21 12 44 MAX   154
2021 03 21 19 15 MIN    83
2021 03 22 02 21 MAX   167
2021 03 22 08 33 MIN   114
2021 03 22 14 03 MAX   136
2021 03 22 20 57 MIN    93
2021 03 23 04 28 MAX   165
2021 03 23 11 40 MIN   109
2021 03 23 17 08 MAX   137
2021 03 23 23 02 MIN    86
2021 03 24 06 06 MAX   180
2021 03 24 12 40 MIN    90
2021 03 24 18 23 MAX   156
2021 03 25 00 15 MIN    66
2021 03 25 06 59 MAX   201
2021 03 25 13 13 MIN    68
2021 03 25 19 09 MAX   179
2021 03 26 01 03 MIN    42
2021 03 26 07 38 MAX   223
2021 03 26 13 42 MIN    45
2021 03 26 19 48 MAX   205
2021 03 27 01 44 MIN    17
2021 03 27 08 14 MAX   244
2021 03 27 14 13 MIN    21
2021 03 27 20 27 MAX   230
2021 03 28 02 23 MIN    -4
2021 03 28 08 49 MAX   261
2021 03 28 14 46 MIN    -1
2021 03 28 21 05 MAX   251
2021 03 29 03 02 MIN   -17
2021 03 29 09 24 MAX   271
2021 03 29 15 20 MIN   -16
2021 03 29 21 45 MAX   266
2021 03 30 03 42 MIN   -20
2021 03 30 10 00 MAX   270
2021 03 30 15 55 MIN   -21
2021 03 30 22 25 MAX   270
2021 03 31 04 22 MIN   -11
2021 03 31 10 36 MAX   259
2021 03 31 16 32 MIN   -16
2021 03 31 23 06 MAX   263
2021 04 01 05 04 MIN     9
2021 04 01 11 12 MAX   238
2021 04 01 17 09 MIN    -1
2021 04 01 23 48 MAX   246
2021 04 02 05 48 MIN    36
2021 04 02 11 50 MAX   211
2021 04 02 17 49 MIN    22
2021 04 03 00 35 MAX   223
2021 04 03 06 39 MIN    66
2021 04 03 12 31 MAX   182
2021 04 03 18 34 MIN    48
2021 04 04 01 34 MAX   198
2021 04 04 07 50 MIN    92
2021 04 04 13 29 MAX   156
2021 04 04 19 37 MIN    72
2021 04 05 03 16 MAX   180
2021 04 05 09 53 MIN   103
2021 04 05 15 28 MAX   142
2021 04 05 21 23 MIN    87
2021 04 06 05 19 MAX   182
2021 04 06 11 42 MIN    92
2021 04 06 17 27 MAX   153
2021 04 06 23 17 MIN    81
2021 04 07 06 28 MAX   195
2021 04 07 12 35 MIN    75
2021 04 07 18 29 MAX   172
2021 04 08 00 25 MIN    66
2021 04 08 07 13 MAX   209
2021 04 08 13 11 MIN    57
2021 04 08 19 12 MAX   193
2021 04 09 01 09 MIN    50
2021 04 09 07 48 MAX   220
2021 04 09 13 42 MIN    41
2021 04 09 19 49 MAX   211
2021 04 10 01 47 MIN    36
2021 04 10 08 18 MAX   228
2021 04 10 14 12 MIN    29
2021 04 10 20 23 MAX   226
2021 04 11 02 20 MIN    28
2021 04 11 08 46 MAX   232
2021 04 11 14 40 MIN    20
2021 04 11 20 56 MAX   236
2021 04 12 02 51 MIN    24
2021 04 12 09 12 MAX   232
2021 04 12 15 08 MIN    15
2021 04 12 21 26 MAX   242
2021 04 13 03 21 MIN    25
2021 04 13 09 36 MAX   229
2021 04 13 15 34 MIN    15
2021 04 13 21 55 MAX   245
2021 04 14 03 50 MIN    30
2021 04 14 09 59 MAX   224
2021 04 14 15 59 MIN    19
2021 04 14 22 25 MAX   243
2021 04 15 04 19 MIN    39
2021 04 15 10 22 MAX   215
2021 04 15 16 24 MIN    26
2021 04 15 22 54 MAX   237
2021 04 16 04 48 MIN    50
2021 04 16 10 47 MAX   205
2021 04 16 16 50 MIN    36
2021 04 16 23 25 MAX   227
2021 04 17 05 20 MIN    64
2021 04 17 11 13 MAX   191
2021 04 17 17 19 MIN    50
2021 04 18 00 00 MAX   214
2021 04 18 00 00 MAX   214
2021 04 18 05 56 MIN    81
2021 04 18 11 42 MAX   175
2021 04 18 17 54 MIN    66
2021 04 19 00 42 MAX   198
2021 04 19 06 43 MIN    98
2021 04 19 12 20 MAX   158
2021 04 19 18 44 MIN    83
2021 04 20 01 45 MAX   183
2021 04 20 08 03 MIN   112
2021 04 20 13 38 MAX   143
2021 04 20 20 14 MIN    95
2021 04 21 03 28 MAX   177
2021 04 21 10 24 MIN   110
2021 04 21 16 24 MAX   145
2021 04 21 22 10 MIN    92
2021 04 22 05 08 MAX   186
2021 04 22 11 43 MIN    93
2021 04 22 17 45 MAX   165
2021 04 22 23 30 MIN    75
2021 04 23 06 09 MAX   204
2021 04 23 12 25 MIN    70
2021 04 23 18 35 MAX   191
2021 04 24 00 27 MIN    52
2021 04 24 06 55 MAX   224
2021 04 24 13 00 MIN    44
2021 04 24 19 18 MAX   219
2021 04 25 01 14 MIN    29
2021 04 25 07 35 MAX   243
2021 04 25 13 36 MIN    19
2021 04 25 20 01 MAX   245
2021 04 26 01 57 MIN    10
2021 04 26 08 14 MAX   256
2021 04 26 14 13 MIN    -3
2021 04 26 20 43 MAX   267
2021 04 27 02 40 MIN    -1
2021 04 27 08 54 MAX   262
2021 04 27 14 51 MIN   -16
2021 04 27 21 26 MAX   280
2021 04 28 03 23 MIN    -1
2021 04 28 09 33 MAX   259
2021 04 28 15 30 MIN   -19
2021 04 28 22 09 MAX   283
2021 04 29 04 07 MIN     8
2021 04 29 10 12 MAX   247
2021 04 29 16 09 MIN   -11
2021 04 29 22 52 MAX   274
2021 04 30 04 51 MIN    27
2021 04 30 10 52 MAX   227
2021 04 30 16 49 MIN     7
2021 04 30 23 37 MAX   256
2021 05 01 05 39 MIN    51
2021 05 01 11 33 MAX   204
2021 05 01 17 32 MIN    31
2021 05 02 00 26 MAX   233
2021 05 02 06 34 MIN    76
2021 05 02 12 20 MAX   180
2021 05 02 18 21 MIN    57
2021 05 03 01 26 MAX   210
2021 05 03 07 46 MIN    95
2021 05 03 13 27 MAX   161
2021 05 03 19 26 MIN    80
2021 05 04 02 51 MAX   193
2021 05 04 09 25 MIN   103
2021 05 04 15 14 MAX   154
2021 05 04 20 56 MIN    94
2021 05 05 04 30 MAX   189
2021 05 05 10 55 MIN    96
2021 05 05 16 53 MAX   164
2021 05 05 22 33 MIN    94
2021 05 06 05 42 MAX   194
2021 05 06 11 52 MIN    83
2021 05 06 17 56 MAX   181
2021 05 06 23 46 MIN    85
2021 05 07 06 30 MAX   202
2021 05 07 12 31 MIN    69
2021 05 07 18 41 MAX   199
2021 05 08 00 36 MIN    74
2021 05 08 07 07 MAX   209
2021 05 08 13 05 MIN    55
2021 05 08 19 20 MAX   215
2021 05 09 01 16 MIN    64
2021 05 09 07 39 MAX   214
2021 05 09 13 36 MIN    44
2021 05 09 19 55 MAX   228
2021 05 10 01 52 MIN    56
2021 05 10 08 08 MAX   217
2021 05 10 14 06 MIN    35
2021 05 10 20 29 MAX   238
2021 05 11 02 25 MIN    52
2021 05 11 08 35 MAX   219
2021 05 11 14 34 MIN    30
2021 05 11 21 00 MAX   246
2021 05 12 02 57 MIN    50
2021 05 12 09 01 MAX   218
2021 05 12 15 01 MIN    28
2021 05 12 21 31 MAX   250
2021 05 13 03 28 MIN    51
2021 05 13 09 27 MAX   216
2021 05 13 15 28 MIN    29
2021 05 13 22 02 MAX   251
2021 05 14 03 59 MIN    55
2021 05 14 09 55 MAX   212
2021 05 14 15 57 MIN    34
2021 05 14 22 34 MAX   247
2021 05 15 04 31 MIN    62
2021 05 15 10 24 MAX   204
2021 05 15 16 27 MIN    43
2021 05 15 23 07 MAX   240
2021 05 16 05 05 MIN    73
2021 05 16 10 55 MAX   194
2021 05 16 17 01 MIN    55
2021 05 16 23 45 MAX   229
2021 05 17 05 44 MIN    85
2021 05 17 11 31 MAX   182
2021 05 17 17 41 MIN    69
2021 05 18 00 29 MAX   216
2021 05 18 06 33 MIN    98
2021 05 18 12 17 MAX   169
2021 05 18 18 35 MIN    83
2021 05 19 01 26 MAX   204
2021 05 19 07 42 MIN   107
2021 05 19 13 37 MAX   160
2021 05 19 19 51 MIN    93
2021 05 20 02 42 MAX   198
2021 05 20 09 11 MIN   106
2021 05 20 15 31 MAX   164
2021 05 20 21 21 MIN    93
2021 05 21 04 03 MAX   201
2021 05 21 10 30 MIN    93
2021 05 21 16 55 MAX   181
2021 05 21 22 42 MIN    83
2021 05 22 05 12 MAX   211
2021 05 22 11 28 MIN    73
2021 05 22 17 56 MAX   205
2021 05 22 23 47 MIN    67
2021 05 23 06 06 MAX   224
2021 05 23 12 15 MIN    49
2021 05 23 18 47 MAX   231
2021 05 24 00 43 MIN    50
2021 05 24 06 55 MAX   237
2021 05 24 12 59 MIN    26
2021 05 24 19 36 MAX   255
2021 05 25 01 33 MIN    35
2021 05 25 07 42 MAX   245
2021 05 25 13 42 MIN     8
2021 05 25 20 23 MAX   274
2021 05 26 02 22 MIN    27
2021 05 26 08 26 MAX   248
2021 05 26 14 25 MIN    -2
2021 05 26 21 10 MAX   285
2021 05 27 03 09 MIN    26
2021 05 27 09 10 MAX   245
2021 05 27 15 08 MIN    -4
2021 05 27 21 57 MAX   287
2021 05 28 03 57 MIN    32
2021 05 28 09 54 MAX   236
2021 05 28 15 52 MIN     4
2021 05 28 22 43 MAX   279
2021 05 29 04 44 MIN    45
2021 05 29 10 38 MAX   223
2021 05 29 16 37 MIN    20
2021 05 29 23 30 MAX   265
2021 05 30 05 32 MIN    62
2021 05 30 11 24 MAX   207
2021 05 30 17 22 MIN    40
2021 05 31 00 18 MAX   245
2021 05 31 06 25 MIN    79
2021 05 31 12 15 MAX   191
2021 05 31 18 12 MIN    62
2021 06 01 01 10 MAX   226
2021 06 01 07 24 MIN    94
2021 06 01 13 16 MAX   179
2021 06 01 19 09 MIN    83
2021 06 02 02 09 MAX   209
2021 06 02 08 33 MIN   102
2021 06 02 14 34 MAX   174
2021 06 02 20 16 MIN    99
2021 06 03 03 19 MAX   198
2021 06 03 09 47 MIN   102
2021 06 03 15 57 MAX   177
2021 06 03 21 33 MIN   107
2021 06 04 04 31 MAX   194
2021 06 04 10 52 MIN    95
2021 06 04 17 08 MAX   187
2021 06 04 22 51 MIN   107
2021 06 05 05 30 MAX   195
2021 06 05 11 42 MIN    85
2021 06 05 18 02 MAX   200
2021 06 05 23 54 MIN   102
2021 06 06 06 16 MAX   198
2021 06 06 12 23 MIN    75
2021 06 06 18 47 MAX   214
2021 06 07 00 44 MIN    94
2021 06 07 06 54 MAX   201
2021 06 07 12 59 MIN    65
2021 06 07 19 26 MAX   226
2021 06 08 01 26 MIN    86
2021 06 08 07 27 MAX   205
2021 06 08 13 32 MIN    56
2021 06 08 20 02 MAX   237
2021 06 09 02 03 MIN    79
2021 06 09 08 00 MAX   208
2021 06 09 14 03 MIN    49
2021 06 09 20 37 MAX   246
2021 06 10 02 38 MIN    73
2021 06 10 08 31 MAX   211
2021 06 10 14 35 MIN    45
2021 06 10 21 11 MAX   253
2021 06 11 03 11 MIN    70
2021 06 11 09 03 MAX   212
2021 06 11 15 07 MIN    43
2021 06 11 21 45 MAX   256
2021 06 12 03 45 MIN    70
2021 06 12 09 36 MAX   212
2021 06 12 15 40 MIN    44
2021 06 12 22 21 MAX   256
2021 06 13 04 19 MIN    72
2021 06 13 10 11 MAX   209
2021 06 13 16 15 MIN    49
2021 06 13 22 57 MAX   253
2021 06 14 04 55 MIN    78
2021 06 14 10 48 MAX   204
2021 06 14 16 54 MIN    57
2021 06 14 23 36 MAX   246
2021 06 15 05 35 MIN    86
2021 06 15 11 29 MAX   197
2021 06 15 17 37 MIN    67
2021 06 16 00 18 MAX   237
2021 06 16 06 20 MIN    93
2021 06 16 12 19 MAX   190
2021 06 16 18 27 MIN    78
2021 06 17 01 06 MAX   227
2021 06 17 07 14 MIN    98
2021 06 17 13 24 MAX   186
2021 06 17 19 28 MIN    88
2021 06 18 02 03 MAX   220
2021 06 18 08 18 MIN    98
2021 06 18 14 45 MAX   188
2021 06 18 20 40 MIN    94
2021 06 19 03 08 MAX   215
2021 06 19 09 27 MIN    90
2021 06 19 16 07 MAX   198
2021 06 19 21 58 MIN    94
2021 06 20 04 17 MAX   215
2021 06 20 10 33 MIN    77
2021 06 20 17 19 MAX   215
2021 06 20 23 13 MIN    87
2021 06 21 05 22 MAX   219
2021 06 21 11 32 MIN    60
2021 06 21 18 21 MAX   236
2021 06 22 00 19 MIN    76
2021 06 22 06 21 MAX   224
2021 06 22 12 27 MIN    43
2021 06 22 19 18 MAX   255
2021 06 23 01 19 MIN    64
2021 06 23 07 15 MAX   230
2021 06 23 13 18 MIN    28
2021 06 23 20 11 MAX   272
2021 06 24 02 12 MIN    55
2021 06 24 08 07 MAX   234
2021 06 24 14 08 MIN    19
2021 06 24 21 02 MAX   283
2021 06 25 03 02 MIN    50
2021 06 25 08 56 MAX   235
2021 06 25 14 56 MIN    16
2021 06 25 21 50 MAX   287
2021 06 26 03 49 MIN    50
2021 06 26 09 43 MAX   233
2021 06 26 15 42 MIN    19
2021 06 26 22 36 MAX   283
2021 06 27 04 35 MIN    56
2021 06 27 10 29 MAX   228
2021 06 27 16 27 MIN    29
2021 06 27 23 19 MAX   273
2021 06 28 05 18 MIN    65
2021 06 28 11 14 MAX   220
2021 06 28 17 11 MIN    45
2021 06 29 00 00 MAX   258
2021 06 29 00 00 MAX   258
2021 06 29 06 02 MIN    77
2021 06 29 11 59 MAX   211
2021 06 29 17 53 MIN    64
2021 06 30 00 39 MAX   241
2021 06 30 06 47 MIN    89
2021 06 30 12 48 MAX   201
2021 06 30 18 38 MIN    84
2021 07 01 01 19 MAX   223
2021 07 01 07 37 MIN    99
2021 07 01 13 43 MAX   193
2021 07 01 19 28 MIN   103
2021 07 02 02 03 MAX   208
2021 07 02 08 34 MIN   106
2021 07 02 14 50 MAX   189
2021 07 02 20 28 MIN   118
2021 07 03 02 58 MAX   196
2021 07 03 09 39 MIN   107
2021 07 03 16 06 MAX   191
2021 07 03 21 44 MIN   127
2021 07 04 04 06 MAX   189
2021 07 04 10 41 MIN   103
2021 07 04 17 16 MAX   198
2021 07 04 23 08 MIN   127
2021 07 05 05 13 MAX   187
2021 07 05 11 35 MIN    95
2021 07 05 18 13 MAX   209
2021 07 06 00 16 MIN   120
2021 07 06 06 08 MAX   190
2021 07 06 12 21 MIN    86
2021 07 06 19 00 MAX   222
2021 07 07 01 07 MIN   110
2021 07 07 06 53 MAX   195
2021 07 07 13 02 MIN    76
2021 07 07 19 42 MAX   234
2021 07 08 01 49 MIN    99
2021 07 08 07 33 MAX   201
2021 07 08 13 40 MIN    67
2021 07 08 20 21 MAX   245
2021 07 09 02 26 MIN    90
2021 07 09 08 11 MAX   208
2021 07 09 14 17 MIN    58
2021 07 09 20 58 MAX   255
2021 07 10 03 00 MIN    82
2021 07 10 08 48 MAX   214
2021 07 10 14 53 MIN    51
2021 07 10 21 34 MAX   262
2021 07 11 03 34 MIN    77
2021 07 11 09 26 MAX   219
2021 07 11 15 30 MIN    47
2021 07 11 22 10 MAX   267
2021 07 12 04 07 MIN    75
2021 07 12 10 04 MAX   222
2021 07 12 16 07 MIN    47
2021 07 12 22 46 MAX   268
2021 07 13 04 42 MIN    75
2021 07 13 10 43 MAX   222
2021 07 13 16 45 MIN    51
2021 07 13 23 22 MAX   264
2021 07 14 05 18 MIN    77
2021 07 14 11 25 MAX   220
2021 07 14 17 26 MIN    59
2021 07 15 00 00 MAX   257
2021 07 15 00 00 MAX   257
2021 07 15 05 59 MIN    80
2021 07 15 12 10 MAX   216
2021 07 15 18 10 MIN    71
2021 07 16 00 41 MAX   247
2021 07 16 06 43 MIN    84
2021 07 16 13 03 MAX   212
2021 07 16 19 02 MIN    85
2021 07 17 01 26 MAX   234
2021 07 17 07 35 MIN    87
2021 07 17 14 07 MAX   208
2021 07 17 20 04 MIN    99
2021 07 18 02 22 MAX   221
2021 07 18 08 36 MIN    88
2021 07 18 15 27 MAX   209
2021 07 18 21 23 MIN   109
2021 07 19 03 31 MAX   210
2021 07 19 09 47 MIN    85
2021 07 19 16 53 MAX   217
2021 07 19 22 52 MIN   110
2021 07 20 04 48 MAX   205
2021 07 20 11 00 MIN    76
2021 07 20 18 10 MAX   232
2021 07 21 00 13 MIN   101
2021 07 21 06 01 MAX   208
2021 07 21 12 08 MIN    63
2021 07 21 19 14 MAX   250
2021 07 22 01 18 MIN    87
2021 07 22 07 04 MAX   216
2021 07 22 13 08 MIN    49
2021 07 22 20 10 MAX   267
2021 07 23 02 10 MIN    73
2021 07 23 07 59 MAX   225
2021 07 23 14 01 MIN    37
2021 07 23 20 58 MAX   280
2021 07 24 02 56 MIN    62
2021 07 24 08 49 MAX   234
2021 07 24 14 49 MIN    29
2021 07 24 21 42 MAX   287
2021 07 25 03 38 MIN    56
2021 07 25 09 34 MAX   240
2021 07 25 15 32 MIN    27
2021 07 25 22 21 MAX   286
2021 07 26 04 17 MIN    56
2021 07 26 10 16 MAX   241
2021 07 26 16 13 MIN    33
2021 07 26 22 58 MAX   279
2021 07 27 04 53 MIN    62
2021 07 27 10 56 MAX   238
2021 07 27 16 50 MIN    46
2021 07 27 23 30 MAX   266
2021 07 28 05 29 MIN    71
2021 07 28 11 34 MAX   230
2021 07 28 17 26 MIN    64
2021 07 29 00 00 MAX   249
2021 07 29 00 00 MAX   249
2021 07 29 06 04 MIN    82
2021 07 29 12 13 MAX   220
2021 07 29 18 01 MIN    85
2021 07 30 00 27 MAX   232
2021 07 30 06 41 MIN    93
2021 07 30 12 54 MAX   210
2021 07 30 18 39 MIN   105
2021 07 31 00 55 MAX   215
2021 07 31 07 22 MIN   104
2021 07 31 13 44 MAX   200
2021 07 31 19 24 MIN   124
2021 08 01 01 29 MAX   199
2021 08 01 08 15 MIN   112
2021 08 01 14 52 MAX   193
2021 08 01 20 30 MIN   139
2021 08 02 02 23 MAX   185
2021 08 02 09 26 MIN   115
2021 08 02 16 20 MAX   194
2021 08 02 22 19 MIN   144
2021 08 03 04 01 MAX   177
2021 08 03 10 45 MIN   112
2021 08 03 17 42 MAX   203
2021 08 04 00 03 MIN   136
2021 08 04 05 33 MAX   179
2021 08 04 11 50 MIN   103
2021 08 04 18 42 MAX   216
2021 08 05 01 02 MIN   123
2021 08 05 06 34 MAX   187
2021 08 05 12 43 MIN    91
2021 08 05 19 29 MAX   230
2021 08 06 01 42 MIN   109
2021 08 06 07 21 MAX   197
2021 08 06 13 26 MIN    77
2021 08 06 20 08 MAX   245
2021 08 07 02 15 MIN    96
2021 08 07 08 01 MAX   209
2021 08 07 14 04 MIN    63
2021 08 07 20 44 MAX   258
2021 08 08 02 46 MIN    84
2021 08 08 08 39 MAX   221
2021 08 08 14 41 MIN    51
2021 08 08 21 19 MAX   270
2021 08 09 03 17 MIN    73
2021 08 09 09 16 MAX   232
2021 08 09 15 17 MIN    42
2021 08 09 21 53 MAX   278
2021 08 10 03 48 MIN    65
2021 08 10 09 54 MAX   240
2021 08 10 15 53 MIN    37
2021 08 10 22 26 MAX   282
2021 08 11 04 20 MIN    59
2021 08 11 10 32 MAX   245
2021 08 11 16 30 MIN    40
2021 08 11 23 00 MAX   279
2021 08 12 04 55 MIN    58
2021 08 12 11 12 MAX   246
2021 08 12 17 08 MIN    49
2021 08 12 23 35 MAX   270
2021 08 13 05 31 MIN    61
2021 08 13 11 53 MAX   241
2021 08 13 17 50 MIN    65
2021 08 14 00 11 MAX   254
2021 08 14 06 11 MIN    68
2021 08 14 12 40 MAX   232
2021 08 14 18 37 MIN    86
2021 08 15 00 52 MAX   234
2021 08 15 06 57 MIN    78
2021 08 15 13 38 MAX   220
2021 08 15 19 37 MIN   108
2021 08 16 01 42 MAX   213
2021 08 16 07 55 MIN    89
2021 08 16 15 00 MAX   211
2021 08 16 21 04 MIN   125
2021 08 17 02 56 MAX   194
2021 08 17 09 13 MIN    96
2021 08 17 16 49 MAX   213
2021 08 17 23 00 MIN   126
2021 08 18 04 38 MAX   187
2021 08 18 10 46 MIN    93
2021 08 18 18 17 MAX   228
2021 08 19 00 28 MIN   112
2021 08 19 06 04 MAX   195
2021 08 19 12 07 MIN    80
2021 08 19 19 19 MAX   247
2021 08 20 01 23 MIN    93
2021 08 20 07 07 MAX   210
2021 08 20 13 08 MIN    62
2021 08 20 20 07 MAX   264
2021 08 21 02 05 MIN    75
2021 08 21 07 57 MAX   226
2021 08 21 13 56 MIN    46
2021 08 21 20 47 MAX   277
2021 08 22 02 43 MIN    61
2021 08 22 08 40 MAX   240
2021 08 22 14 38 MIN    35
2021 08 22 21 24 MAX   284
2021 08 23 03 17 MIN    53
2021 08 23 09 20 MAX   250
2021 08 23 15 16 MIN    32
2021 08 23 21 57 MAX   283
2021 08 24 03 50 MIN    50
2021 08 24 09 56 MAX   253
2021 08 24 15 51 MIN    37
2021 08 24 22 26 MAX   276
2021 08 25 04 22 MIN    53
2021 08 25 10 31 MAX   251
2021 08 25 16 24 MIN    49
2021 08 25 22 53 MAX   264
2021 08 26 04 52 MIN    61
2021 08 26 11 04 MAX   245
2021 08 26 16 54 MIN    66
2021 08 26 23 17 MAX   248
2021 08 27 05 20 MIN    71
2021 08 27 11 37 MAX   235
2021 08 27 17 24 MIN    85
2021 08 27 23 37 MAX   232
2021 08 28 05 48 MIN    83
2021 08 28 12 10 MAX   223
2021 08 28 17 55 MIN   105
2021 08 28 23 57 MAX   215
2021 08 29 06 17 MIN    96
2021 08 29 12 48 MAX   210
2021 08 29 18 31 MIN   124
2021 08 30 00 22 MAX   198
2021 08 30 06 55 MIN   109
2021 08 30 13 42 MAX   198
2021 08 30 19 24 MIN   141
2021 08 31 00 58 MAX   181
2021 08 31 07 57 MIN   120
2021 08 31 15 13 MAX   191
2021 08 31 21 33 MIN   152
2021 09 01 02 40 MAX   166
2021 09 01 09 50 MIN   124
2021 09 01 17 13 MAX   196
2021 09 02 00 11 MIN   140
2021 09 02 05 23 MAX   168
2021 09 02 11 27 MIN   114
2021 09 02 18 27 MAX   211
2021 09 03 00 59 MIN   124
2021 09 03 06 30 MAX   182
2021 09 03 12 27 MIN    98
2021 09 03 19 13 MAX   228
2021 09 04 01 29 MIN   107
2021 09 04 07 12 MAX   198
2021 09 04 13 10 MIN    80
2021 09 04 19 49 MAX   245
2021 09 05 01 56 MIN    90
2021 09 05 07 49 MAX   215
2021 09 05 13 47 MIN    61
2021 09 05 20 22 MAX   261
2021 09 06 02 23 MIN    74
2021 09 06 08 24 MAX   232
2021 09 06 14 22 MIN    45
2021 09 06 20 54 MAX   275
2021 09 07 02 51 MIN    58
2021 09 07 09 00 MAX   249
2021 09 07 14 58 MIN    32
2021 09 07 21 26 MAX   284
2021 09 08 03 21 MIN    44
2021 09 08 09 37 MAX   261
2021 09 08 15 34 MIN    27
2021 09 08 21 59 MAX   288
2021 09 09 03 54 MIN    36
2021 09 09 10 15 MAX   268
2021 09 09 16 11 MIN    30
2021 09 09 22 33 MAX   283
2021 09 10 04 27 MIN    34
2021 09 10 10 54 MAX   268
2021 09 10 16 50 MIN    43
2021 09 10 23 07 MAX   269
2021 09 11 05 03 MIN    40
2021 09 11 11 36 MAX   259
2021 09 11 17 32 MIN    64
2021 09 11 23 43 MAX   247
2021 09 12 05 42 MIN    54
2021 09 12 12 21 MAX   243
2021 09 12 18 19 MIN    90
2021 09 13 00 22 MAX   221
2021 09 13 06 25 MIN    73
2021 09 13 13 17 MAX   224
2021 09 13 19 22 MIN   117
2021 09 14 01 12 MAX   194
2021 09 14 07 22 MIN    93
2021 09 14 14 50 MAX   208
2021 09 14 21 14 MIN   134
2021 09 15 02 45 MAX   174
2021 09 15 08 57 MIN   106
2021 09 15 17 01 MAX   210
2021 09 15 23 30 MIN   125
2021 09 16 04 58 MAX   175
2021 09 16 10 54 MIN   103
2021 09 16 18 22 MAX   226
2021 09 17 00 35 MIN   106
2021 09 17 06 16 MAX   192
2021 09 17 12 12 MIN    86
2021 09 17 19 12 MAX   244
2021 09 18 01 15 MIN    86
2021 09 18 07 06 MAX   213
2021 09 18 13 03 MIN    67
2021 09 18 19 51 MAX   258
2021 09 19 01 48 MIN    68
2021 09 19 07 46 MAX   232
2021 09 19 13 44 MIN    51
2021 09 19 20 25 MAX   267
2021 09 20 02 19 MIN    54
2021 09 20 08 24 MAX   247
2021 09 20 14 20 MIN    41
2021 09 20 20 56 MAX   271
2021 09 21 02 50 MIN    45
2021 09 21 08 59 MAX   257
2021 09 21 14 54 MIN    39
2021 09 21 21 25 MAX   269
2021 09 22 03 20 MIN    42
2021 09 22 09 33 MAX   260
2021 09 22 15 26 MIN    43
2021 09 22 21 51 MAX   262
2021 09 23 03 47 MIN    43
2021 09 23 10 04 MAX   259
2021 09 23 15 56 MIN    53
2021 09 23 22 14 MAX   251
2021 09 24 04 14 MIN    50
2021 09 24 10 34 MAX   253
2021 09 24 16 25 MIN    67
2021 09 24 22 35 MAX   239
2021 09 25 04 39 MIN    59
2021 09 25 11 04 MAX   244
2021 09 25 16 53 MIN    83
2021 09 25 22 54 MAX   224
2021 09 26 05 02 MIN    71
2021 09 26 11 34 MAX   233
2021 09 26 17 23 MIN   100
2021 09 26 23 15 MAX   209
2021 09 27 05 28 MIN    85
2021 09 27 12 08 MAX   219
2021 09 27 17 57 MIN   118
2021 09 27 23 39 MAX   192
2021 09 28 05 59 MIN   100
2021 09 28 12 53 MAX   204
2021 09 28 18 44 MIN   135
2021 09 29 00 09 MAX   174
2021 09 29 06 48 MIN   116
2021 09 29 14 12 MAX   191
2021 09 29 20 49 MIN   148
2021 09 30 01 28 MAX   156
2021 09 30 08 51 MIN   126
2021 09 30 16 29 MAX   191
2021 10 01 00 01 MIN   136
2021 10 01 05 18 MAX   161
2021 10 01 10 56 MIN   118
2021 10 01 17 55 MAX   205
2021 10 02 00 36 MIN   118
2021 10 02 06 16 MAX   179
2021 10 02 12 00 MIN   100
2021 10 02 18 41 MAX   222
2021 10 03 01 01 MIN    99
2021 10 03 06 53 MAX   199
2021 10 03 12 44 MIN    79
2021 10 03 19 16 MAX   240
2021 10 04 01 24 MIN    79
2021 10 04 07 28 MAX   221
2021 10 04 13 21 MIN    58
2021 10 04 19 48 MAX   257
2021 10 05 01 50 MIN    58
2021 10 05 08 03 MAX   243
2021 10 05 13 58 MIN    39
2021 10 05 20 21 MAX   271
2021 10 06 02 19 MIN    37
2021 10 06 08 39 MAX   263
2021 10 06 14 35 MIN    26
2021 10 06 20 55 MAX   280
2021 10 07 02 51 MIN    21
2021 10 07 09 18 MAX   278
2021 10 07 15 14 MIN    21
2021 10 07 21 30 MAX   281
2021 10 08 03 26 MIN    12
2021 10 08 09 57 MAX   285
2021 10 08 15 54 MIN    26
2021 10 08 22 06 MAX   272
2021 10 09 04 01 MIN    14
2021 10 09 10 38 MAX   281
2021 10 09 16 35 MIN    42
2021 10 09 22 42 MAX   255
2021 10 10 04 39 MIN    25
2021 10 10 11 21 MAX   268
2021 10 10 17 20 MIN    65
2021 10 10 23 20 MAX   230
2021 10 11 05 18 MIN    45
2021 10 11 12 09 MAX   247
2021 10 11 18 11 MIN    92
2021 10 12 00 03 MAX   203
2021 10 12 06 04 MIN    69
2021 10 12 13 10 MAX   223
2021 10 12 19 24 MIN   117
2021 10 13 01 02 MAX   177
2021 10 13 07 08 MIN    94
2021 10 13 14 52 MAX   207
2021 10 13 21 36 MIN   126
2021 10 14 03 06 MAX   163
2021 10 14 08 55 MIN   108
2021 10 14 16 50 MAX   208
2021 10 14 23 23 MIN   113
2021 10 15 05 04 MAX   174
2021 10 15 10 49 MIN   103
2021 10 15 18 02 MAX   221
2021 10 16 00 15 MIN    95
2021 10 16 06 07 MAX   194
2021 10 16 11 58 MIN    88
2021 10 16 18 47 MAX   233
2021 10 17 00 50 MIN    77
2021 10 17 06 50 MAX   215
2021 10 17 12 45 MIN    72
2021 10 17 19 24 MAX   242
2021 10 18 01 20 MIN    61
2021 10 18 07 28 MAX   232
2021 10 18 13 23 MIN    60
2021 10 18 19 55 MAX   248
2021 10 19 01 50 MIN    48
2021 10 19 08 03 MAX   246
2021 10 19 13 59 MIN    52
2021 10 19 20 24 MAX   249
2021 10 20 02 20 MIN    40
2021 10 20 08 37 MAX   255
2021 10 20 14 31 MIN    50
2021 10 20 20 51 MAX   247
2021 10 21 02 48 MIN    36
2021 10 21 09 08 MAX   259
2021 10 21 15 03 MIN    52
2021 10 21 21 15 MAX   241
2021 10 22 03 14 MIN    36
2021 10 22 09 39 MAX   259
2021 10 22 15 33 MIN    58
2021 10 22 21 38 MAX   233
2021 10 23 03 40 MIN    41
2021 10 23 10 09 MAX   256
2021 10 23 16 02 MIN    67
2021 10 23 22 01 MAX   224
2021 10 24 04 04 MIN    48
2021 10 24 10 38 MAX   248
2021 10 24 16 32 MIN    79
2021 10 24 22 24 MAX   213
2021 10 25 04 30 MIN    59
2021 10 25 11 08 MAX   238
2021 10 25 17 03 MIN    92
2021 10 25 22 49 MAX   199
2021 10 26 04 58 MIN    73
2021 10 26 11 44 MAX   225
2021 10 26 17 39 MIN   107
2021 10 26 23 17 MAX   184
2021 10 27 05 32 MIN    89
2021 10 27 12 27 MAX   209
2021 10 27 18 28 MIN   123
2021 10 27 23 53 MAX   167
2021 10 28 06 21 MIN   106
2021 10 28 13 34 MAX   195
2021 10 28 20 04 MIN   135
2021 10 29 01 17 MAX   152
2021 10 29 08 01 MIN   118
2021 10 29 15 22 MAX   190
2021 10 29 22 47 MIN   128
2021 10 30 04 32 MAX   157
2021 10 30 10 00 MIN   114
2021 10 30 16 55 MAX   199
2021 10 30 23 42 MIN   111
2021 10 31 05 38 MAX   176
2021 10 31 11 15 MIN    99
2021 10 31 17 50 MAX   214
2021 11 01 00 12 MIN    90
2021 11 01 06 20 MAX   199
2021 11 01 12 07 MIN    78
2021 11 01 18 31 MAX   230
2021 11 02 00 41 MIN    67
2021 11 02 06 58 MAX   223
2021 11 02 12 51 MIN    58
2021 11 02 19 09 MAX   245
2021 11 03 01 12 MIN    43
2021 11 03 07 37 MAX   248
2021 11 03 13 32 MIN    39
2021 11 03 19 46 MAX   257
2021 11 04 01 46 MIN    20
2021 11 04 08 18 MAX   269
2021 11 04 14 15 MIN    27
2021 11 04 20 25 MAX   264
2021 11 05 02 23 MIN     4
2021 11 05 09 00 MAX   284
2021 11 05 14 57 MIN    22
2021 11 05 21 04 MAX   262
2021 11 06 03 01 MIN    -3
2021 11 06 09 43 MAX   289
2021 11 06 15 41 MIN    28
2021 11 06 21 44 MAX   253
2021 11 07 03 41 MIN     1
2021 11 07 10 27 MAX   284
2021 11 07 16 27 MIN    42
2021 11 07 22 26 MAX   236
2021 11 08 04 23 MIN    15
2021 11 08 11 14 MAX   269
2021 11 08 17 15 MIN    62
2021 11 08 23 09 MAX   214
2021 11 09 05 07 MIN    37
2021 11 09 12 05 MAX   248
2021 11 09 18 12 MIN    84
2021 11 09 23 59 MAX   191
2021 11 10 05 58 MIN    61
2021 11 10 13 07 MAX   226
2021 11 10 19 25 MIN   102
2021 11 11 01 08 MAX   172
2021 11 11 07 04 MIN    84
2021 11 11 14 30 MAX   210
2021 11 11 21 04 MIN   109
2021 11 12 02 54 MAX   165
2021 11 12 08 34 MIN    99
2021 11 12 16 04 MAX   204
2021 11 12 22 35 MIN   101
2021 11 13 04 32 MAX   174
2021 11 13 10 10 MIN   100
2021 11 13 17 17 MAX   207
2021 11 13 23 33 MIN    88
2021 11 14 05 37 MAX   191
2021 11 14 11 24 MIN    93
2021 11 14 18 07 MAX   213
2021 11 15 00 13 MIN    73
2021 11 15 06 24 MAX   208
2021 11 15 12 17 MIN    83
2021 11 15 18 46 MAX   218
2021 11 16 00 47 MIN    60
2021 11 16 07 04 MAX   223
2021 11 16 12 59 MIN    73
2021 11 16 19 19 MAX   220
2021 11 17 01 19 MIN    48
2021 11 17 07 41 MAX   235
2021 11 17 13 37 MIN    66
2021 11 17 19 50 MAX   221
2021 11 18 01 49 MIN    40
2021 11 18 08 15 MAX   244
2021 11 18 14 11 MIN    62
2021 11 18 20 18 MAX   220
2021 11 19 02 18 MIN    35
2021 11 19 08 47 MAX   250
2021 11 19 14 44 MIN    60
2021 11 19 20 45 MAX   218
2021 11 20 02 47 MIN    33
2021 11 20 09 19 MAX   252
2021 11 20 15 16 MIN    61
2021 11 20 21 11 MAX   214
2021 11 21 03 15 MIN    35
2021 11 21 09 50 MAX   251
2021 11 21 15 48 MIN    65
2021 11 21 21 39 MAX   209
2021 11 22 03 44 MIN    39
2021 11 22 10 22 MAX   247
2021 11 22 16 20 MIN    71
2021 11 22 22 08 MAX   202
2021 11 23 04 14 MIN    48
2021 11 23 10 56 MAX   240
2021 11 23 16 54 MIN    81
2021 11 23 22 39 MAX   192
2021 11 24 04 47 MIN    59
2021 11 24 11 32 MAX   229
2021 11 24 17 32 MIN    92
2021 11 24 23 14 MAX   180
2021 11 25 05 26 MIN    73
2021 11 25 12 15 MAX   216
2021 11 25 18 20 MIN   104
2021 11 25 23 58 MAX   167
2021 11 26 06 16 MIN    87
2021 11 26 13 10 MAX   204
2021 11 26 19 24 MIN   112
2021 11 27 01 14 MAX   157
2021 11 27 07 26 MIN    98
2021 11 27 14 20 MAX   196
2021 11 27 20 52 MIN   112
2021 11 28 03 11 MAX   158
2021 11 28 08 55 MIN   101
2021 11 28 15 38 MAX   196
2021 11 28 22 12 MIN   100
2021 11 29 04 37 MAX   173
2021 11 29 10 16 MIN    94
2021 11 29 16 46 MAX   203
2021 11 29 23 07 MIN    81
2021 11 30 05 37 MAX   194
2021 11 30 11 24 MIN    79
2021 11 30 17 40 MAX   214
2021 11 30 23 52 MIN    58
2021 12 01 06 27 MAX   218
2021 12 01 12 20 MIN    62
2021 12 01 18 29 MAX   225
2021 12 02 00 35 MIN    34
2021 12 02 07 14 MAX   242
2021 12 02 13 11 MIN    46
2021 12 02 19 15 MAX   234
2021 12 03 01 18 MIN    13
2021 12 03 08 01 MAX   263
2021 12 03 14 00 MIN    34
2021 12 03 20 00 MAX   238
2021 12 04 02 01 MIN    -1
2021 12 04 08 48 MAX   277
2021 12 04 14 48 MIN    28
2021 12 04 20 46 MAX   238
2021 12 05 02 46 MIN    -8
2021 12 05 09 35 MAX   283
2021 12 05 15 36 MIN    29
2021 12 05 21 32 MAX   233
2021 12 06 03 31 MIN    -5
2021 12 06 10 23 MAX   281
2021 12 06 16 24 MIN    37
2021 12 06 22 18 MAX   223
2021 12 07 04 17 MIN     5
2021 12 07 11 11 MAX   270
2021 12 07 17 13 MIN    50
2021 12 07 23 05 MAX   209
2021 12 08 05 04 MIN    23
2021 12 08 12 00 MAX   253
2021 12 08 18 05 MIN    65
2021 12 08 23 57 MAX   194
2021 12 09 05 54 MIN    44
2021 12 09 12 52 MAX   233
2021 12 09 19 02 MIN    79
2021 12 10 00 57 MAX   181
2021 12 10 06 49 MIN    65
2021 12 10 13 48 MAX   214
2021 12 10 20 07 MIN    88
2021 12 11 02 09 MAX   172
2021 12 11 07 52 MIN    84
2021 12 11 14 53 MAX   199
2021 12 11 21 21 MIN    90
2021 12 12 03 31 MAX   172
2021 12 12 09 07 MIN    96
2021 12 12 16 05 MAX   191
2021 12 12 22 30 MIN    86
2021 12 13 04 48 MAX   179
2021 12 13 10 28 MIN   100
2021 12 13 17 09 MAX   188
2021 12 13 23 25 MIN    76
2021 12 14 05 49 MAX   191
2021 12 14 11 39 MIN    97
2021 12 14 18 00 MAX   188
2021 12 15 00 09 MIN    66
2021 12 15 06 38 MAX   204
2021 12 15 12 34 MIN    89
2021 12 15 18 42 MAX   190
2021 12 16 00 48 MIN    55
2021 12 16 07 19 MAX   215
2021 12 16 13 19 MIN    81
2021 12 16 19 18 MAX   192
2021 12 17 01 23 MIN    46
2021 12 17 07 57 MAX   226
2021 12 17 13 58 MIN    72
2021 12 17 19 52 MAX   195
2021 12 18 01 57 MIN    38
2021 12 18 08 32 MAX   235
2021 12 18 14 34 MIN    65
2021 12 18 20 24 MAX   198
2021 12 19 02 30 MIN    33
2021 12 19 09 06 MAX   241
2021 12 19 15 07 MIN    61
2021 12 19 20 56 MAX   199
2021 12 20 03 03 MIN    30
2021 12 20 09 40 MAX   245
2021 12 20 15 41 MIN    59
2021 12 20 21 29 MAX   200
2021 12 21 03 35 MIN    30
2021 12 21 10 14 MAX   245
2021 12 21 16 13 MIN    60
2021 12 21 22 03 MAX   198
2021 12 22 04 09 MIN    33
2021 12 22 10 49 MAX   242
2021 12 22 16 47 MIN    64
2021 12 22 22 38 MAX   193
2021 12 23 04 45 MIN    40
2021 12 23 11 25 MAX   236
2021 12 23 17 23 MIN    70
2021 12 23 23 16 MAX   187
2021 12 24 05 23 MIN    49
2021 12 24 12 02 MAX   227
2021 12 24 18 03 MIN    77
2021 12 25 00 00 MAX   179
2021 12 25 00 00 MAX   179
2021 12 25 06 06 MIN    60
2021 12 25 12 44 MAX   217
2021 12 25 18 49 MIN    82
2021 12 26 00 54 MAX   173
2021 12 26 06 57 MIN    72
2021 12 26 13 33 MAX   207
2021 12 26 19 44 MIN    84
2021 12 27 02 04 MAX   170
2021 12 27 08 01 MIN    81
2021 12 27 14 31 MAX   198
2021 12 27 20 49 MIN    80
2021 12 28 03 28 MAX   174
2021 12 28 09 18 MIN    86
2021 12 28 15 40 MAX   194
2021 12 28 21 59 MIN    70
2021 12 29 04 49 MAX   187
2021 12 29 10 41 MIN    83
2021 12 29 16 50 MAX   194
2021 12 29 23 04 MIN    54
2021 12 30 05 58 MAX   206
2021 12 30 11 56 MIN    72
2021 12 30 17 54 MAX   198
2021 12 31 00 03 MIN    36
2021 12 31 06 59 MAX   228
2021 12 31 12 59 MIN    58
2021 12 31 18 53 MAX   205
