 <API - 조위예측극치자료>

대상조위관측소 : 포항
위도(WGS84) : N 129.3745
경도(WGS84) : E 36.0516
관측기관 : 20201221 ~ 20220101

2020 12 21 03 25 MIN    23
2020 12 21 07 42 MAX    26
2020 12 21 15 50 MIN    13
2020 12 21 23 28 MAX    23
2020 12 22 04 39 MIN    20
2020 12 22 09 02 MAX    23
2020 12 22 16 35 MIN    14
2020 12 22 23 52 MAX    21
2020 12 23 05 45 MIN    17
2020 12 23 10 37 MAX    20
2020 12 23 17 15 MIN    15
2020 12 23 23 59 MAX    20
2020 12 24 06 45 MIN    15
2020 12 24 12 45 MAX    18
2020 12 24 17 50 MIN    16
2020 12 24 23 56 MAX    19
2020 12 25 07 34 MIN    12
2020 12 25 14 47 MAX    18
2020 12 25 18 16 MIN    17
2020 12 25 23 46 MAX    20
2020 12 26 08 16 MIN    10
2020 12 26 16 12 MAX    19
2020 12 26 18 35 MIN    18
2020 12 26 23 56 MAX    20
2020 12 27 08 55 MIN     8
2020 12 27 17 20 MAX    20
2020 12 27 18 54 MIN    19
2020 12 28 00 29 MAX    21
2020 12 28 09 34 MIN     7
2020 12 28 18 11 MAX    21
2020 12 28 19 28 MIN    20
2020 12 29 01 16 MAX    23
2020 12 29 10 14 MIN     7
2020 12 30 02 03 MAX    24
2020 12 30 10 57 MIN     7
2020 12 31 02 48 MAX    25
2020 12 31 11 40 MIN     7
2020 12 31 19 52 MAX    23
2020 12 31 21 46 MIN    22
2021 01 01 03 30 MAX    26
2021 01 01 12 25 MIN     7
2021 01 01 20 27 MAX    23
2021 01 01 22 22 MIN    22
2021 01 02 04 13 MAX    26
2021 01 02 13 10 MIN     7
2021 01 03 04 57 MAX    26
2021 01 03 13 55 MIN     7
2021 01 03 21 31 MAX    22
2021 01 04 00 00 MIN    21
2021 01 04 00 00 MIN    21
2021 01 04 05 45 MAX    25
2021 01 04 14 41 MIN     8
2021 01 04 21 57 MAX    20
2021 01 05 01 30 MIN    19
2021 01 05 06 43 MAX    23
2021 01 05 15 27 MIN     9
2021 01 05 22 17 MAX    19
2021 01 06 02 46 MIN    16
2021 01 06 07 58 MAX    20
2021 01 06 16 15 MIN    10
2021 01 06 22 33 MAX    19
2021 01 07 04 23 MIN    13
2021 01 07 10 14 MAX    18
2021 01 07 17 03 MIN    12
2021 01 07 22 47 MAX    19
2021 01 08 05 33 MIN    10
2021 01 08 13 00 MAX    17
2021 01 08 17 51 MIN    14
2021 01 08 23 10 MAX    19
2021 01 09 06 37 MIN     6
2021 01 09 15 09 MAX    18
2021 01 09 18 30 MIN    17
2021 01 09 23 44 MAX    20
2021 01 10 07 37 MIN     4
2021 01 10 16 36 MAX    19
2021 01 10 19 15 MIN    18
2021 01 11 00 27 MAX    22
2021 01 11 08 33 MIN     2
2021 01 12 01 16 MAX    23
2021 01 12 09 29 MIN     2
2021 01 13 02 08 MAX    24
2021 01 13 10 25 MIN     2
2021 01 13 19 31 MAX    21
2021 01 13 21 00 MIN    20
2021 01 14 02 58 MAX    25
2021 01 14 11 21 MIN     3
2021 01 15 03 48 MAX    25
2021 01 15 12 16 MIN     3
2021 01 15 20 40 MAX    20
2021 01 15 22 50 MIN    19
2021 01 16 04 37 MAX    24
2021 01 16 13 06 MIN     4
2021 01 16 21 08 MAX    19
2021 01 17 00 30 MIN    18
2021 01 17 05 27 MAX    22
2021 01 17 13 49 MIN     5
2021 01 17 21 32 MAX    18
2021 01 18 01 54 MIN    16
2021 01 18 06 21 MAX    20
2021 01 18 14 27 MIN     6
2021 01 18 21 50 MAX    17
2021 01 19 03 00 MIN    13
2021 01 19 07 27 MAX    17
2021 01 19 15 01 MIN     7
2021 01 19 22 01 MAX    15
2021 01 20 03 57 MIN    11
2021 01 20 08 56 MAX    14
2021 01 20 15 31 MIN     8
2021 01 20 22 02 MAX    14
2021 01 21 04 54 MIN     8
2021 01 21 10 40 MAX    12
2021 01 21 15 53 MIN     9
2021 01 21 21 53 MAX    13
2021 01 22 05 52 MIN     5
2021 01 22 21 45 MAX    13
2021 01 23 06 46 MIN     3
2021 01 23 21 56 MAX    13
2021 01 24 07 35 MIN     1
2021 01 24 22 31 MAX    14
2021 01 25 08 19 MIN     0
2021 01 25 23 27 MAX    15
2021 01 26 09 02 MIN    -1
2021 01 27 00 40 MAX    15
2021 01 27 09 47 MIN    -1
2021 01 28 01 46 MAX    17
2021 01 28 10 34 MIN    -1
2021 01 29 02 38 MAX    18
2021 01 29 11 23 MIN    -1
2021 01 30 03 26 MAX    19
2021 01 30 12 13 MIN    -1
2021 01 31 04 12 MAX    19
2021 01 31 13 01 MIN     0
2021 01 31 20 25 MAX    15
2021 01 31 23 02 MIN    13
2021 02 01 05 00 MAX    19
2021 02 01 13 44 MIN     1
2021 02 01 20 46 MAX    14
2021 02 02 00 05 MIN    11
2021 02 02 05 55 MAX    17
2021 02 02 14 25 MIN     3
2021 02 02 20 59 MAX    13
2021 02 03 01 26 MIN     9
2021 02 03 07 05 MAX    15
2021 02 03 15 03 MIN     5
2021 02 03 21 04 MAX    13
2021 02 04 03 03 MIN     6
2021 02 04 09 32 MAX    12
2021 02 04 15 40 MIN     7
2021 02 04 21 11 MAX    14
2021 02 05 04 14 MIN     2
2021 02 05 11 36 MAX    11
2021 02 05 16 17 MIN     9
2021 02 05 21 34 MAX    14
2021 02 06 05 21 MIN    -1
2021 02 06 22 12 MAX    15
2021 02 07 06 27 MIN    -3
2021 02 07 23 01 MAX    15
2021 02 08 07 31 MIN    -4
2021 02 09 00 02 MAX    16
2021 02 09 08 30 MIN    -5
2021 02 10 01 08 MAX    16
2021 02 10 09 28 MIN    -4
2021 02 11 02 07 MAX    16
2021 02 11 10 25 MIN    -3
2021 02 12 02 59 MAX    17
2021 02 12 11 19 MIN    -2
2021 02 12 19 30 MAX    13
2021 02 12 22 30 MIN    12
2021 02 13 03 47 MAX    16
2021 02 13 12 06 MIN    -1
2021 02 13 19 56 MAX    12
2021 02 13 22 30 MIN    11
2021 02 14 04 34 MAX    16
2021 02 14 12 44 MIN     0
2021 02 14 20 16 MAX    12
2021 02 15 00 51 MIN     9
2021 02 15 05 23 MAX    14
2021 02 15 13 16 MIN     1
2021 02 15 20 27 MAX    11
2021 02 16 01 45 MIN     7
2021 02 16 06 23 MAX    12
2021 02 16 13 44 MIN     3
2021 02 16 20 27 MAX    11
2021 02 17 02 32 MIN     5
2021 02 17 07 54 MAX    10
2021 02 17 14 06 MIN     4
2021 02 17 20 14 MAX    10
2021 02 18 03 19 MIN     2
2021 02 18 09 30 MAX     8
2021 02 18 14 17 MIN     5
2021 02 18 19 56 MAX    10
2021 02 19 04 08 MIN     0
2021 02 19 11 03 MAX     7
2021 02 19 13 45 MIN     6
2021 02 19 19 55 MAX    10
2021 02 20 05 00 MIN    -2
2021 02 20 20 11 MAX    10
2021 02 21 05 54 MIN    -4
2021 02 21 20 42 MAX    10
2021 02 22 06 46 MIN    -5
2021 02 22 21 26 MAX    10
2021 02 23 07 36 MIN    -5
2021 02 23 22 30 MAX    10
2021 02 24 08 24 MIN    -6
2021 02 25 00 08 MAX    11
2021 02 25 09 13 MIN    -5
2021 02 26 01 33 MAX    12
2021 02 26 10 05 MIN    -5
2021 02 27 02 33 MAX    14
2021 02 27 11 01 MIN    -4
2021 02 28 03 25 MAX    15
2021 02 28 11 55 MIN    -3
2021 02 28 19 08 MAX    11
2021 02 28 22 15 MIN     9
2021 03 01 04 16 MAX    16
2021 03 01 12 43 MIN    -1
2021 03 01 19 24 MAX    11
2021 03 01 23 15 MIN     7
2021 03 02 05 13 MAX    15
2021 03 02 13 24 MIN     2
2021 03 02 19 26 MAX    11
2021 03 03 00 30 MIN     5
2021 03 03 06 38 MAX    13
2021 03 03 13 59 MIN     5
2021 03 03 19 08 MAX    12
2021 03 04 01 53 MIN     2
2021 03 04 09 06 MAX    12
2021 03 04 14 28 MIN     7
2021 03 04 19 21 MAX    13
2021 03 05 02 58 MIN    -1
2021 03 05 10 32 MAX    11
2021 03 05 14 46 MIN     9
2021 03 05 19 53 MAX    14
2021 03 06 04 01 MIN    -3
2021 03 06 20 37 MAX    15
2021 03 07 05 07 MIN    -5
2021 03 07 21 32 MAX    15
2021 03 08 06 14 MIN    -5
2021 03 08 22 40 MAX    14
2021 03 09 07 21 MIN    -5
2021 03 09 23 58 MAX    14
2021 03 10 08 22 MIN    -5
2021 03 10 17 09 MAX    12
2021 03 10 20 15 MIN    10
2021 03 11 01 13 MAX    13
2021 03 11 09 20 MIN    -3
2021 03 11 17 39 MAX    12
2021 03 11 21 15 MIN    10
2021 03 12 02 14 MAX    14
2021 03 12 10 15 MIN    -2
2021 03 12 18 09 MAX    12
2021 03 12 22 23 MIN     9
2021 03 13 03 05 MAX    14
2021 03 13 11 01 MIN     0
2021 03 13 18 34 MAX    12
2021 03 13 23 22 MIN     9
2021 03 14 03 53 MAX    14
2021 03 14 11 39 MIN     2
2021 03 14 18 50 MAX    12
2021 03 15 00 07 MIN     8
2021 03 15 04 43 MAX    13
2021 03 15 12 08 MIN     3
2021 03 15 18 50 MAX    12
2021 03 16 00 46 MIN     6
2021 03 16 05 47 MAX    13
2021 03 16 12 32 MIN     5
2021 03 16 18 16 MAX    12
2021 03 17 01 24 MIN     4
2021 03 17 07 27 MAX    12
2021 03 17 12 51 MIN     7
2021 03 17 18 01 MAX    13
2021 03 18 02 03 MIN     3
2021 03 18 08 47 MAX    11
2021 03 18 12 58 MIN     9
2021 03 18 18 06 MAX    13
2021 03 19 02 44 MIN     1
2021 03 19 09 57 MAX    11
2021 03 19 13 00 MIN    10
2021 03 19 18 19 MAX    14
2021 03 20 03 27 MIN     0
2021 03 20 18 38 MAX    14
2021 03 21 04 13 MIN    -1
2021 03 21 19 04 MAX    13
2021 03 22 05 03 MIN    -2
2021 03 22 19 37 MAX    13
2021 03 23 05 56 MIN    -2
2021 03 23 20 22 MAX    13
2021 03 24 06 49 MIN    -2
2021 03 24 16 35 MAX    13
2021 03 25 07 41 MIN    -2
2021 03 25 23 41 MAX    14
2021 03 26 08 34 MIN    -1
2021 03 26 16 55 MAX    14
2021 03 26 20 00 MIN    13
2021 03 27 01 26 MAX    15
2021 03 27 09 30 MIN     0
2021 03 27 17 16 MAX    14
2021 03 27 20 40 MIN    12
2021 03 28 02 35 MAX    17
2021 03 28 10 30 MIN     3
2021 03 28 17 32 MAX    15
2021 03 28 21 20 MIN    11
2021 03 29 03 36 MAX    18
2021 03 29 11 28 MIN     5
2021 03 29 17 30 MAX    15
2021 03 29 22 23 MIN    10
2021 03 30 04 46 MAX    19
2021 03 30 12 16 MIN     9
2021 03 30 17 10 MAX    17
2021 03 30 23 35 MIN     8
2021 03 31 07 05 MAX    19
2021 03 31 12 53 MIN    12
2021 03 31 17 19 MAX    19
2021 04 01 00 45 MIN     5
2021 04 01 08 30 MAX    19
2021 04 01 13 16 MIN    15
2021 04 01 17 43 MAX    21
2021 04 02 01 46 MIN     3
2021 04 02 09 42 MAX    19
2021 04 02 13 15 MIN    17
2021 04 02 18 18 MAX    22
2021 04 03 02 44 MIN     2
2021 04 03 19 02 MAX    23
2021 04 04 03 45 MIN     1
2021 04 04 19 59 MAX    23
2021 04 05 04 49 MIN     1
2021 04 05 21 11 MAX    21
2021 04 06 05 57 MIN     2
2021 04 06 22 33 MAX    20
2021 04 07 07 03 MIN     3
2021 04 07 15 49 MAX    18
2021 04 07 19 35 MIN    16
2021 04 08 00 01 MAX    19
2021 04 08 08 02 MIN     5
2021 04 08 16 15 MAX    18
2021 04 08 20 45 MIN    15
2021 04 09 01 21 MAX    18
2021 04 09 08 55 MIN     6
2021 04 09 16 42 MAX    18
2021 04 09 21 48 MIN    14
2021 04 10 02 27 MAX    19
2021 04 10 09 42 MIN     8
2021 04 10 17 03 MAX    18
2021 04 10 22 37 MIN    13
2021 04 11 03 25 MAX    19
2021 04 11 10 21 MIN    11
2021 04 11 17 09 MAX    18
2021 04 11 23 16 MIN    13
2021 04 12 04 24 MAX    19
2021 04 12 10 50 MIN    13
2021 04 12 16 43 MAX    19
2021 04 12 23 49 MIN    12
2021 04 13 05 41 MAX    20
2021 04 13 11 11 MIN    15
2021 04 13 16 27 MAX    20
2021 04 14 00 22 MIN    11
2021 04 14 07 04 MAX    20
2021 04 14 11 25 MIN    18
2021 04 14 16 30 MAX    22
2021 04 15 00 56 MIN    10
2021 04 15 08 11 MAX    21
2021 04 15 11 30 MIN    20
2021 04 15 16 42 MAX    23
2021 04 16 01 33 MIN     9
2021 04 16 17 01 MAX    24
2021 04 17 02 10 MIN     8
2021 04 17 17 24 MAX    25
2021 04 18 02 50 MIN     8
2021 04 18 17 50 MAX    24
2021 04 19 03 32 MIN     8
2021 04 19 18 19 MAX    24
2021 04 20 04 19 MIN     8
2021 04 20 18 53 MAX    24
2021 04 21 05 11 MIN     8
2021 04 21 15 53 MAX    23
2021 04 22 06 06 MIN     9
2021 04 22 15 24 MAX    23
2021 04 23 07 01 MIN    10
2021 04 23 15 29 MAX    24
2021 04 23 19 30 MIN    22
2021 04 23 23 41 MAX    23
2021 04 24 07 55 MIN    11
2021 04 24 15 41 MAX    24
2021 04 24 19 49 MIN    21
2021 04 25 01 34 MAX    24
2021 04 25 08 51 MIN    14
2021 04 25 15 44 MAX    24
2021 04 25 20 36 MIN    20
2021 04 26 03 01 MAX    26
2021 04 26 09 50 MIN    18
2021 04 26 15 36 MAX    26
2021 04 26 21 30 MIN    18
2021 04 27 04 48 MAX    28
2021 04 27 10 46 MIN    21
2021 04 27 15 39 MAX    28
2021 04 27 22 32 MIN    16
2021 04 28 06 33 MAX    29
2021 04 28 11 27 MIN    25
2021 04 28 15 56 MAX    31
2021 04 28 23 35 MIN    14
2021 04 29 07 49 MAX    31
2021 04 29 11 40 MIN    29
2021 04 29 16 23 MAX    34
2021 04 30 00 34 MIN    13
2021 04 30 08 56 MAX    32
2021 04 30 11 45 MIN    31
2021 04 30 16 58 MAX    36
2021 05 01 01 31 MIN    12
2021 05 01 17 41 MAX    36
2021 05 02 02 28 MIN    12
2021 05 02 18 34 MAX    36
2021 05 03 03 28 MIN    13
2021 05 03 19 41 MAX    34
2021 05 04 04 31 MIN    14
2021 05 04 21 00 MAX    32
2021 05 05 05 34 MIN    15
2021 05 05 14 25 MAX    30
2021 05 05 18 15 MIN    28
2021 05 05 22 26 MAX    30
2021 05 06 06 33 MIN    17
2021 05 06 14 50 MAX    30
2021 05 06 19 35 MIN    26
2021 05 07 00 00 MAX    29
2021 05 07 00 00 MAX    29
2021 05 07 07 26 MIN    19
2021 05 07 15 15 MAX    29
2021 05 07 20 40 MIN    25
2021 05 08 01 35 MAX    28
2021 05 08 08 11 MIN    21
2021 05 08 15 32 MAX    29
2021 05 08 21 33 MIN    23
2021 05 09 02 57 MAX    28
2021 05 09 08 47 MIN    23
2021 05 09 15 33 MAX    29
2021 05 09 22 14 MIN    22
2021 05 10 04 10 MAX    29
2021 05 10 09 11 MIN    26
2021 05 10 15 15 MAX    30
2021 05 10 22 48 MIN    21
2021 05 11 05 24 MAX    30
2021 05 11 09 26 MIN    28
2021 05 11 15 07 MAX    32
2021 05 11 23 20 MIN    21
2021 05 12 06 37 MAX    31
2021 05 12 09 45 MIN    30
2021 05 12 15 13 MAX    34
2021 05 12 23 53 MIN    20
2021 05 13 07 41 MAX    33
2021 05 13 09 45 MIN    32
2021 05 13 15 30 MAX    35
2021 05 14 00 28 MIN    20
2021 05 14 15 54 MAX    37
2021 05 15 01 04 MIN    20
2021 05 15 16 23 MAX    38
2021 05 16 01 42 MIN    20
2021 05 16 16 54 MAX    38
2021 05 17 02 21 MIN    20
2021 05 17 17 27 MAX    38
2021 05 18 03 01 MIN    20
2021 05 18 18 04 MAX    37
2021 05 19 03 46 MIN    21
2021 05 19 18 48 MAX    36
2021 05 20 04 37 MIN    21
2021 05 20 13 53 MAX    35
2021 05 21 05 30 MIN    22
2021 05 21 13 44 MAX    35
2021 05 21 17 49 MIN    33
2021 05 21 21 30 MAX    34
2021 05 22 06 24 MIN    24
2021 05 22 13 55 MAX    35
2021 05 22 18 44 MIN    31
2021 05 23 00 04 MAX    34
2021 05 23 07 18 MIN    26
2021 05 23 14 00 MAX    35
2021 05 23 19 36 MIN    29
2021 05 24 02 26 MAX    35
2021 05 24 08 09 MIN    30
2021 05 24 14 03 MAX    37
2021 05 24 20 28 MIN    27
2021 05 25 04 20 MAX    37
2021 05 25 08 54 MIN    34
2021 05 25 14 16 MAX    39
2021 05 25 21 24 MIN    25
2021 05 26 05 49 MAX    39
2021 05 26 09 30 MIN    37
2021 05 26 14 39 MAX    42
2021 05 26 22 23 MIN    23
2021 05 27 07 06 MAX    41
2021 05 27 09 45 MIN    40
2021 05 27 15 10 MAX    45
2021 05 27 23 22 MIN    22
2021 05 28 15 49 MAX    47
2021 05 29 00 21 MIN    22
2021 05 29 16 34 MAX    48
2021 05 30 01 19 MIN    22
2021 05 30 17 25 MAX    48
2021 05 31 02 15 MIN    23
2021 05 31 18 23 MAX    47
2021 06 01 03 12 MIN    25
2021 06 01 19 30 MAX    45
2021 06 02 04 08 MIN    26
2021 06 02 12 35 MAX    40
2021 06 02 16 15 MIN    39
2021 06 02 20 46 MAX    42
2021 06 03 05 01 MIN    27
2021 06 03 13 09 MAX    39
2021 06 03 17 53 MIN    37
2021 06 03 22 11 MAX    39
2021 06 04 05 50 MIN    29
2021 06 04 13 38 MAX    39
2021 06 04 19 10 MIN    34
2021 06 04 23 56 MAX    37
2021 06 05 06 33 MIN    31
2021 06 05 13 57 MAX    38
2021 06 05 20 12 MIN    32
2021 06 06 01 55 MAX    36
2021 06 06 07 07 MIN    33
2021 06 06 14 00 MAX    38
2021 06 06 21 01 MIN    30
2021 06 07 03 31 MAX    37
2021 06 07 07 35 MIN    35
2021 06 07 13 51 MAX    39
2021 06 07 21 40 MIN    29
2021 06 08 04 55 MAX    38
2021 06 08 07 20 MIN    37
2021 06 08 13 47 MAX    40
2021 06 08 22 15 MIN    28
2021 06 09 13 58 MAX    42
2021 06 09 22 50 MIN    28
2021 06 10 14 22 MAX    44
2021 06 10 23 27 MIN    27
2021 06 11 14 55 MAX    45
2021 06 12 00 05 MIN    28
2021 06 12 15 31 MAX    46
2021 06 13 00 45 MIN    28
2021 06 13 16 07 MAX    47
2021 06 14 01 24 MIN    28
2021 06 14 16 45 MAX    47
2021 06 15 02 03 MIN    28
2021 06 15 17 25 MAX    47
2021 06 16 02 43 MIN    28
2021 06 16 18 09 MAX    46
2021 06 17 03 26 MIN    29
2021 06 17 19 01 MAX    44
2021 06 18 04 12 MIN    30
2021 06 18 11 37 MAX    41
2021 06 18 15 43 MIN    40
2021 06 18 20 12 MAX    42
2021 06 19 05 01 MIN    31
2021 06 19 11 58 MAX    41
2021 06 19 17 15 MIN    38
2021 06 19 22 08 MAX    40
2021 06 20 05 50 MIN    34
2021 06 20 12 12 MAX    41
2021 06 20 18 20 MIN    35
2021 06 21 01 18 MAX    40
2021 06 21 06 39 MIN    37
2021 06 21 12 27 MAX    42
2021 06 21 19 20 MIN    32
2021 06 22 03 32 MAX    42
2021 06 22 07 30 MIN    40
2021 06 22 12 49 MAX    44
2021 06 22 20 17 MIN    30
2021 06 23 05 04 MAX    44
2021 06 23 07 45 MIN    43
2021 06 23 13 21 MAX    47
2021 06 23 21 15 MIN    28
2021 06 24 14 01 MAX    50
2021 06 24 22 14 MIN    27
2021 06 25 14 46 MAX    52
2021 06 25 23 15 MIN    27
2021 06 26 15 34 MAX    53
2021 06 27 00 16 MIN    27
2021 06 27 16 25 MAX    53
2021 06 28 01 13 MIN    28
2021 06 28 17 18 MAX    53
2021 06 29 02 05 MIN    29
2021 06 29 18 14 MAX    51
2021 06 30 02 53 MIN    30
2021 06 30 19 16 MAX    48
2021 07 01 03 37 MIN    32
2021 07 01 11 13 MAX    43
2021 07 01 15 59 MIN    41
2021 07 01 20 29 MAX    45
2021 07 02 04 17 MIN    33
2021 07 02 11 38 MAX    42
2021 07 02 17 15 MIN    39
2021 07 02 21 58 MAX    41
2021 07 03 04 53 MIN    35
2021 07 03 11 56 MAX    42
2021 07 03 18 26 MIN    36
2021 07 03 23 56 MAX    39
2021 07 04 05 23 MIN    36
2021 07 04 12 01 MAX    41
2021 07 04 19 30 MIN    33
2021 07 05 11 58 MAX    41
2021 07 05 20 21 MIN    31
2021 07 06 12 00 MAX    42
2021 07 06 21 03 MIN    30
2021 07 07 12 24 MAX    43
2021 07 07 21 44 MIN    29
2021 07 08 13 08 MAX    44
2021 07 08 22 24 MIN    29
2021 07 09 13 57 MAX    46
2021 07 09 23 07 MIN    29
2021 07 10 14 42 MAX    47
2021 07 10 23 50 MIN    29
2021 07 11 15 24 MAX    48
2021 07 12 00 32 MIN    29
2021 07 12 16 04 MAX    49
2021 07 13 01 13 MIN    29
2021 07 13 16 44 MAX    49
2021 07 14 01 52 MIN    29
2021 07 14 17 27 MAX    48
2021 07 15 02 31 MIN    30
2021 07 15 09 50 MAX    43
2021 07 15 12 15 MIN    42
2021 07 15 18 15 MAX    46
2021 07 16 03 09 MIN    31
2021 07 16 10 09 MAX    42
2021 07 16 13 50 MIN    40
2021 07 16 19 15 MAX    44
2021 07 17 03 50 MIN    32
2021 07 17 10 22 MAX    41
2021 07 17 15 35 MIN    37
2021 07 17 20 46 MAX    41
2021 07 18 04 31 MIN    34
2021 07 18 10 32 MAX    41
2021 07 18 16 56 MIN    34
2021 07 18 23 42 MAX    40
2021 07 19 05 12 MIN    37
2021 07 19 10 48 MAX    42
2021 07 19 18 04 MIN    31
2021 07 20 02 30 MAX    40
2021 07 20 05 35 MIN    39
2021 07 20 11 18 MAX    43
2021 07 20 19 09 MIN    28
2021 07 21 12 00 MAX    45
2021 07 21 20 11 MIN    26
2021 07 22 12 51 MAX    47
2021 07 22 21 12 MIN    26
2021 07 23 13 47 MAX    49
2021 07 23 22 15 MIN    25
2021 07 24 14 40 MAX    50
2021 07 24 23 19 MIN    26
2021 07 25 15 32 MAX    50
2021 07 26 00 17 MIN    27
2021 07 26 16 22 MAX    50
2021 07 27 01 06 MIN    28
2021 07 27 17 12 MAX    49
2021 07 28 01 47 MIN    29
2021 07 28 09 24 MAX    42
2021 07 28 12 30 MIN    41
2021 07 28 18 04 MAX    46
2021 07 29 02 24 MIN    30
2021 07 29 09 42 MAX    41
2021 07 29 14 19 MIN    39
2021 07 29 19 05 MAX    43
2021 07 30 02 56 MIN    31
2021 07 30 09 56 MAX    40
2021 07 30 15 28 MIN    36
2021 07 30 20 29 MAX    40
2021 07 31 03 25 MIN    32
2021 07 31 10 03 MAX    39
2021 07 31 16 30 MIN    33
2021 07 31 22 09 MAX    37
2021 08 01 03 48 MIN    33
2021 08 01 10 02 MAX    38
2021 08 01 17 34 MIN    31
2021 08 02 09 57 MAX    38
2021 08 02 18 38 MIN    28
2021 08 03 10 01 MAX    38
2021 08 03 19 35 MIN    26
2021 08 04 10 31 MAX    39
2021 08 04 20 26 MIN    25
2021 08 05 11 28 MAX    39
2021 08 05 21 12 MIN    24
2021 08 06 12 44 MAX    40
2021 08 06 21 58 MIN    24
2021 08 07 13 47 MAX    42
2021 08 07 22 45 MIN    24
2021 08 08 14 37 MAX    43
2021 08 08 23 31 MIN    24
2021 08 09 15 19 MAX    44
2021 08 10 00 16 MIN    24
2021 08 10 16 00 MAX    44
2021 08 11 00 58 MIN    25
2021 08 11 16 43 MAX    44
2021 08 12 01 38 MIN    26
2021 08 12 08 36 MAX    38
2021 08 12 11 50 MIN    36
2021 08 12 17 31 MAX    43
2021 08 13 02 15 MIN    27
2021 08 13 08 51 MAX    37
2021 08 13 12 45 MIN    34
2021 08 13 18 29 MAX    41
2021 08 14 02 50 MIN    29
2021 08 14 08 56 MAX    37
2021 08 14 14 05 MIN    32
2021 08 14 20 08 MAX    38
2021 08 15 03 23 MIN    31
2021 08 15 08 55 MAX    38
2021 08 15 15 31 MIN    28
2021 08 15 22 38 MAX    36
2021 08 16 03 53 MIN    33
2021 08 16 09 11 MAX    38
2021 08 16 16 43 MIN    26
2021 08 17 09 47 MAX    39
2021 08 17 17 53 MIN    23
2021 08 18 10 37 MAX    40
2021 08 18 19 02 MIN    22
2021 08 19 11 39 MAX    41
2021 08 19 20 09 MIN    21
2021 08 20 12 47 MAX    41
2021 08 20 21 15 MIN    21
2021 08 21 13 50 MAX    42
2021 08 21 22 21 MIN    21
2021 08 22 14 45 MAX    43
2021 08 22 23 20 MIN    22
2021 08 23 15 34 MAX    43
2021 08 24 00 08 MIN    23
2021 08 24 16 21 MAX    42
2021 08 25 00 46 MIN    24
2021 08 25 08 03 MAX    35
2021 08 25 11 35 MIN    34
2021 08 25 17 09 MAX    40
2021 08 26 01 18 MIN    26
2021 08 26 08 17 MAX    35
2021 08 26 13 00 MIN    32
2021 08 26 18 06 MAX    38
2021 08 27 01 46 MIN    27
2021 08 27 08 21 MAX    35
2021 08 27 14 01 MIN    30
2021 08 27 19 31 MAX    36
2021 08 28 02 10 MIN    28
2021 08 28 08 09 MAX    34
2021 08 28 14 53 MIN    27
2021 08 28 21 07 MAX    34
2021 08 29 02 30 MIN    30
2021 08 29 07 50 MAX    34
2021 08 29 15 45 MIN    25
2021 08 29 22 31 MAX    32
2021 08 30 02 32 MIN    30
2021 08 30 07 47 MAX    34
2021 08 30 16 41 MIN    23
2021 08 31 08 02 MAX    33
2021 08 31 17 43 MIN    22
2021 09 01 08 36 MAX    33
2021 09 01 18 45 MIN    20
2021 09 02 09 31 MAX    33
2021 09 02 19 40 MIN    20
2021 09 03 10 50 MAX    33
2021 09 03 20 31 MIN    19
2021 09 04 12 28 MAX    34
2021 09 04 21 21 MIN    19
2021 09 05 13 37 MAX    35
2021 09 05 22 12 MIN    19
2021 09 06 14 29 MAX    37
2021 09 06 23 04 MIN    20
2021 09 07 15 15 MAX    38
2021 09 07 23 52 MIN    20
2021 09 08 06 50 MAX    32
2021 09 08 09 30 MIN    31
2021 09 08 16 02 MAX    38
2021 09 09 00 37 MIN    22
2021 09 09 07 07 MAX    32
2021 09 09 10 30 MIN    29
2021 09 09 16 53 MAX    38
2021 09 10 01 17 MIN    24
2021 09 10 07 09 MAX    32
2021 09 10 11 33 MIN    27
2021 09 10 18 00 MAX    36
2021 09 11 01 52 MIN    27
2021 09 11 06 35 MAX    33
2021 09 11 12 53 MIN    25
2021 09 11 20 29 MAX    35
2021 09 12 02 22 MIN    29
2021 09 12 06 47 MAX    34
2021 09 12 14 12 MIN    22
2021 09 12 21 53 MAX    34
2021 09 13 02 43 MIN    31
2021 09 13 07 19 MAX    35
2021 09 13 15 20 MIN    20
2021 09 14 08 05 MAX    36
2021 09 14 16 29 MIN    18
2021 09 15 09 07 MAX    36
2021 09 15 17 42 MIN    17
2021 09 16 10 20 MAX    36
2021 09 16 18 55 MIN    17
2021 09 17 11 39 MAX    35
2021 09 17 20 05 MIN    17
2021 09 18 12 56 MAX    35
2021 09 18 21 11 MIN    18
2021 09 19 05 18 MAX    31
2021 09 19 07 45 MIN    30
2021 09 19 14 01 MAX    35
2021 09 19 22 13 MIN    19
2021 09 20 05 45 MAX    30
2021 09 20 08 55 MIN    29
2021 09 20 14 54 MAX    35
2021 09 20 23 04 MIN    20
2021 09 21 06 09 MAX    30
2021 09 21 09 50 MIN    28
2021 09 21 15 42 MAX    35
2021 09 21 23 43 MIN    22
2021 09 22 06 26 MAX    30
2021 09 22 10 56 MIN    27
2021 09 22 16 32 MAX    35
2021 09 23 00 15 MIN    24
2021 09 23 06 21 MAX    30
2021 09 23 11 59 MIN    26
2021 09 23 17 33 MAX    34
2021 09 24 00 41 MIN    25
2021 09 24 05 33 MAX    31
2021 09 24 12 47 MIN    24
2021 09 24 19 05 MAX    32
2021 09 25 01 03 MIN    27
2021 09 25 05 32 MAX    31
2021 09 25 13 32 MIN    22
2021 09 25 20 26 MAX    32
2021 09 26 01 22 MIN    28
2021 09 26 05 42 MAX    32
2021 09 26 14 16 MIN    20
2021 09 26 21 32 MAX    31
2021 09 27 01 25 MIN    29
2021 09 27 05 57 MAX    32
2021 09 27 15 02 MIN    19
2021 09 28 06 17 MAX    32
2021 09 28 15 54 MIN    18
2021 09 29 06 47 MAX    31
2021 09 29 16 51 MIN    18
2021 09 30 07 30 MAX    30
2021 09 30 17 51 MIN    17
2021 10 01 08 35 MAX    30
2021 10 01 18 48 MIN    17
2021 10 02 10 10 MAX    29
2021 10 02 19 42 MIN    17
2021 10 03 12 05 MAX    30
2021 10 03 20 33 MIN    17
2021 10 04 04 26 MAX    28
2021 10 04 07 15 MIN    27
2021 10 04 13 26 MAX    31
2021 10 04 21 28 MIN    18
2021 10 05 04 43 MAX    28
2021 10 05 08 00 MIN    27
2021 10 05 14 28 MAX    33
2021 10 05 22 27 MIN    19
2021 10 06 04 56 MAX    28
2021 10 06 08 50 MIN    26
2021 10 06 15 26 MAX    34
2021 10 06 23 23 MIN    21
2021 10 07 04 48 MAX    29
2021 10 07 09 38 MIN    24
2021 10 07 16 30 MAX    34
2021 10 08 00 11 MIN    24
2021 10 08 04 35 MAX    30
2021 10 08 10 38 MIN    22
2021 10 08 18 31 MAX    34
2021 10 09 00 51 MIN    27
2021 10 09 04 55 MAX    32
2021 10 09 11 46 MIN    20
2021 10 09 20 00 MAX    34
2021 10 10 01 21 MIN    30
2021 10 10 05 10 MAX    34
2021 10 10 12 56 MIN    18
2021 10 10 21 09 MAX    34
2021 10 11 01 31 MIN    31
2021 10 11 05 43 MAX    35
2021 10 11 14 01 MIN    17
2021 10 11 22 18 MAX    33
2021 10 12 01 15 MIN    32
2021 10 12 06 28 MAX    36
2021 10 12 15 06 MIN    16
2021 10 13 07 28 MAX    36
2021 10 13 16 16 MIN    16
2021 10 14 08 49 MAX    35
2021 10 14 17 29 MIN    16
2021 10 15 10 17 MAX    33
2021 10 15 18 41 MIN    17
2021 10 16 11 45 MAX    32
2021 10 16 19 47 MIN    17
2021 10 17 03 41 MAX    28
2021 10 17 07 35 MIN    26
2021 10 17 13 09 MAX    31
2021 10 17 20 47 MIN    19
2021 10 18 04 05 MAX    28
2021 10 18 08 36 MIN    25
2021 10 18 14 19 MAX    31
2021 10 18 21 41 MIN    20
2021 10 19 04 23 MAX    28
2021 10 19 09 32 MIN    24
2021 10 19 15 19 MAX    31
2021 10 19 22 27 MIN    22
2021 10 20 04 23 MAX    28
2021 10 20 10 21 MIN    22
2021 10 20 16 18 MAX    31
2021 10 20 23 04 MIN    24
2021 10 21 03 57 MAX    28
2021 10 21 11 03 MIN    21
2021 10 21 17 27 MAX    31
2021 10 21 23 32 MIN    26
2021 10 22 03 52 MAX    29
2021 10 22 11 41 MIN    20
2021 10 22 18 44 MAX    31
2021 10 22 23 54 MIN    28
2021 10 23 04 00 MAX    31
2021 10 23 12 19 MIN    19
2021 10 23 19 49 MAX    31
2021 10 23 23 55 MIN    29
2021 10 24 04 15 MAX    32
2021 10 24 12 59 MIN    18
2021 10 24 20 46 MAX    31
2021 10 25 00 30 MIN    30
2021 10 25 04 35 MAX    32
2021 10 25 13 40 MIN    17
2021 10 25 21 39 MAX    31
2021 10 26 00 20 MIN    30
2021 10 26 05 00 MAX    32
2021 10 26 14 24 MIN    17
2021 10 27 05 30 MAX    32
2021 10 27 15 12 MIN    17
2021 10 28 06 06 MAX    31
2021 10 28 16 04 MIN    17
2021 10 29 06 51 MAX    30
2021 10 29 16 59 MIN    17
2021 10 30 03 31 MAX    28
2021 10 30 17 54 MIN    17
2021 10 31 09 33 MAX    28
2021 10 31 18 49 MIN    17
2021 11 01 02 41 MAX    27
2021 11 01 06 30 MIN    26
2021 11 01 11 48 MAX    28
2021 11 01 19 44 MIN    18
2021 11 02 02 54 MAX    27
2021 11 02 07 13 MIN    24
2021 11 02 13 32 MAX    29
2021 11 02 20 41 MIN    20
2021 11 03 02 59 MAX    27
2021 11 03 07 58 MIN    22
2021 11 03 14 58 MAX    30
2021 11 03 21 44 MIN    22
2021 11 04 02 57 MAX    28
2021 11 04 08 47 MIN    20
2021 11 04 16 31 MAX    32
2021 11 04 22 46 MIN    25
2021 11 05 03 04 MAX    30
2021 11 05 09 41 MIN    18
2021 11 05 18 04 MAX    33
2021 11 05 23 35 MIN    28
2021 11 06 03 24 MAX    32
2021 11 06 10 40 MIN    17
2021 11 06 19 19 MAX    34
2021 11 07 00 03 MIN    31
2021 11 07 03 40 MAX    35
2021 11 07 11 43 MIN    15
2021 11 07 20 25 MAX    34
2021 11 08 00 00 MIN    33
2021 11 08 00 00 MIN    33
2021 11 08 04 25 MAX    37
2021 11 08 12 46 MIN    14
2021 11 09 05 10 MAX    38
2021 11 09 13 49 MIN    14
2021 11 10 06 04 MAX    37
2021 11 10 14 53 MIN    15
2021 11 11 07 14 MAX    36
2021 11 11 16 00 MIN    16
2021 11 12 08 42 MAX    33
2021 11 12 17 08 MIN    17
2021 11 13 01 30 MAX    29
2021 11 13 05 15 MIN    27
2021 11 13 10 13 MAX    31
2021 11 13 18 12 MIN    18
2021 11 14 01 58 MAX    28
2021 11 14 06 36 MIN    25
2021 11 14 11 50 MAX    29
2021 11 14 19 09 MIN    19
2021 11 15 02 23 MAX    27
2021 11 15 07 43 MIN    22
2021 11 15 13 28 MAX    28
2021 11 15 20 00 MIN    20
2021 11 16 02 40 MAX    27
2021 11 16 08 40 MIN    20
2021 11 16 14 52 MAX    28
2021 11 16 20 46 MIN    22
2021 11 17 02 42 MAX    27
2021 11 17 09 27 MIN    19
2021 11 17 16 03 MAX    28
2021 11 17 21 24 MIN    24
2021 11 18 02 32 MAX    27
2021 11 18 10 06 MIN    18
2021 11 18 17 11 MAX    28
2021 11 18 21 51 MIN    26
2021 11 19 02 30 MAX    28
2021 11 19 10 41 MIN    17
2021 11 19 18 19 MAX    29
2021 11 19 22 30 MIN    28
2021 11 20 02 40 MAX    29
2021 11 20 11 15 MIN    16
2021 11 21 02 59 MAX    31
2021 11 21 11 52 MIN    15
2021 11 22 03 25 MAX    31
2021 11 22 12 32 MIN    15
2021 11 23 03 58 MAX    32
2021 11 23 13 13 MIN    15
2021 11 24 04 34 MAX    32
2021 11 24 13 55 MIN    15
2021 11 25 05 12 MAX    31
2021 11 25 14 39 MIN    15
2021 11 26 05 54 MAX    29
2021 11 26 15 25 MIN    15
2021 11 27 06 44 MAX    28
2021 11 27 16 14 MIN    15
2021 11 27 23 53 MAX    26
2021 11 28 04 10 MIN    25
2021 11 28 07 20 MAX    26
2021 11 28 17 07 MIN    16
2021 11 29 00 28 MAX    25
2021 11 29 05 20 MIN    24
2021 11 29 09 30 MAX    25
2021 11 29 18 02 MIN    17
2021 11 30 00 53 MAX    25
2021 11 30 06 13 MIN    21
2021 11 30 12 00 MAX    25
2021 11 30 18 58 MIN    19
2021 12 01 01 07 MAX    25
2021 12 01 07 01 MIN    19
2021 12 01 14 25 MAX    26
2021 12 01 19 55 MIN    21
2021 12 02 01 19 MAX    26
2021 12 02 07 50 MIN    16
2021 12 02 16 02 MAX    28
2021 12 02 20 50 MIN    24
2021 12 03 01 36 MAX    28
2021 12 03 08 41 MIN    14
2021 12 03 17 23 MAX    30
2021 12 03 21 33 MIN    27
2021 12 04 02 02 MAX    30
2021 12 04 09 36 MIN    12
2021 12 04 18 37 MAX    31
2021 12 04 22 00 MIN    30
2021 12 05 02 36 MAX    33
2021 12 05 10 34 MIN    11
2021 12 05 19 44 MAX    32
2021 12 05 22 00 MIN    31
2021 12 06 03 17 MAX    35
2021 12 06 11 35 MIN    10
2021 12 07 04 04 MAX    36
2021 12 07 12 38 MIN    11
2021 12 08 04 57 MAX    36
2021 12 08 13 41 MIN    11
2021 12 09 05 58 MAX    35
2021 12 09 14 42 MIN    12
2021 12 10 07 08 MAX    32
2021 12 10 15 40 MIN    14
2021 12 10 23 21 MAX    26
2021 12 11 03 37 MIN    25
2021 12 11 08 32 MAX    29
2021 12 11 16 34 MIN    15
2021 12 11 23 55 MAX    25
2021 12 12 05 07 MIN    22
2021 12 12 10 05 MAX    26
2021 12 12 17 25 MIN    16
2021 12 13 00 25 MAX    24
2021 12 13 06 22 MIN    19
2021 12 13 11 54 MAX    23
2021 12 13 18 12 MIN    17
2021 12 14 00 48 MAX    23
2021 12 14 07 27 MIN    16
2021 12 14 13 52 MAX    22
2021 12 14 18 55 MIN    19
2021 12 15 00 58 MAX    23
2021 12 15 08 20 MIN    14
2021 12 15 15 27 MAX    22
2021 12 15 19 30 MIN    20
2021 12 16 00 58 MAX    23
2021 12 16 09 03 MIN    12
2021 12 16 16 49 MAX    23
2021 12 16 20 00 MIN    22
2021 12 17 00 59 MAX    23
2021 12 17 09 41 MIN    11
2021 12 18 01 12 MAX    25
2021 12 18 10 16 MIN    10
2021 12 19 01 43 MAX    26
2021 12 19 10 54 MIN    10
2021 12 20 02 23 MAX    27
2021 12 20 11 34 MIN    10
2021 12 21 03 07 MAX    27
2021 12 21 12 16 MIN    10
2021 12 22 03 49 MAX    28
2021 12 22 12 57 MIN    10
2021 12 23 04 31 MAX    27
2021 12 23 13 38 MIN    10
2021 12 24 05 13 MAX    26
2021 12 24 14 16 MIN    10
2021 12 25 05 57 MAX    25
2021 12 25 14 57 MIN    11
2021 12 25 22 30 MAX    22
2021 12 26 02 00 MIN    21
2021 12 26 06 49 MAX    23
2021 12 26 15 39 MIN    11
2021 12 26 22 43 MAX    21
2021 12 27 03 43 MIN    19
2021 12 27 07 58 MAX    21
2021 12 27 16 27 MIN    12
2021 12 27 23 03 MAX    20
2021 12 28 04 52 MIN    16
2021 12 28 09 59 MAX    19
2021 12 28 17 19 MIN    14
2021 12 28 23 18 MAX    20
2021 12 29 05 49 MIN    13
2021 12 29 13 18 MAX    19
2021 12 29 18 14 MIN    16
2021 12 29 23 33 MAX    21
2021 12 30 06 44 MIN     9
2021 12 30 15 21 MAX    20
2021 12 30 19 15 MIN    19
2021 12 30 23 59 MAX    22
2021 12 31 07 38 MIN     7
2021 12 31 16 45 MAX    22
2021 12 31 19 45 MIN    21
