 <API - 조위예측극치자료>

대상조위관측소 : 호산항
위도(WGS84) : N 129.3428
경도(WGS84) : E 37.1761
관측기관 : 20201221 ~ 20220101

2020 12 21 01 34 MIN    12
2020 12 21 07 00 MAX    18
2020 12 21 14 56 MIN     1
2020 12 21 22 51 MAX    13
2020 12 22 03 13 MIN    11
2020 12 22 08 02 MAX    16
2020 12 22 15 38 MIN     3
2020 12 22 23 20 MAX    15
2020 12 23 04 42 MIN    10
2020 12 23 09 16 MAX    14
2020 12 23 16 17 MIN     6
2020 12 23 23 40 MAX    16
2020 12 24 05 59 MIN     9
2020 12 24 11 13 MAX    13
2020 12 24 16 55 MIN     9
2020 12 24 23 55 MAX    18
2020 12 25 06 58 MIN     7
2020 12 25 13 32 MAX    14
2020 12 25 17 33 MIN    12
2020 12 26 00 09 MAX    20
2020 12 26 07 41 MIN     6
2020 12 26 14 34 MAX    16
2020 12 26 18 12 MIN    14
2020 12 27 00 28 MAX    22
2020 12 27 08 17 MIN     5
2020 12 27 15 20 MAX    17
2020 12 27 18 51 MIN    15
2020 12 28 00 54 MAX    23
2020 12 28 08 50 MIN     3
2020 12 28 16 00 MAX    18
2020 12 28 19 31 MIN    16
2020 12 29 01 26 MAX    24
2020 12 29 09 23 MIN     1
2020 12 29 16 39 MAX    18
2020 12 29 20 11 MIN    16
2020 12 30 02 03 MAX    25
2020 12 30 09 59 MIN     0
2020 12 30 17 20 MAX    17
2020 12 30 20 50 MIN    15
2020 12 31 02 42 MAX    25
2020 12 31 10 36 MIN    -2
2020 12 31 18 05 MAX    16
2020 12 31 21 29 MIN    14
2021 01 01 03 23 MAX    25
2021 01 01 11 17 MIN    -3
2021 01 01 18 55 MAX    15
2021 01 01 22 08 MIN    13
2021 01 02 04 05 MAX    25
2021 01 02 11 58 MIN    -4
2021 01 02 19 43 MAX    14
2021 01 02 22 50 MIN    13
2021 01 03 04 48 MAX    24
2021 01 03 12 40 MIN    -3
2021 01 03 20 24 MAX    14
2021 01 03 23 40 MIN    12
2021 01 04 05 35 MAX    22
2021 01 04 13 23 MIN    -1
2021 01 04 20 55 MAX    15
2021 01 05 00 48 MIN    12
2021 01 05 06 28 MAX    21
2021 01 05 14 08 MIN     1
2021 01 05 21 17 MAX    16
2021 01 06 02 13 MIN    11
2021 01 06 07 33 MAX    19
2021 01 06 14 53 MIN     5
2021 01 06 21 37 MAX    18
2021 01 07 03 39 MIN    10
2021 01 07 09 00 MAX    18
2021 01 07 15 42 MIN     9
2021 01 07 22 05 MAX    20
2021 01 08 04 56 MIN     8
2021 01 08 11 11 MAX    17
2021 01 08 16 34 MIN    13
2021 01 08 22 41 MAX    23
2021 01 09 06 08 MIN     5
2021 01 09 13 31 MAX    19
2021 01 09 17 33 MIN    16
2021 01 09 23 24 MAX    25
2021 01 10 07 13 MIN     3
2021 01 10 14 47 MAX    20
2021 01 10 18 35 MIN    17
2021 01 11 00 13 MAX    27
2021 01 11 08 10 MIN     0
2021 01 11 15 46 MAX    21
2021 01 11 19 33 MIN    18
2021 01 12 01 05 MAX    28
2021 01 12 09 03 MIN    -2
2021 01 12 16 40 MAX    20
2021 01 12 20 23 MIN    17
2021 01 13 01 56 MAX    28
2021 01 13 09 52 MIN    -4
2021 01 13 17 29 MAX    18
2021 01 13 21 06 MIN    16
2021 01 14 02 46 MAX    28
2021 01 14 10 39 MIN    -5
2021 01 14 18 15 MAX    16
2021 01 14 21 46 MIN    14
2021 01 15 03 33 MAX    26
2021 01 15 11 23 MIN    -5
2021 01 15 18 53 MAX    14
2021 01 15 22 26 MIN    12
2021 01 16 04 19 MAX    24
2021 01 16 12 03 MIN    -5
2021 01 16 19 25 MAX    12
2021 01 16 23 10 MIN    10
2021 01 17 05 03 MAX    22
2021 01 17 12 40 MIN    -4
2021 01 17 19 50 MAX    12
2021 01 18 00 02 MIN     8
2021 01 18 05 48 MAX    18
2021 01 18 13 13 MIN    -2
2021 01 18 20 11 MAX    11
2021 01 19 01 06 MIN     7
2021 01 19 06 35 MAX    15
2021 01 19 13 43 MIN     0
2021 01 19 20 33 MAX    12
2021 01 20 02 23 MIN     7
2021 01 20 07 29 MAX    12
2021 01 20 14 10 MIN     3
2021 01 20 20 58 MAX    13
2021 01 21 03 47 MIN     6
2021 01 21 08 46 MAX    10
2021 01 21 14 35 MIN     6
2021 01 21 21 25 MAX    14
2021 01 22 05 09 MIN     5
2021 01 22 21 56 MAX    16
2021 01 23 06 17 MIN     3
2021 01 23 22 34 MAX    17
2021 01 24 07 08 MIN     2
2021 01 24 23 18 MAX    19
2021 01 25 07 49 MIN     1
2021 01 25 15 23 MAX    14
2021 01 25 17 54 MIN    13
2021 01 26 00 07 MAX    20
2021 01 26 08 26 MIN    -1
2021 01 26 15 51 MAX    15
2021 01 26 18 59 MIN    14
2021 01 27 00 58 MAX    22
2021 01 27 09 05 MIN    -2
2021 01 27 16 23 MAX    15
2021 01 27 19 52 MIN    13
2021 01 28 01 47 MAX    23
2021 01 28 09 43 MIN    -4
2021 01 28 16 57 MAX    15
2021 01 28 20 38 MIN    12
2021 01 29 02 34 MAX    24
2021 01 29 10 22 MIN    -5
2021 01 29 17 31 MAX    14
2021 01 29 21 22 MIN    11
2021 01 30 03 18 MAX    24
2021 01 30 11 00 MIN    -6
2021 01 30 18 02 MAX    14
2021 01 30 22 06 MIN    10
2021 01 31 04 02 MAX    23
2021 01 31 11 38 MIN    -5
2021 01 31 18 27 MAX    13
2021 01 31 22 54 MIN     9
2021 02 01 04 46 MAX    22
2021 02 01 12 14 MIN    -4
2021 02 01 18 47 MAX    13
2021 02 01 23 48 MIN     7
2021 02 02 05 34 MAX    20
2021 02 02 12 50 MIN    -2
2021 02 02 19 07 MAX    14
2021 02 03 00 49 MIN     6
2021 02 03 06 28 MAX    18
2021 02 03 13 25 MIN     2
2021 02 03 19 34 MAX    16
2021 02 04 02 00 MIN     4
2021 02 04 07 39 MAX    15
2021 02 04 14 03 MIN     5
2021 02 04 20 10 MAX    17
2021 02 05 03 20 MIN     3
2021 02 05 09 44 MAX    13
2021 02 05 14 46 MIN     9
2021 02 05 20 53 MAX    19
2021 02 06 04 42 MIN     1
2021 02 06 12 28 MAX    13
2021 02 06 15 42 MIN    12
2021 02 06 21 47 MAX    20
2021 02 07 06 00 MIN    -1
2021 02 07 14 13 MAX    15
2021 02 07 17 04 MIN    14
2021 02 07 22 46 MAX    21
2021 02 08 07 09 MIN    -3
2021 02 08 15 13 MAX    16
2021 02 08 18 29 MIN    14
2021 02 08 23 51 MAX    22
2021 02 09 08 06 MIN    -4
2021 02 09 15 54 MAX    16
2021 02 09 19 32 MIN    14
2021 02 10 00 57 MAX    22
2021 02 10 08 55 MIN    -5
2021 02 10 16 26 MAX    15
2021 02 10 20 19 MIN    12
2021 02 11 01 54 MAX    23
2021 02 11 09 39 MIN    -6
2021 02 11 16 51 MAX    14
2021 02 11 21 00 MIN    10
2021 02 12 02 43 MAX    22
2021 02 12 10 19 MIN    -6
2021 02 12 17 09 MAX    12
2021 02 12 21 39 MIN     8
2021 02 13 03 28 MAX    21
2021 02 13 10 54 MIN    -6
2021 02 13 17 24 MAX    11
2021 02 13 22 20 MIN     6
2021 02 14 04 10 MAX    20
2021 02 14 11 26 MIN    -5
2021 02 14 17 40 MAX    11
2021 02 14 23 04 MIN     4
2021 02 15 04 51 MAX    17
2021 02 15 11 55 MIN    -4
2021 02 15 17 59 MAX    10
2021 02 15 23 51 MIN     2
2021 02 16 05 33 MAX    14
2021 02 16 12 20 MIN    -2
2021 02 16 18 20 MAX    10
2021 02 17 00 42 MIN     1
2021 02 17 06 19 MAX    11
2021 02 17 12 40 MIN     0
2021 02 17 18 42 MAX    11
2021 02 18 01 40 MIN     0
2021 02 18 07 16 MAX     8
2021 02 18 12 57 MIN     2
2021 02 18 19 07 MAX    11
2021 02 19 02 46 MIN    -1
2021 02 19 09 10 MAX     6
2021 02 19 13 07 MIN     4
2021 02 19 19 38 MAX    12
2021 02 20 03 59 MIN    -1
2021 02 20 20 20 MAX    12
2021 02 21 05 11 MIN    -2
2021 02 21 21 18 MAX    13
2021 02 22 06 17 MIN    -3
2021 02 22 22 24 MAX    14
2021 02 23 07 10 MIN    -4
2021 02 23 15 08 MAX    11
2021 02 23 17 42 MIN    10
2021 02 23 23 31 MAX    16
2021 02 24 07 56 MIN    -5
2021 02 24 15 29 MAX    12
2021 02 24 18 54 MIN    10
2021 02 25 00 36 MAX    17
2021 02 25 08 38 MIN    -6
2021 02 25 15 55 MAX    12
2021 02 25 19 46 MIN     9
2021 02 26 01 34 MAX    19
2021 02 26 09 18 MIN    -7
2021 02 26 16 19 MAX    13
2021 02 26 20 33 MIN     8
2021 02 27 02 25 MAX    20
2021 02 27 09 56 MIN    -7
2021 02 27 16 39 MAX    13
2021 02 27 21 18 MIN     7
2021 02 28 03 12 MAX    21
2021 02 28 10 33 MIN    -7
2021 02 28 16 55 MAX    13
2021 02 28 22 05 MIN     5
2021 03 01 03 57 MAX    20
2021 03 01 11 07 MIN    -5
2021 03 01 17 11 MAX    13
2021 03 01 22 54 MIN     2
2021 03 02 04 44 MAX    19
2021 03 02 11 41 MIN    -3
2021 03 02 17 32 MAX    14
2021 03 02 23 46 MIN     0
2021 03 03 05 36 MAX    16
2021 03 03 12 14 MIN    -1
2021 03 03 17 59 MAX    15
2021 03 04 00 45 MIN    -2
2021 03 04 06 40 MAX    13
2021 03 04 12 47 MIN     2
2021 03 04 18 32 MAX    15
2021 03 05 01 52 MIN    -4
2021 03 05 08 49 MAX    10
2021 03 05 13 20 MIN     5
2021 03 05 19 13 MAX    16
2021 03 06 03 11 MIN    -5
2021 03 06 11 00 MAX     9
2021 03 06 13 55 MIN     8
2021 03 06 20 05 MAX    16
2021 03 07 04 34 MIN    -6
2021 03 07 21 12 MAX    15
2021 03 08 05 54 MIN    -7
2021 03 08 14 38 MAX    11
2021 03 08 17 20 MIN    10
2021 03 08 22 28 MAX    15
2021 03 09 07 01 MIN    -7
2021 03 09 15 07 MAX    11
2021 03 09 18 38 MIN     9
2021 03 09 23 47 MAX    16
2021 03 10 07 55 MIN    -7
2021 03 10 15 30 MAX    11
2021 03 10 19 31 MIN     8
2021 03 11 00 57 MAX    16
2021 03 11 08 38 MIN    -7
2021 03 11 15 46 MAX    11
2021 03 11 20 14 MIN     6
2021 03 12 01 53 MAX    17
2021 03 12 09 15 MIN    -7
2021 03 12 15 57 MAX    11
2021 03 12 20 53 MIN     5
2021 03 13 02 40 MAX    17
2021 03 13 09 48 MIN    -6
2021 03 13 16 07 MAX    10
2021 03 13 21 32 MIN     3
2021 03 14 03 22 MAX    16
2021 03 14 10 18 MIN    -5
2021 03 14 16 20 MAX    10
2021 03 14 22 12 MIN     1
2021 03 15 04 02 MAX    15
2021 03 15 10 46 MIN    -4
2021 03 15 16 36 MAX    10
2021 03 15 22 53 MIN    -1
2021 03 16 04 43 MAX    12
2021 03 16 11 10 MIN    -2
2021 03 16 16 53 MAX    10
2021 03 16 23 34 MIN    -3
2021 03 17 05 27 MAX     9
2021 03 17 11 30 MIN    -1
2021 03 17 17 12 MAX    10
2021 03 18 00 16 MIN    -5
2021 03 18 06 18 MAX     7
2021 03 18 11 47 MIN     1
2021 03 18 17 32 MAX    10
2021 03 19 01 00 MIN    -6
2021 03 19 07 59 MAX     4
2021 03 19 12 01 MIN     2
2021 03 19 17 56 MAX    10
2021 03 20 01 51 MIN    -6
2021 03 20 09 56 MAX     4
2021 03 20 12 13 MIN     3
2021 03 20 18 28 MAX    10
2021 03 21 02 55 MIN    -6
2021 03 21 19 13 MAX    10
2021 03 22 04 11 MIN    -6
2021 03 22 20 21 MAX    10
2021 03 23 05 24 MIN    -6
2021 03 23 21 43 MAX    11
2021 03 24 06 27 MIN    -7
2021 03 24 14 38 MAX     9
2021 03 24 17 46 MIN     8
2021 03 24 22 59 MAX    13
2021 03 25 07 19 MIN    -7
2021 03 25 14 56 MAX    11
2021 03 25 18 48 MIN     8
2021 03 26 00 12 MAX    15
2021 03 26 08 03 MIN    -7
2021 03 26 15 14 MAX    12
2021 03 26 19 38 MIN     7
2021 03 27 01 19 MAX    17
2021 03 27 08 43 MIN    -6
2021 03 27 15 28 MAX    13
2021 03 27 20 24 MIN     6
2021 03 28 02 15 MAX    18
2021 03 28 09 21 MIN    -5
2021 03 28 15 39 MAX    14
2021 03 28 21 10 MIN     3
2021 03 29 03 06 MAX    19
2021 03 29 09 57 MIN    -3
2021 03 29 15 54 MAX    15
2021 03 29 21 58 MIN     0
2021 03 30 03 56 MAX    18
2021 03 30 10 32 MIN    -1
2021 03 30 16 14 MAX    16
2021 03 30 22 48 MIN    -3
2021 03 31 04 49 MAX    16
2021 03 31 11 06 MIN     1
2021 03 31 16 41 MAX    17
2021 03 31 23 42 MIN    -6
2021 04 01 05 54 MAX    13
2021 04 01 11 39 MIN     4
2021 04 01 17 13 MAX    17
2021 04 02 00 41 MIN    -8
2021 04 02 08 08 MAX    10
2021 04 02 12 12 MIN     5
2021 04 02 17 50 MAX    17
2021 04 03 01 49 MIN    -9
2021 04 03 09 47 MAX     9
2021 04 03 12 43 MIN     7
2021 04 03 18 36 MAX    16
2021 04 04 03 06 MIN    -9
2021 04 04 19 36 MAX    14
2021 04 05 04 25 MIN    -9
2021 04 05 20 58 MAX    13
2021 04 06 05 40 MIN    -8
2021 04 06 14 13 MAX     9
2021 04 06 17 24 MIN     8
2021 04 06 22 21 MAX    13
2021 04 07 06 42 MIN    -7
2021 04 07 14 32 MAX     9
2021 04 07 18 31 MIN     6
2021 04 07 23 40 MAX    13
2021 04 08 07 30 MIN    -6
2021 04 08 14 47 MAX    10
2021 04 08 19 22 MIN     5
2021 04 09 00 53 MAX    13
2021 04 09 08 08 MIN    -5
2021 04 09 14 57 MAX    11
2021 04 09 20 05 MIN     4
2021 04 10 01 50 MAX    14
2021 04 10 08 41 MIN    -3
2021 04 10 15 06 MAX    12
2021 04 10 20 45 MIN     2
2021 04 11 02 36 MAX    14
2021 04 11 09 11 MIN    -1
2021 04 11 15 15 MAX    13
2021 04 11 21 24 MIN     1
2021 04 12 03 19 MAX    14
2021 04 12 09 38 MIN     0
2021 04 12 15 27 MAX    13
2021 04 12 22 02 MIN    -1
2021 04 13 04 01 MAX    13
2021 04 13 10 04 MIN     2
2021 04 13 15 42 MAX    14
2021 04 13 22 39 MIN    -3
2021 04 14 04 46 MAX    11
2021 04 14 10 26 MIN     3
2021 04 14 15 58 MAX    14
2021 04 14 23 14 MIN    -5
2021 04 15 05 39 MAX     9
2021 04 15 10 44 MIN     4
2021 04 15 16 18 MAX    13
2021 04 15 23 50 MIN    -6
2021 04 16 07 21 MAX     7
2021 04 16 11 02 MIN     5
2021 04 16 16 42 MAX    13
2021 04 17 00 29 MIN    -7
2021 04 17 08 44 MAX     6
2021 04 17 11 21 MIN     5
2021 04 17 17 12 MAX    13
2021 04 18 01 15 MIN    -7
2021 04 18 09 47 MAX     6
2021 04 18 11 41 MIN     5
2021 04 18 17 49 MAX    12
2021 04 19 02 16 MIN    -7
2021 04 19 18 37 MAX    12
2021 04 20 03 29 MIN    -6
2021 04 20 19 45 MAX    12
2021 04 21 04 40 MIN    -5
2021 04 21 13 49 MAX    10
2021 04 21 16 18 MIN     9
2021 04 21 21 11 MAX    13
2021 04 22 05 41 MIN    -4
2021 04 22 13 56 MAX    12
2021 04 22 17 35 MIN    10
2021 04 22 22 30 MAX    14
2021 04 23 06 34 MIN    -3
2021 04 23 14 08 MAX    14
2021 04 23 18 33 MIN     9
2021 04 23 23 49 MAX    16
2021 04 24 07 19 MIN    -1
2021 04 24 14 16 MAX    16
2021 04 24 19 22 MIN     8
2021 04 25 01 06 MAX    18
2021 04 25 08 00 MIN     1
2021 04 25 14 24 MAX    18
2021 04 25 20 10 MIN     6
2021 04 26 02 10 MAX    20
2021 04 26 08 40 MIN     3
2021 04 26 14 38 MAX    20
2021 04 26 20 59 MIN     3
2021 04 27 03 08 MAX    20
2021 04 27 09 17 MIN     6
2021 04 27 15 00 MAX    22
2021 04 27 21 49 MIN    -1
2021 04 28 04 06 MAX    19
2021 04 28 09 54 MIN     8
2021 04 28 15 28 MAX    23
2021 04 28 22 41 MIN    -4
2021 04 29 05 18 MAX    17
2021 04 29 10 31 MIN    10
2021 04 29 16 02 MAX    24
2021 04 29 23 37 MIN    -6
2021 04 30 07 20 MAX    15
2021 04 30 11 07 MIN    11
2021 04 30 16 40 MAX    23
2021 05 01 00 39 MIN    -8
2021 05 01 08 45 MAX    13
2021 05 01 11 40 MIN    11
2021 05 01 17 24 MAX    22
2021 05 02 01 46 MIN    -8
2021 05 02 10 01 MAX    12
2021 05 02 12 11 MIN    11
2021 05 02 18 17 MAX    20
2021 05 03 02 58 MIN    -7
2021 05 03 19 26 MAX    17
2021 05 04 04 08 MIN    -6
2021 05 04 13 05 MAX    12
2021 05 04 15 45 MIN    11
2021 05 04 20 47 MAX    16
2021 05 05 05 12 MIN    -4
2021 05 05 13 26 MAX    12
2021 05 05 17 09 MIN    10
2021 05 05 22 02 MAX    15
2021 05 06 06 06 MIN    -2
2021 05 06 13 43 MAX    13
2021 05 06 18 16 MIN     9
2021 05 06 23 21 MAX    15
2021 05 07 06 49 MIN     1
2021 05 07 13 56 MAX    15
2021 05 07 19 11 MIN     8
2021 05 08 00 46 MAX    15
2021 05 08 07 24 MIN     3
2021 05 08 14 06 MAX    17
2021 05 08 19 57 MIN     7
2021 05 09 01 52 MAX    16
2021 05 09 07 57 MIN     6
2021 05 09 14 15 MAX    18
2021 05 09 20 38 MIN     6
2021 05 10 02 43 MAX    17
2021 05 10 08 26 MIN     8
2021 05 10 14 24 MAX    19
2021 05 10 21 16 MIN     4
2021 05 11 03 31 MAX    17
2021 05 11 08 53 MIN    10
2021 05 11 14 36 MAX    20
2021 05 11 21 50 MIN     3
2021 05 12 04 20 MAX    17
2021 05 12 09 17 MIN    12
2021 05 12 14 52 MAX    21
2021 05 12 22 23 MIN     1
2021 05 13 05 19 MAX    16
2021 05 13 09 38 MIN    13
2021 05 13 15 12 MAX    21
2021 05 13 22 56 MIN    -1
2021 05 14 06 38 MAX    14
2021 05 14 10 00 MIN    12
2021 05 14 15 38 MAX    21
2021 05 14 23 32 MIN    -2
2021 05 15 07 44 MAX    13
2021 05 15 10 24 MIN    12
2021 05 15 16 11 MAX    20
2021 05 16 00 12 MIN    -3
2021 05 16 08 38 MAX    13
2021 05 16 10 51 MIN    12
2021 05 16 16 47 MAX    20
2021 05 17 00 59 MIN    -3
2021 05 17 17 30 MAX    19
2021 05 18 01 56 MIN    -2
2021 05 18 18 20 MAX    19
2021 05 19 02 59 MIN    -1
2021 05 19 19 25 MAX    19
2021 05 20 03 59 MIN     1
2021 05 20 12 38 MAX    17
2021 05 20 16 00 MIN    16
2021 05 20 20 44 MAX    19
2021 05 21 04 52 MIN     4
2021 05 21 12 48 MAX    19
2021 05 21 17 11 MIN    15
2021 05 21 22 06 MAX    21
2021 05 22 05 42 MIN     7
2021 05 22 12 53 MAX    22
2021 05 22 18 10 MIN    14
2021 05 22 23 36 MAX    22
2021 05 23 06 28 MIN    10
2021 05 23 13 01 MAX    24
2021 05 23 19 04 MIN    12
2021 05 24 01 08 MAX    24
2021 05 24 07 12 MIN    13
2021 05 24 13 17 MAX    27
2021 05 24 19 56 MIN    10
2021 05 25 02 23 MAX    25
2021 05 25 07 55 MIN    16
2021 05 25 13 43 MAX    30
2021 05 25 20 49 MIN     6
2021 05 26 03 30 MAX    26
2021 05 26 08 37 MIN    19
2021 05 26 14 15 MAX    32
2021 05 26 21 42 MIN     3
2021 05 27 04 47 MAX    25
2021 05 27 09 19 MIN    20
2021 05 27 14 53 MAX    33
2021 05 27 22 37 MIN     0
2021 05 28 06 25 MAX    24
2021 05 28 09 59 MIN    20
2021 05 28 15 34 MAX    33
2021 05 28 23 34 MIN    -1
2021 05 29 07 45 MAX    22
2021 05 29 10 36 MIN    20
2021 05 29 16 20 MAX    32
2021 05 30 00 35 MIN    -2
2021 05 30 08 52 MAX    20
2021 05 30 11 14 MIN    19
2021 05 30 17 10 MAX    29
2021 05 31 01 36 MIN    -1
2021 05 31 09 58 MAX    19
2021 05 31 11 59 MIN    18
2021 05 31 18 07 MAX    27
2021 06 01 02 37 MIN     0
2021 06 01 19 12 MAX    24
2021 06 02 03 34 MIN     2
2021 06 02 11 53 MAX    18
2021 06 02 15 24 MIN    17
2021 06 02 20 22 MAX    22
2021 06 03 04 26 MIN     5
2021 06 03 12 21 MAX    20
2021 06 03 16 47 MIN    16
2021 06 03 21 32 MAX    21
2021 06 04 05 11 MIN     8
2021 06 04 12 41 MAX    21
2021 06 04 18 00 MIN    15
2021 06 04 22 58 MAX    20
2021 06 05 05 51 MIN    11
2021 06 05 12 57 MAX    23
2021 06 05 19 00 MIN    14
2021 06 06 00 55 MAX    21
2021 06 06 06 27 MIN    14
2021 06 06 13 09 MAX    25
2021 06 06 19 49 MIN    13
2021 06 07 02 10 MAX    22
2021 06 07 07 00 MIN    17
2021 06 07 13 19 MAX    27
2021 06 07 20 29 MIN    12
2021 06 08 03 07 MAX    23
2021 06 08 07 30 MIN    20
2021 06 08 13 30 MAX    28
2021 06 08 21 05 MIN    11
2021 06 09 03 58 MAX    24
2021 06 09 07 57 MIN    21
2021 06 09 13 47 MAX    29
2021 06 09 21 38 MIN     9
2021 06 10 04 50 MAX    24
2021 06 10 08 22 MIN    22
2021 06 10 14 11 MAX    30
2021 06 10 22 10 MIN     8
2021 06 11 05 45 MAX    23
2021 06 11 08 49 MIN    22
2021 06 11 14 42 MAX    30
2021 06 11 22 45 MIN     7
2021 06 12 06 41 MAX    22
2021 06 12 09 21 MIN    21
2021 06 12 15 17 MAX    30
2021 06 12 23 23 MIN     6
2021 06 13 07 32 MAX    22
2021 06 13 09 54 MIN    21
2021 06 13 15 56 MAX    30
2021 06 14 00 05 MIN     5
2021 06 14 08 22 MAX    21
2021 06 14 10 29 MIN    20
2021 06 14 16 38 MAX    29
2021 06 15 00 50 MIN     5
2021 06 15 17 23 MAX    29
2021 06 16 01 38 MIN     6
2021 06 16 18 12 MAX    28
2021 06 17 02 27 MIN     8
2021 06 17 19 12 MAX    28
2021 06 18 03 15 MIN    11
2021 06 18 11 00 MAX    25
2021 06 18 15 33 MIN    22
2021 06 18 20 27 MAX    28
2021 06 19 04 02 MIN    14
2021 06 19 11 09 MAX    28
2021 06 19 16 46 MIN    21
2021 06 19 21 57 MAX    28
2021 06 20 04 48 MIN    18
2021 06 20 11 23 MAX    31
2021 06 20 17 50 MIN    20
2021 06 20 23 51 MAX    29
2021 06 21 05 36 MIN    22
2021 06 21 11 47 MAX    34
2021 06 21 18 50 MIN    17
2021 06 22 01 44 MAX    31
2021 06 22 06 25 MIN    26
2021 06 22 12 20 MAX    37
2021 06 22 19 48 MIN    14
2021 06 23 03 01 MAX    32
2021 06 23 07 15 MIN    28
2021 06 23 13 00 MAX    40
2021 06 23 20 44 MIN    11
2021 06 24 04 13 MAX    32
2021 06 24 08 04 MIN    29
2021 06 24 13 44 MAX    41
2021 06 24 21 39 MIN     9
2021 06 25 05 28 MAX    32
2021 06 25 08 50 MIN    30
2021 06 25 14 32 MAX    41
2021 06 25 22 34 MIN     7
2021 06 26 06 41 MAX    30
2021 06 26 09 33 MIN    29
2021 06 26 15 20 MAX    41
2021 06 26 23 28 MIN     6
2021 06 27 07 43 MAX    28
2021 06 27 10 15 MIN    27
2021 06 27 16 11 MAX    39
2021 06 28 00 21 MIN     6
2021 06 28 08 35 MAX    27
2021 06 28 11 02 MIN    26
2021 06 28 17 03 MAX    37
2021 06 29 01 13 MIN     7
2021 06 29 09 19 MAX    25
2021 06 29 12 02 MIN    24
2021 06 29 17 55 MAX    34
2021 06 30 02 01 MIN     9
2021 06 30 09 57 MAX    25
2021 06 30 13 25 MIN    23
2021 06 30 18 50 MAX    31
2021 07 01 02 45 MIN    11
2021 07 01 10 29 MAX    26
2021 07 01 14 58 MIN    23
2021 07 01 19 51 MAX    28
2021 07 02 03 25 MIN    14
2021 07 02 10 56 MAX    27
2021 07 02 16 23 MIN    21
2021 07 02 21 04 MAX    26
2021 07 03 04 01 MIN    18
2021 07 03 11 20 MAX    29
2021 07 03 17 41 MIN    20
2021 07 03 23 03 MAX    25
2021 07 04 04 35 MIN    21
2021 07 04 11 39 MAX    31
2021 07 04 18 45 MIN    19
2021 07 05 01 23 MAX    26
2021 07 05 05 08 MIN    24
2021 07 05 11 54 MAX    32
2021 07 05 19 35 MIN    18
2021 07 06 02 35 MAX    28
2021 07 06 05 39 MIN    27
2021 07 06 12 13 MAX    34
2021 07 06 20 14 MIN    17
2021 07 07 03 27 MAX    29
2021 07 07 06 14 MIN    28
2021 07 07 12 37 MAX    35
2021 07 07 20 49 MIN    16
2021 07 08 04 10 MAX    30
2021 07 08 06 52 MIN    29
2021 07 08 13 10 MAX    36
2021 07 08 21 23 MIN    15
2021 07 09 04 49 MAX    30
2021 07 09 07 33 MIN    29
2021 07 09 13 48 MAX    37
2021 07 09 21 58 MIN    14
2021 07 10 05 31 MAX    29
2021 07 10 08 15 MIN    28
2021 07 10 14 29 MAX    38
2021 07 10 22 35 MIN    12
2021 07 11 06 17 MAX    29
2021 07 11 08 57 MIN    28
2021 07 11 15 10 MAX    38
2021 07 11 23 13 MIN    11
2021 07 12 07 06 MAX    28
2021 07 12 09 40 MIN    27
2021 07 12 15 52 MAX    38
2021 07 12 23 52 MIN    11
2021 07 13 07 52 MAX    28
2021 07 13 10 26 MIN    27
2021 07 13 16 34 MAX    37
2021 07 14 00 31 MIN    12
2021 07 14 08 29 MAX    28
2021 07 14 11 19 MIN    27
2021 07 14 17 17 MAX    36
2021 07 15 01 10 MIN    13
2021 07 15 08 55 MAX    29
2021 07 15 12 24 MIN    27
2021 07 15 18 06 MAX    35
2021 07 16 01 48 MIN    16
2021 07 16 09 09 MAX    30
2021 07 16 13 45 MIN    26
2021 07 16 19 05 MAX    33
2021 07 17 02 28 MIN    19
2021 07 17 09 18 MAX    32
2021 07 17 15 08 MIN    25
2021 07 17 20 25 MAX    32
2021 07 18 03 11 MIN    23
2021 07 18 09 38 MAX    35
2021 07 18 16 24 MIN    23
2021 07 18 22 28 MAX    32
2021 07 19 03 59 MIN    27
2021 07 19 10 11 MAX    37
2021 07 19 17 36 MIN    21
2021 07 20 01 01 MAX    33
2021 07 20 04 53 MIN    31
2021 07 20 10 53 MAX    40
2021 07 20 18 44 MIN    19
2021 07 21 02 29 MAX    35
2021 07 21 05 53 MIN    33
2021 07 21 11 42 MAX    42
2021 07 21 19 46 MIN    16
2021 07 22 03 34 MAX    36
2021 07 22 06 54 MIN    34
2021 07 22 12 36 MAX    44
2021 07 22 20 43 MIN    14
2021 07 23 04 32 MAX    36
2021 07 23 07 49 MIN    34
2021 07 23 13 32 MAX    45
2021 07 23 21 36 MIN    13
2021 07 24 05 27 MAX    34
2021 07 24 08 36 MIN    33
2021 07 24 14 26 MAX    45
2021 07 24 22 25 MIN    12
2021 07 25 06 16 MAX    33
2021 07 25 09 21 MIN    31
2021 07 25 15 17 MAX    44
2021 07 25 23 12 MIN    12
2021 07 26 06 58 MAX    31
2021 07 26 10 06 MIN    29
2021 07 26 16 06 MAX    42
2021 07 26 23 55 MIN    12
2021 07 27 07 32 MAX    30
2021 07 27 10 57 MIN    27
2021 07 27 16 52 MAX    40
2021 07 28 00 35 MIN    13
2021 07 28 07 59 MAX    29
2021 07 28 11 54 MIN    26
2021 07 28 17 39 MAX    37
2021 07 29 01 12 MIN    15
2021 07 29 08 22 MAX    29
2021 07 29 13 04 MIN    25
2021 07 29 18 27 MAX    33
2021 07 30 01 45 MIN    18
2021 07 30 08 42 MAX    29
2021 07 30 14 26 MIN    23
2021 07 30 19 26 MAX    30
2021 07 31 02 13 MIN    20
2021 07 31 09 04 MAX    30
2021 07 31 15 50 MIN    22
2021 07 31 21 00 MAX    27
2021 08 01 02 37 MIN    23
2021 08 01 09 28 MAX    31
2021 08 01 17 08 MIN    21
2021 08 01 23 57 MAX    27
2021 08 02 02 59 MIN    26
2021 08 02 09 55 MAX    33
2021 08 02 18 16 MIN    20
2021 08 03 10 30 MAX    34
2021 08 03 19 09 MIN    19
2021 08 04 11 12 MAX    35
2021 08 04 19 50 MIN    18
2021 08 05 03 30 MAX    31
2021 08 05 05 24 MIN    30
2021 08 05 12 00 MAX    37
2021 08 05 20 27 MIN    17
2021 08 06 03 55 MAX    31
2021 08 06 06 28 MIN    30
2021 08 06 12 50 MAX    38
2021 08 06 21 03 MIN    16
2021 08 07 04 23 MAX    31
2021 08 07 07 22 MIN    30
2021 08 07 13 39 MAX    39
2021 08 07 21 40 MIN    15
2021 08 08 04 55 MAX    31
2021 08 08 08 09 MIN    30
2021 08 08 14 24 MAX    40
2021 08 08 22 17 MIN    14
2021 08 09 05 29 MAX    31
2021 08 09 08 54 MIN    29
2021 08 09 15 06 MAX    41
2021 08 09 22 52 MIN    13
2021 08 10 06 01 MAX    30
2021 08 10 09 41 MIN    28
2021 08 10 15 47 MAX    41
2021 08 10 23 27 MIN    14
2021 08 11 06 24 MAX    30
2021 08 11 10 30 MIN    27
2021 08 11 16 29 MAX    40
2021 08 12 00 01 MIN    15
2021 08 12 06 34 MAX    30
2021 08 12 11 23 MIN    26
2021 08 12 17 13 MAX    38
2021 08 13 00 34 MIN    17
2021 08 13 06 47 MAX    31
2021 08 13 12 21 MIN    24
2021 08 13 18 04 MAX    36
2021 08 14 01 07 MIN    20
2021 08 14 07 09 MAX    33
2021 08 14 13 30 MIN    23
2021 08 14 19 09 MAX    33
2021 08 15 01 43 MIN    23
2021 08 15 07 41 MAX    34
2021 08 15 14 48 MIN    21
2021 08 15 21 17 MAX    31
2021 08 16 02 24 MIN    27
2021 08 16 08 25 MAX    36
2021 08 16 16 11 MIN    20
2021 08 16 23 52 MAX    31
2021 08 17 03 20 MIN    30
2021 08 17 09 19 MAX    37
2021 08 17 17 32 MIN    18
2021 08 18 01 45 MAX    33
2021 08 18 04 39 MIN    32
2021 08 18 10 22 MAX    39
2021 08 18 18 44 MIN    16
2021 08 19 02 54 MAX    34
2021 08 19 06 00 MIN    32
2021 08 19 11 28 MAX    40
2021 08 19 19 45 MIN    15
2021 08 20 03 38 MAX    34
2021 08 20 07 02 MIN    32
2021 08 20 12 35 MAX    41
2021 08 20 20 38 MIN    14
2021 08 21 04 13 MAX    33
2021 08 21 07 50 MIN    31
2021 08 21 13 36 MAX    42
2021 08 21 21 24 MIN    13
2021 08 22 04 40 MAX    32
2021 08 22 08 33 MIN    29
2021 08 22 14 28 MAX    42
2021 08 22 22 06 MIN    13
2021 08 23 04 59 MAX    31
2021 08 23 09 16 MIN    27
2021 08 23 15 15 MAX    41
2021 08 23 22 44 MIN    13
2021 08 24 05 13 MAX    30
2021 08 24 10 01 MIN    25
2021 08 24 15 58 MAX    39
2021 08 24 23 19 MIN    14
2021 08 25 05 26 MAX    29
2021 08 25 10 49 MIN    23
2021 08 25 16 40 MAX    37
2021 08 25 23 51 MIN    16
2021 08 26 05 44 MAX    29
2021 08 26 11 40 MIN    21
2021 08 26 17 24 MAX    33
2021 08 27 00 19 MIN    17
2021 08 27 06 05 MAX    29
2021 08 27 12 36 MIN    20
2021 08 27 18 13 MAX    30
2021 08 28 00 41 MIN    20
2021 08 28 06 28 MAX    29
2021 08 28 13 41 MIN    19
2021 08 28 19 23 MAX    26
2021 08 29 00 57 MIN    22
2021 08 29 06 53 MAX    29
2021 08 29 14 55 MIN    18
2021 08 29 22 03 MAX    24
2021 08 30 01 03 MIN    23
2021 08 30 07 24 MAX    29
2021 08 30 16 12 MIN    17
2021 08 31 08 10 MAX    29
2021 08 31 17 25 MIN    16
2021 09 01 09 17 MAX    30
2021 09 01 18 28 MIN    15
2021 09 02 10 28 MAX    31
2021 09 02 19 16 MIN    15
2021 09 03 11 34 MAX    33
2021 09 03 19 57 MIN    14
2021 09 04 03 22 MAX    28
2021 09 04 06 38 MIN    27
2021 09 04 12 36 MAX    35
2021 09 04 20 35 MIN    13
2021 09 05 03 45 MAX    29
2021 09 05 07 26 MIN    27
2021 09 05 13 29 MAX    36
2021 09 05 21 11 MIN    12
2021 09 06 04 08 MAX    29
2021 09 06 08 10 MIN    26
2021 09 06 14 15 MAX    38
2021 09 06 21 47 MIN    12
2021 09 07 04 25 MAX    29
2021 09 07 08 54 MIN    25
2021 09 07 14 58 MAX    38
2021 09 07 22 20 MIN    13
2021 09 08 04 37 MAX    29
2021 09 08 09 39 MIN    23
2021 09 08 15 40 MAX    38
2021 09 08 22 52 MIN    14
2021 09 09 04 48 MAX    30
2021 09 09 10 27 MIN    21
2021 09 09 16 24 MAX    36
2021 09 09 23 24 MIN    16
2021 09 10 05 05 MAX    31
2021 09 10 11 17 MIN    18
2021 09 10 17 13 MAX    34
2021 09 10 23 56 MIN    18
2021 09 11 05 29 MAX    31
2021 09 11 12 13 MIN    16
2021 09 11 18 13 MAX    31
2021 09 12 00 28 MIN    21
2021 09 12 06 00 MAX    32
2021 09 12 13 17 MIN    14
2021 09 12 20 30 MAX    28
2021 09 13 01 02 MIN    23
2021 09 13 06 40 MAX    32
2021 09 13 14 37 MIN    13
2021 09 13 22 34 MAX    27
2021 09 14 01 41 MIN    25
2021 09 14 07 32 MAX    32
2021 09 14 16 05 MIN    12
2021 09 15 08 48 MAX    32
2021 09 15 17 28 MIN    11
2021 09 16 02 08 MAX    28
2021 09 16 05 02 MIN    27
2021 09 16 10 13 MAX    32
2021 09 16 18 41 MIN    11
2021 09 17 02 43 MAX    28
2021 09 17 06 13 MIN    26
2021 09 17 11 32 MAX    33
2021 09 17 19 37 MIN    10
2021 09 18 03 08 MAX    28
2021 09 18 07 05 MIN    25
2021 09 18 12 43 MAX    34
2021 09 18 20 23 MIN    11
2021 09 19 03 26 MAX    28
2021 09 19 07 48 MIN    23
2021 09 19 13 41 MAX    35
2021 09 19 21 02 MIN    11
2021 09 20 03 39 MAX    27
2021 09 20 08 30 MIN    21
2021 09 20 14 28 MAX    35
2021 09 20 21 36 MIN    12
2021 09 21 03 48 MAX    27
2021 09 21 09 11 MIN    19
2021 09 21 15 11 MAX    34
2021 09 21 22 08 MIN    13
2021 09 22 03 59 MAX    27
2021 09 22 09 54 MIN    17
2021 09 22 15 52 MAX    33
2021 09 22 22 37 MIN    15
2021 09 23 04 15 MAX    27
2021 09 23 10 37 MIN    15
2021 09 23 16 34 MAX    30
2021 09 23 23 04 MIN    16
2021 09 24 04 32 MAX    27
2021 09 24 11 20 MIN    13
2021 09 24 17 19 MAX    27
2021 09 24 23 26 MIN    18
2021 09 25 04 50 MAX    27
2021 09 25 12 03 MIN    12
2021 09 25 18 19 MAX    23
2021 09 25 23 42 MIN    19
2021 09 26 05 10 MAX    26
2021 09 26 12 49 MIN    11
2021 09 26 20 41 MAX    21
2021 09 26 23 52 MIN    19
2021 09 27 05 33 MAX    25
2021 09 27 13 45 MIN    10
2021 09 27 22 08 MAX    20
2021 09 27 23 54 MIN    19
2021 09 28 06 03 MAX    25
2021 09 28 14 58 MIN    10
2021 09 29 06 49 MAX    24
2021 09 29 16 19 MIN    10
2021 09 30 08 13 MAX    24
2021 09 30 17 33 MIN    10
2021 10 01 02 35 MAX    22
2021 10 01 04 23 MIN    21
2021 10 01 09 50 MAX    25
2021 10 01 18 31 MIN     9
2021 10 02 02 27 MAX    23
2021 10 02 05 42 MIN    21
2021 10 02 11 04 MAX    26
2021 10 02 19 17 MIN     9
2021 10 03 02 42 MAX    24
2021 10 03 06 36 MIN    21
2021 10 03 12 13 MAX    28
2021 10 03 19 56 MIN     9
2021 10 04 02 59 MAX    25
2021 10 04 07 21 MIN    21
2021 10 04 13 13 MAX    30
2021 10 04 20 32 MIN    10
2021 10 05 03 10 MAX    26
2021 10 05 08 03 MIN    20
2021 10 05 14 04 MAX    32
2021 10 05 21 06 MIN    11
2021 10 06 03 18 MAX    27
2021 10 06 08 47 MIN    18
2021 10 06 14 51 MAX    33
2021 10 06 21 39 MIN    13
2021 10 07 03 29 MAX    28
2021 10 07 09 32 MIN    15
2021 10 07 15 38 MAX    32
2021 10 07 22 12 MIN    15
2021 10 08 03 47 MAX    30
2021 10 08 10 19 MIN    12
2021 10 08 16 28 MAX    30
2021 10 08 22 45 MIN    17
2021 10 09 04 11 MAX    30
2021 10 09 11 10 MIN     9
2021 10 09 17 28 MAX    28
2021 10 09 23 18 MIN    19
2021 10 10 04 42 MAX    31
2021 10 10 12 06 MIN     6
2021 10 10 19 42 MAX    25
2021 10 10 23 51 MIN    20
2021 10 11 05 18 MAX    30
2021 10 11 13 12 MIN     5
2021 10 11 21 23 MAX    23
2021 10 12 00 23 MIN    21
2021 10 12 06 03 MAX    29
2021 10 12 14 32 MIN     5
2021 10 12 22 55 MAX    22
2021 10 13 00 54 MIN    21
2021 10 13 07 03 MAX    27
2021 10 13 15 57 MIN     5
2021 10 14 01 22 MAX    22
2021 10 14 03 31 MIN    21
2021 10 14 08 35 MAX    26
2021 10 14 17 16 MIN     5
2021 10 15 01 47 MAX    22
2021 10 15 05 01 MIN    20
2021 10 15 10 06 MAX    26
2021 10 15 18 23 MIN     6
2021 10 16 02 08 MAX    22
2021 10 16 06 07 MIN    19
2021 10 16 11 28 MAX    26
2021 10 16 19 13 MIN     7
2021 10 17 02 24 MAX    22
2021 10 17 06 59 MIN    17
2021 10 17 12 43 MAX    27
2021 10 17 19 53 MIN     8
2021 10 18 02 35 MAX    23
2021 10 18 07 44 MIN    15
2021 10 18 13 42 MAX    27
2021 10 18 20 27 MIN    10
2021 10 19 02 43 MAX    24
2021 10 19 08 26 MIN    14
2021 10 19 14 30 MAX    27
2021 10 19 20 58 MIN    12
2021 10 20 02 52 MAX    25
2021 10 20 09 06 MIN    12
2021 10 20 15 13 MAX    27
2021 10 20 21 28 MIN    14
2021 10 21 03 04 MAX    25
2021 10 21 09 45 MIN    10
2021 10 21 15 56 MAX    26
2021 10 21 21 55 MIN    15
2021 10 22 03 19 MAX    25
2021 10 22 10 22 MIN     8
2021 10 22 16 42 MAX    24
2021 10 22 22 17 MIN    16
2021 10 23 03 36 MAX    25
2021 10 23 10 58 MIN     6
2021 10 23 17 41 MAX    21
2021 10 23 22 35 MIN    17
2021 10 24 03 55 MAX    24
2021 10 24 11 34 MIN     5
2021 10 24 19 28 MAX    19
2021 10 24 22 49 MIN    17
2021 10 25 04 18 MAX    23
2021 10 25 12 12 MIN     4
2021 10 25 20 41 MAX    17
2021 10 25 23 03 MIN    16
2021 10 26 04 47 MAX    22
2021 10 26 12 57 MIN     3
2021 10 26 21 42 MAX    16
2021 10 26 23 15 MIN    15
2021 10 27 05 24 MAX    21
2021 10 27 14 00 MIN     4
2021 10 28 06 13 MAX    20
2021 10 28 15 18 MIN     4
2021 10 29 07 26 MAX    20
2021 10 29 16 31 MIN     5
2021 10 30 01 43 MAX    18
2021 10 30 04 10 MIN    17
2021 10 30 09 03 MAX    20
2021 10 30 17 31 MIN     6
2021 10 31 01 41 MAX    20
2021 10 31 05 25 MIN    17
2021 10 31 10 23 MAX    22
2021 10 31 18 21 MIN     7
2021 11 01 01 51 MAX    22
2021 11 01 06 20 MIN    17
2021 11 01 11 42 MAX    23
2021 11 01 19 03 MIN     9
2021 11 02 01 57 MAX    23
2021 11 02 07 06 MIN    16
2021 11 02 12 56 MAX    25
2021 11 02 19 41 MIN    11
2021 11 03 02 01 MAX    25
2021 11 03 07 50 MIN    14
2021 11 03 13 59 MAX    27
2021 11 03 20 19 MIN    13
2021 11 04 02 13 MAX    27
2021 11 04 08 35 MIN    11
2021 11 04 14 53 MAX    28
2021 11 04 20 55 MIN    15
2021 11 05 02 32 MAX    29
2021 11 05 09 22 MIN     7
2021 11 05 15 48 MAX    27
2021 11 05 21 31 MIN    17
2021 11 06 02 59 MAX    31
2021 11 06 10 12 MIN     4
2021 11 06 16 53 MAX    26
2021 11 06 22 07 MIN    18
2021 11 07 03 32 MAX    31
2021 11 07 11 05 MIN     1
2021 11 07 18 45 MAX    23
2021 11 07 22 42 MIN    19
2021 11 08 04 10 MAX    30
2021 11 08 12 03 MIN    -1
2021 11 08 20 16 MAX    21
2021 11 08 23 16 MIN    19
2021 11 09 04 54 MAX    29
2021 11 09 13 10 MIN    -1
2021 11 09 21 31 MAX    19
2021 11 09 23 47 MIN    18
2021 11 10 05 45 MAX    27
2021 11 10 14 23 MIN    -1
2021 11 11 06 52 MAX    24
2021 11 11 15 36 MIN     1
2021 11 12 08 17 MAX    22
2021 11 12 16 45 MIN     2
2021 11 13 00 58 MAX    18
2021 11 13 04 39 MIN    15
2021 11 13 09 41 MAX    21
2021 11 13 17 43 MIN     4
2021 11 14 01 16 MAX    18
2021 11 14 05 52 MIN    14
2021 11 14 11 06 MAX    20
2021 11 14 18 29 MIN     6
2021 11 15 01 30 MAX    20
2021 11 15 06 50 MIN    12
2021 11 15 12 40 MAX    20
2021 11 15 19 08 MIN     9
2021 11 16 01 41 MAX    22
2021 11 16 07 40 MIN    10
2021 11 16 13 50 MAX    21
2021 11 16 19 43 MIN    11
2021 11 17 01 51 MAX    23
2021 11 17 08 23 MIN     9
2021 11 17 14 43 MAX    22
2021 11 17 20 15 MIN    14
2021 11 18 02 01 MAX    24
2021 11 18 09 01 MIN     7
2021 11 18 15 31 MAX    22
2021 11 18 20 44 MIN    15
2021 11 19 02 15 MAX    25
2021 11 19 09 36 MIN     6
2021 11 19 16 19 MAX    21
2021 11 19 21 08 MIN    17
2021 11 20 02 31 MAX    25
2021 11 20 10 09 MIN     4
2021 11 20 17 15 MAX    20
2021 11 20 21 28 MIN    17
2021 11 21 02 52 MAX    24
2021 11 21 10 41 MIN     2
2021 11 21 18 20 MAX    18
2021 11 21 21 46 MIN    16
2021 11 22 03 19 MAX    24
2021 11 22 11 15 MIN     1
2021 11 22 19 21 MAX    16
2021 11 22 22 07 MIN    15
2021 11 23 03 51 MAX    23
2021 11 23 11 53 MIN     0
2021 11 23 20 13 MAX    15
2021 11 23 22 31 MIN    14
2021 11 24 04 29 MAX    22
2021 11 24 12 37 MIN    -1
2021 11 24 21 04 MAX    14
2021 11 24 22 57 MIN    13
2021 11 25 05 10 MAX    20
2021 11 25 13 29 MIN     0
2021 11 26 05 59 MAX    19
2021 11 26 14 29 MIN     1
2021 11 27 06 58 MAX    19
2021 11 27 15 29 MIN     3
2021 11 28 00 10 MAX    16
2021 11 28 03 32 MIN    15
2021 11 28 08 15 MAX    19
2021 11 28 16 23 MIN     5
2021 11 29 00 20 MAX    18
2021 11 29 04 50 MIN    15
2021 11 29 09 41 MAX    19
2021 11 29 17 13 MIN     8
2021 11 30 00 24 MAX    21
2021 11 30 05 51 MIN    14
2021 11 30 11 15 MAX    20
2021 11 30 17 59 MIN    11
2021 12 01 00 31 MAX    23
2021 12 01 06 44 MIN    12
2021 12 01 12 55 MAX    22
2021 12 01 18 44 MIN    14
2021 12 02 00 47 MAX    26
2021 12 02 07 33 MIN     9
2021 12 02 14 13 MAX    24
2021 12 02 19 28 MIN    16
2021 12 03 01 13 MAX    29
2021 12 03 08 23 MIN     5
2021 12 03 15 17 MAX    25
2021 12 03 20 12 MIN    18
2021 12 04 01 46 MAX    31
2021 12 04 09 15 MIN     2
2021 12 04 16 25 MAX    24
2021 12 04 20 54 MIN    19
2021 12 05 02 25 MAX    32
2021 12 05 10 08 MIN    -1
2021 12 05 17 46 MAX    23
2021 12 05 21 34 MIN    19
2021 12 06 03 08 MAX    32
2021 12 06 11 03 MIN    -3
2021 12 06 19 07 MAX    21
2021 12 06 22 11 MIN    18
2021 12 07 03 54 MAX    31
2021 12 07 12 00 MIN    -4
2021 12 07 20 14 MAX    18
2021 12 07 22 49 MIN    17
2021 12 08 04 45 MAX    29
2021 12 08 13 00 MIN    -4
2021 12 09 05 39 MAX    26
2021 12 09 14 00 MIN    -3
2021 12 09 22 14 MAX    15
2021 12 10 00 42 MIN    14
2021 12 10 06 41 MAX    23
2021 12 10 14 58 MIN    -1
2021 12 10 23 03 MAX    15
2021 12 11 02 36 MIN    13
2021 12 11 07 49 MAX    20
2021 12 11 15 50 MIN     2
2021 12 11 23 37 MAX    16
2021 12 12 04 10 MIN    12
2021 12 12 09 03 MAX    17
2021 12 12 16 38 MIN     5
2021 12 13 00 01 MAX    17
2021 12 13 05 32 MIN    10
2021 12 13 10 38 MAX    16
2021 12 13 17 22 MIN     8
2021 12 14 00 21 MAX    19
2021 12 14 06 40 MIN     9
2021 12 14 12 54 MAX    16
2021 12 14 18 03 MIN    11
2021 12 15 00 37 MAX    21
2021 12 15 07 33 MIN     7
2021 12 15 14 12 MAX    17
2021 12 15 18 44 MIN    14
2021 12 16 00 52 MAX    22
2021 12 16 08 16 MIN     6
2021 12 16 15 08 MAX    18
2021 12 16 19 21 MIN    16
2021 12 17 01 08 MAX    23
2021 12 17 08 53 MIN     4
2021 12 17 15 56 MAX    19
2021 12 17 19 51 MIN    17
2021 12 18 01 29 MAX    24
2021 12 18 09 25 MIN     3
2021 12 18 16 40 MAX    19
2021 12 18 20 16 MIN    17
2021 12 19 01 55 MAX    24
2021 12 19 09 57 MIN     1
2021 12 19 17 22 MAX    17
2021 12 19 20 41 MIN    16
2021 12 20 02 27 MAX    24
2021 12 20 10 30 MIN     0
2021 12 20 18 04 MAX    16
2021 12 20 21 09 MIN    15
2021 12 21 03 05 MAX    24
2021 12 21 11 05 MIN    -2
2021 12 21 18 47 MAX    14
2021 12 21 21 41 MIN    13
2021 12 22 03 44 MAX    23
2021 12 22 11 43 MIN    -3
2021 12 22 19 32 MAX    13
2021 12 22 22 16 MIN    12
2021 12 23 04 25 MAX    22
2021 12 23 12 22 MIN    -3
2021 12 23 20 17 MAX    13
2021 12 23 22 56 MIN    12
2021 12 24 05 07 MAX    21
2021 12 24 13 03 MIN    -2
2021 12 24 21 00 MAX    13
2021 12 24 23 48 MIN    12
2021 12 25 05 51 MAX    20
2021 12 25 13 45 MIN     0
2021 12 25 21 36 MAX    14
2021 12 26 01 09 MIN    13
2021 12 26 06 42 MAX    19
2021 12 26 14 28 MIN     3
2021 12 26 21 59 MAX    16
2021 12 27 02 49 MIN    13
2021 12 27 07 48 MAX    18
2021 12 27 15 13 MIN     6
2021 12 27 22 16 MAX    18
2021 12 28 04 09 MIN    12
2021 12 28 09 16 MAX    17
2021 12 28 16 01 MIN     9
2021 12 28 22 36 MAX    21
2021 12 29 05 17 MIN    10
2021 12 29 11 18 MAX    18
2021 12 29 16 53 MIN    13
2021 12 29 23 04 MAX    24
2021 12 30 06 20 MIN     7
2021 12 30 13 33 MAX    20
2021 12 30 17 48 MIN    16
2021 12 30 23 42 MAX    26
2021 12 31 07 20 MIN     4
2021 12 31 14 49 MAX    22
2021 12 31 18 44 MIN    18
