 <API - 조위예측극치자료>

대상조위관측소 : 홍도항
위도(WGS84) : N 125.1950
경도(WGS84) : E 34.6811
관측기관 : 20201221 ~ 20220101

2020 12 21 00 08 MIN    91
2020 12 21 06 07 MAX   226
2020 12 21 11 53 MIN    69
2020 12 21 18 54 MAX   257
2020 12 22 01 04 MIN    94
2020 12 22 07 07 MAX   218
2020 12 22 12 57 MIN    89
2020 12 22 19 49 MAX   240
2020 12 23 02 06 MIN    93
2020 12 23 08 19 MAX   215
2020 12 23 14 16 MIN   103
2020 12 23 20 51 MAX   227
2020 12 24 03 10 MIN    87
2020 12 24 09 36 MAX   220
2020 12 24 15 41 MIN   108
2020 12 24 21 54 MAX   222
2020 12 25 04 07 MIN    76
2020 12 25 10 46 MAX   233
2020 12 25 16 53 MIN   104
2020 12 25 22 52 MAX   221
2020 12 26 04 56 MIN    64
2020 12 26 11 43 MAX   249
2020 12 26 17 48 MIN    97
2020 12 26 23 40 MAX   224
2020 12 27 05 37 MIN    51
2020 12 27 12 28 MAX   266
2020 12 27 18 32 MIN    90
2020 12 28 00 20 MAX   229
2020 12 28 06 12 MIN    39
2020 12 28 13 06 MAX   281
2020 12 28 19 08 MIN    84
2020 12 29 00 56 MAX   234
2020 12 29 06 44 MIN    28
2020 12 29 13 39 MAX   293
2020 12 29 19 40 MIN    79
2020 12 30 01 30 MAX   239
2020 12 30 07 17 MIN    18
2020 12 30 14 12 MAX   302
2020 12 30 20 11 MIN    74
2020 12 31 02 04 MAX   244
2020 12 31 07 50 MIN    10
2020 12 31 14 46 MAX   309
2020 12 31 20 44 MIN    70
2021 01 01 02 40 MAX   248
2021 01 01 08 26 MIN     4
2021 01 01 15 22 MAX   312
2021 01 01 21 19 MIN    66
2021 01 02 03 20 MAX   250
2021 01 02 09 05 MIN     3
2021 01 02 16 00 MAX   311
2021 01 02 21 58 MIN    64
2021 01 03 04 02 MAX   249
2021 01 03 09 47 MIN     8
2021 01 03 16 42 MAX   306
2021 01 03 22 41 MIN    64
2021 01 04 04 49 MAX   247
2021 01 04 10 33 MIN    18
2021 01 04 17 27 MAX   295
2021 01 04 23 28 MIN    63
2021 01 05 05 41 MAX   244
2021 01 05 11 25 MIN    34
2021 01 05 18 16 MAX   282
2021 01 06 00 21 MIN    63
2021 01 06 06 39 MAX   241
2021 01 06 12 24 MIN    53
2021 01 06 19 09 MAX   266
2021 01 07 01 20 MIN    60
2021 01 07 07 47 MAX   242
2021 01 07 13 36 MIN    72
2021 01 07 20 10 MAX   251
2021 01 08 02 25 MIN    54
2021 01 08 09 01 MAX   250
2021 01 08 15 00 MIN    84
2021 01 08 21 16 MAX   241
2021 01 09 03 30 MIN    43
2021 01 09 10 17 MAX   266
2021 01 09 16 23 MIN    85
2021 01 09 22 23 MAX   237
2021 01 10 04 32 MIN    28
2021 01 10 11 25 MAX   287
2021 01 10 17 33 MIN    78
2021 01 10 23 26 MAX   240
2021 01 11 05 28 MIN    12
2021 01 11 12 26 MAX   308
2021 01 11 18 31 MIN    70
2021 01 12 00 22 MAX   245
2021 01 12 06 18 MIN    -1
2021 01 12 13 19 MAX   323
2021 01 12 19 21 MIN    63
2021 01 13 01 12 MAX   252
2021 01 13 07 05 MIN    -9
2021 01 13 14 07 MAX   331
2021 01 13 20 05 MIN    59
2021 01 14 01 59 MAX   257
2021 01 14 07 49 MIN   -11
2021 01 14 14 51 MAX   330
2021 01 14 20 45 MIN    58
2021 01 15 02 43 MAX   259
2021 01 15 08 31 MIN    -8
2021 01 15 15 32 MAX   323
2021 01 15 21 24 MIN    58
2021 01 16 03 25 MAX   259
2021 01 16 09 12 MIN     1
2021 01 16 16 10 MAX   311
2021 01 16 22 01 MIN    60
2021 01 17 04 06 MAX   256
2021 01 17 09 52 MIN    14
2021 01 17 16 47 MAX   296
2021 01 17 22 39 MIN    62
2021 01 18 04 47 MAX   251
2021 01 18 10 33 MIN    31
2021 01 18 17 24 MAX   278
2021 01 18 23 19 MIN    65
2021 01 19 05 31 MAX   243
2021 01 19 11 16 MIN    52
2021 01 19 18 02 MAX   260
2021 01 20 00 02 MIN    70
2021 01 20 06 19 MAX   233
2021 01 20 12 04 MIN    75
2021 01 20 18 43 MAX   240
2021 01 21 00 51 MIN    76
2021 01 21 07 15 MAX   224
2021 01 21 13 03 MIN    99
2021 01 21 19 32 MAX   222
2021 01 22 01 49 MIN    81
2021 01 22 08 24 MAX   218
2021 01 22 14 26 MIN   117
2021 01 22 20 33 MAX   207
2021 01 23 02 56 MIN    82
2021 01 23 09 45 MAX   221
2021 01 23 16 05 MIN   123
2021 01 23 21 46 MAX   200
2021 01 24 04 02 MIN    77
2021 01 24 11 01 MAX   233
2021 01 24 17 21 MIN   117
2021 01 24 22 52 MAX   202
2021 01 25 04 58 MIN    66
2021 01 25 11 59 MAX   250
2021 01 25 18 13 MIN   106
2021 01 25 23 46 MAX   211
2021 01 26 05 44 MIN    51
2021 01 26 12 43 MAX   268
2021 01 26 18 52 MIN    94
2021 01 27 00 31 MAX   223
2021 01 27 06 24 MIN    34
2021 01 27 13 20 MAX   285
2021 01 27 19 25 MIN    81
2021 01 28 01 11 MAX   236
2021 01 28 07 01 MIN    18
2021 01 28 13 56 MAX   300
2021 01 28 19 56 MIN    68
2021 01 29 01 50 MAX   249
2021 01 29 07 39 MIN     3
2021 01 29 14 31 MAX   312
2021 01 29 20 28 MIN    56
2021 01 30 02 29 MAX   260
2021 01 30 08 16 MIN    -8
2021 01 30 15 07 MAX   319
2021 01 30 21 02 MIN    46
2021 01 31 03 09 MAX   269
2021 01 31 08 55 MIN   -12
2021 01 31 15 44 MAX   321
2021 01 31 21 38 MIN    38
2021 02 01 03 52 MAX   274
2021 02 01 09 36 MIN    -9
2021 02 01 16 23 MAX   316
2021 02 01 22 16 MIN    33
2021 02 02 04 36 MAX   276
2021 02 02 10 20 MIN     3
2021 02 02 17 03 MAX   304
2021 02 02 22 57 MIN    32
2021 02 03 05 24 MAX   274
2021 02 03 11 07 MIN    24
2021 02 03 17 46 MAX   286
2021 02 03 23 43 MIN    35
2021 02 04 06 18 MAX   270
2021 02 04 12 02 MIN    51
2021 02 04 18 34 MAX   265
2021 02 05 00 36 MIN    40
2021 02 05 07 19 MAX   263
2021 02 05 13 09 MIN    80
2021 02 05 19 30 MAX   242
2021 02 06 01 39 MIN    47
2021 02 06 08 34 MAX   260
2021 02 06 14 37 MIN   101
2021 02 06 20 39 MAX   224
2021 02 07 02 55 MIN    50
2021 02 07 09 59 MAX   265
2021 02 07 16 17 MIN   107
2021 02 07 22 00 MAX   216
2021 02 08 04 12 MIN    45
2021 02 08 11 18 MAX   280
2021 02 08 17 37 MIN    97
2021 02 08 23 16 MAX   222
2021 02 09 05 20 MIN    33
2021 02 09 12 24 MAX   297
2021 02 09 18 34 MIN    84
2021 02 10 00 18 MAX   235
2021 02 10 06 15 MIN    20
2021 02 10 13 16 MAX   310
2021 02 10 19 18 MIN    71
2021 02 11 01 09 MAX   249
2021 02 11 07 02 MIN     9
2021 02 11 13 59 MAX   317
2021 02 11 19 55 MIN    61
2021 02 12 01 53 MAX   261
2021 02 12 07 43 MIN     3
2021 02 12 14 37 MAX   318
2021 02 12 20 27 MIN    53
2021 02 13 02 32 MAX   269
2021 02 13 08 20 MIN     1
2021 02 13 15 11 MAX   314
2021 02 13 20 59 MIN    47
2021 02 14 03 09 MAX   274
2021 02 14 08 55 MIN     5
2021 02 14 15 43 MAX   307
2021 02 14 21 30 MIN    43
2021 02 15 03 46 MAX   276
2021 02 15 09 31 MIN    14
2021 02 15 16 14 MAX   296
2021 02 15 22 02 MIN    41
2021 02 16 04 23 MAX   273
2021 02 16 10 07 MIN    28
2021 02 16 16 44 MAX   282
2021 02 16 22 35 MIN    44
2021 02 17 05 00 MAX   267
2021 02 17 10 44 MIN    48
2021 02 17 17 16 MAX   266
2021 02 17 23 10 MIN    51
2021 02 18 05 41 MAX   258
2021 02 18 11 25 MIN    73
2021 02 18 17 49 MAX   246
2021 02 18 23 48 MIN    61
2021 02 19 06 26 MAX   245
2021 02 19 12 11 MIN    99
2021 02 19 18 28 MAX   226
2021 02 20 00 33 MIN    74
2021 02 20 07 21 MAX   233
2021 02 20 13 14 MIN   124
2021 02 20 19 17 MAX   206
2021 02 21 01 32 MIN    86
2021 02 21 08 34 MAX   225
2021 02 21 15 02 MIN   139
2021 02 21 20 28 MAX   193
2021 02 22 02 54 MIN    91
2021 02 22 10 06 MAX   228
2021 02 22 16 48 MIN   134
2021 02 22 22 00 MAX   192
2021 02 23 04 15 MIN    83
2021 02 23 11 23 MAX   244
2021 02 23 17 49 MIN   118
2021 02 23 23 15 MAX   205
2021 02 24 05 17 MIN    66
2021 02 24 12 16 MAX   265
2021 02 24 18 30 MIN    99
2021 02 25 00 09 MAX   224
2021 02 25 06 05 MIN    44
2021 02 25 12 57 MAX   286
2021 02 25 19 02 MIN    78
2021 02 26 00 54 MAX   246
2021 02 26 06 46 MIN    21
2021 02 26 13 34 MAX   305
2021 02 26 19 33 MIN    58
2021 02 27 01 35 MAX   266
2021 02 27 07 24 MIN     1
2021 02 27 14 10 MAX   320
2021 02 27 20 04 MIN    39
2021 02 28 02 15 MAX   284
2021 02 28 08 02 MIN   -12
2021 02 28 14 45 MAX   328
2021 02 28 20 37 MIN    24
2021 03 01 02 55 MAX   299
2021 03 01 08 41 MIN   -16
2021 03 01 15 21 MAX   329
2021 03 01 21 11 MIN    12
2021 03 02 03 37 MAX   309
2021 03 02 09 21 MIN   -10
2021 03 02 15 58 MAX   322
2021 03 02 21 47 MIN     7
2021 03 03 04 21 MAX   313
2021 03 03 10 05 MIN     7
2021 03 03 16 37 MAX   307
2021 03 03 22 27 MIN     8
2021 03 04 05 07 MAX   310
2021 03 04 10 52 MIN    33
2021 03 04 17 18 MAX   286
2021 03 04 23 10 MIN    17
2021 03 05 06 00 MAX   300
2021 03 05 11 46 MIN    65
2021 03 05 18 04 MAX   260
2021 03 06 00 01 MIN    33
2021 03 06 07 00 MAX   285
2021 03 06 12 55 MIN    97
2021 03 06 19 00 MAX   234
2021 03 07 01 05 MIN    52
2021 03 07 08 16 MAX   271
2021 03 07 14 34 MIN   120
2021 03 07 20 16 MAX   213
2021 03 08 02 30 MIN    67
2021 03 08 09 48 MAX   268
2021 03 08 16 23 MIN   120
2021 03 08 21 52 MAX   208
2021 03 09 04 04 MIN    68
2021 03 09 11 14 MAX   277
2021 03 09 17 38 MIN   105
2021 03 09 23 17 MAX   221
2021 03 10 05 18 MIN    56
2021 03 10 12 17 MAX   291
2021 03 10 18 27 MIN    88
2021 03 11 00 18 MAX   240
2021 03 11 06 13 MIN    42
2021 03 11 13 04 MAX   301
2021 03 11 19 04 MIN    72
2021 03 12 01 04 MAX   259
2021 03 12 06 55 MIN    30
2021 03 12 13 42 MAX   307
2021 03 12 19 34 MIN    58
2021 03 13 01 43 MAX   274
2021 03 13 07 31 MIN    21
2021 03 13 14 14 MAX   308
2021 03 13 20 02 MIN    46
2021 03 14 02 18 MAX   286
2021 03 14 08 04 MIN    18
2021 03 14 14 44 MAX   307
2021 03 14 20 29 MIN    36
2021 03 15 02 52 MAX   293
2021 03 15 08 37 MIN    20
2021 03 15 15 12 MAX   302
2021 03 15 20 57 MIN    30
2021 03 16 03 25 MAX   297
2021 03 16 09 10 MIN    27
2021 03 16 15 40 MAX   293
2021 03 16 21 26 MIN    28
2021 03 17 03 59 MAX   297
2021 03 17 09 43 MIN    41
2021 03 17 16 08 MAX   281
2021 03 17 21 55 MIN    32
2021 03 18 04 33 MAX   292
2021 03 18 10 18 MIN    60
2021 03 18 16 38 MAX   266
2021 03 18 22 26 MIN    40
2021 03 19 05 09 MAX   283
2021 03 19 10 54 MIN    82
2021 03 19 17 08 MAX   249
2021 03 19 22 59 MIN    52
2021 03 20 05 48 MAX   270
2021 03 20 11 36 MIN   106
2021 03 20 17 42 MAX   231
2021 03 20 23 37 MIN    68
2021 03 21 06 35 MAX   255
2021 03 21 12 30 MIN   129
2021 03 21 18 26 MAX   213
2021 03 22 00 29 MIN    85
2021 03 22 07 38 MAX   242
2021 03 22 14 03 MIN   144
2021 03 22 19 32 MAX   198
2021 03 23 01 47 MIN    98
2021 03 23 09 07 MAX   237
2021 03 23 16 04 MIN   141
2021 03 23 21 12 MAX   195
2021 03 24 03 30 MIN    97
2021 03 24 10 37 MAX   249
2021 03 24 17 13 MIN   122
2021 03 24 22 43 MAX   210
2021 03 25 04 46 MIN    79
2021 03 25 11 39 MAX   269
2021 03 25 17 56 MIN    97
2021 03 25 23 45 MAX   234
2021 03 26 05 41 MIN    54
2021 03 26 12 25 MAX   291
2021 03 26 18 30 MIN    71
2021 03 27 00 33 MAX   262
2021 03 27 06 25 MIN    29
2021 03 27 13 04 MAX   309
2021 03 27 19 02 MIN    46
2021 03 28 01 15 MAX   288
2021 03 28 07 05 MIN     9
2021 03 28 13 40 MAX   323
2021 03 28 19 34 MIN    23
2021 03 29 01 56 MAX   312
2021 03 29 07 44 MIN    -3
2021 03 29 14 16 MAX   329
2021 03 29 20 07 MIN     4
2021 03 30 02 37 MAX   331
2021 03 30 08 24 MIN    -4
2021 03 30 14 53 MAX   327
2021 03 30 20 41 MIN    -8
2021 03 31 03 20 MAX   343
2021 03 31 09 06 MIN     6
2021 03 31 15 31 MAX   318
2021 03 31 21 19 MIN   -11
2021 04 01 04 04 MAX   346
2021 04 01 09 51 MIN    26
2021 04 01 16 11 MAX   301
2021 04 01 21 59 MIN    -4
2021 04 02 04 52 MAX   339
2021 04 02 10 41 MIN    54
2021 04 02 16 55 MAX   278
2021 04 02 22 43 MIN    13
2021 04 03 05 45 MAX   323
2021 04 03 11 39 MIN    86
2021 04 03 17 43 MAX   253
2021 04 03 23 36 MIN    38
2021 04 04 06 48 MAX   301
2021 04 04 12 55 MIN   113
2021 04 04 18 43 MAX   228
2021 04 05 00 43 MIN    65
2021 04 05 08 05 MAX   281
2021 04 05 14 37 MIN   127
2021 04 05 20 07 MAX   212
2021 04 06 02 17 MIN    85
2021 04 06 09 36 MAX   272
2021 04 06 16 12 MIN   121
2021 04 06 21 47 MAX   214
2021 04 07 03 56 MIN    87
2021 04 07 10 57 MAX   275
2021 04 07 17 18 MIN   106
2021 04 07 23 09 MAX   231
2021 04 08 05 09 MIN    77
2021 04 08 11 55 MAX   283
2021 04 08 18 02 MIN    88
2021 04 08 23 59 MAX   252
2021 04 09 06 01 MIN    64
2021 04 09 12 39 MAX   290
2021 04 09 18 36 MIN    71
2021 04 10 00 50 MAX   272
2021 04 10 06 40 MIN    52
2021 04 10 13 14 MAX   294
2021 04 10 19 04 MIN    55
2021 04 11 01 27 MAX   288
2021 04 11 07 15 MIN    45
2021 04 11 13 44 MAX   296
2021 04 11 19 31 MIN    42
2021 04 12 02 00 MAX   300
2021 04 12 07 47 MIN    42
2021 04 12 14 13 MAX   295
2021 04 12 19 58 MIN    32
2021 04 13 02 33 MAX   309
2021 04 13 08 19 MIN    44
2021 04 13 14 41 MAX   291
2021 04 13 20 25 MIN    27
2021 04 14 03 05 MAX   313
2021 04 14 08 51 MIN    51
2021 04 14 15 08 MAX   283
2021 04 14 20 52 MIN    27
2021 04 15 03 36 MAX   314
2021 04 15 09 23 MIN    63
2021 04 15 15 37 MAX   273
2021 04 15 21 20 MIN    31
2021 04 16 04 08 MAX   310
2021 04 16 09 57 MIN    78
2021 04 16 16 05 MAX   262
2021 04 16 21 50 MIN    39
2021 04 17 04 42 MAX   302
2021 04 17 10 33 MIN    96
2021 04 17 16 37 MAX   249
2021 04 17 22 23 MIN    51
2021 04 18 05 20 MAX   291
2021 04 18 11 15 MIN   113
2021 04 18 17 13 MAX   235
2021 04 18 23 02 MIN    66
2021 04 19 06 05 MAX   276
2021 04 19 12 09 MIN   130
2021 04 19 17 59 MAX   221
2021 04 19 23 53 MIN    84
2021 04 20 07 03 MAX   262
2021 04 20 13 31 MIN   140
2021 04 20 19 06 MAX   209
2021 04 21 01 08 MIN    99
2021 04 21 08 22 MAX   255
2021 04 21 15 11 MIN   135
2021 04 21 20 39 MAX   207
2021 04 22 02 46 MIN   101
2021 04 22 09 47 MAX   260
2021 04 22 16 23 MIN   117
2021 04 22 22 09 MAX   222
2021 04 23 04 10 MIN    87
2021 04 23 10 54 MAX   274
2021 04 23 17 12 MIN    91
2021 04 23 23 14 MAX   249
2021 04 24 05 10 MIN    65
2021 04 24 11 44 MAX   291
2021 04 24 17 51 MIN    63
2021 04 25 00 05 MAX   279
2021 04 25 05 59 MIN    43
2021 04 25 12 27 MAX   306
2021 04 25 18 26 MIN    36
2021 04 26 00 50 MAX   309
2021 04 26 06 42 MIN    27
2021 04 26 13 06 MAX   315
2021 04 26 19 00 MIN    11
2021 04 27 01 34 MAX   336
2021 04 27 07 25 MIN    19
2021 04 27 13 46 MAX   319
2021 04 27 19 36 MIN    -7
2021 04 28 02 18 MAX   356
2021 04 28 08 08 MIN    21
2021 04 28 14 26 MAX   315
2021 04 28 20 13 MIN   -16
2021 04 29 03 03 MAX   367
2021 04 29 08 53 MIN    33
2021 04 29 15 07 MAX   305
2021 04 29 20 54 MIN   -15
2021 04 30 03 51 MAX   367
2021 04 30 09 42 MIN    52
2021 04 30 15 51 MAX   289
2021 04 30 21 37 MIN    -2
2021 05 01 04 41 MAX   355
2021 05 01 10 36 MIN    76
2021 05 01 16 38 MAX   270
2021 05 01 22 25 MIN    21
2021 05 02 05 36 MAX   335
2021 05 02 11 38 MIN   100
2021 05 02 17 32 MAX   250
2021 05 02 23 21 MIN    49
2021 05 03 06 37 MAX   311
2021 05 03 12 54 MIN   117
2021 05 03 18 35 MAX   232
2021 05 04 00 30 MIN    77
2021 05 04 07 49 MAX   289
2021 05 04 14 19 MIN   123
2021 05 04 19 56 MAX   223
2021 05 05 01 59 MIN    97
2021 05 05 09 08 MAX   275
2021 05 05 15 36 MIN   118
2021 05 05 21 26 MAX   227
2021 05 06 03 31 MIN   102
2021 05 06 10 20 MAX   271
2021 05 06 16 37 MIN   105
2021 05 06 22 43 MAX   242
2021 05 07 04 44 MIN    96
2021 05 07 11 17 MAX   272
2021 05 07 17 22 MIN    89
2021 05 07 23 41 MAX   261
2021 05 08 05 37 MIN    87
2021 05 08 12 01 MAX   275
2021 05 08 17 59 MIN    72
2021 05 09 00 26 MAX   280
2021 05 09 06 20 MIN    78
2021 05 09 12 38 MAX   278
2021 05 09 18 30 MIN    58
2021 05 10 01 05 MAX   295
2021 05 10 06 56 MIN    72
2021 05 10 13 12 MAX   280
2021 05 10 18 59 MIN    46
2021 05 11 01 40 MAX   308
2021 05 11 07 30 MIN    70
2021 05 11 13 42 MAX   279
2021 05 11 19 27 MIN    38
2021 05 12 02 13 MAX   317
2021 05 12 08 03 MIN    72
2021 05 12 14 12 MAX   275
2021 05 12 19 54 MIN    35
2021 05 13 02 44 MAX   322
2021 05 13 08 36 MIN    78
2021 05 13 14 40 MAX   270
2021 05 13 20 22 MIN    35
2021 05 14 03 15 MAX   323
2021 05 14 09 08 MIN    86
2021 05 14 15 10 MAX   264
2021 05 14 20 51 MIN    38
2021 05 15 03 47 MAX   321
2021 05 15 09 43 MIN    96
2021 05 15 15 42 MAX   257
2021 05 15 21 23 MIN    44
2021 05 16 04 22 MAX   315
2021 05 16 10 20 MIN   106
2021 05 16 16 17 MAX   250
2021 05 16 22 00 MIN    53
2021 05 17 05 01 MAX   306
2021 05 17 11 04 MIN   116
2021 05 17 16 58 MAX   241
2021 05 17 22 43 MIN    66
2021 05 18 05 47 MAX   294
2021 05 18 11 58 MIN   124
2021 05 18 17 49 MAX   232
2021 05 18 23 37 MIN    81
2021 05 19 06 42 MAX   282
2021 05 19 13 05 MIN   127
2021 05 19 18 53 MAX   226
2021 05 20 00 44 MIN    94
2021 05 20 07 48 MAX   274
2021 05 20 14 21 MIN   121
2021 05 20 20 11 MAX   227
2021 05 21 02 07 MIN    99
2021 05 21 08 59 MAX   273
2021 05 21 15 28 MIN   106
2021 05 21 21 30 MAX   241
2021 05 22 03 29 MIN    93
2021 05 22 10 04 MAX   278
2021 05 22 16 22 MIN    83
2021 05 22 22 38 MAX   266
2021 05 23 04 36 MIN    80
2021 05 23 10 59 MAX   287
2021 05 23 17 07 MIN    58
2021 05 23 23 35 MAX   295
2021 05 24 05 32 MIN    66
2021 05 24 11 48 MAX   295
2021 05 24 17 48 MIN    32
2021 05 25 00 25 MAX   325
2021 05 25 06 22 MIN    55
2021 05 25 12 33 MAX   300
2021 05 25 18 28 MIN    10
2021 05 26 01 14 MAX   351
2021 05 26 07 09 MIN    50
2021 05 26 13 18 MAX   301
2021 05 26 19 09 MIN    -5
2021 05 27 02 02 MAX   369
2021 05 27 07 57 MIN    53
2021 05 27 14 02 MAX   298
2021 05 27 19 51 MIN   -10
2021 05 28 02 51 MAX   376
2021 05 28 08 46 MIN    62
2021 05 28 14 49 MAX   291
2021 05 28 20 36 MIN    -4
2021 05 29 03 40 MAX   373
2021 05 29 09 37 MIN    75
2021 05 29 15 37 MAX   281
2021 05 29 21 23 MIN    11
2021 05 30 04 32 MAX   360
2021 05 30 10 32 MIN    90
2021 05 30 16 28 MAX   270
2021 05 30 22 14 MIN    32
2021 05 31 05 25 MAX   340
2021 05 31 11 31 MIN   103
2021 05 31 17 23 MAX   258
2021 05 31 23 09 MIN    57
2021 06 01 06 21 MAX   317
2021 06 01 12 34 MIN   112
2021 06 01 18 23 MAX   248
2021 06 02 00 13 MIN    82
2021 06 02 07 21 MAX   295
2021 06 02 13 39 MIN   115
2021 06 02 19 32 MAX   241
2021 06 03 01 27 MIN   102
2021 06 03 08 23 MAX   277
2021 06 03 14 42 MIN   112
2021 06 03 20 47 MAX   242
2021 06 04 02 48 MIN   113
2021 06 04 09 26 MAX   266
2021 06 04 15 41 MIN   104
2021 06 04 22 01 MAX   251
2021 06 05 04 03 MIN   115
2021 06 05 10 25 MAX   261
2021 06 05 16 33 MIN    92
2021 06 05 23 04 MAX   265
2021 06 06 05 06 MIN   112
2021 06 06 11 15 MAX   261
2021 06 06 17 17 MIN    79
2021 06 06 23 56 MAX   281
2021 06 07 05 56 MIN   106
2021 06 07 11 59 MAX   262
2021 06 07 17 55 MIN    68
2021 06 08 00 41 MAX   296
2021 06 08 06 40 MIN   101
2021 06 08 12 38 MAX   263
2021 06 08 18 28 MIN    59
2021 06 09 01 19 MAX   309
2021 06 09 07 17 MIN    99
2021 06 09 13 13 MAX   263
2021 06 09 18 59 MIN    53
2021 06 10 01 54 MAX   318
2021 06 10 07 52 MIN    99
2021 06 10 13 46 MAX   263
2021 06 10 19 29 MIN    49
2021 06 11 02 26 MAX   324
2021 06 11 08 25 MIN   101
2021 06 11 14 18 MAX   262
2021 06 11 19 59 MIN    46
2021 06 12 02 59 MAX   327
2021 06 12 08 58 MIN   103
2021 06 12 14 51 MAX   262
2021 06 12 20 32 MIN    46
2021 06 13 03 32 MAX   328
2021 06 13 09 32 MIN   106
2021 06 13 15 27 MAX   261
2021 06 13 21 08 MIN    48
2021 06 14 04 09 MAX   325
2021 06 14 10 10 MIN   108
2021 06 14 16 06 MAX   259
2021 06 14 21 48 MIN    53
2021 06 15 04 49 MAX   320
2021 06 15 10 52 MIN   110
2021 06 15 16 51 MAX   256
2021 06 15 22 33 MIN    62
2021 06 16 05 33 MAX   312
2021 06 16 11 41 MIN   110
2021 06 16 17 41 MAX   252
2021 06 16 23 24 MIN    73
2021 06 17 06 22 MAX   303
2021 06 17 12 34 MIN   109
2021 06 17 18 39 MAX   250
2021 06 18 00 23 MIN    86
2021 06 18 07 16 MAX   293
2021 06 18 13 33 MIN   104
2021 06 18 19 43 MAX   253
2021 06 19 01 32 MIN    97
2021 06 19 08 14 MAX   285
2021 06 19 14 34 MIN    93
2021 06 19 20 54 MAX   264
2021 06 20 02 49 MIN   102
2021 06 20 09 15 MAX   280
2021 06 20 15 32 MIN    77
2021 06 20 22 03 MAX   283
2021 06 21 04 03 MIN   101
2021 06 21 10 16 MAX   279
2021 06 21 16 26 MIN    58
2021 06 21 23 07 MAX   308
2021 06 22 05 10 MIN    94
2021 06 22 11 12 MAX   280
2021 06 22 17 16 MIN    38
2021 06 23 00 05 MAX   334
2021 06 23 06 08 MIN    87
2021 06 23 12 06 MAX   283
2021 06 23 18 04 MIN    21
2021 06 24 01 00 MAX   356
2021 06 24 07 02 MIN    82
2021 06 24 12 58 MAX   286
2021 06 24 18 51 MIN    10
2021 06 25 01 52 MAX   371
2021 06 25 07 53 MIN    81
2021 06 25 13 48 MAX   287
2021 06 25 19 38 MIN     7
2021 06 26 02 43 MAX   376
2021 06 26 08 43 MIN    83
2021 06 26 14 38 MAX   287
2021 06 26 20 26 MIN    12
2021 06 27 03 32 MAX   372
2021 06 27 09 31 MIN    88
2021 06 27 15 28 MAX   285
2021 06 27 21 14 MIN    23
2021 06 28 04 21 MAX   360
2021 06 28 10 19 MIN    93
2021 06 28 16 18 MAX   281
2021 06 28 22 02 MIN    40
2021 06 29 05 08 MAX   343
2021 06 29 11 08 MIN    98
2021 06 29 17 08 MAX   275
2021 06 29 22 52 MIN    60
2021 06 30 05 55 MAX   323
2021 06 30 11 57 MIN   102
2021 06 30 18 01 MAX   269
2021 06 30 23 45 MIN    82
2021 07 01 06 41 MAX   302
2021 07 01 12 48 MIN   105
2021 07 01 18 56 MAX   262
2021 07 02 00 44 MIN   104
2021 07 02 07 30 MAX   282
2021 07 02 13 42 MIN   105
2021 07 02 19 59 MAX   258
2021 07 03 01 52 MIN   123
2021 07 03 08 24 MAX   266
2021 07 03 14 40 MIN   104
2021 07 03 21 09 MAX   258
2021 07 04 03 11 MIN   135
2021 07 04 09 23 MAX   254
2021 07 04 15 38 MIN   100
2021 07 04 22 20 MAX   266
2021 07 05 04 29 MIN   138
2021 07 05 10 23 MAX   248
2021 07 05 16 32 MIN    93
2021 07 05 23 24 MAX   278
2021 07 06 05 34 MIN   134
2021 07 06 11 18 MAX   247
2021 07 06 17 19 MIN    85
2021 07 07 00 16 MAX   293
2021 07 07 06 25 MIN   129
2021 07 07 12 06 MAX   249
2021 07 07 18 00 MIN    77
2021 07 08 00 59 MAX   306
2021 07 08 07 07 MIN   123
2021 07 08 12 47 MAX   254
2021 07 08 18 37 MIN    69
2021 07 09 01 36 MAX   318
2021 07 09 07 42 MIN   118
2021 07 09 13 25 MAX   259
2021 07 09 19 11 MIN    61
2021 07 10 02 11 MAX   327
2021 07 10 08 15 MIN   113
2021 07 10 14 01 MAX   265
2021 07 10 19 45 MIN    54
2021 07 11 02 44 MAX   333
2021 07 11 08 46 MIN   108
2021 07 11 14 38 MAX   271
2021 07 11 20 20 MIN    48
2021 07 12 03 19 MAX   338
2021 07 12 09 18 MIN   104
2021 07 12 15 16 MAX   275
2021 07 12 20 58 MIN    46
2021 07 13 03 55 MAX   339
2021 07 13 09 54 MIN    99
2021 07 13 15 57 MAX   278
2021 07 13 21 38 MIN    47
2021 07 14 04 33 MAX   336
2021 07 14 10 32 MIN    95
2021 07 14 16 40 MAX   279
2021 07 14 22 20 MIN    54
2021 07 15 05 13 MAX   330
2021 07 15 11 13 MIN    92
2021 07 15 17 27 MAX   280
2021 07 15 23 07 MIN    66
2021 07 16 05 56 MAX   320
2021 07 16 11 59 MIN    89
2021 07 16 18 19 MAX   280
2021 07 17 00 00 MIN    82
2021 07 17 00 00 MIN    82
2021 07 17 06 42 MAX   306
2021 07 17 12 49 MIN    86
2021 07 17 19 17 MAX   282
2021 07 18 01 01 MIN   101
2021 07 18 07 34 MAX   291
2021 07 18 13 46 MIN    82
2021 07 18 20 23 MAX   287
2021 07 19 02 17 MIN   117
2021 07 19 08 33 MAX   277
2021 07 19 14 49 MIN    76
2021 07 19 21 36 MAX   299
2021 07 20 03 41 MIN   126
2021 07 20 09 40 MAX   268
2021 07 20 15 53 MIN    66
2021 07 20 22 49 MAX   316
2021 07 21 05 01 MIN   123
2021 07 21 10 48 MAX   266
2021 07 21 16 55 MIN    53
2021 07 21 23 56 MAX   337
2021 07 22 06 07 MIN   114
2021 07 22 11 52 MAX   271
2021 07 22 17 52 MIN    40
2021 07 23 00 55 MAX   355
2021 07 23 07 02 MIN   105
2021 07 23 12 50 MAX   279
2021 07 23 18 44 MIN    30
2021 07 24 01 48 MAX   367
2021 07 24 07 51 MIN    97
2021 07 24 13 42 MAX   288
2021 07 24 19 33 MIN    24
2021 07 25 02 36 MAX   371
2021 07 25 08 34 MIN    91
2021 07 25 14 31 MAX   295
2021 07 25 20 18 MIN    25
2021 07 26 03 21 MAX   368
2021 07 26 09 15 MIN    88
2021 07 26 15 17 MAX   299
2021 07 26 21 02 MIN    32
2021 07 27 04 02 MAX   358
2021 07 27 09 54 MIN    87
2021 07 27 16 01 MAX   299
2021 07 27 21 45 MIN    44
2021 07 28 04 41 MAX   344
2021 07 28 10 33 MIN    87
2021 07 28 16 46 MAX   297
2021 07 28 22 28 MIN    62
2021 07 29 05 18 MAX   326
2021 07 29 11 12 MIN    89
2021 07 29 17 30 MAX   291
2021 07 29 23 12 MIN    83
2021 07 30 05 56 MAX   307
2021 07 30 11 55 MIN    92
2021 07 30 18 18 MAX   283
2021 07 31 00 01 MIN   107
2021 07 31 06 36 MAX   287
2021 07 31 12 41 MIN    98
2021 07 31 19 11 MAX   274
2021 08 01 00 59 MIN   132
2021 08 01 07 21 MAX   266
2021 08 01 13 35 MIN   105
2021 08 01 20 14 MAX   267
2021 08 02 02 16 MIN   152
2021 08 02 08 16 MAX   248
2021 08 02 14 37 MIN   110
2021 08 02 21 29 MAX   266
2021 08 03 03 50 MIN   161
2021 08 03 09 24 MAX   237
2021 08 03 15 43 MIN   111
2021 08 03 22 46 MAX   274
2021 08 04 05 12 MIN   157
2021 08 04 10 35 MAX   235
2021 08 04 16 44 MIN   105
2021 08 04 23 50 MAX   288
2021 08 05 06 10 MIN   147
2021 08 05 11 36 MAX   241
2021 08 05 17 35 MIN    94
2021 08 06 00 38 MAX   303
2021 08 06 06 52 MIN   136
2021 08 06 12 25 MAX   252
2021 08 06 18 18 MIN    81
2021 08 07 01 18 MAX   318
2021 08 07 07 26 MIN   124
2021 08 07 13 07 MAX   265
2021 08 07 18 56 MIN    67
2021 08 08 01 53 MAX   331
2021 08 08 07 55 MIN   112
2021 08 08 13 45 MAX   278
2021 08 08 19 32 MIN    53
2021 08 09 02 26 MAX   341
2021 08 09 08 25 MIN   100
2021 08 09 14 23 MAX   289
2021 08 09 20 07 MIN    43
2021 08 10 03 00 MAX   348
2021 08 10 08 55 MIN    89
2021 08 10 15 02 MAX   298
2021 08 10 20 44 MIN    38
2021 08 11 03 34 MAX   351
2021 08 11 09 27 MIN    79
2021 08 11 15 42 MAX   305
2021 08 11 21 23 MIN    39
2021 08 12 04 09 MAX   348
2021 08 12 10 02 MIN    72
2021 08 12 16 23 MAX   310
2021 08 12 22 03 MIN    47
2021 08 13 04 46 MAX   340
2021 08 13 10 39 MIN    68
2021 08 13 17 08 MAX   312
2021 08 13 22 47 MIN    63
2021 08 14 05 25 MAX   326
2021 08 14 11 21 MIN    67
2021 08 14 17 57 MAX   311
2021 08 14 23 38 MIN    86
2021 08 15 06 08 MAX   308
2021 08 15 12 08 MIN    70
2021 08 15 18 53 MAX   308
2021 08 16 00 39 MIN   112
2021 08 16 06 59 MAX   286
2021 08 16 13 05 MIN    76
2021 08 16 20 01 MAX   305
2021 08 17 01 59 MIN   136
2021 08 17 08 01 MAX   266
2021 08 17 14 16 MIN    82
2021 08 17 21 20 MAX   307
2021 08 18 03 38 MIN   145
2021 08 18 09 19 MAX   254
2021 08 18 15 35 MIN    81
2021 08 18 22 43 MAX   318
2021 08 19 05 07 MIN   139
2021 08 19 10 41 MAX   255
2021 08 19 16 49 MIN    72
2021 08 19 23 55 MAX   334
2021 08 20 06 11 MIN   124
2021 08 20 11 51 MAX   267
2021 08 20 17 51 MIN    58
2021 08 21 00 52 MAX   350
2021 08 21 07 00 MIN   109
2021 08 21 12 49 MAX   283
2021 08 21 18 43 MIN    45
2021 08 22 01 40 MAX   359
2021 08 22 07 39 MIN    95
2021 08 22 13 37 MAX   298
2021 08 22 19 27 MIN    37
2021 08 23 02 22 MAX   361
2021 08 23 08 14 MIN    85
2021 08 23 14 20 MAX   309
2021 08 23 20 07 MIN    35
2021 08 24 02 59 MAX   358
2021 08 24 08 48 MIN    77
2021 08 24 15 01 MAX   315
2021 08 24 20 45 MIN    39
2021 08 25 03 33 MAX   349
2021 08 25 09 20 MIN    72
2021 08 25 15 40 MAX   318
2021 08 25 21 22 MIN    50
2021 08 26 04 06 MAX   337
2021 08 26 09 53 MIN    70
2021 08 26 16 19 MAX   316
2021 08 26 22 00 MIN    66
2021 08 27 04 38 MAX   322
2021 08 27 10 27 MIN    73
2021 08 27 16 58 MAX   310
2021 08 27 22 40 MIN    87
2021 08 28 05 10 MAX   304
2021 08 28 11 03 MIN    79
2021 08 28 17 40 MAX   301
2021 08 28 23 22 MIN   112
2021 08 29 05 45 MAX   283
2021 08 29 11 42 MIN    90
2021 08 29 18 26 MAX   288
2021 08 30 00 12 MIN   137
2021 08 30 06 23 MAX   262
2021 08 30 12 27 MIN   104
2021 08 30 19 21 MAX   276
2021 08 31 01 22 MIN   161
2021 08 31 07 12 MAX   242
2021 08 31 13 27 MIN   118
2021 08 31 20 32 MAX   267
2021 09 01 03 09 MIN   173
2021 09 01 08 22 MAX   227
2021 09 01 14 47 MIN   125
2021 09 01 22 01 MAX   268
2021 09 02 04 46 MIN   167
2021 09 02 09 52 MAX   225
2021 09 02 16 08 MIN   120
2021 09 02 23 18 MAX   280
2021 09 03 05 46 MIN   153
2021 09 03 11 08 MAX   237
2021 09 03 17 11 MIN   105
2021 09 04 00 11 MAX   298
2021 09 04 06 26 MIN   135
2021 09 04 12 03 MAX   254
2021 09 04 17 58 MIN    85
2021 09 05 00 51 MAX   316
2021 09 05 06 57 MIN   116
2021 09 05 12 47 MAX   274
2021 09 05 18 38 MIN    65
2021 09 06 01 26 MAX   331
2021 09 06 07 25 MIN    97
2021 09 06 13 26 MAX   293
2021 09 06 19 14 MIN    48
2021 09 07 01 58 MAX   343
2021 09 07 07 54 MIN    79
2021 09 07 14 04 MAX   309
2021 09 07 19 50 MIN    35
2021 09 08 02 31 MAX   350
2021 09 08 08 22 MIN    63
2021 09 08 14 41 MAX   323
2021 09 08 20 26 MIN    30
2021 09 09 03 04 MAX   352
2021 09 09 08 53 MIN    50
2021 09 09 15 21 MAX   334
2021 09 09 21 04 MIN    33
2021 09 10 03 39 MAX   347
2021 09 10 09 27 MIN    42
2021 09 10 16 02 MAX   341
2021 09 10 21 44 MIN    46
2021 09 11 04 16 MAX   335
2021 09 11 10 04 MIN    40
2021 09 11 16 47 MAX   341
2021 09 11 22 29 MIN    67
2021 09 12 04 55 MAX   317
2021 09 12 10 45 MIN    45
2021 09 12 17 36 MAX   335
2021 09 12 23 22 MIN    95
2021 09 13 05 40 MAX   294
2021 09 13 11 33 MIN    58
2021 09 13 18 34 MAX   324
2021 09 14 00 27 MIN   124
2021 09 14 06 33 MAX   270
2021 09 14 12 33 MIN    76
2021 09 14 19 45 MAX   311
2021 09 15 02 00 MIN   146
2021 09 15 07 44 MAX   248
2021 09 15 13 54 MIN    92
2021 09 15 21 12 MAX   305
2021 09 16 03 48 MIN   148
2021 09 16 09 16 MAX   240
2021 09 16 15 30 MIN    95
2021 09 16 22 40 MAX   312
2021 09 17 05 09 MIN   134
2021 09 17 10 45 MAX   251
2021 09 17 16 50 MIN    84
2021 09 17 23 49 MAX   324
2021 09 18 06 03 MIN   115
2021 09 18 11 52 MAX   271
2021 09 18 17 50 MIN    68
2021 09 19 00 40 MAX   335
2021 09 19 06 43 MIN    97
2021 09 19 12 44 MAX   291
2021 09 19 18 36 MIN    55
2021 09 20 01 22 MAX   341
2021 09 20 07 16 MIN    82
2021 09 20 13 26 MAX   308
2021 09 20 19 16 MIN    47
2021 09 21 01 57 MAX   341
2021 09 21 07 46 MIN    69
2021 09 21 14 04 MAX   320
2021 09 21 19 51 MIN    44
2021 09 22 02 29 MAX   337
2021 09 22 08 15 MIN    59
2021 09 22 14 41 MAX   327
2021 09 22 20 25 MIN    48
2021 09 23 02 59 MAX   329
2021 09 23 08 43 MIN    53
2021 09 23 15 16 MAX   329
2021 09 23 20 59 MIN    57
2021 09 24 03 29 MAX   319
2021 09 24 09 13 MIN    52
2021 09 24 15 51 MAX   328
2021 09 24 21 34 MIN    72
2021 09 25 03 58 MAX   305
2021 09 25 09 43 MIN    56
2021 09 25 16 26 MAX   322
2021 09 25 22 11 MIN    91
2021 09 26 04 28 MAX   288
2021 09 26 10 15 MIN    66
2021 09 26 17 03 MAX   311
2021 09 26 22 50 MIN   114
2021 09 27 05 00 MAX   270
2021 09 27 10 48 MIN    79
2021 09 27 17 44 MAX   297
2021 09 27 23 35 MIN   137
2021 09 28 05 36 MAX   251
2021 09 28 11 28 MIN    96
2021 09 28 18 31 MAX   281
2021 09 29 00 36 MIN   157
2021 09 29 06 21 MAX   233
2021 09 29 12 20 MIN   114
2021 09 29 19 36 MAX   267
2021 09 30 02 20 MIN   169
2021 09 30 07 29 MAX   219
2021 09 30 13 44 MIN   127
2021 09 30 21 04 MAX   261
2021 10 01 04 03 MIN   162
2021 10 01 09 09 MAX   217
2021 10 01 15 26 MIN   124
2021 10 01 22 31 MAX   270
2021 10 02 05 06 MIN   144
2021 10 02 10 37 MAX   231
2021 10 02 16 40 MIN   107
2021 10 02 23 30 MAX   287
2021 10 03 05 47 MIN   121
2021 10 03 11 36 MAX   254
2021 10 03 17 31 MIN    84
2021 10 04 00 13 MAX   304
2021 10 04 06 19 MIN    97
2021 10 04 12 21 MAX   279
2021 10 04 18 13 MIN    62
2021 10 05 00 49 MAX   320
2021 10 05 06 48 MIN    73
2021 10 05 13 00 MAX   303
2021 10 05 18 50 MIN    43
2021 10 06 01 23 MAX   331
2021 10 06 07 16 MIN    50
2021 10 06 13 39 MAX   325
2021 10 06 19 27 MIN    31
2021 10 07 01 56 MAX   337
2021 10 07 07 46 MIN    31
2021 10 07 14 17 MAX   343
2021 10 07 20 05 MIN    27
2021 10 08 02 31 MAX   337
2021 10 08 08 19 MIN    17
2021 10 08 14 58 MAX   357
2021 10 08 20 45 MIN    33
2021 10 09 03 07 MAX   329
2021 10 09 08 54 MIN    11
2021 10 09 15 41 MAX   362
2021 10 09 21 28 MIN    49
2021 10 10 03 46 MAX   315
2021 10 10 09 32 MIN    14
2021 10 10 16 27 MAX   359
2021 10 10 22 16 MIN    72
2021 10 11 04 29 MAX   295
2021 10 11 10 16 MIN    28
2021 10 11 17 19 MAX   346
2021 10 11 23 12 MIN   100
2021 10 12 05 18 MAX   272
2021 10 12 11 07 MIN    50
2021 10 12 18 20 MAX   326
2021 10 13 00 26 MIN   125
2021 10 13 06 17 MAX   249
2021 10 13 12 12 MIN    76
2021 10 13 19 34 MAX   306
2021 10 14 02 05 MIN   139
2021 10 14 07 37 MAX   232
2021 10 14 13 43 MIN    96
2021 10 14 21 02 MAX   295
2021 10 15 03 41 MIN   133
2021 10 15 09 15 MAX   232
2021 10 15 15 25 MIN    99
2021 10 15 22 25 MAX   296
2021 10 16 04 50 MIN   117
2021 10 16 10 40 MAX   249
2021 10 16 16 44 MIN    89
2021 10 16 23 28 MAX   302
2021 10 17 05 38 MIN    98
2021 10 17 11 42 MAX   271
2021 10 17 17 40 MIN    75
2021 10 18 00 15 MAX   307
2021 10 18 06 14 MIN    80
2021 10 18 12 29 MAX   291
2021 10 18 18 23 MIN    64
2021 10 19 00 53 MAX   310
2021 10 19 06 45 MIN    63
2021 10 19 13 09 MAX   308
2021 10 19 19 00 MIN    57
2021 10 20 01 26 MAX   309
2021 10 20 07 14 MIN    50
2021 10 20 13 45 MAX   319
2021 10 20 19 33 MIN    55
2021 10 21 01 56 MAX   306
2021 10 21 07 41 MIN    40
2021 10 21 14 19 MAX   326
2021 10 21 20 06 MIN    58
2021 10 22 02 25 MAX   299
2021 10 22 08 09 MIN    35
2021 10 22 14 52 MAX   329
2021 10 22 20 39 MIN    66
2021 10 23 02 54 MAX   290
2021 10 23 08 36 MIN    36
2021 10 23 15 24 MAX   328
2021 10 23 21 12 MIN    78
2021 10 24 03 22 MAX   279
2021 10 24 09 05 MIN    41
2021 10 24 15 56 MAX   322
2021 10 24 21 47 MIN    93
2021 10 25 03 52 MAX   266
2021 10 25 09 34 MIN    50
2021 10 25 16 31 MAX   312
2021 10 25 22 25 MIN   110
2021 10 26 04 24 MAX   253
2021 10 26 10 07 MIN    63
2021 10 26 17 08 MAX   298
2021 10 26 23 07 MIN   126
2021 10 27 05 00 MAX   239
2021 10 27 10 47 MIN    79
2021 10 27 17 53 MAX   282
2021 10 28 00 03 MIN   141
2021 10 28 05 47 MAX   224
2021 10 28 11 37 MIN    97
2021 10 28 18 51 MAX   266
2021 10 29 01 26 MIN   149
2021 10 29 06 53 MAX   213
2021 10 29 12 51 MIN   112
2021 10 29 20 08 MAX   257
2021 10 30 03 02 MIN   143
2021 10 30 08 25 MAX   211
2021 10 30 14 31 MIN   115
2021 10 30 21 32 MAX   259
2021 10 31 04 10 MIN   125
2021 10 31 09 54 MAX   225
2021 10 31 15 56 MIN   102
2021 10 31 22 37 MAX   270
2021 11 01 04 56 MIN   101
2021 11 01 10 58 MAX   249
2021 11 01 16 55 MIN    82
2021 11 01 23 26 MAX   284
2021 11 02 05 33 MIN    75
2021 11 02 11 47 MAX   276
2021 11 02 17 42 MIN    61
2021 11 03 00 06 MAX   297
2021 11 03 06 05 MIN    47
2021 11 03 12 31 MAX   305
2021 11 03 18 24 MIN    44
2021 11 04 00 43 MAX   306
2021 11 04 06 38 MIN    22
2021 11 04 13 12 MAX   331
2021 11 04 19 04 MIN    34
2021 11 05 01 21 MAX   311
2021 11 05 07 12 MIN     1
2021 11 05 13 53 MAX   353
2021 11 05 19 46 MIN    31
2021 11 06 01 59 MAX   309
2021 11 06 07 48 MIN   -12
2021 11 06 14 37 MAX   366
2021 11 06 20 29 MIN    38
2021 11 07 02 39 MAX   302
2021 11 07 08 27 MIN   -14
2021 11 07 15 23 MAX   368
2021 11 07 21 16 MIN    53
2021 11 08 03 23 MAX   289
2021 11 08 09 09 MIN    -5
2021 11 08 16 13 MAX   360
2021 11 08 22 08 MIN    74
2021 11 09 04 10 MAX   271
2021 11 09 09 56 MIN    14
2021 11 09 17 07 MAX   342
2021 11 09 23 08 MIN    95
2021 11 10 05 03 MAX   253
2021 11 10 10 50 MIN    40
2021 11 10 18 08 MAX   318
2021 11 11 00 20 MIN   112
2021 11 11 06 07 MAX   235
2021 11 11 11 57 MIN    68
2021 11 11 19 18 MAX   295
2021 11 12 01 45 MIN   119
2021 11 12 07 25 MAX   225
2021 11 12 13 24 MIN    90
2021 11 12 20 36 MAX   278
2021 11 13 03 06 MIN   113
2021 11 13 08 55 MAX   227
2021 11 13 15 01 MIN    97
2021 11 13 21 50 MAX   271
2021 11 14 04 10 MIN   100
2021 11 14 10 16 MAX   242
2021 11 14 16 20 MIN    92
2021 11 14 22 51 MAX   270
2021 11 15 04 59 MIN    82
2021 11 15 11 18 MAX   261
2021 11 15 17 19 MIN    83
2021 11 15 23 38 MAX   271
2021 11 16 05 38 MIN    65
2021 11 16 12 07 MAX   279
2021 11 16 18 04 MIN    75
2021 11 17 00 18 MAX   272
2021 11 17 06 11 MIN    50
2021 11 17 12 48 MAX   295
2021 11 17 18 42 MIN    70
2021 11 18 00 53 MAX   272
2021 11 18 06 42 MIN    37
2021 11 18 13 24 MAX   306
2021 11 18 19 18 MIN    67
2021 11 19 01 25 MAX   270
2021 11 19 07 10 MIN    30
2021 11 19 13 58 MAX   314
2021 11 19 19 51 MIN    69
2021 11 20 01 55 MAX   266
2021 11 20 07 38 MIN    26
2021 11 20 14 29 MAX   317
2021 11 20 20 23 MIN    73
2021 11 21 02 24 MAX   260
2021 11 21 08 06 MIN    26
2021 11 21 15 01 MAX   317
2021 11 21 20 56 MIN    81
2021 11 22 02 54 MAX   254
2021 11 22 08 36 MIN    29
2021 11 22 15 32 MAX   313
2021 11 22 21 29 MIN    89
2021 11 23 03 25 MAX   247
2021 11 23 09 07 MIN    35
2021 11 23 16 06 MAX   306
2021 11 23 22 06 MIN    99
2021 11 24 03 59 MAX   240
2021 11 24 09 43 MIN    45
2021 11 24 16 43 MAX   295
2021 11 24 22 46 MIN   107
2021 11 25 04 38 MAX   231
2021 11 25 10 24 MIN    57
2021 11 25 17 26 MAX   282
2021 11 25 23 36 MIN   115
2021 11 26 05 26 MAX   222
2021 11 26 11 13 MIN    71
2021 11 26 18 17 MAX   268
2021 11 27 00 37 MIN   119
2021 11 27 06 26 MAX   213
2021 11 27 12 15 MIN    85
2021 11 27 19 20 MAX   257
2021 11 28 01 50 MIN   115
2021 11 28 07 41 MAX   211
2021 11 28 13 34 MIN    94
2021 11 28 20 29 MAX   251
2021 11 29 03 00 MIN   102
2021 11 29 09 01 MAX   221
2021 11 29 14 58 MIN    93
2021 11 29 21 35 MAX   254
2021 11 30 03 56 MIN    81
2021 11 30 10 12 MAX   242
2021 11 30 16 10 MIN    82
2021 11 30 22 31 MAX   260
2021 12 01 04 42 MIN    55
2021 12 01 11 09 MAX   270
2021 12 01 17 08 MIN    68
2021 12 01 23 20 MAX   269
2021 12 02 05 23 MIN    29
2021 12 02 12 00 MAX   300
2021 12 02 17 59 MIN    54
2021 12 03 00 05 MAX   276
2021 12 03 06 03 MIN     4
2021 12 03 12 48 MAX   328
2021 12 03 18 46 MIN    45
2021 12 04 00 49 MAX   280
2021 12 04 06 43 MIN   -15
2021 12 04 13 34 MAX   349
2021 12 04 19 32 MIN    42
2021 12 05 01 34 MAX   280
2021 12 05 07 25 MIN   -26
2021 12 05 14 22 MAX   360
2021 12 05 20 20 MIN    46
2021 12 06 02 20 MAX   276
2021 12 06 08 09 MIN   -26
2021 12 06 15 11 MAX   360
2021 12 06 21 09 MIN    55
2021 12 07 03 08 MAX   269
2021 12 07 08 55 MIN   -16
2021 12 07 16 02 MAX   350
2021 12 07 22 01 MIN    68
2021 12 08 03 58 MAX   259
2021 12 08 09 45 MIN     2
2021 12 08 16 55 MAX   331
2021 12 08 22 56 MIN    80
2021 12 09 04 52 MAX   247
2021 12 09 10 39 MIN    26
2021 12 09 17 50 MAX   307
2021 12 09 23 56 MIN    90
2021 12 10 05 51 MAX   236
2021 12 10 11 39 MIN    52
2021 12 10 18 49 MAX   283
2021 12 11 01 01 MIN    95
2021 12 11 06 58 MAX   228
2021 12 11 12 49 MIN    76
2021 12 11 19 51 MAX   262
2021 12 12 02 07 MIN    93
2021 12 12 08 13 MAX   225
2021 12 12 14 11 MIN    93
2021 12 12 20 56 MAX   247
2021 12 13 03 11 MIN    86
2021 12 13 09 31 MAX   230
2021 12 13 15 36 MIN    99
2021 12 13 21 57 MAX   238
2021 12 14 04 08 MIN    74
2021 12 14 10 41 MAX   243
2021 12 14 16 46 MIN    97
2021 12 14 22 52 MAX   235
2021 12 15 04 56 MIN    61
2021 12 15 11 38 MAX   258
2021 12 15 17 42 MIN    92
2021 12 15 23 39 MAX   236
2021 12 16 05 37 MIN    49
2021 12 16 12 25 MAX   274
2021 12 16 18 27 MIN    86
2021 12 17 00 21 MAX   237
2021 12 17 06 13 MIN    39
2021 12 17 13 05 MAX   286
2021 12 17 19 05 MIN    81
2021 12 18 00 57 MAX   239
2021 12 18 06 45 MIN    31
2021 12 18 13 40 MAX   295
2021 12 18 19 40 MIN    79
2021 12 19 01 30 MAX   240
2021 12 19 07 16 MIN    26
2021 12 19 14 12 MAX   301
2021 12 19 20 12 MIN    79
2021 12 20 02 02 MAX   241
2021 12 20 07 46 MIN    22
2021 12 20 14 44 MAX   304
2021 12 20 20 43 MIN    80
2021 12 21 02 33 MAX   241
2021 12 21 08 18 MIN    20
2021 12 21 15 15 MAX   304
2021 12 21 21 15 MIN    81
2021 12 22 03 07 MAX   241
2021 12 22 08 52 MIN    20
2021 12 22 15 49 MAX   300
2021 12 22 21 49 MIN    82
2021 12 23 03 44 MAX   239
2021 12 23 09 29 MIN    24
2021 12 23 16 25 MAX   294
2021 12 23 22 26 MIN    83
2021 12 24 04 24 MAX   235
2021 12 24 10 10 MIN    32
2021 12 24 17 05 MAX   285
2021 12 24 23 08 MIN    84
2021 12 25 05 09 MAX   230
2021 12 25 10 55 MIN    43
2021 12 25 17 49 MAX   274
2021 12 25 23 55 MIN    84
2021 12 26 06 02 MAX   225
2021 12 26 11 46 MIN    57
2021 12 26 18 37 MAX   262
2021 12 27 00 49 MIN    82
2021 12 27 07 02 MAX   223
2021 12 27 12 47 MIN    72
2021 12 27 19 32 MAX   251
2021 12 28 01 49 MIN    75
2021 12 28 08 11 MAX   228
2021 12 28 14 01 MIN    84
2021 12 28 20 33 MAX   243
2021 12 29 02 51 MIN    62
2021 12 29 09 24 MAX   242
2021 12 29 15 22 MIN    87
2021 12 29 21 36 MAX   240
2021 12 30 03 50 MIN    44
2021 12 30 10 33 MAX   265
2021 12 30 16 37 MIN    82
2021 12 30 22 37 MAX   242
2021 12 31 04 45 MIN    23
2021 12 31 11 35 MAX   292
2021 12 31 17 40 MIN    72
2021 12 31 23 35 MAX   247
