<TOPS - 조위예측극치자료>

대상조위관측소 : 홍도항
위도(WGS84) : N  34도 40분 52초
경도(WGS84) : E 125도 11분 42초
관측기간 : 2022-01-01 00:00:00 ~ 2022-12-31 23:59:00

2021 12 01 04 42 MIN    55
2021 12 01 11 09 MAX   270
2021 12 01 17 08 MIN    68
2021 12 01 23 20 MAX   269
2021 12 02 05 23 MIN    29
2021 12 02 12 00 MAX   300
2021 12 02 17 59 MIN    54
2021 12 03 00 05 MAX   276
2021 12 03 06 03 MIN     4
2021 12 03 12 48 MAX   328
2021 12 03 18 46 MIN    45
2021 12 04 00 49 MAX   280
2021 12 04 06 43 MIN   -15
2021 12 04 13 34 MAX   349
2021 12 04 19 32 MIN    42
2021 12 05 01 34 MAX   280
2021 12 05 07 25 MIN   -26
2021 12 05 14 22 MAX   360
2021 12 05 20 20 MIN    46
2021 12 06 02 20 MAX   276
2021 12 06 08 09 MIN   -26
2021 12 06 15 11 MAX   360
2021 12 06 21 09 MIN    55
2021 12 07 03 08 MAX   269
2021 12 07 08 55 MIN   -16
2021 12 07 16 02 MAX   350
2021 12 07 22 01 MIN    68
2021 12 08 03 58 MAX   259
2021 12 08 09 45 MIN     2
2021 12 08 16 55 MAX   331
2021 12 08 22 56 MIN    80
2021 12 09 04 52 MAX   247
2021 12 09 10 39 MIN    26
2021 12 09 17 50 MAX   307
2021 12 09 23 56 MIN    90
2021 12 10 05 51 MAX   236
2021 12 10 11 39 MIN    52
2021 12 10 18 49 MAX   283
2021 12 11 01 01 MIN    95
2021 12 11 06 58 MAX   228
2021 12 11 12 49 MIN    76
2021 12 11 19 51 MAX   262
2021 12 12 02 07 MIN    93
2021 12 12 08 13 MAX   225
2021 12 12 14 11 MIN    93
2021 12 12 20 56 MAX   247
2021 12 13 03 11 MIN    86
2021 12 13 09 31 MAX   230
2021 12 13 15 36 MIN    99
2021 12 13 21 57 MAX   238
2021 12 14 04 08 MIN    74
2021 12 14 10 41 MAX   243
2021 12 14 16 46 MIN    97
2021 12 14 22 52 MAX   235
2021 12 15 04 56 MIN    61
2021 12 15 11 38 MAX   258
2021 12 15 17 42 MIN    92
2021 12 15 23 39 MAX   236
2021 12 16 05 37 MIN    49
2021 12 16 12 25 MAX   274
2021 12 16 18 27 MIN    86
2021 12 17 00 21 MAX   237
2021 12 17 06 13 MIN    39
2021 12 17 13 05 MAX   286
2021 12 17 19 05 MIN    81
2021 12 18 00 57 MAX   239
2021 12 18 06 45 MIN    31
2021 12 18 13 40 MAX   295
2021 12 18 19 40 MIN    79
2021 12 19 01 30 MAX   240
2021 12 19 07 16 MIN    26
2021 12 19 14 12 MAX   301
2021 12 19 20 12 MIN    79
2021 12 20 02 02 MAX   241
2021 12 20 07 46 MIN    22
2021 12 20 14 44 MAX   304
2021 12 20 20 43 MIN    80
2021 12 21 02 33 MAX   241
2021 12 21 08 18 MIN    20
2021 12 21 15 15 MAX   304
2021 12 21 21 15 MIN    81
2021 12 22 03 07 MAX   241
2021 12 22 08 52 MIN    20
2021 12 22 15 49 MAX   300
2021 12 22 21 49 MIN    82
2021 12 23 03 44 MAX   239
2021 12 23 09 29 MIN    24
2021 12 23 16 25 MAX   294
2021 12 23 22 26 MIN    83
2021 12 24 04 24 MAX   235
2021 12 24 10 10 MIN    32
2021 12 24 17 05 MAX   285
2021 12 24 23 08 MIN    84
2021 12 25 05 09 MAX   230
2021 12 25 10 55 MIN    43
2021 12 25 17 49 MAX   274
2021 12 25 23 55 MIN    84
2021 12 26 06 02 MAX   225
2021 12 26 11 46 MIN    57
2021 12 26 18 37 MAX   262
2021 12 27 00 49 MIN    82
2021 12 27 07 02 MAX   223
2021 12 27 12 47 MIN    72
2021 12 27 19 32 MAX   251
2021 12 28 01 49 MIN    75
2021 12 28 08 11 MAX   228
2021 12 28 14 01 MIN    84
2021 12 28 20 33 MAX   243
2021 12 29 02 51 MIN    62
2021 12 29 09 24 MAX   242
2021 12 29 15 22 MIN    87
2021 12 29 21 36 MAX   240
2021 12 30 03 50 MIN    44
2021 12 30 10 33 MAX   265
2021 12 30 16 37 MIN    82
2021 12 30 22 37 MAX   242
2021 12 31 04 45 MIN    23
2021 12 31 11 35 MAX   292
2021 12 31 17 40 MIN    72
2021 12 31 23 35 MAX   247
2022 01 01 05 36 MIN     3
2022 01 01 12 31 MAX   318
2022 01 01 18 36 MIN    62
2022 01 02 00 28 MAX   254
2022 01 02 06 25 MIN   -14
2022 01 02 13 24 MAX   337
2022 01 02 19 27 MIN    55
2022 01 03 01 20 MAX   260
2022 01 03 07 14 MIN   -25
2022 01 03 14 15 MAX   347
2022 01 03 20 15 MIN    52
2022 01 04 02 09 MAX   264
2022 01 04 08 01 MIN   -28
2022 01 04 15 04 MAX   348
2022 01 04 21 02 MIN    52
2022 01 05 02 59 MAX   265
2022 01 05 08 48 MIN   -21
2022 01 05 15 52 MAX   338
2022 01 05 21 47 MIN    56
2022 01 06 03 47 MAX   263
2022 01 06 09 36 MIN    -7
2022 01 06 16 38 MAX   322
2022 01 06 22 33 MIN    60
2022 01 07 04 37 MAX   258
2022 01 07 10 24 MIN    13
2022 01 07 17 24 MAX   301
2022 01 07 23 19 MIN    65
2022 01 08 05 28 MAX   250
2022 01 08 11 13 MIN    37
2022 01 08 18 09 MAX   277
2022 01 09 00 07 MIN    69
2022 01 09 06 22 MAX   240
2022 01 09 12 07 MIN    64
2022 01 09 18 56 MAX   254
2022 01 10 01 00 MIN    73
2022 01 10 07 23 MAX   231
2022 01 10 13 11 MIN    89
2022 01 10 19 47 MAX   233
2022 01 11 02 00 MIN    75
2022 01 11 08 33 MAX   225
2022 01 11 14 32 MIN   108
2022 01 11 20 48 MAX   217
2022 01 12 03 04 MIN    74
2022 01 12 09 51 MAX   228
2022 01 12 16 03 MIN   115
2022 01 12 21 54 MAX   208
2022 01 13 04 07 MIN    70
2022 01 13 11 04 MAX   239
2022 01 13 17 19 MIN   112
2022 01 13 22 58 MAX   207
2022 01 14 05 01 MIN    62
2022 01 14 12 02 MAX   253
2022 01 14 18 15 MIN   104
2022 01 14 23 51 MAX   212
2022 01 15 05 48 MIN    52
2022 01 15 12 48 MAX   268
2022 01 15 18 57 MIN    95
2022 01 16 00 34 MAX   219
2022 01 16 06 26 MIN    41
2022 01 16 13 25 MAX   280
2022 01 16 19 31 MIN    87
2022 01 17 01 12 MAX   228
2022 01 17 07 01 MIN    31
2022 01 17 13 58 MAX   290
2022 01 17 20 01 MIN    80
2022 01 18 01 46 MAX   236
2022 01 18 07 34 MIN    21
2022 01 18 14 29 MAX   297
2022 01 18 20 29 MIN    73
2022 01 19 02 20 MAX   244
2022 01 19 08 08 MIN    12
2022 01 19 15 01 MAX   301
2022 01 19 20 58 MIN    67
2022 01 20 02 55 MAX   249
2022 01 20 08 42 MIN     7
2022 01 20 15 33 MAX   303
2022 01 20 21 29 MIN    61
2022 01 21 03 32 MAX   253
2022 01 21 09 17 MIN     7
2022 01 21 16 07 MAX   301
2022 01 21 22 02 MIN    57
2022 01 22 04 11 MAX   254
2022 01 22 09 55 MIN    12
2022 01 22 16 42 MAX   295
2022 01 22 22 37 MIN    53
2022 01 23 04 52 MAX   253
2022 01 23 10 36 MIN    23
2022 01 23 17 19 MAX   285
2022 01 23 23 16 MIN    51
2022 01 24 05 38 MAX   251
2022 01 24 11 20 MIN    40
2022 01 24 17 59 MAX   271
2022 01 25 00 00 MIN    51
2022 01 25 06 30 MAX   248
2022 01 25 12 13 MIN    61
2022 01 25 18 45 MAX   255
2022 01 26 00 52 MIN    51
2022 01 26 07 31 MAX   247
2022 01 26 13 19 MIN    83
2022 01 26 19 41 MAX   238
2022 01 27 01 54 MIN    50
2022 01 27 08 45 MAX   252
2022 01 27 14 45 MIN    99
2022 01 27 20 49 MAX   225
2022 01 28 03 06 MIN    45
2022 01 28 10 05 MAX   265
2022 01 28 16 19 MIN   101
2022 01 28 22 06 MAX   221
2022 01 29 04 18 MIN    33
2022 01 29 11 21 MAX   286
2022 01 29 17 36 MIN    90
2022 01 29 23 18 MAX   228
2022 01 30 05 23 MIN    16
2022 01 30 12 25 MAX   309
2022 01 30 18 35 MIN    75
2022 01 31 00 20 MAX   241
2022 01 31 06 19 MIN    -1
2022 01 31 13 20 MAX   327
2022 01 31 19 24 MIN    62
2022 02 01 01 15 MAX   256
2022 02 01 07 09 MIN   -15
2022 02 01 14 09 MAX   336
2022 02 01 20 06 MIN    51
2022 02 02 02 04 MAX   268
2022 02 02 07 56 MIN   -21
2022 02 02 14 54 MAX   337
2022 02 02 20 46 MIN    44
2022 02 03 02 50 MAX   277
2022 02 03 08 39 MIN   -19
2022 02 03 15 34 MAX   330
2022 02 03 21 24 MIN    40
2022 02 04 03 34 MAX   280
2022 02 04 09 21 MIN    -8
2022 02 04 16 13 MAX   316
2022 02 04 22 01 MIN    39
2022 02 05 04 18 MAX   278
2022 02 05 10 03 MIN    10
2022 02 05 16 49 MAX   298
2022 02 05 22 38 MIN    41
2022 02 06 05 01 MAX   272
2022 02 06 10 44 MIN    33
2022 02 06 17 25 MAX   277
2022 02 06 23 17 MIN    46
2022 02 07 05 46 MAX   261
2022 02 07 11 29 MIN    61
2022 02 07 18 02 MAX   254
2022 02 07 23 59 MIN    55
2022 02 08 06 36 MAX   247
2022 02 08 12 19 MIN    90
2022 02 08 18 42 MAX   231
2022 02 09 00 48 MIN    67
2022 02 09 07 34 MAX   234
2022 02 09 13 27 MIN   117
2022 02 09 19 32 MAX   210
2022 02 10 01 49 MIN    79
2022 02 10 08 49 MAX   225
2022 02 10 15 11 MIN   133
2022 02 10 20 42 MAX   194
2022 02 11 03 07 MIN    86
2022 02 11 10 19 MAX   228
2022 02 11 16 55 MIN   131
2022 02 11 22 10 MAX   190
2022 02 12 04 23 MIN    82
2022 02 12 11 36 MAX   241
2022 02 12 18 00 MIN   119
2022 02 12 23 23 MAX   199
2022 02 13 05 23 MIN    71
2022 02 13 12 28 MAX   258
2022 02 13 18 42 MIN   105
2022 02 14 00 15 MAX   214
2022 02 14 06 10 MIN    55
2022 02 14 13 07 MAX   274
2022 02 14 19 14 MIN    90
2022 02 15 00 56 MAX   230
2022 02 15 06 47 MIN    37
2022 02 15 13 40 MAX   287
2022 02 15 19 41 MIN    76
2022 02 16 01 32 MAX   245
2022 02 16 07 22 MIN    22
2022 02 16 14 11 MAX   299
2022 02 16 20 07 MIN    63
2022 02 17 02 07 MAX   259
2022 02 17 07 55 MIN     9
2022 02 17 14 41 MAX   307
2022 02 17 20 34 MIN    50
2022 02 18 02 42 MAX   270
2022 02 18 08 28 MIN     1
2022 02 18 15 11 MAX   310
2022 02 18 21 02 MIN    39
2022 02 19 03 18 MAX   278
2022 02 19 09 02 MIN     0
2022 02 19 15 42 MAX   310
2022 02 19 21 32 MIN    30
2022 02 20 03 55 MAX   284
2022 02 20 09 38 MIN     6
2022 02 20 16 14 MAX   304
2022 02 20 22 05 MIN    24
2022 02 21 04 34 MAX   286
2022 02 21 10 16 MIN    19
2022 02 21 16 49 MAX   292
2022 02 21 22 41 MIN    23
2022 02 22 05 17 MAX   285
2022 02 22 11 00 MIN    40
2022 02 22 17 26 MAX   276
2022 02 22 23 21 MIN    27
2022 02 23 06 06 MAX   280
2022 02 23 11 51 MIN    67
2022 02 23 18 09 MAX   255
2022 02 24 00 10 MIN    37
2022 02 24 07 05 MAX   272
2022 02 24 12 56 MIN    96
2022 02 24 19 04 MAX   232
2022 02 25 01 13 MIN    50
2022 02 25 08 21 MAX   265
2022 02 25 14 32 MIN   117
2022 02 25 20 19 MAX   214
2022 02 26 02 36 MIN    58
2022 02 26 09 52 MAX   269
2022 02 26 16 21 MIN   116
2022 02 26 21 53 MAX   210
2022 02 27 04 06 MIN    53
2022 02 27 11 17 MAX   285
2022 02 27 17 39 MIN   100
2022 02 27 23 17 MAX   224
2022 02 28 05 20 MIN    36
2022 02 28 12 22 MAX   304
2022 02 28 18 32 MIN    79
2022 03 01 00 21 MAX   245
2022 03 01 06 18 MIN    17
2022 03 01 13 13 MAX   319
2022 03 01 19 13 MIN    61
2022 03 02 01 12 MAX   267
2022 03 02 07 05 MIN     2
2022 03 02 13 56 MAX   327
2022 03 02 19 49 MIN    46
2022 03 03 01 57 MAX   284
2022 03 03 07 47 MIN    -5
2022 03 03 14 34 MAX   327
2022 03 03 20 22 MIN    34
2022 03 04 02 38 MAX   296
2022 03 04 08 25 MIN    -4
2022 03 04 15 08 MAX   320
2022 03 04 20 54 MIN    26
2022 03 05 03 18 MAX   301
2022 03 05 09 02 MIN     5
2022 03 05 15 41 MAX   309
2022 03 05 21 26 MIN    22
2022 03 06 03 56 MAX   301
2022 03 06 09 40 MIN    22
2022 03 06 16 13 MAX   294
2022 03 06 21 59 MIN    24
2022 03 07 04 34 MAX   296
2022 03 07 10 18 MIN    44
2022 03 07 16 44 MAX   276
2022 03 07 22 32 MIN    32
2022 03 08 05 14 MAX   285
2022 03 08 10 57 MIN    70
2022 03 08 17 15 MAX   255
2022 03 08 23 08 MIN    46
2022 03 09 05 55 MAX   270
2022 03 09 11 42 MIN    98
2022 03 09 17 50 MAX   233
2022 03 09 23 48 MIN    63
2022 03 10 06 44 MAX   252
2022 03 10 12 38 MIN   125
2022 03 10 18 31 MAX   212
2022 03 11 00 38 MIN    83
2022 03 11 07 47 MAX   236
2022 03 11 14 15 MIN   144
2022 03 11 19 32 MAX   194
2022 03 12 01 55 MIN    99
2022 03 12 09 19 MAX   229
2022 03 12 16 17 MIN   144
2022 03 12 21 13 MAX   186
2022 03 13 03 36 MIN   102
2022 03 13 10 55 MAX   238
2022 03 13 17 30 MIN   129
2022 03 13 22 51 MAX   197
2022 03 14 04 54 MIN    88
2022 03 14 11 57 MAX   255
2022 03 14 18 13 MIN   110
2022 03 14 23 52 MAX   218
2022 03 15 05 47 MIN    68
2022 03 15 12 38 MAX   272
2022 03 15 18 44 MIN    90
2022 03 16 00 36 MAX   240
2022 03 16 06 28 MIN    47
2022 03 16 13 12 MAX   288
2022 03 16 19 11 MIN    70
2022 03 17 01 13 MAX   261
2022 03 17 07 02 MIN    29
2022 03 17 13 42 MAX   301
2022 03 17 19 36 MIN    51
2022 03 18 01 48 MAX   280
2022 03 18 07 35 MIN    15
2022 03 18 14 11 MAX   310
2022 03 18 20 02 MIN    33
2022 03 19 02 23 MAX   296
2022 03 19 08 08 MIN     7
2022 03 19 14 41 MAX   314
2022 03 19 20 30 MIN    18
2022 03 20 02 58 MAX   309
2022 03 20 08 43 MIN     7
2022 03 20 15 12 MAX   312
2022 03 20 21 00 MIN     7
2022 03 21 03 35 MAX   318
2022 03 21 09 20 MIN    15
2022 03 21 15 45 MAX   305
2022 03 21 21 33 MIN     3
2022 03 22 04 15 MAX   322
2022 03 22 10 00 MIN    32
2022 03 22 16 21 MAX   292
2022 03 22 22 10 MIN     6
2022 03 23 04 59 MAX   319
2022 03 23 10 46 MIN    56
2022 03 23 17 01 MAX   273
2022 03 23 22 52 MIN    18
2022 03 24 05 50 MAX   308
2022 03 24 11 40 MIN    85
2022 03 24 17 47 MAX   249
2022 03 24 23 43 MIN    37
2022 03 25 06 52 MAX   292
2022 03 25 12 54 MIN   113
2022 03 25 18 47 MAX   226
2022 03 26 00 50 MIN    60
2022 03 26 08 12 MAX   278
2022 03 26 14 42 MIN   127
2022 03 26 20 13 MAX   210
2022 03 27 02 25 MIN    75
2022 03 27 09 47 MAX   276
2022 03 27 16 24 MIN   118
2022 03 27 21 56 MAX   213
2022 03 28 04 05 MIN    71
2022 03 28 11 09 MAX   287
2022 03 28 17 31 MIN    98
2022 03 28 23 18 MAX   234
2022 03 29 05 18 MIN    55
2022 03 29 12 09 MAX   300
2022 03 29 18 16 MIN    77
2022 03 30 00 17 MAX   260
2022 03 30 06 12 MIN    38
2022 03 30 12 55 MAX   309
2022 03 30 18 51 MIN    57
2022 03 31 01 03 MAX   283
2022 03 31 06 55 MIN    26
2022 03 31 13 33 MAX   313
2022 03 31 19 23 MIN    40
2022 04 01 01 44 MAX   301
2022 04 01 07 33 MIN    21
2022 04 01 14 06 MAX   312
2022 04 01 19 52 MIN    27
2022 04 02 02 22 MAX   312
2022 04 02 08 08 MIN    23
2022 04 02 14 38 MAX   306
2022 04 02 20 22 MIN    18
2022 04 03 02 58 MAX   318
2022 04 03 08 43 MIN    32
2022 04 03 15 08 MAX   297
2022 04 03 20 52 MIN    16
2022 04 04 03 34 MAX   319
2022 04 04 09 19 MIN    46
2022 04 04 15 38 MAX   284
2022 04 04 21 22 MIN    20
2022 04 05 04 09 MAX   314
2022 04 05 09 55 MIN    65
2022 04 05 16 08 MAX   269
2022 04 05 21 54 MIN    30
2022 04 06 04 45 MAX   304
2022 04 06 10 33 MIN    86
2022 04 06 16 39 MAX   253
2022 04 06 22 27 MIN    45
2022 04 07 05 23 MAX   289
2022 04 07 11 16 MIN   109
2022 04 07 17 12 MAX   235
2022 04 07 23 03 MIN    64
2022 04 08 06 05 MAX   272
2022 04 08 12 09 MIN   130
2022 04 08 17 53 MAX   218
2022 04 08 23 50 MIN    85
2022 04 09 07 00 MAX   254
2022 04 09 13 31 MIN   145
2022 04 09 18 50 MAX   202
2022 04 10 00 58 MIN   104
2022 04 10 08 20 MAX   241
2022 04 10 15 21 MIN   146
2022 04 10 20 23 MAX   195
2022 04 11 02 42 MIN   111
2022 04 11 09 55 MAX   242
2022 04 11 16 38 MIN   131
2022 04 11 22 07 MAX   205
2022 04 12 04 13 MIN   101
2022 04 12 11 06 MAX   255
2022 04 12 17 27 MIN   110
2022 04 12 23 17 MAX   226
2022 04 13 05 14 MIN    82
2022 04 13 11 54 MAX   271
2022 04 13 18 01 MIN    87
2022 04 14 00 05 MAX   251
2022 04 14 05 58 MIN    62
2022 04 14 12 31 MAX   286
2022 04 14 18 30 MIN    64
2022 04 15 00 45 MAX   276
2022 04 15 06 35 MIN    44
2022 04 15 13 03 MAX   297
2022 04 15 18 58 MIN    41
2022 04 16 01 22 MAX   299
2022 04 16 07 11 MIN    31
2022 04 16 13 35 MAX   305
2022 04 16 19 26 MIN    20
2022 04 17 01 59 MAX   320
2022 04 17 07 46 MIN    25
2022 04 17 14 07 MAX   308
2022 04 17 19 56 MIN     4
2022 04 18 02 36 MAX   337
2022 04 18 08 24 MIN    27
2022 04 18 14 42 MAX   306
2022 04 18 20 29 MIN    -6
2022 04 19 03 16 MAX   348
2022 04 19 09 04 MIN    36
2022 04 19 15 19 MAX   298
2022 04 19 21 06 MIN    -7
2022 04 20 04 00 MAX   350
2022 04 20 09 49 MIN    54
2022 04 20 16 00 MAX   284
2022 04 20 21 46 MIN     2
2022 04 21 04 48 MAX   343
2022 04 21 10 41 MIN    77
2022 04 21 16 45 MAX   266
2022 04 21 22 33 MIN    21
2022 04 22 05 42 MAX   327
2022 04 22 11 44 MIN   101
2022 04 22 17 38 MAX   245
2022 04 22 23 30 MIN    47
2022 04 23 06 48 MAX   306
2022 04 23 13 05 MIN   119
2022 04 23 18 47 MAX   227
2022 04 24 00 44 MIN    72
2022 04 24 08 07 MAX   289
2022 04 24 14 43 MIN   123
2022 04 24 20 17 MAX   220
2022 04 25 02 23 MIN    87
2022 04 25 09 33 MAX   282
2022 04 25 16 04 MIN   112
2022 04 25 21 51 MAX   230
2022 04 26 03 56 MIN    85
2022 04 26 10 46 MAX   285
2022 04 26 17 02 MIN    93
2022 04 26 23 05 MAX   251
2022 04 27 05 06 MIN    74
2022 04 27 11 42 MAX   289
2022 04 27 17 45 MIN    74
2022 04 28 00 02 MAX   275
2022 04 28 05 57 MIN    63
2022 04 28 12 25 MAX   293
2022 04 28 18 20 MIN    55
2022 04 29 00 47 MAX   295
2022 04 29 06 40 MIN    56
2022 04 29 13 02 MAX   294
2022 04 29 18 52 MIN    40
2022 04 30 01 27 MAX   311
2022 04 30 07 17 MIN    53
2022 04 30 13 36 MAX   292
2022 04 30 19 22 MIN    29
2022 05 01 02 04 MAX   321
2022 05 01 07 53 MIN    56
2022 05 01 14 07 MAX   287
2022 05 01 19 52 MIN    23
2022 05 02 02 39 MAX   327
2022 05 02 08 27 MIN    63
2022 05 02 14 38 MAX   280
2022 05 02 20 21 MIN    23
2022 05 03 03 13 MAX   327
2022 05 03 09 03 MIN    74
2022 05 03 15 09 MAX   271
2022 05 03 20 51 MIN    29
2022 05 04 03 46 MAX   323
2022 05 04 09 39 MIN    87
2022 05 04 15 40 MAX   261
2022 05 04 21 23 MIN    38
2022 05 05 04 21 MAX   315
2022 05 05 10 18 MIN   102
2022 05 05 16 12 MAX   250
2022 05 05 21 57 MIN    51
2022 05 06 04 57 MAX   303
2022 05 06 11 00 MIN   116
2022 05 06 16 49 MAX   239
2022 05 06 22 35 MIN    67
2022 05 07 05 39 MAX   288
2022 05 07 11 51 MIN   129
2022 05 07 17 33 MAX   227
2022 05 07 23 22 MIN    84
2022 05 08 06 30 MAX   272
2022 05 08 12 58 MIN   137
2022 05 08 18 30 MAX   217
2022 05 09 00 26 MIN   101
2022 05 09 07 35 MAX   259
2022 05 09 14 20 MIN   137
2022 05 09 19 48 MAX   212
2022 05 10 01 51 MIN   111
2022 05 10 08 52 MAX   254
2022 05 10 15 33 MIN   126
2022 05 10 21 17 MAX   218
2022 05 11 03 20 MIN   108
2022 05 11 10 03 MAX   258
2022 05 11 16 28 MIN   107
2022 05 11 22 30 MAX   237
2022 05 12 04 28 MIN    96
2022 05 12 10 57 MAX   267
2022 05 12 17 09 MIN    85
2022 05 12 23 25 MAX   262
2022 05 13 05 20 MIN    81
2022 05 13 11 41 MAX   278
2022 05 13 17 43 MIN    60
2022 05 14 00 11 MAX   289
2022 05 14 06 04 MIN    67
2022 05 14 12 19 MAX   287
2022 05 14 18 16 MIN    36
2022 05 15 00 53 MAX   315
2022 05 15 06 45 MIN    56
2022 05 15 12 57 MAX   294
2022 05 15 18 49 MIN    15
2022 05 16 01 34 MAX   339
2022 05 16 07 26 MIN    51
2022 05 16 13 35 MAX   296
2022 05 16 19 25 MIN     0
2022 05 17 02 16 MAX   357
2022 05 17 08 09 MIN    52
2022 05 17 14 16 MAX   294
2022 05 17 20 04 MIN    -7
2022 05 18 03 01 MAX   367
2022 05 18 08 55 MIN    61
2022 05 18 15 00 MAX   288
2022 05 18 20 47 MIN    -4
2022 05 19 03 50 MAX   367
2022 05 19 09 46 MIN    74
2022 05 19 15 47 MAX   278
2022 05 19 21 33 MIN     9
2022 05 20 04 42 MAX   356
2022 05 20 10 43 MIN    90
2022 05 20 16 40 MAX   265
2022 05 20 22 26 MIN    30
2022 05 21 05 39 MAX   338
2022 05 21 11 48 MIN   104
2022 05 21 17 38 MAX   252
2022 05 21 23 27 MIN    54
2022 05 22 06 42 MAX   317
2022 05 22 13 01 MIN   112
2022 05 22 18 48 MAX   243
2022 05 23 00 41 MIN    78
2022 05 23 07 52 MAX   298
2022 05 23 14 16 MIN   112
2022 05 23 20 07 MAX   241
2022 05 24 02 07 MIN    93
2022 05 24 09 03 MAX   284
2022 05 24 15 23 MIN   103
2022 05 24 21 28 MAX   249
2022 05 25 03 32 MIN    98
2022 05 25 10 07 MAX   277
2022 05 25 16 20 MIN    90
2022 05 25 22 39 MAX   265
2022 05 26 04 42 MIN    96
2022 05 26 11 02 MAX   274
2022 05 26 17 06 MIN    75
2022 05 26 23 38 MAX   283
2022 05 27 05 38 MIN    92
2022 05 27 11 49 MAX   273
2022 05 27 17 45 MIN    60
2022 05 28 00 26 MAX   299
2022 05 28 06 24 MIN    89
2022 05 28 12 30 MAX   272
2022 05 28 18 21 MIN    49
2022 05 29 01 09 MAX   312
2022 05 29 07 04 MIN    88
2022 05 29 13 06 MAX   271
2022 05 29 18 54 MIN    42
2022 05 30 01 47 MAX   322
2022 05 30 07 42 MIN    89
2022 05 30 13 41 MAX   268
2022 05 30 19 25 MIN    39
2022 05 31 02 22 MAX   327
2022 05 31 08 18 MIN    92
2022 05 31 14 14 MAX   265
2022 05 31 19 56 MIN    40
2022 06 01 02 56 MAX   328
2022 06 01 08 53 MIN    98
2022 06 01 14 46 MAX   261
2022 06 01 20 28 MIN    43
2022 06 02 03 29 MAX   326
2022 06 02 09 29 MIN   104
2022 06 02 15 20 MAX   257
2022 06 02 21 01 MIN    49
2022 06 03 04 03 MAX   321
2022 06 03 10 06 MIN   110
2022 06 03 15 55 MAX   253
2022 06 03 21 38 MIN    57
2022 06 04 04 39 MAX   313
2022 06 04 10 47 MIN   116
2022 06 04 16 35 MAX   248
2022 06 04 22 19 MIN    67
2022 06 05 05 20 MAX   302
2022 06 05 11 32 MIN   121
2022 06 05 17 20 MAX   242
2022 06 05 23 06 MIN    79
2022 06 06 06 06 MAX   290
2022 06 06 12 24 MIN   124
2022 06 06 18 14 MAX   237
2022 06 07 00 01 MIN    93
2022 06 07 06 59 MAX   278
2022 06 07 13 23 MIN   122
2022 06 07 19 17 MAX   234
2022 06 08 01 06 MIN   105
2022 06 08 07 57 MAX   269
2022 06 08 14 24 MIN   114
2022 06 08 20 27 MAX   238
2022 06 09 02 21 MIN   112
2022 06 09 08 57 MAX   265
2022 06 09 15 20 MIN   101
2022 06 09 21 37 MAX   251
2022 06 10 03 35 MIN   111
2022 06 10 09 54 MAX   266
2022 06 10 16 10 MIN    82
2022 06 10 22 40 MAX   273
2022 06 11 04 38 MIN   103
2022 06 11 10 47 MAX   270
2022 06 11 16 54 MIN    60
2022 06 11 23 34 MAX   300
2022 06 12 05 34 MIN    93
2022 06 12 11 36 MAX   276
2022 06 12 17 37 MIN    38
2022 06 13 00 25 MAX   327
2022 06 13 06 24 MIN    84
2022 06 13 12 23 MAX   281
2022 06 13 18 19 MIN    19
2022 06 14 01 14 MAX   351
2022 06 14 07 13 MIN    78
2022 06 14 13 10 MAX   284
2022 06 14 19 03 MIN     6
2022 06 15 02 02 MAX   368
2022 06 15 08 02 MIN    77
2022 06 15 13 59 MAX   286
2022 06 15 19 49 MIN     1
2022 06 16 02 53 MAX   376
2022 06 16 08 52 MIN    79
2022 06 16 14 49 MAX   285
2022 06 16 20 37 MIN     4
2022 06 17 03 44 MAX   374
2022 06 17 09 45 MIN    85
2022 06 17 15 42 MAX   282
2022 06 17 21 28 MIN    16
2022 06 18 04 37 MAX   364
2022 06 18 10 39 MIN    91
2022 06 18 16 36 MAX   278
2022 06 18 22 22 MIN    34
2022 06 19 05 31 MAX   346
2022 06 19 11 35 MIN    96
2022 06 19 17 34 MAX   273
2022 06 19 23 20 MIN    56
2022 06 20 06 25 MAX   325
2022 06 20 12 33 MIN    99
2022 06 20 18 35 MAX   268
2022 06 21 00 23 MIN    79
2022 06 21 07 20 MAX   304
2022 06 21 13 32 MIN    99
2022 06 21 19 41 MAX   264
2022 06 22 01 35 MIN   101
2022 06 22 08 18 MAX   284
2022 06 22 14 32 MIN    96
2022 06 22 20 52 MAX   266
2022 06 23 02 54 MIN   116
2022 06 23 09 17 MAX   269
2022 06 23 15 29 MIN    90
2022 06 23 22 04 MAX   272
2022 06 24 04 11 MIN   123
2022 06 24 10 15 MAX   259
2022 06 24 16 23 MIN    82
2022 06 24 23 09 MAX   284
2022 06 25 05 17 MIN   123
2022 06 25 11 09 MAX   255
2022 06 25 17 11 MIN    74
2022 06 26 00 05 MAX   297
2022 06 26 06 12 MIN   120
2022 06 26 11 59 MAX   254
2022 06 26 17 53 MIN    68
2022 06 27 00 52 MAX   309
2022 06 27 06 58 MIN   117
2022 06 27 12 42 MAX   255
2022 06 27 18 31 MIN    63
2022 06 28 01 33 MAX   318
2022 06 28 07 37 MIN   114
2022 06 28 13 21 MAX   257
2022 06 28 19 07 MIN    59
2022 06 29 02 09 MAX   325
2022 06 29 08 12 MIN   112
2022 06 29 13 57 MAX   260
2022 06 29 19 40 MIN    57
2022 06 30 02 42 MAX   328
2022 06 30 08 45 MIN   111
2022 06 30 14 32 MAX   262
2022 06 30 20 14 MIN    55
2022 07 01 03 15 MAX   329
2022 07 01 09 18 MIN   110
2022 07 01 15 07 MAX   264
2022 07 01 20 49 MIN    54
2022 07 02 03 49 MAX   328
2022 07 02 09 51 MIN   110
2022 07 02 15 44 MAX   266
2022 07 02 21 26 MIN    56
2022 07 03 04 24 MAX   324
2022 07 03 10 27 MIN   109
2022 07 03 16 23 MAX   266
2022 07 03 22 06 MIN    62
2022 07 04 05 01 MAX   317
2022 07 04 11 05 MIN   108
2022 07 04 17 06 MAX   264
2022 07 04 22 48 MIN    71
2022 07 05 05 40 MAX   308
2022 07 05 11 45 MIN   106
2022 07 05 17 53 MAX   261
2022 07 05 23 34 MIN    85
2022 07 06 06 21 MAX   297
2022 07 06 12 30 MIN   104
2022 07 06 18 45 MAX   260
2022 07 07 00 26 MIN   100
2022 07 07 07 07 MAX   285
2022 07 07 13 20 MIN    99
2022 07 07 19 44 MAX   262
2022 07 08 01 29 MIN   115
2022 07 08 07 57 MAX   274
2022 07 08 14 15 MIN    92
2022 07 08 20 50 MAX   271
2022 07 09 02 44 MIN   125
2022 07 09 08 56 MAX   266
2022 07 09 15 14 MIN    81
2022 07 09 21 59 MAX   287
2022 07 10 04 02 MIN   127
2022 07 10 09 58 MAX   262
2022 07 10 16 11 MIN    66
2022 07 10 23 05 MAX   310
2022 07 11 05 13 MIN   121
2022 07 11 11 01 MAX   265
2022 07 11 17 07 MIN    49
2022 07 12 00 06 MAX   335
2022 07 12 06 15 MIN   110
2022 07 12 12 01 MAX   271
2022 07 12 18 01 MIN    32
2022 07 13 01 02 MAX   357
2022 07 13 07 09 MIN    99
2022 07 13 12 57 MAX   280
2022 07 13 18 52 MIN    18
2022 07 14 01 56 MAX   373
2022 07 14 07 59 MIN    91
2022 07 14 13 51 MAX   289
2022 07 14 19 43 MIN    11
2022 07 15 02 47 MAX   380
2022 07 15 08 47 MIN    85
2022 07 15 14 43 MAX   296
2022 07 15 20 32 MIN    11
2022 07 16 03 36 MAX   378
2022 07 16 09 33 MIN    83
2022 07 16 15 34 MAX   300
2022 07 16 21 21 MIN    19
2022 07 17 04 23 MAX   368
2022 07 17 10 19 MIN    82
2022 07 17 16 26 MAX   301
2022 07 17 22 10 MIN    35
2022 07 18 05 09 MAX   351
2022 07 18 11 05 MIN    83
2022 07 18 17 17 MAX   299
2022 07 18 23 01 MIN    58
2022 07 19 05 53 MAX   329
2022 07 19 11 51 MIN    84
2022 07 19 18 11 MAX   293
2022 07 19 23 54 MIN    84
2022 07 20 06 39 MAX   306
2022 07 20 12 41 MIN    88
2022 07 20 19 07 MAX   285
2022 07 21 00 55 MIN   112
2022 07 21 07 26 MAX   282
2022 07 21 13 35 MIN    92
2022 07 21 20 11 MAX   278
2022 07 22 02 08 MIN   135
2022 07 22 08 20 MAX   262
2022 07 22 14 35 MIN    96
2022 07 22 21 24 MAX   276
2022 07 23 03 36 MIN   149
2022 07 23 09 23 MAX   247
2022 07 23 15 39 MIN    97
2022 07 23 22 39 MAX   281
2022 07 24 04 59 MIN   150
2022 07 24 10 30 MAX   240
2022 07 24 16 39 MIN    95
2022 07 24 23 45 MAX   292
2022 07 25 06 04 MIN   144
2022 07 25 11 32 MAX   242
2022 07 25 17 31 MIN    90
2022 07 26 00 38 MAX   304
2022 07 26 06 51 MIN   135
2022 07 26 12 24 MAX   249
2022 07 26 18 16 MIN    82
2022 07 27 01 20 MAX   315
2022 07 27 07 29 MIN   127
2022 07 27 13 06 MAX   257
2022 07 27 18 54 MIN    73
2022 07 28 01 56 MAX   324
2022 07 28 08 00 MIN   119
2022 07 28 13 43 MAX   266
2022 07 28 19 30 MIN    64
2022 07 29 02 28 MAX   331
2022 07 29 08 29 MIN   112
2022 07 29 14 19 MAX   275
2022 07 29 20 03 MIN    57
2022 07 30 03 00 MAX   335
2022 07 30 08 58 MIN   105
2022 07 30 14 54 MAX   281
2022 07 30 20 38 MIN    52
2022 07 31 03 31 MAX   337
2022 07 31 09 27 MIN    99
2022 07 31 15 30 MAX   286
2022 07 31 21 12 MIN    51
2022 08 01 04 02 MAX   335
2022 08 01 09 57 MIN    93
2022 08 01 16 07 MAX   289
2022 08 01 21 47 MIN    56
2022 08 02 04 34 MAX   329
2022 08 02 10 29 MIN    89
2022 08 02 16 47 MAX   290
2022 08 02 22 25 MIN    66
2022 08 03 05 07 MAX   320
2022 08 03 11 03 MIN    85
2022 08 03 17 28 MAX   289
2022 08 03 23 06 MIN    81
2022 08 04 05 43 MAX   308
2022 08 04 11 42 MIN    84
2022 08 04 18 14 MAX   288
2022 08 04 23 53 MIN   101
2022 08 05 06 22 MAX   293
2022 08 05 12 27 MIN    84
2022 08 05 19 08 MAX   288
2022 08 06 00 51 MIN   122
2022 08 06 07 10 MAX   276
2022 08 06 13 22 MIN    85
2022 08 06 20 13 MAX   290
2022 08 07 02 09 MIN   141
2022 08 07 08 10 MAX   261
2022 08 07 14 28 MIN    84
2022 08 07 21 30 MAX   298
2022 08 08 03 44 MIN   147
2022 08 08 09 26 MAX   253
2022 08 08 15 42 MIN    78
2022 08 08 22 49 MAX   316
2022 08 09 05 09 MIN   139
2022 08 09 10 44 MAX   256
2022 08 09 16 53 MIN    64
2022 08 09 23 59 MAX   338
2022 08 10 06 14 MIN   122
2022 08 10 11 54 MAX   268
2022 08 10 17 55 MIN    45
2022 08 11 00 57 MAX   359
2022 08 11 07 06 MIN   105
2022 08 11 12 53 MAX   285
2022 08 11 18 49 MIN    28
2022 08 12 01 49 MAX   373
2022 08 12 07 50 MIN    89
2022 08 12 13 46 MAX   302
2022 08 12 19 37 MIN    17
2022 08 13 02 35 MAX   378
2022 08 13 08 30 MIN    78
2022 08 13 14 35 MAX   315
2022 08 13 20 23 MIN    15
2022 08 14 03 18 MAX   375
2022 08 14 09 09 MIN    70
2022 08 14 15 21 MAX   323
2022 08 14 21 07 MIN    23
2022 08 15 03 58 MAX   363
2022 08 15 09 47 MIN    66
2022 08 15 16 07 MAX   325
2022 08 15 21 50 MIN    40
2022 08 16 04 37 MAX   346
2022 08 16 10 25 MIN    65
2022 08 16 16 53 MAX   322
2022 08 16 22 34 MIN    64
2022 08 17 05 14 MAX   325
2022 08 17 11 06 MIN    70
2022 08 17 17 40 MAX   313
2022 08 17 23 21 MIN    93
2022 08 18 05 52 MAX   301
2022 08 18 11 48 MIN    78
2022 08 18 18 31 MAX   301
2022 08 19 00 14 MIN   124
2022 08 19 06 33 MAX   276
2022 08 19 12 37 MIN    91
2022 08 19 19 28 MAX   287
2022 08 20 01 24 MIN   151
2022 08 20 07 22 MAX   253
2022 08 20 13 36 MIN   105
2022 08 20 20 38 MAX   276
2022 08 21 03 02 MIN   167
2022 08 21 08 28 MAX   235
2022 08 21 14 51 MIN   115
2022 08 21 22 04 MAX   274
2022 08 22 04 41 MIN   166
2022 08 22 09 52 MAX   228
2022 08 22 16 08 MIN   116
2022 08 22 23 23 MAX   284
2022 08 23 05 49 MIN   155
2022 08 23 11 10 MAX   235
2022 08 23 17 12 MIN   107
2022 08 24 00 19 MAX   297
2022 08 24 06 34 MIN   141
2022 08 24 12 07 MAX   249
2022 08 24 18 01 MIN    93
2022 08 25 01 00 MAX   311
2022 08 25 07 08 MIN   126
2022 08 25 12 50 MAX   264
2022 08 25 18 41 MIN    78
2022 08 26 01 35 MAX   323
2022 08 26 07 36 MIN   113
2022 08 26 13 27 MAX   279
2022 08 26 19 16 MIN    64
2022 08 27 02 05 MAX   332
2022 08 27 08 02 MIN   100
2022 08 27 14 02 MAX   292
2022 08 27 19 48 MIN    53
2022 08 28 02 34 MAX   337
2022 08 28 08 27 MIN    88
2022 08 28 14 36 MAX   302
2022 08 28 20 19 MIN    47
2022 08 29 03 02 MAX   339
2022 08 29 08 53 MIN    78
2022 08 29 15 10 MAX   309
2022 08 29 20 52 MIN    47
2022 08 30 03 31 MAX   337
2022 08 30 09 21 MIN    70
2022 08 30 15 45 MAX   314
2022 08 30 21 25 MIN    53
2022 08 31 04 01 MAX   331
2022 08 31 09 49 MIN    63
2022 08 31 16 22 MAX   317
2022 08 31 22 01 MIN    65
2022 09 01 04 32 MAX   321
2022 09 01 10 22 MIN    61
2022 09 01 17 01 MAX   317
2022 09 01 22 41 MIN    83
2022 09 02 05 07 MAX   306
2022 09 02 10 59 MIN    63
2022 09 02 17 47 MAX   314
2022 09 02 23 29 MIN   106
2022 09 03 05 46 MAX   288
2022 09 03 11 44 MIN    71
2022 09 03 18 41 MAX   308
2022 09 04 00 29 MIN   132
2022 09 04 06 36 MAX   267
2022 09 04 12 41 MIN    82
2022 09 04 19 51 MAX   302
2022 09 05 01 58 MIN   152
2022 09 05 07 45 MAX   249
2022 09 05 13 59 MIN    92
2022 09 05 21 17 MAX   303
2022 09 06 03 49 MIN   154
2022 09 06 09 15 MAX   241
2022 09 06 15 32 MIN    90
2022 09 06 22 44 MAX   316
2022 09 07 05 13 MIN   137
2022 09 07 10 45 MAX   252
2022 09 07 16 52 MIN    74
2022 09 07 23 54 MAX   335
2022 09 08 06 09 MIN   115
2022 09 08 11 55 MAX   274
2022 09 08 17 53 MIN    53
2022 09 09 00 48 MAX   352
2022 09 09 06 52 MIN    94
2022 09 09 12 49 MAX   297
2022 09 09 18 44 MIN    35
2022 09 10 01 33 MAX   362
2022 09 10 07 29 MIN    75
2022 09 10 13 37 MAX   318
2022 09 10 19 28 MIN    25
2022 09 11 02 13 MAX   363
2022 09 11 08 03 MIN    60
2022 09 11 14 20 MAX   333
2022 09 11 20 08 MIN    24
2022 09 12 02 50 MAX   357
2022 09 12 08 37 MIN    50
2022 09 12 15 02 MAX   341
2022 09 12 20 48 MIN    34
2022 09 13 03 25 MAX   345
2022 09 13 09 10 MIN    45
2022 09 13 15 44 MAX   342
2022 09 13 21 27 MIN    51
2022 09 14 03 59 MAX   329
2022 09 14 09 44 MIN    47
2022 09 14 16 25 MAX   336
2022 09 14 22 08 MIN    75
2022 09 15 04 33 MAX   309
2022 09 15 10 20 MIN    55
2022 09 15 17 08 MAX   325
2022 09 15 22 51 MIN   102
2022 09 16 05 08 MAX   287
2022 09 16 10 58 MIN    70
2022 09 16 17 52 MAX   309
2022 09 16 23 40 MIN   130
2022 09 17 05 45 MAX   264
2022 09 17 11 40 MIN    90
2022 09 17 18 43 MAX   290
2022 09 18 00 45 MIN   155
2022 09 18 06 29 MAX   241
2022 09 18 12 34 MIN   110
2022 09 18 19 48 MAX   273
2022 09 19 02 26 MIN   170
2022 09 19 07 34 MAX   224
2022 09 19 13 54 MIN   126
2022 09 19 21 17 MAX   265
2022 09 20 04 09 MIN   167
2022 09 20 09 12 MAX   218
2022 09 20 15 32 MIN   128
2022 09 20 22 47 MAX   271
2022 09 21 05 17 MIN   153
2022 09 21 10 43 MAX   229
2022 09 21 16 47 MIN   116
2022 09 21 23 47 MAX   285
2022 09 22 06 01 MIN   135
2022 09 22 11 43 MAX   248
2022 09 22 17 39 MIN    97
2022 09 23 00 28 MAX   300
2022 09 23 06 33 MIN   115
2022 09 23 12 27 MAX   269
2022 09 23 18 20 MIN    78
2022 09 24 01 02 MAX   312
2022 09 24 07 01 MIN    96
2022 09 24 13 04 MAX   288
2022 09 24 18 54 MIN    62
2022 09 25 01 31 MAX   322
2022 09 25 07 25 MIN    79
2022 09 25 13 39 MAX   304
2022 09 25 19 25 MIN    51
2022 09 26 01 59 MAX   327
2022 09 26 07 50 MIN    64
2022 09 26 14 12 MAX   317
2022 09 26 19 56 MIN    45
2022 09 27 02 27 MAX   328
2022 09 27 08 15 MIN    50
2022 09 27 14 45 MAX   328
2022 09 27 20 28 MIN    46
2022 09 28 02 55 MAX   325
2022 09 28 08 42 MIN    40
2022 09 28 15 19 MAX   336
2022 09 28 21 02 MIN    53
2022 09 29 03 26 MAX   319
2022 09 29 09 12 MIN    34
2022 09 29 15 56 MAX   340
2022 09 29 21 40 MIN    66
2022 09 30 03 59 MAX   307
2022 09 30 09 46 MIN    35
2022 09 30 16 38 MAX   339
2022 09 30 22 23 MIN    86
2022 10 01 04 37 MAX   291
2022 10 01 10 25 MIN    44
2022 10 01 17 26 MAX   330
2022 10 01 23 15 MIN   110
2022 10 02 05 22 MAX   271
2022 10 02 11 13 MIN    60
2022 10 02 18 24 MAX   317
2022 10 03 00 25 MIN   135
2022 10 03 06 19 MAX   249
2022 10 03 12 17 MIN    81
2022 10 03 19 39 MAX   303
2022 10 04 02 07 MIN   148
2022 10 04 07 39 MAX   233
2022 10 04 13 48 MIN    97
2022 10 04 21 11 MAX   299
2022 10 05 03 51 MIN   140
2022 10 05 09 20 MAX   234
2022 10 05 15 31 MIN    94
2022 10 05 22 36 MAX   308
2022 10 06 05 01 MIN   119
2022 10 06 10 46 MAX   254
2022 10 06 16 49 MIN    77
2022 10 06 23 39 MAX   321
2022 10 07 05 49 MIN    96
2022 10 07 11 49 MAX   280
2022 10 07 17 47 MIN    57
2022 10 08 00 27 MAX   331
2022 10 08 06 27 MIN    73
2022 10 08 12 38 MAX   306
2022 10 08 18 33 MIN    43
2022 10 09 01 08 MAX   335
2022 10 09 07 00 MIN    54
2022 10 09 13 22 MAX   326
2022 10 09 19 13 MIN    37
2022 10 10 01 44 MAX   333
2022 10 10 07 32 MIN    39
2022 10 10 14 02 MAX   339
2022 10 10 19 51 MIN    39
2022 10 11 02 18 MAX   326
2022 10 11 08 03 MIN    29
2022 10 11 14 41 MAX   345
2022 10 11 20 29 MIN    49
2022 10 12 02 50 MAX   314
2022 10 12 08 34 MIN    27
2022 10 12 15 20 MAX   345
2022 10 12 21 05 MIN    64
2022 10 13 03 22 MAX   300
2022 10 13 09 06 MIN    32
2022 10 13 15 57 MAX   338
2022 10 13 21 44 MIN    84
2022 10 14 03 55 MAX   283
2022 10 14 09 39 MIN    44
2022 10 14 16 35 MAX   325
2022 10 14 22 25 MIN   106
2022 10 15 04 28 MAX   265
2022 10 15 10 13 MIN    61
2022 10 15 17 15 MAX   308
2022 10 15 23 11 MIN   128
2022 10 16 05 04 MAX   247
2022 10 16 10 52 MIN    81
2022 10 16 18 00 MAX   289
2022 10 17 00 10 MIN   146
2022 10 17 05 47 MAX   230
2022 10 17 11 40 MIN   102
2022 10 17 18 57 MAX   269
2022 10 18 01 36 MIN   158
2022 10 18 06 48 MAX   215
2022 10 18 12 53 MIN   121
2022 10 18 20 16 MAX   256
2022 10 19 03 14 MIN   155
2022 10 19 08 22 MAX   210
2022 10 19 14 38 MIN   126
2022 10 19 21 48 MAX   256
2022 10 20 04 25 MIN   141
2022 10 20 10 00 MAX   220
2022 10 20 16 06 MIN   116
2022 10 20 22 55 MAX   266
2022 10 21 05 13 MIN   120
2022 10 21 11 08 MAX   241
2022 10 21 17 05 MIN    98
2022 10 21 23 41 MAX   278
2022 10 22 05 49 MIN    98
2022 10 22 11 55 MAX   264
2022 10 22 17 49 MIN    79
2022 10 23 00 17 MAX   289
2022 10 23 06 17 MIN    76
2022 10 23 12 34 MAX   286
2022 10 23 18 25 MIN    64
2022 10 24 00 49 MAX   297
2022 10 24 06 43 MIN    56
2022 10 24 13 09 MAX   306
2022 10 24 18 58 MIN    54
2022 10 25 01 18 MAX   303
2022 10 25 07 08 MIN    37
2022 10 25 13 43 MAX   324
2022 10 25 19 31 MIN    48
2022 10 26 01 48 MAX   305
2022 10 26 07 36 MIN    21
2022 10 26 14 17 MAX   339
2022 10 26 20 06 MIN    48
2022 10 27 02 20 MAX   303
2022 10 27 08 06 MIN    10
2022 10 27 14 55 MAX   349
2022 10 27 20 43 MIN    55
2022 10 28 02 54 MAX   296
2022 10 28 08 40 MIN     7
2022 10 28 15 35 MAX   353
2022 10 28 21 26 MIN    67
2022 10 29 03 33 MAX   285
2022 10 29 09 19 MIN    12
2022 10 29 16 21 MAX   347
2022 10 29 22 14 MIN    86
2022 10 30 04 17 MAX   269
2022 10 30 10 04 MIN    28
2022 10 30 17 13 MAX   334
2022 10 30 23 13 MIN   106
2022 10 31 05 10 MAX   251
2022 10 31 10 57 MIN    50
2022 10 31 18 16 MAX   315
2022 11 01 00 29 MIN   122
2022 11 01 06 15 MAX   234
2022 11 01 12 07 MIN    74
2022 11 01 19 31 MAX   297
2022 11 02 02 04 MIN   126
2022 11 02 07 40 MAX   226
2022 11 02 13 41 MIN    90
2022 11 02 20 56 MAX   288
2022 11 03 03 28 MIN   115
2022 11 03 09 15 MAX   233
2022 11 03 15 20 MIN    89
2022 11 03 22 11 MAX   288
2022 11 04 04 30 MIN    96
2022 11 04 10 33 MAX   254
2022 11 04 16 36 MIN    78
2022 11 04 23 10 MAX   292
2022 11 05 05 17 MIN    74
2022 11 05 11 33 MAX   279
2022 11 05 17 32 MIN    65
2022 11 05 23 57 MAX   295
2022 11 06 05 55 MIN    54
2022 11 06 12 22 MAX   301
2022 11 06 18 18 MIN    57
2022 11 07 00 37 MAX   295
2022 11 07 06 29 MIN    36
2022 11 07 13 05 MAX   319
2022 11 07 18 58 MIN    54
2022 11 08 01 13 MAX   292
2022 11 08 07 01 MIN    23
2022 11 08 13 44 MAX   330
2022 11 08 19 36 MIN    57
2022 11 09 01 46 MAX   286
2022 11 09 07 31 MIN    17
2022 11 09 14 21 MAX   334
2022 11 09 20 13 MIN    64
2022 11 10 02 19 MAX   278
2022 11 10 08 03 MIN    18
2022 11 10 14 57 MAX   333
2022 11 10 20 49 MIN    75
2022 11 11 02 51 MAX   268
2022 11 11 08 34 MIN    24
2022 11 11 15 32 MAX   326
2022 11 11 21 26 MIN    88
2022 11 12 03 23 MAX   257
2022 11 12 09 06 MIN    34
2022 11 12 16 07 MAX   316
2022 11 12 22 05 MIN   102
2022 11 13 03 57 MAX   246
2022 11 13 09 41 MIN    48
2022 11 13 16 44 MAX   301
2022 11 13 22 48 MIN   115
2022 11 14 04 34 MAX   234
2022 11 14 10 20 MIN    64
2022 11 14 17 25 MAX   284
2022 11 14 23 38 MIN   126
2022 11 15 05 18 MAX   223
2022 11 15 11 06 MIN    81
2022 11 15 18 15 MAX   267
2022 11 16 00 42 MIN   133
2022 11 16 06 14 MAX   213
2022 11 16 12 08 MIN    98
2022 11 16 19 18 MAX   252
2022 11 17 02 00 MIN   132
2022 11 17 07 31 MAX   207
2022 11 17 13 31 MIN   109
2022 11 17 20 34 MAX   244
2022 11 18 03 14 MIN   122
2022 11 18 08 59 MAX   212
2022 11 18 15 02 MIN   109
2022 11 18 21 44 MAX   245
2022 11 19 04 11 MIN   104
2022 11 19 10 15 MAX   228
2022 11 19 16 14 MIN    99
2022 11 19 22 39 MAX   251
2022 11 20 04 52 MIN    83
2022 11 20 11 11 MAX   250
2022 11 20 17 08 MIN    86
2022 11 20 23 23 MAX   259
2022 11 21 05 26 MIN    60
2022 11 21 11 55 MAX   274
2022 11 21 17 51 MIN    73
2022 11 22 00 00 MAX   267
2022 11 22 05 57 MIN    37
2022 11 22 12 35 MAX   299
2022 11 22 18 30 MIN    62
2022 11 23 00 36 MAX   273
2022 11 23 06 29 MIN    16
2022 11 23 13 14 MAX   322
2022 11 23 19 08 MIN    55
2022 11 24 01 12 MAX   277
2022 11 24 07 03 MIN    -1
2022 11 24 13 53 MAX   340
2022 11 24 19 48 MIN    52
2022 11 25 01 50 MAX   278
2022 11 25 07 40 MIN   -12
2022 11 25 14 35 MAX   351
2022 11 25 20 31 MIN    56
2022 11 26 02 32 MAX   274
2022 11 26 08 20 MIN   -13
2022 11 26 15 21 MAX   353
2022 11 26 21 19 MIN    65
2022 11 27 03 18 MAX   266
2022 11 27 09 05 MIN    -5
2022 11 27 16 11 MAX   345
2022 11 27 22 11 MIN    77
2022 11 28 04 08 MAX   256
2022 11 28 09 55 MIN    11
2022 11 28 17 06 MAX   329
2022 11 28 23 11 MIN    89
2022 11 29 05 05 MAX   244
2022 11 29 10 52 MIN    33
2022 11 29 18 07 MAX   309
2022 11 30 00 18 MIN    97
2022 11 30 06 11 MAX   234
2022 11 30 12 00 MIN    57
2022 11 30 19 13 MAX   289
2022 12 01 01 32 MIN    98
2022 12 01 07 26 MAX   230
2022 12 01 13 21 MIN    76
2022 12 01 20 23 MAX   273
2022 12 02 02 43 MIN    90
2022 12 02 08 48 MAX   235
2022 12 02 14 50 MIN    85
2022 12 02 21 30 MAX   262
2022 12 03 03 45 MIN    77
2022 12 03 10 04 MAX   249
2022 12 03 16 10 MIN    85
2022 12 03 22 30 MAX   257
2022 12 04 04 36 MIN    60
2022 12 04 11 09 MAX   267
2022 12 04 17 12 MIN    81
2022 12 04 23 20 MAX   255
2022 12 05 05 20 MIN    44
2022 12 05 12 02 MAX   285
2022 12 05 18 04 MIN    77
2022 12 06 00 05 MAX   254
2022 12 06 05 59 MIN    31
2022 12 06 12 48 MAX   300
2022 12 06 18 48 MIN    74
2022 12 07 00 45 MAX   253
2022 12 07 06 34 MIN    22
2022 12 07 13 29 MAX   309
2022 12 07 19 27 MIN    74
2022 12 08 01 21 MAX   251
2022 12 08 07 08 MIN    19
2022 12 08 14 05 MAX   314
2022 12 08 20 03 MIN    77
2022 12 09 01 55 MAX   248
2022 12 09 07 40 MIN    18
2022 12 09 14 39 MAX   314
2022 12 09 20 38 MIN    80
2022 12 10 02 28 MAX   245
2022 12 10 08 12 MIN    21
2022 12 10 15 13 MAX   310
2022 12 10 21 12 MIN    85
2022 12 11 03 01 MAX   241
2022 12 11 08 46 MIN    26
2022 12 11 15 46 MAX   304
2022 12 11 21 48 MIN    90
2022 12 12 03 36 MAX   237
2022 12 12 09 22 MIN    32
2022 12 12 16 21 MAX   294
2022 12 12 22 25 MIN    95
2022 12 13 04 14 MAX   233
2022 12 13 10 01 MIN    41
2022 12 13 16 59 MAX   283
2022 12 13 23 06 MIN    99
2022 12 14 04 57 MAX   227
2022 12 14 10 45 MIN    54
2022 12 14 17 42 MAX   269
2022 12 14 23 53 MIN   102
2022 12 15 05 46 MAX   219
2022 12 15 11 34 MIN    69
2022 12 15 18 30 MAX   255
2022 12 16 00 48 MIN   102
2022 12 16 06 45 MAX   213
2022 12 16 12 33 MIN    84
2022 12 16 19 24 MAX   242
2022 12 17 01 49 MIN    98
2022 12 17 07 55 MAX   212
2022 12 17 13 45 MIN    97
2022 12 17 20 24 MAX   234
2022 12 18 02 49 MIN    88
2022 12 18 09 08 MAX   220
2022 12 18 15 04 MIN   101
2022 12 18 21 23 MAX   230
2022 12 19 03 43 MIN    72
2022 12 19 10 15 MAX   238
2022 12 19 16 15 MIN    97
2022 12 19 22 19 MAX   233
2022 12 20 04 30 MIN    52
2022 12 20 11 13 MAX   262
2022 12 20 17 14 MIN    87
2022 12 20 23 10 MAX   239
2022 12 21 05 14 MIN    29
2022 12 21 12 03 MAX   289
2022 12 21 18 05 MIN    76
2022 12 21 23 58 MAX   246
2022 12 22 05 57 MIN     8
2022 12 22 12 50 MAX   314
2022 12 22 18 52 MIN    65
2022 12 23 00 44 MAX   254
2022 12 23 06 40 MIN   -10
2022 12 23 13 37 MAX   334
2022 12 23 19 38 MIN    58
2022 12 24 01 32 MAX   260
2022 12 24 07 25 MIN   -22
2022 12 24 14 25 MAX   346
2022 12 24 20 25 MIN    55
2022 12 25 02 20 MAX   263
2022 12 25 08 11 MIN   -25
2022 12 25 15 14 MAX   348
2022 12 25 21 13 MIN    55
2022 12 26 03 10 MAX   263
2022 12 26 08 59 MIN   -20
2022 12 26 16 04 MAX   341
2022 12 26 22 03 MIN    59
2022 12 27 04 02 MAX   260
2022 12 27 09 50 MIN    -7
2022 12 27 16 56 MAX   326
2022 12 27 22 54 MIN    64
2022 12 28 04 57 MAX   255
2022 12 28 10 44 MIN    14
2022 12 28 17 48 MAX   305
2022 12 28 23 47 MIN    67
2022 12 29 05 55 MAX   249
2022 12 29 11 42 MIN    39
2022 12 29 18 41 MAX   282
2022 12 30 00 44 MIN    69
2022 12 30 06 58 MAX   242
2022 12 30 12 47 MIN    65
2022 12 30 19 36 MAX   259
2022 12 31 01 45 MIN    69
2022 12 31 08 09 MAX   239
2022 12 31 14 05 MIN    87
2022 12 31 20 36 MAX   240
