 <API - 조위예측극치자료>

대상조위관측소 : 후포
위도(WGS84) : N 129.4531
경도(WGS84) : E 36.6775
관측기관 : 20201221 ~ 20220101

2020 12 21 02 30 MIN    17
2020 12 21 07 12 MAX    20
2020 12 21 15 15 MIN     5
2020 12 21 22 55 MAX    17
2020 12 22 03 55 MIN    14
2020 12 22 08 28 MAX    17
2020 12 22 16 01 MIN     6
2020 12 22 23 14 MAX    16
2020 12 23 05 09 MIN    11
2020 12 23 10 01 MAX    14
2020 12 23 16 44 MIN     7
2020 12 23 23 27 MAX    15
2020 12 24 06 10 MIN     8
2020 12 24 11 50 MAX    12
2020 12 24 17 22 MIN     8
2020 12 24 23 36 MAX    14
2020 12 25 06 58 MIN     5
2020 12 25 13 44 MAX    11
2020 12 25 17 55 MIN     9
2020 12 25 23 45 MAX    14
2020 12 26 07 36 MIN     2
2020 12 26 15 08 MAX    11
2020 12 26 18 23 MIN    10
2020 12 27 00 02 MAX    14
2020 12 27 08 12 MIN     0
2020 12 28 00 30 MAX    15
2020 12 28 08 46 MIN    -1
2020 12 28 16 57 MAX    12
2020 12 28 19 25 MIN    11
2020 12 29 01 09 MAX    16
2020 12 29 09 23 MIN    -2
2020 12 29 17 39 MAX    13
2020 12 29 20 06 MIN    12
2020 12 30 01 54 MAX    18
2020 12 30 10 01 MIN    -2
2020 12 30 18 19 MAX    14
2020 12 30 20 48 MIN    13
2020 12 31 02 38 MAX    19
2020 12 31 10 43 MIN    -2
2020 12 31 19 01 MAX    14
2020 12 31 21 31 MIN    13
2021 01 01 03 21 MAX    20
2021 01 01 11 25 MIN    -2
2021 01 01 19 43 MAX    15
2021 01 01 22 13 MIN    14
2021 01 02 04 02 MAX    21
2021 01 02 12 08 MIN    -2
2021 01 02 20 24 MAX    15
2021 01 02 22 56 MIN    14
2021 01 03 04 44 MAX    21
2021 01 03 12 53 MIN    -1
2021 01 03 21 00 MAX    14
2021 01 03 23 43 MIN    13
2021 01 04 05 30 MAX    20
2021 01 04 13 40 MIN     0
2021 01 04 21 28 MAX    14
2021 01 05 00 45 MIN    12
2021 01 05 06 22 MAX    18
2021 01 05 14 29 MIN     2
2021 01 05 21 47 MAX    13
2021 01 06 02 11 MIN    10
2021 01 06 07 32 MAX    15
2021 01 06 15 22 MIN     3
2021 01 06 22 01 MAX    13
2021 01 07 03 49 MIN     7
2021 01 07 09 15 MAX    12
2021 01 07 16 17 MIN     5
2021 01 07 22 23 MAX    13
2021 01 08 05 08 MIN     3
2021 01 08 11 41 MAX    11
2021 01 08 17 11 MIN     7
2021 01 08 22 55 MAX    14
2021 01 09 06 14 MIN    -1
2021 01 09 14 04 MAX    11
2021 01 09 18 03 MIN     9
2021 01 09 23 34 MAX    15
2021 01 10 07 13 MIN    -4
2021 01 10 15 31 MAX    12
2021 01 10 18 50 MIN    10
2021 01 11 00 20 MAX    17
2021 01 11 08 08 MIN    -6
2021 01 11 16 39 MAX    12
2021 01 11 19 35 MIN    11
2021 01 12 01 11 MAX    18
2021 01 12 09 02 MIN    -7
2021 01 12 17 38 MAX    13
2021 01 12 20 19 MIN    12
2021 01 13 02 02 MAX    19
2021 01 13 09 55 MIN    -7
2021 01 13 18 31 MAX    13
2021 01 13 21 03 MIN    12
2021 01 14 02 53 MAX    20
2021 01 14 10 46 MIN    -7
2021 01 14 19 16 MAX    13
2021 01 14 21 49 MIN    12
2021 01 15 03 40 MAX    20
2021 01 15 11 34 MIN    -5
2021 01 15 19 54 MAX    13
2021 01 15 22 37 MIN    11
2021 01 16 04 26 MAX    19
2021 01 16 12 19 MIN    -4
2021 01 16 20 24 MAX    12
2021 01 16 23 29 MIN    10
2021 01 17 05 11 MAX    18
2021 01 17 13 01 MIN    -3
2021 01 17 20 48 MAX    11
2021 01 18 00 30 MIN     9
2021 01 18 05 57 MAX    15
2021 01 18 13 39 MIN    -1
2021 01 18 21 06 MAX    11
2021 01 19 01 46 MIN     7
2021 01 19 06 49 MAX    12
2021 01 19 14 15 MIN     0
2021 01 19 21 20 MAX    10
2021 01 20 03 06 MIN     5
2021 01 20 07 59 MAX     9
2021 01 20 14 47 MIN     1
2021 01 20 21 30 MAX     9
2021 01 21 04 19 MIN     2
2021 01 21 09 46 MAX     6
2021 01 21 15 16 MIN     3
2021 01 21 21 38 MAX     8
2021 01 22 05 24 MIN    -1
2021 01 22 12 08 MAX     4
2021 01 22 15 37 MIN     3
2021 01 22 21 49 MAX     8
2021 01 23 06 18 MIN    -4
2021 01 23 22 13 MAX     8
2021 01 24 07 02 MIN    -6
2021 01 24 22 52 MAX     8
2021 01 25 07 43 MIN    -8
2021 01 25 23 45 MAX     9
2021 01 26 08 22 MIN    -9
2021 01 27 00 43 MAX    10
2021 01 27 09 03 MIN   -10
2021 01 27 17 14 MAX     6
2021 01 27 19 46 MIN     5
2021 01 28 01 39 MAX    11
2021 01 28 09 45 MIN   -10
2021 01 28 17 52 MAX     7
2021 01 28 20 33 MIN     6
2021 01 29 02 28 MAX    13
2021 01 29 10 28 MIN   -10
2021 01 29 18 32 MAX     7
2021 01 29 21 18 MIN     6
2021 01 30 03 15 MAX    14
2021 01 30 11 10 MIN    -9
2021 01 30 19 08 MAX     8
2021 01 30 22 04 MIN     6
2021 01 31 04 00 MAX    15
2021 01 31 11 52 MIN    -8
2021 01 31 19 35 MAX     8
2021 01 31 22 52 MIN     5
2021 02 01 04 47 MAX    15
2021 02 01 12 32 MIN    -6
2021 02 01 19 48 MAX     8
2021 02 02 00 00 MIN     4
2021 02 02 00 00 MIN     4
2021 02 02 05 37 MAX    13
2021 02 02 13 11 MIN    -4
2021 02 02 19 52 MAX     8
2021 02 03 00 50 MIN     2
2021 02 03 06 37 MAX    11
2021 02 03 13 51 MIN    -2
2021 02 03 20 07 MAX     8
2021 02 04 02 10 MIN     0
2021 02 04 08 01 MAX     8
2021 02 04 14 33 MIN     1
2021 02 04 20 34 MAX     8
2021 02 05 03 37 MIN    -3
2021 02 05 10 25 MAX     5
2021 02 05 15 21 MIN     3
2021 02 05 21 13 MAX     9
2021 02 06 04 56 MIN    -7
2021 02 06 13 19 MAX     5
2021 02 06 16 20 MIN     4
2021 02 06 22 00 MAX    10
2021 02 07 06 06 MIN    -9
2021 02 07 22 56 MAX    10
2021 02 08 07 09 MIN   -11
2021 02 08 16 03 MAX     6
2021 02 08 18 29 MIN     5
2021 02 09 00 00 MAX    11
2021 02 09 00 00 MAX    11
2021 02 09 08 06 MIN   -12
2021 02 09 16 50 MAX     6
2021 02 09 19 24 MIN     5
2021 02 10 01 03 MAX    11
2021 02 10 08 59 MIN   -12
2021 02 10 17 31 MAX     6
2021 02 10 20 13 MIN     5
2021 02 11 02 00 MAX    12
2021 02 11 09 47 MIN   -12
2021 02 11 18 07 MAX     6
2021 02 11 21 00 MIN     4
2021 02 12 02 50 MAX    12
2021 02 12 10 30 MIN   -11
2021 02 12 18 36 MAX     5
2021 02 12 21 46 MIN     4
2021 02 13 03 36 MAX    12
2021 02 13 11 10 MIN    -9
2021 02 13 18 57 MAX     5
2021 02 13 22 32 MIN     3
2021 02 14 04 19 MAX    11
2021 02 14 11 45 MIN    -8
2021 02 14 19 07 MAX     5
2021 02 14 23 21 MIN     2
2021 02 15 05 02 MAX    10
2021 02 15 12 17 MIN    -6
2021 02 15 19 08 MAX     5
2021 02 16 00 15 MIN     0
2021 02 16 05 48 MAX     8
2021 02 16 12 45 MIN    -5
2021 02 16 19 09 MAX     5
2021 02 17 01 17 MIN    -1
2021 02 17 06 45 MAX     5
2021 02 17 13 07 MIN    -3
2021 02 17 19 13 MAX     4
2021 02 18 02 25 MIN    -3
2021 02 18 08 17 MAX     2
2021 02 18 13 20 MIN    -2
2021 02 18 19 21 MAX     4
2021 02 19 03 32 MIN    -6
2021 02 19 10 18 MAX     0
2021 02 19 13 20 MIN    -1
2021 02 19 19 40 MAX     4
2021 02 20 04 33 MIN    -8
2021 02 20 20 11 MAX     4
2021 02 21 05 29 MIN   -10
2021 02 21 20 58 MAX     3
2021 02 22 06 20 MIN   -12
2021 02 22 21 58 MAX     3
2021 02 23 07 08 MIN   -13
2021 02 23 23 09 MAX     4
2021 02 24 07 54 MIN   -14
2021 02 24 16 04 MAX     2
2021 02 24 18 56 MIN     1
2021 02 25 00 24 MAX     5
2021 02 25 08 38 MIN   -14
2021 02 25 16 35 MAX     2
2021 02 25 19 45 MIN     1
2021 02 26 01 29 MAX     7
2021 02 26 09 23 MIN   -14
2021 02 26 17 07 MAX     3
2021 02 26 20 30 MIN     1
2021 02 27 02 23 MAX     9
2021 02 27 10 06 MIN   -13
2021 02 27 17 34 MAX     3
2021 02 27 21 16 MIN     1
2021 02 28 03 13 MAX    10
2021 02 28 10 48 MIN   -11
2021 02 28 17 47 MAX     4
2021 02 28 22 04 MIN     0
2021 03 01 04 03 MAX    11
2021 03 01 11 27 MIN    -9
2021 03 01 17 50 MAX     4
2021 03 01 22 55 MIN    -2
2021 03 02 04 55 MAX    10
2021 03 02 12 03 MIN    -7
2021 03 02 18 01 MAX     5
2021 03 02 23 51 MIN    -4
2021 03 03 05 56 MAX     8
2021 03 03 12 38 MIN    -4
2021 03 03 18 23 MAX     7
2021 03 04 00 56 MIN    -6
2021 03 04 07 21 MAX     6
2021 03 04 13 10 MIN    -1
2021 03 04 18 53 MAX     8
2021 03 05 02 10 MIN    -8
2021 03 05 09 36 MAX     4
2021 03 05 13 43 MIN     2
2021 03 05 19 31 MAX     8
2021 03 06 03 29 MIN   -10
2021 03 06 11 46 MAX     4
2021 03 06 14 16 MIN     3
2021 03 06 20 20 MAX     8
2021 03 07 04 45 MIN   -11
2021 03 07 21 23 MAX     8
2021 03 08 05 57 MIN   -13
2021 03 08 22 38 MAX     8
2021 03 09 07 02 MIN   -13
2021 03 09 15 49 MAX     4
2021 03 09 18 43 MIN     3
2021 03 09 23 58 MAX     7
2021 03 10 07 58 MIN   -13
2021 03 10 16 18 MAX     4
2021 03 10 19 37 MIN     2
2021 03 11 01 06 MAX     8
2021 03 11 08 46 MIN   -12
2021 03 11 16 44 MAX     3
2021 03 11 20 23 MIN     1
2021 03 12 02 01 MAX     8
2021 03 12 09 26 MIN   -11
2021 03 12 17 03 MAX     3
2021 03 12 21 05 MIN     0
2021 03 13 02 49 MAX     8
2021 03 13 10 02 MIN   -10
2021 03 13 17 06 MAX     3
2021 03 13 21 47 MIN    -1
2021 03 14 03 32 MAX     8
2021 03 14 10 33 MIN    -8
2021 03 14 17 02 MAX     3
2021 03 14 22 30 MIN    -2
2021 03 15 04 16 MAX     7
2021 03 15 11 02 MIN    -6
2021 03 15 17 06 MAX     4
2021 03 15 23 14 MIN    -3
2021 03 16 05 03 MAX     6
2021 03 16 11 27 MIN    -4
2021 03 16 17 16 MAX     5
2021 03 17 00 01 MIN    -4
2021 03 17 06 01 MAX     4
2021 03 17 11 47 MIN    -2
2021 03 17 17 28 MAX     5
2021 03 18 00 52 MIN    -6
2021 03 18 07 36 MAX     3
2021 03 18 12 02 MIN    -1
2021 03 18 17 42 MAX     6
2021 03 19 01 47 MIN    -7
2021 03 19 09 13 MAX     2
2021 03 19 12 12 MIN     1
2021 03 19 18 03 MAX     6
2021 03 20 02 45 MIN    -8
2021 03 20 18 30 MAX     6
2021 03 21 03 43 MIN   -10
2021 03 21 19 07 MAX     5
2021 03 22 04 39 MIN   -11
2021 03 22 19 59 MAX     4
2021 03 23 05 35 MIN   -11
2021 03 23 21 09 MAX     4
2021 03 24 06 29 MIN   -12
2021 03 24 14 54 MAX     3
2021 03 24 18 14 MIN     2
2021 03 24 22 34 MAX     4
2021 03 25 07 20 MIN   -12
2021 03 25 15 18 MAX     4
2021 03 25 19 03 MIN     2
2021 03 26 00 06 MAX     5
2021 03 26 08 08 MIN   -12
2021 03 26 15 42 MAX     4
2021 03 26 19 46 MIN     1
2021 03 27 01 21 MAX     7
2021 03 27 08 53 MIN   -11
2021 03 27 16 00 MAX     5
2021 03 27 20 30 MIN     1
2021 03 28 02 22 MAX     9
2021 03 28 09 36 MIN    -9
2021 03 28 16 08 MAX     5
2021 03 28 21 15 MIN    -1
2021 03 29 03 18 MAX    10
2021 03 29 10 17 MIN    -6
2021 03 29 16 18 MAX     7
2021 03 29 22 04 MIN    -3
2021 03 30 04 16 MAX    11
2021 03 30 10 54 MIN    -3
2021 03 30 16 35 MAX     9
2021 03 30 22 56 MIN    -5
2021 03 31 05 22 MAX    11
2021 03 31 11 28 MIN     0
2021 03 31 16 59 MAX    11
2021 03 31 23 52 MIN    -7
2021 04 01 07 06 MAX    10
2021 04 01 12 00 MIN     4
2021 04 01 17 29 MAX    12
2021 04 02 00 55 MIN    -8
2021 04 02 08 51 MAX     9
2021 04 02 12 30 MIN     6
2021 04 02 18 04 MAX    13
2021 04 03 02 06 MIN    -9
2021 04 03 10 20 MAX     9
2021 04 03 12 57 MIN     8
2021 04 03 18 47 MAX    14
2021 04 04 03 18 MIN    -9
2021 04 04 19 44 MAX    13
2021 04 05 04 31 MIN    -9
2021 04 05 21 03 MAX    11
2021 04 06 05 41 MIN    -9
2021 04 06 14 37 MAX     8
2021 04 06 17 50 MIN     7
2021 04 06 22 35 MAX    10
2021 04 07 06 44 MIN    -8
2021 04 07 15 01 MAX     8
2021 04 07 18 57 MIN     5
2021 04 07 23 59 MAX    10
2021 04 08 07 35 MIN    -7
2021 04 08 15 21 MAX     7
2021 04 08 19 47 MIN     4
2021 04 09 01 07 MAX     9
2021 04 09 08 16 MIN    -6
2021 04 09 15 33 MAX     7
2021 04 09 20 28 MIN     2
2021 04 10 02 02 MAX     9
2021 04 10 08 51 MIN    -4
2021 04 10 15 33 MAX     7
2021 04 10 21 07 MIN     1
2021 04 11 02 50 MAX     9
2021 04 11 09 21 MIN    -2
2021 04 11 15 35 MAX     7
2021 04 11 21 45 MIN     0
2021 04 12 03 38 MAX     9
2021 04 12 09 47 MIN     0
2021 04 12 15 41 MAX     8
2021 04 12 22 23 MIN    -1
2021 04 13 04 30 MAX     9
2021 04 13 10 12 MIN     2
2021 04 13 15 52 MAX     9
2021 04 13 23 02 MIN    -2
2021 04 14 05 40 MAX     8
2021 04 14 10 33 MIN     4
2021 04 14 16 06 MAX    11
2021 04 14 23 43 MIN    -3
2021 04 15 07 14 MAX     8
2021 04 15 10 51 MIN     6
2021 04 15 16 25 MAX    12
2021 04 16 00 25 MIN    -4
2021 04 16 08 25 MAX     9
2021 04 16 11 09 MIN     7
2021 04 16 16 48 MAX    13
2021 04 17 01 11 MIN    -4
2021 04 17 09 25 MAX     9
2021 04 17 11 29 MIN     8
2021 04 17 17 15 MAX    13
2021 04 18 02 01 MIN    -5
2021 04 18 17 48 MAX    13
2021 04 19 02 55 MIN    -5
2021 04 19 18 26 MAX    12
2021 04 20 03 53 MIN    -5
2021 04 20 19 14 MAX    11
2021 04 21 04 51 MIN    -5
2021 04 21 13 42 MAX    10
2021 04 21 17 03 MIN     9
2021 04 21 20 24 MAX    10
2021 04 22 05 49 MIN    -5
2021 04 22 14 04 MAX    10
2021 04 22 18 07 MIN     9
2021 04 22 22 02 MAX    10
2021 04 23 06 43 MIN    -4
2021 04 23 14 24 MAX    11
2021 04 23 18 54 MIN     7
2021 04 23 23 52 MAX    11
2021 04 24 07 32 MIN    -3
2021 04 24 14 36 MAX    11
2021 04 24 19 36 MIN     6
2021 04 25 01 19 MAX    12
2021 04 25 08 18 MIN    -1
2021 04 25 14 44 MAX    12
2021 04 25 20 21 MIN     4
2021 04 26 02 29 MAX    14
2021 04 26 09 00 MIN     2
2021 04 26 14 57 MAX    14
2021 04 26 21 07 MIN     1
2021 04 27 03 36 MAX    15
2021 04 27 09 39 MIN     5
2021 04 27 15 16 MAX    16
2021 04 27 21 57 MIN    -1
2021 04 28 04 55 MAX    16
2021 04 28 10 15 MIN     9
2021 04 28 15 43 MAX    19
2021 04 28 22 50 MIN    -3
2021 04 29 06 40 MAX    17
2021 04 29 10 50 MIN    12
2021 04 29 16 14 MAX    21
2021 04 29 23 47 MIN    -4
2021 04 30 08 02 MAX    18
2021 04 30 11 22 MIN    15
2021 04 30 16 51 MAX    23
2021 05 01 00 50 MIN    -4
2021 05 01 09 13 MAX    18
2021 05 01 11 53 MIN    16
2021 05 01 17 32 MAX    23
2021 05 02 01 56 MIN    -3
2021 05 02 18 21 MAX    22
2021 05 03 03 03 MIN    -2
2021 05 03 19 24 MAX    21
2021 05 04 04 10 MIN    -1
2021 05 04 13 18 MAX    17
2021 05 04 16 19 MIN    16
2021 05 04 20 52 MAX    19
2021 05 05 05 15 MIN     1
2021 05 05 13 42 MAX    16
2021 05 05 17 46 MIN    14
2021 05 05 22 24 MAX    17
2021 05 06 06 11 MIN     2
2021 05 06 14 01 MAX    15
2021 05 06 18 53 MIN    11
2021 05 06 23 50 MAX    15
2021 05 07 06 57 MIN     3
2021 05 07 14 14 MAX    15
2021 05 07 19 42 MIN     9
2021 05 08 01 04 MAX    15
2021 05 08 07 34 MIN     5
2021 05 08 14 17 MAX    15
2021 05 08 20 22 MIN     7
2021 05 09 02 08 MAX    14
2021 05 09 08 05 MIN     7
2021 05 09 14 19 MAX    15
2021 05 09 20 59 MIN     6
2021 05 10 03 07 MAX    14
2021 05 10 08 31 MIN     9
2021 05 10 14 26 MAX    16
2021 05 10 21 33 MIN     5
2021 05 11 04 13 MAX    14
2021 05 11 08 53 MIN    11
2021 05 11 14 36 MAX    17
2021 05 11 22 07 MIN     4
2021 05 12 05 35 MAX    15
2021 05 12 09 14 MIN    13
2021 05 12 14 51 MAX    18
2021 05 12 22 43 MIN     3
2021 05 13 06 47 MAX    16
2021 05 13 09 34 MIN    15
2021 05 13 15 13 MAX    20
2021 05 13 23 20 MIN     3
2021 05 14 07 41 MAX    17
2021 05 14 09 58 MIN    16
2021 05 14 15 41 MAX    21
2021 05 14 23 58 MIN     3
2021 05 15 16 13 MAX    22
2021 05 16 00 40 MIN     3
2021 05 16 16 47 MAX    23
2021 05 17 01 26 MIN     3
2021 05 17 17 24 MAX    22
2021 05 18 02 16 MIN     4
2021 05 18 18 02 MAX    22
2021 05 19 03 11 MIN     4
2021 05 19 18 49 MAX    21
2021 05 20 04 10 MIN     5
2021 05 20 12 40 MAX    19
2021 05 20 16 21 MIN    18
2021 05 20 19 58 MAX    19
2021 05 21 05 07 MIN     5
2021 05 21 13 00 MAX    19
2021 05 21 17 36 MIN    16
2021 05 21 21 45 MAX    18
2021 05 22 06 03 MIN     7
2021 05 22 13 10 MAX    19
2021 05 22 18 30 MIN    14
2021 05 22 23 49 MAX    18
2021 05 23 06 53 MIN     9
2021 05 23 13 18 MAX    20
2021 05 23 19 17 MIN    11
2021 05 24 01 32 MAX    19
2021 05 24 07 38 MIN    11
2021 05 24 13 33 MAX    21
2021 05 24 20 05 MIN     8
2021 05 25 02 59 MAX    21
2021 05 25 08 19 MIN    15
2021 05 25 13 56 MAX    24
2021 05 25 20 54 MIN     5
2021 05 26 04 29 MAX    22
2021 05 26 08 58 MIN    18
2021 05 26 14 27 MAX    27
2021 05 26 21 47 MIN     3
2021 05 27 05 59 MAX    24
2021 05 27 09 34 MIN    21
2021 05 27 15 03 MAX    29
2021 05 27 22 42 MIN     2
2021 05 28 07 11 MAX    25
2021 05 28 10 08 MIN    23
2021 05 28 15 44 MAX    31
2021 05 28 23 40 MIN     3
2021 05 29 08 15 MAX    26
2021 05 29 10 43 MIN    24
2021 05 29 16 28 MAX    32
2021 05 30 00 41 MIN     4
2021 05 30 09 17 MAX    26
2021 05 30 11 20 MIN    25
2021 05 30 17 15 MAX    32
2021 05 31 01 42 MIN     5
2021 05 31 18 08 MAX    31
2021 06 01 02 42 MIN     7
2021 06 01 11 23 MAX    25
2021 06 01 14 02 MIN    24
2021 06 01 19 11 MAX    28
2021 06 02 03 40 MIN     9
2021 06 02 12 06 MAX    24
2021 06 02 15 54 MIN    23
2021 06 02 20 31 MAX    26
2021 06 03 04 34 MIN    11
2021 06 03 12 32 MAX    23
2021 06 03 17 22 MIN    20
2021 06 03 22 00 MAX    23
2021 06 04 05 24 MIN    12
2021 06 04 12 49 MAX    23
2021 06 04 18 33 MIN    17
2021 06 04 23 34 MAX    21
2021 06 05 06 07 MIN    14
2021 06 05 12 57 MAX    22
2021 06 05 19 26 MIN    15
2021 06 06 01 11 MAX    20
2021 06 06 06 41 MIN    15
2021 06 06 13 02 MAX    22
2021 06 06 20 07 MIN    13
2021 06 07 02 40 MAX    19
2021 06 07 07 08 MIN    17
2021 06 07 13 08 MAX    22
2021 06 07 20 42 MIN    11
2021 06 08 04 03 MAX    20
2021 06 08 07 28 MIN    18
2021 06 08 13 17 MAX    23
2021 06 08 21 14 MIN    10
2021 06 09 13 34 MAX    25
2021 06 09 21 48 MIN     9
2021 06 10 14 02 MAX    26
2021 06 10 22 22 MIN     9
2021 06 11 07 04 MAX    23
2021 06 11 08 32 MIN    22
2021 06 11 14 37 MAX    28
2021 06 11 22 59 MIN     9
2021 06 12 15 16 MAX    29
2021 06 12 23 38 MIN     9
2021 06 13 15 55 MAX    30
2021 06 14 00 18 MIN     9
2021 06 14 16 33 MAX    31
2021 06 15 01 00 MIN    10
2021 06 15 17 11 MAX    30
2021 06 16 01 45 MIN    11
2021 06 16 17 52 MAX    29
2021 06 17 02 35 MIN    12
2021 06 17 18 42 MAX    28
2021 06 18 03 28 MIN    13
2021 06 18 11 20 MAX    25
2021 06 18 15 22 MIN    23
2021 06 18 19 55 MAX    26
2021 06 19 04 24 MIN    14
2021 06 19 11 31 MAX    25
2021 06 19 16 56 MIN    20
2021 06 19 21 48 MAX    24
2021 06 20 05 18 MIN    16
2021 06 20 11 41 MAX    25
2021 06 20 18 02 MIN    17
2021 06 21 00 14 MAX    23
2021 06 21 06 08 MIN    19
2021 06 21 12 01 MAX    27
2021 06 21 18 58 MIN    14
2021 06 22 02 26 MAX    24
2021 06 22 06 54 MIN    21
2021 06 22 12 31 MAX    29
2021 06 22 19 52 MIN    10
2021 06 23 03 58 MAX    26
2021 06 23 07 35 MIN    24
2021 06 23 13 09 MAX    31
2021 06 23 20 45 MIN     8
2021 06 24 05 16 MAX    28
2021 06 24 08 14 MIN    26
2021 06 24 13 52 MAX    34
2021 06 24 21 40 MIN     7
2021 06 25 06 23 MAX    29
2021 06 25 08 52 MIN    28
2021 06 25 14 39 MAX    36
2021 06 25 22 36 MIN     7
2021 06 26 15 28 MAX    37
2021 06 26 23 33 MIN     8
2021 06 27 08 15 MAX    30
2021 06 27 10 11 MIN    29
2021 06 27 16 16 MAX    38
2021 06 28 00 29 MIN    10
2021 06 28 17 06 MAX    37
2021 06 29 01 22 MIN    12
2021 06 29 09 41 MAX    29
2021 06 29 12 00 MIN    28
2021 06 29 17 56 MAX    35
2021 06 30 02 11 MIN    14
2021 06 30 10 15 MAX    29
2021 06 30 13 33 MIN    27
2021 06 30 18 52 MAX    32
2021 07 01 02 58 MIN    15
2021 07 01 10 42 MAX    28
2021 07 01 15 18 MIN    26
2021 07 01 20 00 MAX    29
2021 07 02 03 42 MIN    17
2021 07 02 11 04 MAX    27
2021 07 02 16 46 MIN    23
2021 07 02 21 32 MAX    26
2021 07 03 04 24 MIN    19
2021 07 03 11 19 MAX    26
2021 07 03 18 02 MIN    20
2021 07 03 23 31 MAX    23
2021 07 04 05 02 MIN    20
2021 07 04 11 28 MAX    26
2021 07 04 19 00 MIN    17
2021 07 05 02 03 MAX    22
2021 07 05 05 30 MIN    21
2021 07 05 11 35 MAX    26
2021 07 05 19 43 MIN    15
2021 07 06 03 54 MAX    23
2021 07 06 05 44 MIN    22
2021 07 06 11 45 MAX    26
2021 07 06 20 18 MIN    13
2021 07 07 12 09 MAX    27
2021 07 07 20 52 MIN    12
2021 07 08 12 48 MAX    29
2021 07 08 21 27 MIN    11
2021 07 09 13 35 MAX    30
2021 07 09 22 03 MIN    11
2021 07 10 14 21 MAX    32
2021 07 10 22 42 MIN    11
2021 07 11 15 05 MAX    33
2021 07 11 23 21 MIN    12
2021 07 12 07 52 MAX    27
2021 07 12 09 26 MIN    26
2021 07 12 15 45 MAX    34
2021 07 13 00 00 MIN    12
2021 07 13 00 00 MIN    12
2021 07 13 16 25 MAX    35
2021 07 14 00 38 MIN    13
2021 07 14 17 05 MAX    34
2021 07 15 01 17 MIN    14
2021 07 15 09 23 MAX    27
2021 07 15 11 59 MIN    26
2021 07 15 17 51 MAX    32
2021 07 16 01 58 MIN    16
2021 07 16 09 36 MAX    27
2021 07 16 13 13 MIN    25
2021 07 16 18 48 MAX    30
2021 07 17 02 42 MIN    18
2021 07 17 09 40 MAX    27
2021 07 17 14 55 MIN    23
2021 07 17 20 10 MAX    27
2021 07 18 03 32 MIN    20
2021 07 18 09 53 MAX    27
2021 07 18 16 31 MIN    19
2021 07 18 22 33 MAX    25
2021 07 19 04 26 MIN    22
2021 07 19 10 20 MAX    29
2021 07 19 17 44 MIN    16
2021 07 20 01 56 MAX    25
2021 07 20 05 20 MIN    24
2021 07 20 10 59 MAX    30
2021 07 20 18 48 MIN    13
2021 07 21 03 31 MAX    27
2021 07 21 06 10 MIN    26
2021 07 21 11 47 MAX    32
2021 07 21 19 46 MIN    10
2021 07 22 04 39 MAX    28
2021 07 22 06 54 MIN    27
2021 07 22 12 41 MAX    34
2021 07 22 20 42 MIN     9
2021 07 23 13 38 MAX    36
2021 07 23 21 37 MIN     9
2021 07 24 06 31 MAX    29
2021 07 24 08 21 MIN    28
2021 07 24 14 31 MAX    37
2021 07 24 22 31 MIN    10
2021 07 25 07 15 MAX    29
2021 07 25 09 08 MIN    28
2021 07 25 15 22 MAX    38
2021 07 25 23 21 MIN    11
2021 07 26 07 49 MAX    29
2021 07 26 09 58 MIN    28
2021 07 26 16 10 MAX    38
2021 07 27 00 08 MIN    13
2021 07 27 08 18 MAX    29
2021 07 27 10 52 MIN    28
2021 07 27 16 56 MAX    36
2021 07 28 00 50 MIN    14
2021 07 28 08 41 MAX    28
2021 07 28 11 53 MIN    27
2021 07 28 17 43 MAX    34
2021 07 29 01 28 MIN    16
2021 07 29 08 59 MAX    28
2021 07 29 13 09 MIN    25
2021 07 29 18 33 MAX    31
2021 07 30 02 04 MIN    18
2021 07 30 09 13 MAX    27
2021 07 30 14 42 MIN    24
2021 07 30 19 40 MAX    27
2021 07 31 02 36 MIN    20
2021 07 31 09 23 MAX    27
2021 07 31 16 05 MIN    21
2021 07 31 21 35 MAX    24
2021 08 01 03 01 MIN    21
2021 08 01 09 28 MAX    26
2021 08 01 17 19 MIN    18
2021 08 02 00 38 MAX    23
2021 08 02 02 36 MIN    22
2021 08 02 09 32 MAX    26
2021 08 02 18 20 MIN    16
2021 08 03 09 49 MAX    26
2021 08 03 19 08 MIN    13
2021 08 04 10 27 MAX    26
2021 08 04 19 48 MIN    12
2021 08 05 11 24 MAX    27
2021 08 05 20 26 MIN    11
2021 08 06 12 27 MAX    28
2021 08 06 21 04 MIN    10
2021 08 07 13 25 MAX    30
2021 08 07 21 42 MIN    10
2021 08 08 14 15 MAX    32
2021 08 08 22 22 MIN    11
2021 08 09 14 59 MAX    33
2021 08 09 23 00 MIN    11
2021 08 10 15 41 MAX    34
2021 08 10 23 37 MIN    13
2021 08 11 07 29 MAX    26
2021 08 11 10 14 MIN    25
2021 08 11 16 23 MAX    34
2021 08 12 00 12 MIN    14
2021 08 12 07 38 MAX    26
2021 08 12 11 07 MIN    24
2021 08 12 17 09 MAX    33
2021 08 13 00 46 MIN    16
2021 08 13 07 22 MAX    26
2021 08 13 12 06 MIN    22
2021 08 13 18 01 MAX    31
2021 08 14 01 18 MIN    18
2021 08 14 07 28 MAX    27
2021 08 14 13 18 MIN    20
2021 08 14 19 10 MAX    28
2021 08 15 01 52 MIN    21
2021 08 15 07 53 MAX    28
2021 08 15 14 49 MIN    18
2021 08 15 21 25 MAX    25
2021 08 16 02 28 MIN    23
2021 08 16 08 31 MAX    28
2021 08 16 16 19 MIN    15
2021 08 17 09 20 MAX    29
2021 08 17 17 36 MIN    13
2021 08 18 10 20 MAX    30
2021 08 18 18 45 MIN    10
2021 08 19 11 28 MAX    31
2021 08 19 19 46 MIN     9
2021 08 20 12 38 MAX    32
2021 08 20 20 41 MIN     9
2021 08 21 13 39 MAX    33
2021 08 21 21 31 MIN     9
2021 08 22 05 55 MAX    26
2021 08 22 08 22 MIN    25
2021 08 22 14 32 MAX    34
2021 08 22 22 17 MIN    10
2021 08 23 06 22 MAX    26
2021 08 23 09 11 MIN    24
2021 08 23 15 19 MAX    34
2021 08 23 22 57 MIN    12
2021 08 24 06 41 MAX    26
2021 08 24 10 00 MIN    24
2021 08 24 16 04 MAX    34
2021 08 24 23 33 MIN    14
2021 08 25 06 48 MAX    26
2021 08 25 10 51 MIN    23
2021 08 25 16 48 MAX    32
2021 08 26 00 05 MIN    16
2021 08 26 06 41 MAX    26
2021 08 26 11 46 MIN    22
2021 08 26 17 34 MAX    30
2021 08 27 00 34 MIN    18
2021 08 27 06 39 MAX    26
2021 08 27 12 49 MIN    20
2021 08 27 18 30 MAX    27
2021 08 28 00 56 MIN    19
2021 08 28 06 44 MAX    26
2021 08 28 14 05 MIN    19
2021 08 28 20 14 MAX    24
2021 08 29 01 06 MIN    21
2021 08 29 06 51 MAX    26
2021 08 29 15 19 MIN    17
2021 08 30 07 04 MAX    25
2021 08 30 16 27 MIN    15
2021 08 31 07 32 MAX    25
2021 08 31 17 28 MIN    13
2021 09 01 08 22 MAX    25
2021 09 01 18 22 MIN    11
2021 09 02 09 35 MAX    25
2021 09 02 19 09 MIN    10
2021 09 03 10 59 MAX    25
2021 09 03 19 52 MIN     9
2021 09 04 12 18 MAX    26
2021 09 04 20 33 MIN     9
2021 09 05 13 19 MAX    28
2021 09 05 21 14 MIN     9
2021 09 06 04 46 MAX    23
2021 09 06 07 55 MIN    22
2021 09 06 14 09 MAX    29
2021 09 06 21 54 MIN    10
2021 09 07 05 07 MAX    23
2021 09 07 08 42 MIN    21
2021 09 07 14 55 MAX    31
2021 09 07 22 31 MIN    11
2021 09 08 05 14 MAX    24
2021 09 08 09 30 MIN    21
2021 09 08 15 41 MAX    31
2021 09 08 23 06 MIN    13
2021 09 09 05 14 MAX    24
2021 09 09 10 21 MIN    19
2021 09 09 16 30 MAX    31
2021 09 09 23 39 MIN    16
2021 09 10 05 24 MAX    26
2021 09 10 11 14 MIN    18
2021 09 10 17 24 MAX    30
2021 09 11 00 10 MIN    18
2021 09 11 05 45 MAX    27
2021 09 11 12 12 MIN    16
2021 09 11 18 35 MAX    28
2021 09 12 00 38 MIN    21
2021 09 12 06 12 MAX    28
2021 09 12 13 22 MIN    14
2021 09 12 21 04 MAX    26
2021 09 13 01 03 MIN    23
2021 09 13 06 47 MAX    29
2021 09 13 14 46 MIN    13
2021 09 14 07 34 MAX    29
2021 09 14 16 10 MIN    11
2021 09 15 08 41 MAX    29
2021 09 15 17 29 MIN    10
2021 09 16 03 18 MAX    26
2021 09 16 04 48 MIN    25
2021 09 16 10 07 MAX    29
2021 09 16 18 40 MIN     9
2021 09 17 03 34 MAX    25
2021 09 17 06 07 MIN    24
2021 09 17 11 33 MAX    29
2021 09 17 19 39 MIN     9
2021 09 18 03 56 MAX    24
2021 09 18 07 02 MIN    23
2021 09 18 12 46 MAX    30
2021 09 18 20 29 MIN     9
2021 09 19 04 17 MAX    24
2021 09 19 07 49 MIN    22
2021 09 19 13 45 MAX    30
2021 09 19 21 11 MIN    10
2021 09 20 04 30 MAX    23
2021 09 20 08 33 MIN    20
2021 09 20 14 33 MAX    30
2021 09 20 21 47 MIN    12
2021 09 21 04 28 MAX    23
2021 09 21 09 17 MIN    19
2021 09 21 15 18 MAX    30
2021 09 21 22 19 MIN    13
2021 09 22 04 26 MAX    24
2021 09 22 10 01 MIN    18
2021 09 22 16 02 MAX    29
2021 09 22 22 48 MIN    15
2021 09 23 04 35 MAX    24
2021 09 23 10 46 MIN    17
2021 09 23 16 49 MAX    27
2021 09 23 23 14 MIN    17
2021 09 24 04 47 MAX    25
2021 09 24 11 34 MIN    16
2021 09 24 17 48 MAX    26
2021 09 24 23 34 MIN    19
2021 09 25 04 59 MAX    26
2021 09 25 12 25 MIN    15
2021 09 25 19 33 MAX    24
2021 09 25 23 47 MIN    21
2021 09 26 05 13 MAX    26
2021 09 26 13 23 MIN    14
2021 09 26 21 11 MAX    23
2021 09 26 23 50 MIN    22
2021 09 27 05 31 MAX    26
2021 09 27 14 27 MIN    13
2021 09 28 05 55 MAX    26
2021 09 28 15 31 MIN    12
2021 09 29 06 32 MAX    25
2021 09 29 16 32 MIN    11
2021 09 30 07 28 MAX    24
2021 09 30 17 31 MIN    10
2021 10 01 08 53 MAX    23
2021 10 01 18 24 MIN     9
2021 10 02 02 39 MAX    22
2021 10 02 05 51 MIN    21
2021 10 02 10 33 MAX    23
2021 10 02 19 12 MIN     9
2021 10 03 02 54 MAX    22
2021 10 03 06 38 MIN    20
2021 10 03 12 02 MAX    24
2021 10 03 19 56 MIN     9
2021 10 04 03 13 MAX    22
2021 10 04 07 20 MIN    19
2021 10 04 13 10 MAX    25
2021 10 04 20 38 MIN     9
2021 10 05 03 27 MAX    22
2021 10 05 08 01 MIN    18
2021 10 05 14 06 MAX    27
2021 10 05 21 18 MIN    11
2021 10 06 03 36 MAX    23
2021 10 06 08 45 MIN    17
2021 10 06 14 59 MAX    28
2021 10 06 21 55 MIN    13
2021 10 07 03 46 MAX    24
2021 10 07 09 31 MIN    15
2021 10 07 15 53 MAX    28
2021 10 07 22 30 MIN    16
2021 10 08 04 01 MAX    26
2021 10 08 10 21 MIN    13
2021 10 08 16 54 MAX    28
2021 10 08 23 02 MIN    19
2021 10 09 04 25 MAX    28
2021 10 09 11 14 MIN    11
2021 10 09 18 26 MAX    28
2021 10 09 23 32 MIN    22
2021 10 10 04 53 MAX    29
2021 10 10 12 13 MIN    10
2021 10 10 20 24 MAX    27
2021 10 10 23 59 MIN    24
2021 10 11 05 27 MAX    31
2021 10 11 13 22 MIN     9
2021 10 12 06 08 MAX    31
2021 10 12 14 40 MIN     9
2021 10 13 07 03 MAX    30
2021 10 13 15 59 MIN     9
2021 10 14 08 26 MAX    29
2021 10 14 17 14 MIN     9
2021 10 15 02 18 MAX    25
2021 10 15 05 08 MIN    24
2021 10 15 10 08 MAX    28
2021 10 15 18 22 MIN    10
2021 10 16 02 34 MAX    24
2021 10 16 06 18 MIN    22
2021 10 16 11 38 MAX    27
2021 10 16 19 17 MIN    10
2021 10 17 02 48 MAX    23
2021 10 17 07 11 MIN    20
2021 10 17 12 49 MAX    27
2021 10 17 20 00 MIN    11
2021 10 18 02 56 MAX    23
2021 10 18 07 56 MIN    18
2021 10 18 13 48 MAX    26
2021 10 18 20 35 MIN    12
2021 10 19 02 57 MAX    23
2021 10 19 08 37 MIN    16
2021 10 19 14 38 MAX    26
2021 10 19 21 05 MIN    14
2021 10 20 03 02 MAX    23
2021 10 20 09 16 MIN    15
2021 10 20 15 26 MAX    25
2021 10 20 21 32 MIN    16
2021 10 21 03 12 MAX    24
2021 10 21 09 56 MIN    13
2021 10 21 16 18 MAX    24
2021 10 21 21 57 MIN    18
2021 10 22 03 25 MAX    24
2021 10 22 10 34 MIN    12
2021 10 22 17 28 MAX    24
2021 10 22 22 18 MIN    20
2021 10 23 03 40 MAX    25
2021 10 23 11 14 MIN    11
2021 10 23 19 02 MAX    23
2021 10 23 22 36 MIN    21
2021 10 24 03 57 MAX    26
2021 10 24 11 57 MIN    11
2021 10 24 20 14 MAX    23
2021 10 24 22 49 MIN    22
2021 10 25 04 19 MAX    27
2021 10 25 12 44 MIN    10
2021 10 26 04 47 MAX    27
2021 10 26 13 38 MIN    10
2021 10 27 05 21 MAX    26
2021 10 27 14 37 MIN    10
2021 10 28 06 02 MAX    25
2021 10 28 15 38 MIN    10
2021 10 29 06 55 MAX    24
2021 10 29 16 38 MIN     9
2021 10 30 01 08 MAX    22
2021 10 30 04 40 MIN    21
2021 10 30 08 12 MAX    22
2021 10 30 17 34 MIN     9
2021 10 31 01 29 MAX    22
2021 10 31 05 45 MIN    20
2021 10 31 09 57 MAX    22
2021 10 31 18 27 MIN     9
2021 11 01 01 49 MAX    22
2021 11 01 06 32 MIN    18
2021 11 01 11 41 MAX    22
2021 11 01 19 14 MIN    10
2021 11 02 02 02 MAX    22
2021 11 02 07 13 MIN    16
2021 11 02 13 05 MAX    23
2021 11 02 19 58 MIN    11
2021 11 03 02 12 MAX    22
2021 11 03 07 53 MIN    14
2021 11 03 14 13 MAX    24
2021 11 03 20 38 MIN    13
2021 11 04 02 24 MAX    23
2021 11 04 08 37 MIN    11
2021 11 04 15 18 MAX    25
2021 11 04 21 16 MIN    16
2021 11 05 02 43 MAX    25
2021 11 05 09 24 MIN     9
2021 11 05 16 30 MAX    26
2021 11 05 21 51 MIN    19
2021 11 06 03 10 MAX    27
2021 11 06 10 14 MIN     7
2021 11 06 18 09 MAX    27
2021 11 06 22 23 MIN    22
2021 11 07 03 42 MAX    30
2021 11 07 11 09 MIN     6
2021 11 07 19 34 MAX    27
2021 11 07 22 54 MIN    24
2021 11 08 04 18 MAX    32
2021 11 08 12 10 MIN     5
2021 11 08 20 44 MAX    27
2021 11 08 23 24 MIN    25
2021 11 09 05 00 MAX    32
2021 11 09 13 16 MIN     6
2021 11 10 05 50 MAX    32
2021 11 10 14 28 MIN     7
2021 11 11 06 53 MAX    30
2021 11 11 15 38 MIN     8
2021 11 12 00 39 MAX    25
2021 11 12 03 23 MIN    24
2021 11 12 08 22 MAX    28
2021 11 12 16 46 MIN     9
2021 11 13 01 01 MAX    24
2021 11 13 04 59 MIN    22
2021 11 13 10 00 MAX    25
2021 11 13 17 47 MIN    10
2021 11 14 01 19 MAX    23
2021 11 14 06 11 MIN    19
2021 11 14 11 30 MAX    24
2021 11 14 18 36 MIN    11
2021 11 15 01 31 MAX    22
2021 11 15 07 07 MIN    16
2021 11 15 12 49 MAX    22
2021 11 15 19 16 MIN    12
2021 11 16 01 38 MAX    22
2021 11 16 07 53 MIN    13
2021 11 16 13 57 MAX    21
2021 11 16 19 48 MIN    14
2021 11 17 01 46 MAX    22
2021 11 17 08 32 MIN    11
2021 11 17 14 59 MAX    21
2021 11 17 20 16 MIN    15
2021 11 18 01 56 MAX    22
2021 11 18 09 08 MIN     9
2021 11 18 16 05 MAX    20
2021 11 18 20 40 MIN    17
2021 11 19 02 08 MAX    22
2021 11 19 09 42 MIN     8
2021 11 19 17 21 MAX    21
2021 11 19 21 00 MIN    19
2021 11 20 02 25 MAX    23
2021 11 20 10 17 MIN     7
2021 11 20 18 31 MAX    21
2021 11 20 21 19 MIN    20
2021 11 21 02 46 MAX    24
2021 11 21 10 54 MIN     7
2021 11 22 03 15 MAX    25
2021 11 22 11 33 MIN     7
2021 11 23 03 50 MAX    26
2021 11 23 12 16 MIN     7
2021 11 24 04 27 MAX    26
2021 11 24 13 02 MIN     7
2021 11 25 05 07 MAX    25
2021 11 25 13 52 MIN     7
2021 11 25 22 17 MAX    21
2021 11 26 00 09 MIN    20
2021 11 26 05 49 MAX    24
2021 11 26 14 47 MIN     7
2021 11 27 06 37 MAX    22
2021 11 27 15 44 MIN     8
2021 11 27 23 45 MAX    20
2021 11 28 03 54 MIN    19
2021 11 28 07 45 MAX    20
2021 11 28 16 41 MIN     8
2021 11 29 00 12 MAX    20
2021 11 29 05 11 MIN    16
2021 11 29 09 26 MAX    19
2021 11 29 17 36 MIN     9
2021 11 30 00 29 MAX    19
2021 11 30 06 05 MIN    14
2021 11 30 11 29 MAX    18
2021 11 30 18 27 MIN    10
2021 12 01 00 41 MAX    19
2021 12 01 06 51 MIN    10
2021 12 01 13 17 MAX    19
2021 12 01 19 13 MIN    12
2021 12 02 00 57 MAX    20
2021 12 02 07 36 MIN     7
2021 12 02 14 44 MAX    20
2021 12 02 19 55 MIN    15
2021 12 03 01 21 MAX    22
2021 12 03 08 23 MIN     4
2021 12 03 16 07 MAX    21
2021 12 03 20 33 MIN    17
2021 12 04 01 53 MAX    25
2021 12 04 09 14 MIN     2
2021 12 04 17 29 MAX    23
2021 12 04 21 10 MIN    20
2021 12 05 02 31 MAX    27
2021 12 05 10 07 MIN     0
2021 12 05 18 41 MAX    24
2021 12 05 21 44 MIN    21
2021 12 06 03 14 MAX    29
2021 12 06 11 04 MIN     0
2021 12 06 19 44 MAX    24
2021 12 06 22 19 MIN    22
2021 12 07 04 00 MAX    30
2021 12 07 12 05 MIN     1
2021 12 07 20 41 MAX    23
2021 12 07 22 57 MIN    22
2021 12 08 04 50 MAX    30
2021 12 08 13 07 MIN     2
2021 12 09 05 45 MAX    29
2021 12 09 14 08 MIN     4
2021 12 10 06 49 MAX    26
2021 12 10 15 07 MIN     6
2021 12 10 23 01 MAX    20
2021 12 11 03 02 MIN    19
2021 12 11 08 09 MAX    23
2021 12 11 16 03 MIN     7
2021 12 11 23 30 MAX    20
2021 12 12 04 35 MIN    16
2021 12 12 09 40 MAX    20
2021 12 12 16 55 MIN     9
2021 12 12 23 51 MAX    19
2021 12 13 05 52 MIN    12
2021 12 13 11 17 MAX    17
2021 12 13 17 41 MIN    10
2021 12 14 00 08 MAX    18
2021 12 14 06 52 MIN     9
2021 12 14 13 01 MAX    16
2021 12 14 18 20 MIN    11
2021 12 15 00 22 MAX    18
2021 12 15 07 40 MIN     6
2021 12 15 14 34 MAX    15
2021 12 15 18 52 MIN    12
2021 12 16 00 34 MAX    17
2021 12 16 08 19 MIN     4
2021 12 16 15 55 MAX    15
2021 12 16 19 17 MIN    13
2021 12 17 00 48 MAX    18
2021 12 17 08 53 MIN     2
2021 12 17 17 06 MAX    15
2021 12 17 19 35 MIN    14
2021 12 18 01 07 MAX    18
2021 12 18 09 26 MIN     1
2021 12 19 01 36 MAX    19
2021 12 19 10 01 MIN     1
2021 12 19 18 50 MAX    16
2021 12 19 20 15 MIN    15
2021 12 20 02 15 MAX    20
2021 12 20 10 38 MIN     1
2021 12 21 02 58 MAX    21
2021 12 21 11 17 MIN     1
2021 12 22 03 40 MAX    22
2021 12 22 11 57 MIN     1
2021 12 23 04 21 MAX    22
2021 12 23 12 37 MIN     2
2021 12 23 20 51 MAX    16
2021 12 23 23 13 MIN    15
2021 12 24 05 00 MAX    21
2021 12 24 13 18 MIN     2
2021 12 24 21 27 MAX    16
2021 12 25 00 07 MIN    15
2021 12 25 05 42 MAX    20
2021 12 25 14 01 MIN     3
2021 12 25 22 00 MAX    15
2021 12 26 01 18 MIN    14
2021 12 26 06 30 MAX    17
2021 12 26 14 49 MIN     4
2021 12 26 22 25 MAX    15
2021 12 27 03 00 MIN    12
2021 12 27 07 37 MAX    15
2021 12 27 15 42 MIN     5
2021 12 27 22 41 MAX    14
2021 12 28 04 28 MIN     9
2021 12 28 09 21 MAX    13
2021 12 28 16 39 MIN     6
2021 12 28 22 56 MAX    14
2021 12 29 05 32 MIN     5
2021 12 29 11 51 MAX    12
2021 12 29 17 35 MIN     8
2021 12 29 23 18 MAX    15
2021 12 30 06 27 MIN     2
2021 12 30 14 12 MAX    13
2021 12 30 18 26 MIN    10
2021 12 30 23 50 MAX    16
2021 12 31 07 20 MIN    -2
2021 12 31 15 37 MAX    14
2021 12 31 19 11 MIN    12
