 <API - 조위예측극치자료>

대상조위관측소 : 흑산도
위도(WGS84) : N 125.4356
경도(WGS84) : E 34.6842
관측기관 : 20201221 ~ 20220101

2020 12 21 00 17 MIN    98
2020 12 21 06 15 MAX   240
2020 12 21 11 59 MIN    77
2020 12 21 19 00 MAX   281
2020 12 22 01 14 MIN   103
2020 12 22 07 16 MAX   230
2020 12 22 13 02 MIN    99
2020 12 22 19 54 MAX   259
2020 12 23 02 14 MIN   103
2020 12 23 08 28 MAX   227
2020 12 23 14 20 MIN   116
2020 12 23 20 56 MAX   243
2020 12 24 03 16 MIN    99
2020 12 24 09 47 MAX   234
2020 12 24 15 45 MIN   122
2020 12 24 21 59 MAX   234
2020 12 25 04 11 MIN    89
2020 12 25 10 56 MAX   249
2020 12 25 16 57 MIN   119
2020 12 25 22 55 MAX   233
2020 12 26 04 59 MIN    76
2020 12 26 11 50 MAX   268
2020 12 26 17 53 MIN   111
2020 12 26 23 42 MAX   238
2020 12 27 05 39 MIN    62
2020 12 27 12 34 MAX   287
2020 12 27 18 36 MIN   103
2020 12 28 00 23 MAX   245
2020 12 28 06 16 MIN    49
2020 12 28 13 12 MAX   303
2020 12 28 19 12 MIN    95
2020 12 29 01 00 MAX   254
2020 12 29 06 50 MIN    37
2020 12 29 13 47 MAX   317
2020 12 29 19 45 MIN    88
2020 12 30 01 35 MAX   261
2020 12 30 07 23 MIN    28
2020 12 30 14 21 MAX   328
2020 12 30 20 18 MIN    83
2020 12 31 02 11 MAX   267
2020 12 31 07 57 MIN    20
2020 12 31 14 56 MAX   335
2020 12 31 20 51 MIN    79
2021 01 01 02 49 MAX   270
2021 01 01 08 32 MIN    16
2021 01 01 15 32 MAX   338
2021 01 01 21 27 MIN    76
2021 01 02 03 27 MAX   271
2021 01 02 09 11 MIN    14
2021 01 02 16 10 MAX   338
2021 01 02 22 05 MIN    75
2021 01 03 04 08 MAX   270
2021 01 03 09 52 MIN    18
2021 01 03 16 50 MAX   332
2021 01 03 22 46 MIN    74
2021 01 04 04 54 MAX   269
2021 01 04 10 37 MIN    27
2021 01 04 17 34 MAX   321
2021 01 04 23 32 MIN    73
2021 01 05 05 44 MAX   266
2021 01 05 11 29 MIN    43
2021 01 05 18 20 MAX   305
2021 01 06 00 23 MIN    71
2021 01 06 06 42 MAX   263
2021 01 06 12 28 MIN    63
2021 01 06 19 13 MAX   286
2021 01 07 01 21 MIN    68
2021 01 07 07 50 MAX   263
2021 01 07 13 40 MIN    84
2021 01 07 20 13 MAX   269
2021 01 08 02 26 MIN    62
2021 01 08 09 07 MAX   270
2021 01 08 15 05 MIN    99
2021 01 08 21 21 MAX   257
2021 01 09 03 33 MIN    51
2021 01 09 10 25 MAX   286
2021 01 09 16 29 MIN   101
2021 01 09 22 29 MAX   253
2021 01 10 04 36 MIN    36
2021 01 10 11 35 MAX   307
2021 01 10 17 40 MIN    95
2021 01 10 23 32 MAX   257
2021 01 11 05 33 MIN    21
2021 01 11 12 35 MAX   328
2021 01 11 18 37 MIN    85
2021 01 12 00 28 MAX   264
2021 01 12 06 24 MIN     8
2021 01 12 13 27 MAX   344
2021 01 12 19 26 MIN    76
2021 01 13 01 20 MAX   272
2021 01 13 07 11 MIN     0
2021 01 13 14 14 MAX   353
2021 01 13 20 10 MIN    69
2021 01 14 02 07 MAX   278
2021 01 14 07 55 MIN    -3
2021 01 14 14 57 MAX   355
2021 01 14 20 51 MIN    65
2021 01 15 02 51 MAX   280
2021 01 15 08 36 MIN     0
2021 01 15 15 38 MAX   350
2021 01 15 21 30 MIN    64
2021 01 16 03 34 MAX   278
2021 01 16 09 17 MIN     9
2021 01 16 16 17 MAX   339
2021 01 16 22 09 MIN    65
2021 01 17 04 16 MAX   272
2021 01 17 09 57 MIN    23
2021 01 17 16 55 MAX   322
2021 01 17 22 48 MIN    69
2021 01 18 04 57 MAX   264
2021 01 18 10 38 MIN    41
2021 01 18 17 31 MAX   302
2021 01 18 23 28 MIN    74
2021 01 19 05 40 MAX   255
2021 01 19 11 21 MIN    63
2021 01 19 18 07 MAX   279
2021 01 20 00 09 MIN    80
2021 01 20 06 27 MAX   245
2021 01 20 12 09 MIN    88
2021 01 20 18 47 MAX   255
2021 01 21 00 55 MIN    87
2021 01 21 07 21 MAX   236
2021 01 21 13 08 MIN   112
2021 01 21 19 32 MAX   234
2021 01 22 01 49 MIN    92
2021 01 22 08 29 MAX   232
2021 01 22 14 29 MIN   131
2021 01 22 20 31 MAX   217
2021 01 23 02 53 MIN    93
2021 01 23 09 50 MAX   236
2021 01 23 16 05 MIN   137
2021 01 23 21 43 MAX   210
2021 01 24 03 59 MIN    87
2021 01 24 11 06 MAX   251
2021 01 24 17 24 MIN   130
2021 01 24 22 53 MAX   215
2021 01 25 04 58 MIN    76
2021 01 25 12 04 MAX   271
2021 01 25 18 17 MIN   118
2021 01 25 23 49 MAX   226
2021 01 26 05 47 MIN    60
2021 01 26 12 49 MAX   291
2021 01 26 18 56 MIN   104
2021 01 27 00 36 MAX   241
2021 01 27 06 29 MIN    43
2021 01 27 13 28 MAX   309
2021 01 27 19 30 MIN    90
2021 01 28 01 17 MAX   256
2021 01 28 07 07 MIN    27
2021 01 28 14 04 MAX   325
2021 01 28 20 02 MIN    77
2021 01 29 01 56 MAX   270
2021 01 29 07 44 MIN    13
2021 01 29 14 39 MAX   337
2021 01 29 20 34 MIN    65
2021 01 30 02 36 MAX   281
2021 01 30 08 21 MIN     2
2021 01 30 15 16 MAX   344
2021 01 30 21 07 MIN    55
2021 01 31 03 15 MAX   289
2021 01 31 08 59 MIN    -3
2021 01 31 15 52 MAX   345
2021 01 31 21 43 MIN    47
2021 02 01 03 57 MAX   295
2021 02 01 09 40 MIN     0
2021 02 01 16 30 MAX   339
2021 02 01 22 20 MIN    41
2021 02 02 04 41 MAX   297
2021 02 02 10 24 MIN    12
2021 02 02 17 09 MAX   325
2021 02 02 23 01 MIN    39
2021 02 03 05 28 MAX   295
2021 02 03 11 11 MIN    34
2021 02 03 17 51 MAX   305
2021 02 03 23 47 MIN    41
2021 02 04 06 21 MAX   289
2021 02 04 12 05 MIN    63
2021 02 04 18 37 MAX   281
2021 02 05 00 38 MIN    47
2021 02 05 07 23 MAX   280
2021 02 05 13 11 MIN    93
2021 02 05 19 32 MAX   256
2021 02 06 01 41 MIN    54
2021 02 06 08 38 MAX   274
2021 02 06 14 39 MIN   117
2021 02 06 20 41 MAX   236
2021 02 07 02 55 MIN    59
2021 02 07 10 04 MAX   278
2021 02 07 16 21 MIN   123
2021 02 07 22 03 MAX   229
2021 02 08 04 14 MIN    55
2021 02 08 11 26 MAX   293
2021 02 08 17 42 MIN   112
2021 02 08 23 21 MAX   236
2021 02 09 05 23 MIN    43
2021 02 09 12 31 MAX   311
2021 02 09 18 39 MIN    96
2021 02 10 00 24 MAX   251
2021 02 10 06 20 MIN    29
2021 02 10 13 22 MAX   327
2021 02 10 19 22 MIN    80
2021 02 11 01 16 MAX   267
2021 02 11 07 06 MIN    17
2021 02 11 14 05 MAX   337
2021 02 11 19 59 MIN    67
2021 02 12 02 01 MAX   279
2021 02 12 07 47 MIN    10
2021 02 12 14 43 MAX   340
2021 02 12 20 33 MIN    57
2021 02 13 02 41 MAX   286
2021 02 13 08 24 MIN     9
2021 02 13 15 18 MAX   336
2021 02 13 21 05 MIN    51
2021 02 14 03 19 MAX   289
2021 02 14 09 00 MIN    13
2021 02 14 15 51 MAX   328
2021 02 14 21 37 MIN    48
2021 02 15 03 55 MAX   287
2021 02 15 09 35 MIN    23
2021 02 15 16 21 MAX   315
2021 02 15 22 09 MIN    49
2021 02 16 04 31 MAX   283
2021 02 16 10 11 MIN    39
2021 02 16 16 51 MAX   298
2021 02 16 22 41 MIN    53
2021 02 17 05 07 MAX   277
2021 02 17 10 48 MIN    58
2021 02 17 17 21 MAX   278
2021 02 17 23 13 MIN    60
2021 02 18 05 45 MAX   268
2021 02 18 11 27 MIN    82
2021 02 18 17 51 MAX   257
2021 02 18 23 49 MIN    69
2021 02 19 06 28 MAX   257
2021 02 19 12 14 MIN   108
2021 02 19 18 26 MAX   236
2021 02 20 00 32 MIN    80
2021 02 20 07 21 MAX   246
2021 02 20 13 16 MIN   133
2021 02 20 19 13 MAX   217
2021 02 21 01 29 MIN    92
2021 02 21 08 34 MAX   239
2021 02 21 14 59 MIN   148
2021 02 21 20 25 MAX   204
2021 02 22 02 48 MIN    98
2021 02 22 10 08 MAX   244
2021 02 22 16 47 MIN   144
2021 02 22 21 58 MAX   203
2021 02 23 04 12 MIN    91
2021 02 23 11 27 MAX   261
2021 02 23 17 51 MIN   128
2021 02 23 23 17 MAX   217
2021 02 24 05 18 MIN    74
2021 02 24 12 22 MAX   284
2021 02 24 18 32 MIN   107
2021 02 25 00 13 MAX   239
2021 02 25 06 07 MIN    51
2021 02 25 13 04 MAX   306
2021 02 25 19 06 MIN    86
2021 02 26 00 58 MAX   262
2021 02 26 06 49 MIN    28
2021 02 26 13 41 MAX   326
2021 02 26 19 37 MIN    66
2021 02 27 01 40 MAX   284
2021 02 27 07 28 MIN     8
2021 02 27 14 17 MAX   341
2021 02 27 20 08 MIN    46
2021 02 28 02 20 MAX   303
2021 02 28 08 06 MIN    -5
2021 02 28 14 52 MAX   348
2021 02 28 20 41 MIN    30
2021 03 01 03 01 MAX   318
2021 03 01 08 45 MIN    -9
2021 03 01 15 29 MAX   348
2021 03 01 21 15 MIN    17
2021 03 02 03 43 MAX   328
2021 03 02 09 26 MIN    -2
2021 03 02 16 05 MAX   340
2021 03 02 21 52 MIN    11
2021 03 03 04 26 MAX   331
2021 03 03 10 08 MIN    15
2021 03 03 16 43 MAX   323
2021 03 03 22 31 MIN    12
2021 03 04 05 12 MAX   326
2021 03 04 10 55 MIN    43
2021 03 04 17 23 MAX   300
2021 03 04 23 14 MIN    21
2021 03 05 06 03 MAX   314
2021 03 05 11 47 MIN    76
2021 03 05 18 07 MAX   273
2021 03 06 00 03 MIN    37
2021 03 06 07 02 MAX   296
2021 03 06 12 54 MIN   109
2021 03 06 19 00 MAX   245
2021 03 07 01 04 MIN    58
2021 03 07 08 17 MAX   279
2021 03 07 14 30 MIN   133
2021 03 07 20 14 MAX   223
2021 03 08 02 28 MIN    74
2021 03 08 09 51 MAX   274
2021 03 08 16 24 MIN   133
2021 03 08 21 53 MAX   218
2021 03 09 04 04 MIN    76
2021 03 09 11 19 MAX   285
2021 03 09 17 41 MIN   116
2021 03 09 23 20 MAX   232
2021 03 10 05 20 MIN    65
2021 03 10 12 22 MAX   301
2021 03 10 18 31 MIN    96
2021 03 11 00 23 MAX   254
2021 03 11 06 16 MIN    49
2021 03 11 13 09 MAX   314
2021 03 11 19 07 MIN    77
2021 03 12 01 10 MAX   274
2021 03 12 06 59 MIN    36
2021 03 12 13 48 MAX   322
2021 03 12 19 39 MIN    61
2021 03 13 01 51 MAX   289
2021 03 13 07 35 MIN    27
2021 03 13 14 22 MAX   324
2021 03 13 20 08 MIN    49
2021 03 14 02 27 MAX   298
2021 03 14 08 09 MIN    25
2021 03 14 14 51 MAX   321
2021 03 14 20 36 MIN    41
2021 03 15 03 00 MAX   304
2021 03 15 08 41 MIN    28
2021 03 15 15 20 MAX   314
2021 03 15 21 03 MIN    37
2021 03 16 03 33 MAX   305
2021 03 16 09 13 MIN    36
2021 03 16 15 47 MAX   304
2021 03 16 21 31 MIN    37
2021 03 17 04 05 MAX   304
2021 03 17 09 46 MIN    48
2021 03 17 16 13 MAX   291
2021 03 17 21 59 MIN    40
2021 03 18 04 37 MAX   301
2021 03 18 10 20 MIN    66
2021 03 18 16 41 MAX   276
2021 03 18 22 28 MIN    47
2021 03 19 05 11 MAX   293
2021 03 19 10 57 MIN    86
2021 03 19 17 10 MAX   259
2021 03 19 23 01 MIN    57
2021 03 20 05 49 MAX   283
2021 03 20 11 39 MIN   110
2021 03 20 17 43 MAX   241
2021 03 20 23 39 MIN    72
2021 03 21 06 35 MAX   269
2021 03 21 12 34 MIN   133
2021 03 21 18 26 MAX   223
2021 03 22 00 29 MIN    89
2021 03 22 07 38 MAX   256
2021 03 22 14 03 MIN   150
2021 03 22 19 30 MAX   208
2021 03 23 01 45 MIN   102
2021 03 23 09 07 MAX   251
2021 03 23 16 00 MIN   148
2021 03 23 21 09 MAX   205
2021 03 24 03 25 MIN   102
2021 03 24 10 40 MAX   263
2021 03 24 17 12 MIN   130
2021 03 24 22 43 MAX   220
2021 03 25 04 45 MIN    84
2021 03 25 11 44 MAX   284
2021 03 25 17 56 MIN   105
2021 03 25 23 47 MAX   247
2021 03 26 05 41 MIN    58
2021 03 26 12 31 MAX   307
2021 03 26 18 32 MIN    78
2021 03 27 00 36 MAX   277
2021 03 27 06 27 MIN    33
2021 03 27 13 10 MAX   326
2021 03 27 19 05 MIN    51
2021 03 28 01 19 MAX   306
2021 03 28 07 08 MIN    12
2021 03 28 13 47 MAX   340
2021 03 28 19 37 MIN    26
2021 03 29 02 02 MAX   331
2021 03 29 07 48 MIN     2
2021 03 29 14 24 MAX   345
2021 03 29 20 11 MIN     6
2021 03 30 02 44 MAX   349
2021 03 30 08 28 MIN     2
2021 03 30 15 01 MAX   342
2021 03 30 20 46 MIN    -6
2021 03 31 03 26 MAX   360
2021 03 31 09 10 MIN    14
2021 03 31 15 38 MAX   331
2021 03 31 21 23 MIN    -9
2021 04 01 04 11 MAX   360
2021 04 01 09 54 MIN    35
2021 04 01 16 17 MAX   314
2021 04 01 22 03 MIN    -1
2021 04 02 04 57 MAX   351
2021 04 02 10 43 MIN    63
2021 04 02 16 59 MAX   290
2021 04 02 22 47 MIN    16
2021 04 03 05 48 MAX   333
2021 04 03 11 39 MIN    94
2021 04 03 17 46 MAX   265
2021 04 03 23 38 MIN    41
2021 04 04 06 48 MAX   310
2021 04 04 12 51 MIN   122
2021 04 04 18 43 MAX   239
2021 04 05 00 43 MIN    68
2021 04 05 08 02 MAX   288
2021 04 05 14 31 MIN   136
2021 04 05 20 04 MAX   222
2021 04 06 02 13 MIN    89
2021 04 06 09 34 MAX   278
2021 04 06 16 12 MIN   130
2021 04 06 21 48 MAX   222
2021 04 07 03 54 MIN    93
2021 04 07 10 59 MAX   283
2021 04 07 17 20 MIN   113
2021 04 07 23 12 MAX   241
2021 04 08 05 10 MIN    82
2021 04 08 12 00 MAX   293
2021 04 08 18 06 MIN    92
2021 04 09 00 11 MAX   264
2021 04 09 06 04 MIN    68
2021 04 09 12 45 MAX   302
2021 04 09 18 41 MIN    74
2021 04 10 00 56 MAX   284
2021 04 10 06 45 MIN    57
2021 04 10 13 21 MAX   306
2021 04 10 19 10 MIN    58
2021 04 11 01 34 MAX   300
2021 04 11 07 19 MIN    51
2021 04 11 13 52 MAX   306
2021 04 11 19 38 MIN    47
2021 04 12 02 08 MAX   311
2021 04 12 07 51 MIN    49
2021 04 12 14 20 MAX   304
2021 04 12 20 03 MIN    38
2021 04 13 02 40 MAX   317
2021 04 13 08 22 MIN    51
2021 04 13 14 47 MAX   298
2021 04 13 20 29 MIN    34
2021 04 14 03 10 MAX   321
2021 04 14 08 53 MIN    57
2021 04 14 15 14 MAX   291
2021 04 14 20 56 MIN    34
2021 04 15 03 41 MAX   322
2021 04 15 09 26 MIN    68
2021 04 15 15 41 MAX   283
2021 04 15 21 23 MIN    37
2021 04 16 04 12 MAX   320
2021 04 16 10 00 MIN    81
2021 04 16 16 10 MAX   272
2021 04 16 21 53 MIN    44
2021 04 17 04 46 MAX   314
2021 04 17 10 37 MIN    97
2021 04 17 16 41 MAX   260
2021 04 17 22 26 MIN    56
2021 04 18 05 23 MAX   304
2021 04 18 11 20 MIN   115
2021 04 18 17 17 MAX   246
2021 04 18 23 06 MIN    70
2021 04 19 06 08 MAX   291
2021 04 19 12 15 MIN   132
2021 04 19 18 02 MAX   231
2021 04 19 23 56 MIN    86
2021 04 20 07 05 MAX   277
2021 04 20 13 33 MIN   143
2021 04 20 19 05 MAX   219
2021 04 21 01 08 MIN   100
2021 04 21 08 23 MAX   269
2021 04 21 15 08 MIN   141
2021 04 21 20 35 MAX   218
2021 04 22 02 43 MIN   103
2021 04 22 09 48 MAX   274
2021 04 22 16 20 MIN   123
2021 04 22 22 07 MAX   234
2021 04 23 04 07 MIN    89
2021 04 23 10 57 MAX   288
2021 04 23 17 11 MIN    97
2021 04 23 23 15 MAX   263
2021 04 24 05 10 MIN    67
2021 04 24 11 48 MAX   306
2021 04 24 17 51 MIN    67
2021 04 25 00 08 MAX   296
2021 04 25 06 01 MIN    46
2021 04 25 12 33 MAX   321
2021 04 25 18 28 MIN    37
2021 04 26 00 56 MAX   328
2021 04 26 06 46 MIN    30
2021 04 26 13 13 MAX   330
2021 04 26 19 04 MIN    11
2021 04 27 01 41 MAX   355
2021 04 27 07 29 MIN    24
2021 04 27 13 53 MAX   333
2021 04 27 19 41 MIN    -7
2021 04 28 02 26 MAX   373
2021 04 28 08 13 MIN    29
2021 04 28 14 33 MAX   328
2021 04 28 20 18 MIN   -16
2021 04 29 03 11 MAX   382
2021 04 29 08 58 MIN    42
2021 04 29 15 14 MAX   317
2021 04 29 20 59 MIN   -13
2021 04 30 03 57 MAX   379
2021 04 30 09 45 MIN    62
2021 04 30 15 56 MAX   302
2021 04 30 21 42 MIN     0
2021 05 01 04 46 MAX   367
2021 05 01 10 38 MIN    85
2021 05 01 16 42 MAX   282
2021 05 01 22 29 MIN    23
2021 05 02 05 39 MAX   346
2021 05 02 11 39 MIN   106
2021 05 02 17 34 MAX   262
2021 05 02 23 24 MIN    50
2021 05 03 06 38 MAX   322
2021 05 03 12 52 MIN   123
2021 05 03 18 36 MAX   243
2021 05 04 00 31 MIN    78
2021 05 04 07 47 MAX   300
2021 05 04 14 16 MIN   128
2021 05 04 19 56 MAX   232
2021 05 05 01 57 MIN    98
2021 05 05 09 06 MAX   286
2021 05 05 15 37 MIN   122
2021 05 05 21 29 MAX   235
2021 05 06 03 29 MIN   105
2021 05 06 10 21 MAX   281
2021 05 06 16 41 MIN   108
2021 05 06 22 48 MAX   251
2021 05 07 04 45 MIN   100
2021 05 07 11 21 MAX   283
2021 05 07 17 28 MIN    92
2021 05 07 23 47 MAX   272
2021 05 08 05 41 MIN    91
2021 05 08 12 08 MAX   285
2021 05 08 18 05 MIN    76
2021 05 09 00 33 MAX   291
2021 05 09 06 24 MIN    83
2021 05 09 12 46 MAX   287
2021 05 09 18 36 MIN    62
2021 05 10 01 12 MAX   306
2021 05 10 07 01 MIN    79
2021 05 10 13 18 MAX   287
2021 05 10 19 04 MIN    51
2021 05 11 01 47 MAX   318
2021 05 11 07 34 MIN    77
2021 05 11 13 47 MAX   285
2021 05 11 19 31 MIN    44
2021 05 12 02 19 MAX   326
2021 05 12 08 06 MIN    79
2021 05 12 14 16 MAX   283
2021 05 12 19 58 MIN    40
2021 05 13 02 50 MAX   332
2021 05 13 08 38 MIN    83
2021 05 13 14 45 MAX   280
2021 05 13 20 26 MIN    40
2021 05 14 03 21 MAX   334
2021 05 14 09 12 MIN    89
2021 05 14 15 15 MAX   276
2021 05 14 20 56 MIN    43
2021 05 15 03 53 MAX   333
2021 05 15 09 47 MIN    98
2021 05 15 15 47 MAX   269
2021 05 15 21 28 MIN    50
2021 05 16 04 28 MAX   329
2021 05 16 10 26 MIN   107
2021 05 16 16 23 MAX   261
2021 05 16 22 05 MIN    58
2021 05 17 05 07 MAX   321
2021 05 17 11 10 MIN   118
2021 05 17 17 03 MAX   252
2021 05 17 22 47 MIN    69
2021 05 18 05 52 MAX   311
2021 05 18 12 03 MIN   126
2021 05 18 17 51 MAX   244
2021 05 18 23 39 MIN    82
2021 05 19 06 45 MAX   300
2021 05 19 13 08 MIN   130
2021 05 19 18 53 MAX   238
2021 05 20 00 46 MIN    93
2021 05 20 07 50 MAX   291
2021 05 20 14 19 MIN   125
2021 05 20 20 09 MAX   240
2021 05 21 02 07 MIN    99
2021 05 21 09 00 MAX   288
2021 05 21 15 26 MIN   109
2021 05 21 21 30 MAX   255
2021 05 22 03 29 MIN    94
2021 05 22 10 07 MAX   292
2021 05 22 16 20 MIN    85
2021 05 22 22 40 MAX   282
2021 05 23 04 38 MIN    82
2021 05 23 11 04 MAX   300
2021 05 23 17 08 MIN    58
2021 05 23 23 40 MAX   314
2021 05 24 05 35 MIN    69
2021 05 24 11 54 MAX   308
2021 05 24 17 51 MIN    31
2021 05 25 00 33 MAX   344
2021 05 25 06 26 MIN    60
2021 05 25 12 40 MAX   313
2021 05 25 18 33 MIN     9
2021 05 26 01 22 MAX   369
2021 05 26 07 14 MIN    58
2021 05 26 13 25 MAX   314
2021 05 26 19 14 MIN    -5
2021 05 27 02 10 MAX   384
2021 05 27 08 02 MIN    62
2021 05 27 14 09 MAX   311
2021 05 27 19 56 MIN    -9
2021 05 28 02 59 MAX   390
2021 05 28 08 50 MIN    71
2021 05 28 14 55 MAX   304
2021 05 28 20 41 MIN    -3
2021 05 29 03 47 MAX   386
2021 05 29 09 41 MIN    83
2021 05 29 15 42 MAX   294
2021 05 29 21 28 MIN    12
2021 05 30 04 37 MAX   374
2021 05 30 10 35 MIN    96
2021 05 30 16 33 MAX   282
2021 05 30 22 18 MIN    33
2021 05 31 05 28 MAX   356
2021 05 31 11 34 MIN   106
2021 05 31 17 27 MAX   269
2021 05 31 23 13 MIN    57
2021 06 01 06 23 MAX   334
2021 06 01 12 36 MIN   114
2021 06 01 18 27 MAX   257
2021 06 02 00 15 MIN    82
2021 06 02 07 21 MAX   312
2021 06 02 13 42 MIN   116
2021 06 02 19 36 MAX   249
2021 06 03 01 28 MIN   103
2021 06 03 08 24 MAX   292
2021 06 03 14 48 MIN   114
2021 06 03 20 53 MAX   249
2021 06 04 02 48 MIN   116
2021 06 04 09 30 MAX   278
2021 06 04 15 48 MIN   107
2021 06 04 22 08 MAX   258
2021 06 05 04 05 MIN   120
2021 06 05 10 30 MAX   270
2021 06 05 16 39 MIN    96
2021 06 05 23 12 MAX   274
2021 06 06 05 10 MIN   117
2021 06 06 11 22 MAX   267
2021 06 06 17 22 MIN    84
2021 06 07 00 04 MAX   291
2021 06 07 06 01 MIN   113
2021 06 07 12 05 MAX   266
2021 06 07 17 58 MIN    73
2021 06 08 00 47 MAX   306
2021 06 08 06 43 MIN   109
2021 06 08 12 42 MAX   268
2021 06 08 18 32 MIN    64
2021 06 09 01 25 MAX   319
2021 06 09 07 20 MIN   106
2021 06 09 13 16 MAX   271
2021 06 09 19 02 MIN    57
2021 06 10 01 59 MAX   329
2021 06 10 07 55 MIN   104
2021 06 10 13 49 MAX   273
2021 06 10 19 33 MIN    53
2021 06 11 02 32 MAX   336
2021 06 11 08 28 MIN   104
2021 06 11 14 22 MAX   274
2021 06 11 20 05 MIN    51
2021 06 12 03 06 MAX   340
2021 06 12 09 03 MIN   106
2021 06 12 14 57 MAX   274
2021 06 12 20 38 MIN    52
2021 06 13 03 40 MAX   341
2021 06 13 09 38 MIN   108
2021 06 13 15 33 MAX   272
2021 06 13 21 13 MIN    54
2021 06 14 04 17 MAX   340
2021 06 14 10 16 MIN   111
2021 06 14 16 12 MAX   270
2021 06 14 21 52 MIN    58
2021 06 15 04 55 MAX   336
2021 06 15 10 58 MIN   113
2021 06 15 16 54 MAX   266
2021 06 15 22 36 MIN    64
2021 06 16 05 38 MAX   329
2021 06 16 11 44 MIN   113
2021 06 16 17 42 MAX   264
2021 06 16 23 26 MIN    73
2021 06 17 06 25 MAX   320
2021 06 17 12 36 MIN   111
2021 06 17 18 38 MAX   263
2021 06 18 00 25 MIN    85
2021 06 18 07 18 MAX   309
2021 06 18 13 34 MIN   105
2021 06 18 19 43 MAX   267
2021 06 19 01 35 MIN    96
2021 06 19 08 17 MAX   298
2021 06 19 14 34 MIN    93
2021 06 19 20 55 MAX   279
2021 06 20 02 52 MIN   103
2021 06 20 09 19 MAX   292
2021 06 20 15 33 MIN    76
2021 06 20 22 08 MAX   299
2021 06 21 04 07 MIN   104
2021 06 21 10 20 MAX   289
2021 06 21 16 28 MIN    56
2021 06 21 23 14 MAX   324
2021 06 22 05 13 MIN   100
2021 06 22 11 18 MAX   291
2021 06 22 17 19 MIN    37
2021 06 23 00 14 MAX   349
2021 06 23 06 13 MIN    95
2021 06 23 12 12 MAX   294
2021 06 23 18 08 MIN    21
2021 06 24 01 08 MAX   369
2021 06 24 07 06 MIN    92
2021 06 24 13 03 MAX   297
2021 06 24 18 55 MIN    11
2021 06 25 02 00 MAX   382
2021 06 25 07 57 MIN    90
2021 06 25 13 54 MAX   298
2021 06 25 19 43 MIN     8
2021 06 26 02 50 MAX   388
2021 06 26 08 46 MIN    91
2021 06 26 14 43 MAX   298
2021 06 26 20 30 MIN    13
2021 06 27 03 39 MAX   385
2021 06 27 09 34 MIN    92
2021 06 27 15 33 MAX   295
2021 06 27 21 17 MIN    24
2021 06 28 04 26 MAX   376
2021 06 28 10 23 MIN    95
2021 06 28 16 23 MAX   290
2021 06 28 22 06 MIN    40
2021 06 29 05 12 MAX   360
2021 06 29 11 13 MIN    98
2021 06 29 17 14 MAX   283
2021 06 29 22 56 MIN    60
2021 06 30 05 58 MAX   340
2021 06 30 12 03 MIN   102
2021 06 30 18 07 MAX   275
2021 06 30 23 49 MIN    83
2021 07 01 06 45 MAX   317
2021 07 01 12 55 MIN   105
2021 07 01 19 03 MAX   267
2021 07 02 00 48 MIN   106
2021 07 02 07 34 MAX   294
2021 07 02 13 49 MIN   107
2021 07 02 20 06 MAX   262
2021 07 03 01 56 MIN   126
2021 07 03 08 28 MAX   273
2021 07 03 14 45 MIN   107
2021 07 03 21 17 MAX   263
2021 07 04 03 15 MIN   140
2021 07 04 09 26 MAX   257
2021 07 04 15 41 MIN   104
2021 07 04 22 28 MAX   271
2021 07 05 04 32 MIN   144
2021 07 05 10 26 MAX   249
2021 07 05 16 33 MIN    98
2021 07 05 23 30 MAX   285
2021 07 06 05 37 MIN   141
2021 07 06 11 20 MAX   249
2021 07 06 17 20 MIN    90
2021 07 07 00 21 MAX   301
2021 07 07 06 28 MIN   135
2021 07 07 12 07 MAX   254
2021 07 07 18 01 MIN    81
2021 07 08 01 04 MAX   315
2021 07 08 07 09 MIN   128
2021 07 08 12 49 MAX   261
2021 07 08 18 40 MIN    72
2021 07 09 01 42 MAX   328
2021 07 09 07 44 MIN   122
2021 07 09 13 28 MAX   269
2021 07 09 19 15 MIN    64
2021 07 10 02 18 MAX   337
2021 07 10 08 18 MIN   116
2021 07 10 14 05 MAX   276
2021 07 10 19 50 MIN    58
2021 07 11 02 52 MAX   345
2021 07 11 08 50 MIN   111
2021 07 11 14 43 MAX   281
2021 07 11 20 25 MIN    53
2021 07 12 03 27 MAX   350
2021 07 12 09 23 MIN   107
2021 07 12 15 20 MAX   284
2021 07 12 21 01 MIN    50
2021 07 13 04 02 MAX   352
2021 07 13 09 58 MIN   102
2021 07 13 16 01 MAX   287
2021 07 13 21 41 MIN    50
2021 07 14 04 39 MAX   350
2021 07 14 10 36 MIN    98
2021 07 14 16 43 MAX   290
2021 07 14 22 23 MIN    54
2021 07 15 05 18 MAX   344
2021 07 15 11 16 MIN    94
2021 07 15 17 28 MAX   291
2021 07 15 23 10 MIN    65
2021 07 16 06 00 MAX   333
2021 07 16 12 01 MIN    89
2021 07 16 18 20 MAX   293
2021 07 17 00 03 MIN    81
2021 07 17 06 45 MAX   317
2021 07 17 12 50 MIN    85
2021 07 17 19 18 MAX   294
2021 07 18 01 05 MIN   102
2021 07 18 07 36 MAX   299
2021 07 18 13 47 MIN    81
2021 07 18 20 25 MAX   298
2021 07 19 02 20 MIN   121
2021 07 19 08 36 MAX   284
2021 07 19 14 49 MIN    75
2021 07 19 21 40 MAX   308
2021 07 20 03 44 MIN   131
2021 07 20 09 43 MAX   274
2021 07 20 15 54 MIN    66
2021 07 20 22 55 MAX   324
2021 07 21 05 03 MIN   131
2021 07 21 10 51 MAX   272
2021 07 21 16 57 MIN    54
2021 07 22 00 04 MAX   343
2021 07 22 06 10 MIN   123
2021 07 22 11 56 MAX   278
2021 07 22 17 55 MIN    42
2021 07 23 01 03 MAX   361
2021 07 23 07 06 MIN   112
2021 07 23 12 54 MAX   287
2021 07 23 18 47 MIN    32
2021 07 24 01 54 MAX   374
2021 07 24 07 53 MIN   102
2021 07 24 13 47 MAX   296
2021 07 24 19 36 MIN    26
2021 07 25 02 42 MAX   380
2021 07 25 08 37 MIN    94
2021 07 25 14 37 MAX   303
2021 07 25 20 22 MIN    26
2021 07 26 03 26 MAX   379
2021 07 26 09 18 MIN    89
2021 07 26 15 23 MAX   306
2021 07 26 21 05 MIN    33
2021 07 27 04 07 MAX   371
2021 07 27 09 59 MIN    86
2021 07 27 16 08 MAX   304
2021 07 27 21 48 MIN    46
2021 07 28 04 46 MAX   357
2021 07 28 10 39 MIN    87
2021 07 28 16 53 MAX   300
2021 07 28 22 32 MIN    63
2021 07 29 05 24 MAX   338
2021 07 29 11 20 MIN    89
2021 07 29 17 38 MAX   292
2021 07 29 23 16 MIN    85
2021 07 30 06 02 MAX   315
2021 07 30 12 01 MIN    95
2021 07 30 18 24 MAX   284
2021 07 31 00 04 MIN   110
2021 07 31 06 40 MAX   291
2021 07 31 12 46 MIN   101
2021 07 31 19 16 MAX   275
2021 08 01 01 02 MIN   135
2021 08 01 07 22 MAX   267
2021 08 01 13 36 MIN   108
2021 08 01 20 18 MAX   269
2021 08 02 02 17 MIN   155
2021 08 02 08 14 MAX   248
2021 08 02 14 34 MIN   114
2021 08 02 21 32 MAX   269
2021 08 03 03 50 MIN   165
2021 08 03 09 21 MAX   236
2021 08 03 15 39 MIN   114
2021 08 03 22 51 MAX   278
2021 08 04 05 13 MIN   162
2021 08 04 10 33 MAX   235
2021 08 04 16 42 MIN   108
2021 08 04 23 55 MAX   293
2021 08 05 06 12 MIN   152
2021 08 05 11 36 MAX   244
2021 08 05 17 36 MIN    97
2021 08 06 00 44 MAX   310
2021 08 06 06 54 MIN   140
2021 08 06 12 26 MAX   257
2021 08 06 18 21 MIN    83
2021 08 07 01 23 MAX   325
2021 08 07 07 27 MIN   127
2021 08 07 13 09 MAX   272
2021 08 07 18 59 MIN    69
2021 08 08 01 59 MAX   339
2021 08 08 07 58 MIN   115
2021 08 08 13 49 MAX   285
2021 08 08 19 35 MIN    56
2021 08 09 02 33 MAX   350
2021 08 09 08 27 MIN   103
2021 08 09 14 27 MAX   296
2021 08 09 20 10 MIN    46
2021 08 10 03 06 MAX   358
2021 08 10 08 58 MIN    92
2021 08 10 15 05 MAX   306
2021 08 10 20 46 MIN    39
2021 08 11 03 40 MAX   361
2021 08 11 09 30 MIN    82
2021 08 11 15 45 MAX   314
2021 08 11 21 25 MIN    39
2021 08 12 04 15 MAX   358
2021 08 12 10 04 MIN    73
2021 08 12 16 26 MAX   320
2021 08 12 22 05 MIN    47
2021 08 13 04 52 MAX   349
2021 08 13 10 42 MIN    68
2021 08 13 17 10 MAX   322
2021 08 13 22 51 MIN    63
2021 08 14 05 30 MAX   334
2021 08 14 11 23 MIN    66
2021 08 14 17 59 MAX   321
2021 08 14 23 41 MIN    87
2021 08 15 06 12 MAX   313
2021 08 15 12 10 MIN    69
2021 08 15 18 55 MAX   316
2021 08 16 00 41 MIN   115
2021 08 16 07 01 MAX   290
2021 08 16 13 06 MIN    76
2021 08 16 20 01 MAX   309
2021 08 17 01 59 MIN   141
2021 08 17 08 02 MAX   269
2021 08 17 14 14 MIN    82
2021 08 17 21 22 MAX   308
2021 08 18 03 37 MIN   153
2021 08 18 09 18 MAX   257
2021 08 18 15 33 MIN    83
2021 08 18 22 48 MAX   318
2021 08 19 05 09 MIN   148
2021 08 19 10 42 MAX   258
2021 08 19 16 49 MIN    75
2021 08 20 00 00 MAX   335
2021 08 20 00 00 MAX   335
2021 08 20 06 14 MIN   132
2021 08 20 11 54 MAX   271
2021 08 20 17 53 MIN    61
2021 08 21 00 58 MAX   352
2021 08 21 07 02 MIN   114
2021 08 21 12 53 MAX   289
2021 08 21 18 45 MIN    48
2021 08 22 01 45 MAX   363
2021 08 22 07 42 MIN    97
2021 08 22 13 43 MAX   304
2021 08 22 19 30 MIN    39
2021 08 23 02 27 MAX   369
2021 08 23 08 18 MIN    85
2021 08 23 14 27 MAX   314
2021 08 23 20 10 MIN    37
2021 08 24 03 04 MAX   367
2021 08 24 08 53 MIN    76
2021 08 24 15 08 MAX   319
2021 08 24 20 48 MIN    41
2021 08 25 03 40 MAX   358
2021 08 25 09 26 MIN    72
2021 08 25 15 48 MAX   319
2021 08 25 21 26 MIN    52
2021 08 26 04 13 MAX   344
2021 08 26 09 59 MIN    72
2021 08 26 16 26 MAX   316
2021 08 26 22 04 MIN    69
2021 08 27 04 44 MAX   326
2021 08 27 10 32 MIN    76
2021 08 27 17 04 MAX   309
2021 08 27 22 42 MIN    90
2021 08 28 05 15 MAX   305
2021 08 28 11 07 MIN    83
2021 08 28 17 44 MAX   300
2021 08 28 23 25 MIN   114
2021 08 29 05 47 MAX   283
2021 08 29 11 43 MIN    93
2021 08 29 18 28 MAX   289
2021 08 30 00 14 MIN   139
2021 08 30 06 22 MAX   262
2021 08 30 12 26 MIN   105
2021 08 30 19 20 MAX   278
2021 08 31 01 21 MIN   162
2021 08 31 07 07 MAX   242
2021 08 31 13 21 MIN   118
2021 08 31 20 31 MAX   270
2021 09 01 03 04 MIN   175
2021 09 01 08 14 MAX   228
2021 09 01 14 39 MIN   126
2021 09 01 22 02 MAX   271
2021 09 02 04 45 MIN   171
2021 09 02 09 46 MAX   226
2021 09 02 16 04 MIN   122
2021 09 02 23 21 MAX   285
2021 09 03 05 46 MIN   157
2021 09 03 11 07 MAX   238
2021 09 03 17 10 MIN   108
2021 09 04 00 15 MAX   303
2021 09 04 06 27 MIN   139
2021 09 04 12 04 MAX   258
2021 09 04 17 59 MIN    88
2021 09 05 00 56 MAX   322
2021 09 05 06 58 MIN   120
2021 09 05 12 48 MAX   279
2021 09 05 18 39 MIN    67
2021 09 06 01 31 MAX   339
2021 09 06 07 27 MIN   100
2021 09 06 13 28 MAX   299
2021 09 06 19 16 MIN    49
2021 09 07 02 04 MAX   352
2021 09 07 07 55 MIN    81
2021 09 07 14 07 MAX   317
2021 09 07 19 51 MIN    36
2021 09 08 02 37 MAX   360
2021 09 08 08 25 MIN    64
2021 09 08 14 46 MAX   333
2021 09 08 20 28 MIN    31
2021 09 09 03 11 MAX   361
2021 09 09 08 57 MIN    51
2021 09 09 15 25 MAX   344
2021 09 09 21 06 MIN    34
2021 09 10 03 45 MAX   355
2021 09 10 09 30 MIN    42
2021 09 10 16 07 MAX   351
2021 09 10 21 47 MIN    48
2021 09 11 04 22 MAX   342
2021 09 11 10 07 MIN    40
2021 09 11 16 51 MAX   350
2021 09 11 22 32 MIN    70
2021 09 12 05 00 MAX   323
2021 09 12 10 48 MIN    45
2021 09 12 17 39 MAX   342
2021 09 12 23 23 MIN    99
2021 09 13 05 43 MAX   299
2021 09 13 11 35 MIN    58
2021 09 13 18 36 MAX   328
2021 09 14 00 25 MIN   130
2021 09 14 06 32 MAX   274
2021 09 14 12 33 MIN    76
2021 09 14 19 45 MAX   313
2021 09 15 01 55 MIN   154
2021 09 15 07 40 MAX   252
2021 09 15 13 51 MIN    93
2021 09 15 21 12 MAX   304
2021 09 16 03 47 MIN   158
2021 09 16 09 12 MAX   243
2021 09 16 15 27 MIN    98
2021 09 16 22 43 MAX   310
2021 09 17 05 11 MIN   143
2021 09 17 10 46 MAX   254
2021 09 17 16 50 MIN    88
2021 09 17 23 53 MAX   325
2021 09 18 06 06 MIN   121
2021 09 18 11 55 MAX   275
2021 09 18 17 52 MIN    72
2021 09 19 00 45 MAX   339
2021 09 19 06 46 MIN   100
2021 09 19 12 48 MAX   297
2021 09 19 18 39 MIN    58
2021 09 20 01 27 MAX   347
2021 09 20 07 20 MIN    82
2021 09 20 13 33 MAX   314
2021 09 20 19 19 MIN    50
2021 09 21 02 03 MAX   349
2021 09 21 07 52 MIN    68
2021 09 21 14 12 MAX   325
2021 09 21 19 55 MIN    48
2021 09 22 02 36 MAX   345
2021 09 22 08 21 MIN    59
2021 09 22 14 49 MAX   330
2021 09 22 20 29 MIN    52
2021 09 23 03 06 MAX   336
2021 09 23 08 50 MIN    55
2021 09 23 15 23 MAX   331
2021 09 23 21 03 MIN    62
2021 09 24 03 35 MAX   323
2021 09 24 09 18 MIN    56
2021 09 24 15 57 MAX   329
2021 09 24 21 37 MIN    77
2021 09 25 04 04 MAX   308
2021 09 25 09 47 MIN    60
2021 09 25 16 32 MAX   323
2021 09 25 22 13 MIN    95
2021 09 26 04 32 MAX   291
2021 09 26 10 17 MIN    69
2021 09 26 17 07 MAX   315
2021 09 26 22 52 MIN   116
2021 09 27 05 02 MAX   273
2021 09 27 10 50 MIN    81
2021 09 27 17 46 MAX   303
2021 09 27 23 38 MIN   138
2021 09 28 05 36 MAX   255
2021 09 28 11 28 MIN    97
2021 09 28 18 33 MAX   288
2021 09 29 00 38 MIN   159
2021 09 29 06 18 MAX   237
2021 09 29 12 19 MIN   114
2021 09 29 19 35 MAX   274
2021 09 30 02 16 MIN   172
2021 09 30 07 23 MAX   223
2021 09 30 13 38 MIN   127
2021 09 30 21 03 MAX   269
2021 10 01 04 00 MIN   167
2021 10 01 09 01 MAX   220
2021 10 01 15 18 MIN   127
2021 10 01 22 33 MAX   278
2021 10 02 05 05 MIN   150
2021 10 02 10 34 MAX   234
2021 10 02 16 36 MIN   111
2021 10 02 23 33 MAX   295
2021 10 03 05 47 MIN   127
2021 10 03 11 36 MAX   259
2021 10 03 17 30 MIN    88
2021 10 04 00 16 MAX   314
2021 10 04 06 19 MIN   102
2021 10 04 12 22 MAX   287
2021 10 04 18 13 MIN    64
2021 10 05 00 54 MAX   331
2021 10 05 06 49 MIN    76
2021 10 05 13 03 MAX   314
2021 10 05 18 52 MIN    45
2021 10 06 01 28 MAX   344
2021 10 06 07 19 MIN    51
2021 10 06 13 43 MAX   339
2021 10 06 19 29 MIN    33
2021 10 07 02 03 MAX   350
2021 10 07 07 50 MIN    31
2021 10 07 14 23 MAX   358
2021 10 07 20 08 MIN    31
2021 10 08 02 38 MAX   349
2021 10 08 08 23 MIN    17
2021 10 08 15 05 MAX   370
2021 10 08 20 48 MIN    39
2021 10 09 03 15 MAX   340
2021 10 09 08 59 MIN    11
2021 10 09 15 48 MAX   374
2021 10 09 21 32 MIN    56
2021 10 10 03 53 MAX   325
2021 10 10 09 37 MIN    15
2021 10 10 16 34 MAX   369
2021 10 10 22 18 MIN    81
2021 10 11 04 34 MAX   304
2021 10 11 10 20 MIN    29
2021 10 11 17 24 MAX   354
2021 10 11 23 13 MIN   109
2021 10 12 05 20 MAX   281
2021 10 12 11 10 MIN    51
2021 10 12 18 22 MAX   333
2021 10 13 00 23 MIN   134
2021 10 13 06 16 MAX   258
2021 10 13 12 12 MIN    77
2021 10 13 19 33 MAX   312
2021 10 14 02 00 MIN   149
2021 10 14 07 32 MAX   240
2021 10 14 13 38 MIN    98
2021 10 14 21 00 MAX   299
2021 10 15 03 41 MIN   143
2021 10 15 09 12 MAX   238
2021 10 15 15 21 MIN   104
2021 10 15 22 27 MAX   301
2021 10 16 04 53 MIN   125
2021 10 16 10 43 MAX   255
2021 10 16 16 43 MIN    94
2021 10 16 23 31 MAX   310
2021 10 17 05 42 MIN   103
2021 10 17 11 46 MAX   279
2021 10 17 17 42 MIN    80
2021 10 18 00 20 MAX   317
2021 10 18 06 20 MIN    82
2021 10 18 12 35 MAX   301
2021 10 18 18 27 MIN    69
2021 10 19 00 59 MAX   321
2021 10 19 06 52 MIN    65
2021 10 19 13 16 MAX   318
2021 10 19 19 04 MIN    63
2021 10 20 01 33 MAX   320
2021 10 20 07 20 MIN    52
2021 10 20 13 53 MAX   328
2021 10 20 19 38 MIN    62
2021 10 21 02 04 MAX   315
2021 10 21 07 48 MIN    45
2021 10 21 14 27 MAX   334
2021 10 21 20 10 MIN    65
2021 10 22 02 32 MAX   308
2021 10 22 08 15 MIN    41
2021 10 22 15 00 MAX   336
2021 10 22 20 43 MIN    73
2021 10 23 03 00 MAX   298
2021 10 23 08 42 MIN    42
2021 10 23 15 31 MAX   335
2021 10 23 21 16 MIN    84
2021 10 24 03 28 MAX   287
2021 10 24 09 09 MIN    47
2021 10 24 16 03 MAX   331
2021 10 24 21 51 MIN    98
2021 10 25 03 56 MAX   275
2021 10 25 09 39 MIN    56
2021 10 25 16 37 MAX   323
2021 10 25 22 29 MIN   114
2021 10 26 04 28 MAX   262
2021 10 26 10 12 MIN    68
2021 10 26 17 14 MAX   311
2021 10 26 23 13 MIN   131
2021 10 27 05 03 MAX   248
2021 10 27 10 50 MIN    83
2021 10 27 17 58 MAX   297
2021 10 28 00 09 MIN   146
2021 10 28 05 48 MAX   234
2021 10 28 11 39 MIN   100
2021 10 28 18 54 MAX   282
2021 10 29 01 28 MIN   155
2021 10 29 06 50 MAX   222
2021 10 29 12 49 MIN   114
2021 10 29 20 08 MAX   272
2021 10 30 02 59 MIN   151
2021 10 30 08 19 MAX   219
2021 10 30 14 24 MIN   118
2021 10 30 21 31 MAX   274
2021 10 31 04 07 MIN   134
2021 10 31 09 50 MAX   233
2021 10 31 15 50 MIN   107
2021 10 31 22 38 MAX   285
2021 11 01 04 55 MIN   109
2021 11 01 10 58 MAX   260
2021 11 01 16 53 MIN    87
2021 11 01 23 29 MAX   300
2021 11 02 05 33 MIN    80
2021 11 02 11 50 MAX   292
2021 11 02 17 43 MIN    66
2021 11 03 00 11 MAX   314
2021 11 03 06 08 MIN    50
2021 11 03 12 36 MAX   324
2021 11 03 18 27 MIN    49
2021 11 04 00 50 MAX   324
2021 11 04 06 42 MIN    23
2021 11 04 13 19 MAX   352
2021 11 04 19 09 MIN    40
2021 11 05 01 28 MAX   328
2021 11 05 07 17 MIN     2
2021 11 05 14 02 MAX   373
2021 11 05 19 51 MIN    41
2021 11 06 02 07 MAX   326
2021 11 06 07 54 MIN   -10
2021 11 06 14 46 MAX   384
2021 11 06 20 34 MIN    50
2021 11 07 02 47 MAX   317
2021 11 07 08 33 MIN   -11
2021 11 07 15 32 MAX   385
2021 11 07 21 20 MIN    66
2021 11 08 03 29 MAX   304
2021 11 08 09 15 MIN    -2
2021 11 08 16 20 MAX   375
2021 11 08 22 11 MIN    87
2021 11 09 04 15 MAX   287
2021 11 09 10 01 MIN    17
2021 11 09 17 12 MAX   357
2021 11 09 23 09 MIN   107
2021 11 10 05 06 MAX   268
2021 11 10 10 54 MIN    43
2021 11 10 18 10 MAX   333
2021 11 11 00 20 MIN   122
2021 11 11 06 07 MAX   250
2021 11 11 11 59 MIN    71
2021 11 11 19 17 MAX   310
2021 11 12 01 43 MIN   128
2021 11 12 07 24 MAX   237
2021 11 12 13 21 MIN    94
2021 11 12 20 34 MAX   293
2021 11 13 03 07 MIN   122
2021 11 13 08 56 MAX   238
2021 11 13 14 57 MIN   104
2021 11 13 21 51 MAX   286
2021 11 14 04 14 MIN   107
2021 11 14 10 20 MAX   253
2021 11 14 16 19 MIN   100
2021 11 14 22 54 MAX   285
2021 11 15 05 06 MIN    88
2021 11 15 11 25 MAX   274
2021 11 15 17 21 MIN    92
2021 11 15 23 44 MAX   286
2021 11 16 05 46 MIN    71
2021 11 16 12 15 MAX   294
2021 11 16 18 09 MIN    84
2021 11 17 00 26 MAX   287
2021 11 17 06 19 MIN    56
2021 11 17 12 57 MAX   310
2021 11 17 18 48 MIN    79
2021 11 18 01 00 MAX   285
2021 11 18 06 49 MIN    45
2021 11 18 13 33 MAX   321
2021 11 18 19 23 MIN    78
2021 11 19 01 32 MAX   283
2021 11 19 07 17 MIN    38
2021 11 19 14 06 MAX   329
2021 11 19 19 56 MIN    79
2021 11 20 02 01 MAX   280
2021 11 20 07 45 MIN    35
2021 11 20 14 38 MAX   332
2021 11 20 20 28 MIN    83
2021 11 21 02 30 MAX   275
2021 11 21 08 12 MIN    35
2021 11 21 15 09 MAX   333
2021 11 21 21 01 MIN    89
2021 11 22 03 00 MAX   270
2021 11 22 08 42 MIN    38
2021 11 22 15 41 MAX   330
2021 11 22 21 36 MIN    97
2021 11 23 03 32 MAX   263
2021 11 23 09 14 MIN    45
2021 11 23 16 15 MAX   324
2021 11 23 22 13 MIN   106
2021 11 24 04 05 MAX   255
2021 11 24 09 49 MIN    54
2021 11 24 16 52 MAX   315
2021 11 24 22 55 MIN   115
2021 11 25 04 44 MAX   246
2021 11 25 10 28 MIN    65
2021 11 25 17 33 MAX   304
2021 11 25 23 43 MIN   123
2021 11 26 05 29 MAX   237
2021 11 26 11 16 MIN    77
2021 11 26 18 22 MAX   291
2021 11 27 00 42 MIN   127
2021 11 27 06 25 MAX   229
2021 11 27 12 16 MIN    90
2021 11 27 19 22 MAX   279
2021 11 28 01 51 MIN   124
2021 11 28 07 38 MAX   227
2021 11 28 13 33 MIN   100
2021 11 28 20 30 MAX   273
2021 11 29 02 58 MIN   110
2021 11 29 09 00 MAX   238
2021 11 29 14 58 MIN    99
2021 11 29 21 37 MAX   274
2021 11 30 03 55 MIN    88
2021 11 30 10 14 MAX   262
2021 11 30 16 11 MIN    89
2021 11 30 22 36 MAX   280
2021 12 01 04 43 MIN    61
2021 12 01 11 15 MAX   294
2021 12 01 17 12 MIN    76
2021 12 01 23 27 MAX   289
2021 12 02 05 27 MIN    32
2021 12 02 12 08 MAX   326
2021 12 02 18 04 MIN    64
2021 12 03 00 13 MAX   296
2021 12 03 06 08 MIN     7
2021 12 03 12 58 MAX   353
2021 12 03 18 52 MIN    57
2021 12 04 00 58 MAX   300
2021 12 04 06 50 MIN   -11
2021 12 04 13 45 MAX   373
2021 12 04 19 39 MIN    57
2021 12 05 01 42 MAX   300
2021 12 05 07 31 MIN   -21
2021 12 05 14 33 MAX   382
2021 12 05 20 26 MIN    62
2021 12 06 02 27 MAX   296
2021 12 06 08 15 MIN   -20
2021 12 06 15 21 MAX   382
2021 12 06 21 14 MIN    70
2021 12 07 03 14 MAX   289
2021 12 07 09 01 MIN   -10
2021 12 07 16 10 MAX   372
2021 12 07 22 05 MIN    81
2021 12 08 04 04 MAX   279
2021 12 08 09 50 MIN     8
2021 12 08 17 00 MAX   354
2021 12 08 22 59 MIN    90
2021 12 09 04 57 MAX   266
2021 12 09 10 43 MIN    32
2021 12 09 17 53 MAX   332
2021 12 09 23 59 MIN    98
2021 12 10 05 55 MAX   253
2021 12 10 11 42 MIN    58
2021 12 10 18 49 MAX   308
2021 12 11 01 04 MIN   102
2021 12 11 07 02 MAX   243
2021 12 11 12 50 MIN    83
2021 12 11 19 51 MAX   285
2021 12 12 02 12 MIN   100
2021 12 12 08 19 MAX   239
2021 12 12 14 12 MIN   102
2021 12 12 20 57 MAX   267
2021 12 13 03 18 MIN    94
2021 12 13 09 40 MAX   245
2021 12 13 15 38 MIN   110
2021 12 13 22 02 MAX   255
2021 12 14 04 16 MIN    83
2021 12 14 10 51 MAX   259
2021 12 14 16 52 MIN   109
2021 12 14 22 59 MAX   250
2021 12 15 05 04 MIN    71
2021 12 15 11 49 MAX   277
2021 12 15 17 50 MIN   104
2021 12 15 23 47 MAX   250
2021 12 16 05 44 MIN    59
2021 12 16 12 35 MAX   293
2021 12 16 18 35 MIN    98
2021 12 17 00 28 MAX   251
2021 12 17 06 19 MIN    49
2021 12 17 13 14 MAX   306
2021 12 17 19 13 MIN    94
2021 12 18 01 03 MAX   255
2021 12 18 06 51 MIN    41
2021 12 18 13 48 MAX   316
2021 12 18 19 46 MIN    90
2021 12 19 01 36 MAX   258
2021 12 19 07 23 MIN    36
2021 12 19 14 21 MAX   322
2021 12 19 20 19 MIN    89
2021 12 20 02 08 MAX   260
2021 12 20 07 54 MIN    33
2021 12 20 14 53 MAX   326
2021 12 20 20 50 MIN    88
2021 12 21 02 41 MAX   261
2021 12 21 08 25 MIN    32
2021 12 21 15 25 MAX   326
2021 12 21 21 23 MIN    89
2021 12 22 03 15 MAX   260
2021 12 22 08 59 MIN    33
2021 12 22 15 59 MAX   324
2021 12 22 21 57 MIN    91
2021 12 23 03 51 MAX   258
2021 12 23 09 34 MIN    36
2021 12 23 16 34 MAX   319
2021 12 23 22 34 MIN    93
2021 12 24 04 30 MAX   254
2021 12 24 10 14 MIN    42
2021 12 24 17 12 MAX   311
2021 12 24 23 14 MIN    94
2021 12 25 05 13 MAX   250
2021 12 25 10 58 MIN    51
2021 12 25 17 54 MAX   301
2021 12 26 00 00 MIN    93
2021 12 26 00 00 MIN    93
2021 12 26 06 03 MAX   246
2021 12 26 11 49 MIN    64
2021 12 26 18 41 MAX   288
2021 12 27 00 52 MIN    90
2021 12 27 07 03 MAX   245
2021 12 27 12 51 MIN    80
2021 12 27 19 36 MAX   274
2021 12 28 01 51 MIN    83
2021 12 28 08 14 MAX   251
2021 12 28 14 07 MIN    93
2021 12 28 20 38 MAX   264
2021 12 29 02 53 MIN    70
2021 12 29 09 29 MAX   266
2021 12 29 15 29 MIN    98
2021 12 29 21 43 MAX   258
2021 12 30 03 54 MIN    51
2021 12 30 10 42 MAX   290
2021 12 30 16 44 MIN    95
2021 12 30 22 45 MAX   260
2021 12 31 04 50 MIN    30
2021 12 31 11 46 MAX   317
2021 12 31 17 48 MIN    87
2021 12 31 23 43 MAX   266
