20201228 0
20201229 0
20201230 0
20201231 0
20210101 0
20210102 0
20210103 0
20210104 0
20210105 0
20210106 0
20210107 0
20210108 0
20210109 0
20210110 0
20210111 0
20210112 0
20210113 1 08:37 10:06
20210114 1 09:08 10:56
20210115 1 09:56 11:26
20210116 0
20210117 0
20210118 0
20210119 0
20210120 0
20210121 0
20210122 0
20210123 0
20210124 0
20210125 0
20210126 0
20210127 0
20210128 0
20210129 1 09:14 10:01
20210130 1 09:30 10:56
20210131 1 10:08 11:31
20210201 1 11:18 11:35
20210202 0
20210203 0
20210204 0
20210205 0
20210206 0
20210207 0
20210208 0
20210209 0
20210210 0
20210211 1 08:47 09:41
20210212 1 09:04 10:34
20210213 1 09:42 11:00
20210214 0
20210215 0
20210216 0
20210217 0
20210218 0
20210219 0
20210220 0
20210221 0
20210222 0
20210223 0
20210224 0
20210225 0
20210226 0
20210227 1 08:35 10:03
20210228 1 08:51 10:55
20210301 1 09:24 11:32
20210302 1 10:12 11:55
20210303 0
20210304 0
20210305 0
20210306 0
20210307 0
20210308 0
20210309 0
20210310 0
20210311 0
20210312 0
20210313 1 09:09 09:44
20210314 0
20210315 0
20210316 0
20210317 0
20210318 0
20210319 0
20210320 0
20210321 0
20210322 0
20210323 0
20210324 0
20210325 0
20210326 0
20210327 0
20210328 1 20:50 21:43
20210329 1 20:54 22:51
20210330 1 21:24 23:35
20210331 1 22:13 00:05
20210401 0
20210402 0
20210403 0
20210404 0
20210405 0
20210406 0
20210407 0
20210408 0
20210409 0
20210410 0
20210411 0
20210412 0
20210413 0
20210414 0
20210415 0
20210416 0
20210417 0
20210418 0
20210419 0
20210420 0
20210421 0
20210422 0
20210423 0
20210424 0
20210425 0
20210426 1 19:51 21:51
20210427 1 20:10 22:49
20210428 1 20:46 23:34
20210429 1 21:35 00:09
20210430 1 22:51 00:24
20210501 0
20210502 0
20210503 0
20210504 0
20210505 0
20210506 0
20210507 0
20210508 0
20210509 0
20210510 0
20210511 1 20:44 21:17
20210512 1 20:49 22:11
20210513 1 21:19 22:43
20210514 1 22:13 22:54
20210515 0
20210516 0
20210517 0
20210518 0
20210519 0
20210520 0
20210521 0
20210522 0
20210523 0
20210524 1 19:22 20:08
20210525 1 19:16 21:39
20210526 1 19:43 22:39
20210527 1 20:23 23:28
20210528 1 21:14 00:08
20210529 1 22:23 00:36
20210530 0
20210531 0
20210601 0
20210602 0
20210603 0
20210604 0
20210605 0
20210606 0
20210607 0
20210608 0
20210609 1 20:15 20:55
20210610 1 20:20 21:58
20210611 1 20:49 22:39
20210612 1 21:30 23:08
20210613 1 22:35 23:17
20210614 0
20210615 0
20210616 0
20210617 0
20210618 0
20210619 0
20210620 0
20210621 0
20210622 1 19:03 19:40
20210623 1 18:59 21:23
20210624 1 19:28 22:29
20210625 1 20:09 23:23
20210626 1 20:57 00:07
20210627 1 21:56 00:40
20210628 1 23:15 00:52
20210629 0
20210630 0
20210701 0
20210702 0
20210703 0
20210704 0
20210705 0
20210706 0
20210707 0
20210708 0
20210709 1 19:59 21:45
20210710 1 20:23 22:36
20210711 1 20:56 23:15
20210712 1 21:37 23:47
20210713 1 22:30 00:09
20210714 0
20210715 0
20210716 0
20210717 0
20210718 0
20210719 0
20210720 0
20210721 0
20210722 1 18:56 21:12
20210723 1 19:21 22:23
20210724 1 19:56 23:16
20210725 1 20:38 23:57
20210726 1 21:26 00:26
20210727 1 22:27 00:39
20210728 0
20210729 0
20210730 0
20210731 0
20210801 0
20210802 0
20210803 0
20210804 0
20210805 0
20210806 0
20210807 1 19:39 21:34
20210808 1 19:55 22:30
20210809 1 20:21 23:12
20210810 1 20:54 23:47
20210811 1 21:36 00:16
20210812 1 22:30 00:35
20210813 0
20210814 0
20210815 0
20210816 0
20210817 0
20210818 0
20210819 0
20210820 1 18:57 21:05
20210821 1 19:14 22:10
20210822 1 19:43 22:56
20210823 1 20:18 23:30
20210824 1 20:58 23:52
20210825 1 21:49 23:57
20210826 0
20210827 0
20210828 0
20210829 0
20210830 0
20210831 0
20210901 0
20210902 0
20210903 0
20210904 0
20210905 1 19:18 21:11
20210906 1 19:27 22:09
20210907 1 19:51 22:52
20210908 1 20:22 23:28
20210909 1 21:02 23:57
20210910 1 21:55 00:15
20210911 1 10:49 12:22
20210912 0
20210913 0
20210914 0
20210915 0
20210916 0
20210917 0
20210918 1 18:58 20:37
20210919 1 19:11 21:35
20210920 1 19:36 22:14
20210921 1 20:08 22:41
20210922 1 20:45 22:55
20210923 1 21:38 22:47
20210924 1 09:46 11:10
20210925 0
20210926 0
20210927 0
20210928 0
20210929 0
20210930 0
20211001 0
20211002 0
20211003 0
20211004 1 19:07 20:23
20211005 1 19:09 21:30
20211006 1 19:31 22:16
20211007 1 20:04 22:53
20211008 1 20:48 23:21
20211009 1 21:54 23:32
20211010 1 10:12 12:22
20211011 0
20211012 0
20211013 0
20211014 0
20211015 0
20211016 0
20211017 0
20211018 0
20211019 1 20:14 20:42
20211020 1 08:07 09:07
20211021 1 08:18 09:53
20211022 1 08:41 10:25
20211023 1 09:17 10:46
20211024 0
20211025 0
20211026 0
20211027 0
20211028 0
20211029 0
20211030 0
20211031 0
20211101 0
20211102 0
20211103 1 19:15 20:25
20211104 1 19:32 21:23
20211105 1 20:08 22:05
20211106 1 21:05 22:30
20211107 1 09:01 11:46
20211108 1 10:09 12:11
20211109 0
20211110 0
20211111 0
20211112 0
20211113 0
20211114 0
20211115 0
20211116 0
20211117 0
20211118 0
20211119 0
20211120 1 08:55 09:32
20211121 1 09:28 10:01
20211122 0
20211123 0
20211124 0
20211125 0
20211126 0
20211127 0
20211128 0
20211129 0
20211130 0
20211201 0
20211202 0
20211203 1 07:40 08:30
20211204 1 07:44 09:52
20211205 1 08:17 10:49
20211206 1 09:05 11:33
20211207 1 10:10 12:05
20211208 0
20211209 0
20211210 0
20211211 0
20211212 0
20211213 0
20211214 0
20211215 0
20211216 0
20211217 0
20211218 0
20211219 0
20211220 0
20211221 0
20211222 0
20211223 0
20211224 0
20211225 0
20211226 0
20211227 0
20211228 0
20211229 0
20211230 0
20211231 0
