<TOPS - 조위예측극치자료>

대상조위관측소 : 가덕도
위도(WGS84) : N  35도 01분 27초
경도(WGS84) : E 128도 48분 39초
관측기간 : 2022-01-01 00:00:00 ~ 2022-12-31 23:59:00

2021 12 01 06 13 MAX   150
2021 12 01 12 03 MIN    36
2021 12 01 18 15 MAX   154
2021 12 02 00 15 MIN    18
2021 12 02 07 00 MAX   165
2021 12 02 12 53 MIN    23
2021 12 02 19 03 MAX   161
2021 12 03 01 00 MIN     5
2021 12 03 07 47 MAX   178
2021 12 03 13 42 MIN    13
2021 12 03 19 50 MAX   166
2021 12 04 01 44 MIN    -4
2021 12 04 08 34 MAX   186
2021 12 04 14 30 MIN     7
2021 12 04 20 37 MAX   166
2021 12 05 02 30 MIN    -7
2021 12 05 09 21 MAX   190
2021 12 05 15 18 MIN     6
2021 12 05 21 24 MAX   162
2021 12 06 03 15 MIN    -4
2021 12 06 10 08 MAX   187
2021 12 06 16 05 MIN    11
2021 12 06 22 11 MAX   155
2021 12 07 04 01 MIN     4
2021 12 07 10 55 MAX   180
2021 12 07 16 54 MIN    20
2021 12 07 22 59 MAX   145
2021 12 08 04 48 MIN    16
2021 12 08 11 42 MAX   168
2021 12 08 17 44 MIN    31
2021 12 08 23 50 MAX   134
2021 12 09 05 38 MIN    30
2021 12 09 12 31 MAX   155
2021 12 09 18 39 MIN    42
2021 12 10 00 50 MAX   124
2021 12 10 06 33 MIN    44
2021 12 10 13 26 MAX   142
2021 12 10 19 42 MIN    51
2021 12 11 02 03 MAX   118
2021 12 11 07 36 MIN    55
2021 12 11 14 34 MAX   131
2021 12 11 20 52 MIN    55
2021 12 12 03 23 MAX   118
2021 12 12 08 47 MIN    62
2021 12 12 15 49 MAX   126
2021 12 12 22 03 MIN    53
2021 12 13 04 34 MAX   123
2021 12 13 10 05 MIN    64
2021 12 13 16 56 MAX   125
2021 12 13 23 03 MIN    48
2021 12 14 05 31 MAX   131
2021 12 14 11 16 MIN    60
2021 12 14 17 48 MAX   127
2021 12 14 23 51 MIN    41
2021 12 15 06 18 MAX   139
2021 12 15 12 12 MIN    53
2021 12 15 18 31 MAX   129
2021 12 16 00 31 MIN    34
2021 12 16 07 00 MAX   146
2021 12 16 12 57 MIN    46
2021 12 16 19 07 MAX   131
2021 12 17 01 07 MIN    28
2021 12 17 07 37 MAX   152
2021 12 17 13 36 MIN    39
2021 12 17 19 40 MAX   134
2021 12 18 01 42 MIN    24
2021 12 18 08 13 MAX   158
2021 12 18 14 12 MIN    33
2021 12 18 20 13 MAX   136
2021 12 19 02 14 MIN    20
2021 12 19 08 47 MAX   162
2021 12 19 14 46 MIN    29
2021 12 19 20 45 MAX   138
2021 12 20 02 47 MIN    18
2021 12 20 09 21 MAX   164
2021 12 20 15 19 MIN    27
2021 12 20 21 17 MAX   138
2021 12 21 03 20 MIN    18
2021 12 21 09 55 MAX   165
2021 12 21 15 52 MIN    28
2021 12 21 21 51 MAX   136
2021 12 22 03 53 MIN    21
2021 12 22 10 30 MAX   162
2021 12 22 16 25 MIN    31
2021 12 22 22 26 MAX   132
2021 12 23 04 28 MIN    25
2021 12 23 11 05 MAX   158
2021 12 23 17 00 MIN    35
2021 12 23 23 03 MAX   127
2021 12 24 05 07 MIN    32
2021 12 24 11 42 MAX   151
2021 12 24 17 39 MIN    41
2021 12 24 23 45 MAX   122
2021 12 25 05 50 MIN    39
2021 12 25 12 24 MAX   144
2021 12 25 18 24 MIN    45
2021 12 26 00 40 MAX   117
2021 12 26 06 42 MIN    47
2021 12 26 13 12 MAX   137
2021 12 26 19 18 MIN    48
2021 12 27 01 53 MAX   114
2021 12 27 07 47 MIN    52
2021 12 27 14 13 MAX   131
2021 12 27 20 22 MIN    47
2021 12 28 03 19 MAX   117
2021 12 28 09 03 MIN    54
2021 12 28 15 26 MAX   129
2021 12 28 21 33 MIN    42
2021 12 29 04 36 MAX   126
2021 12 29 10 23 MIN    50
2021 12 29 16 38 MAX   130
2021 12 29 22 42 MIN    33
2021 12 30 05 43 MAX   138
2021 12 30 11 37 MIN    40
2021 12 30 17 43 MAX   135
2021 12 30 23 43 MIN    21
2021 12 31 06 42 MAX   152
2021 12 31 12 40 MIN    28
2021 12 31 18 43 MAX   141
2022 01 01 00 40 MIN     9
2022 01 01 07 38 MAX   165
2022 01 01 13 36 MIN    16
2022 01 01 19 38 MAX   147
2022 01 02 01 33 MIN    -1
2022 01 02 08 29 MAX   175
2022 01 02 14 26 MIN     6
2022 01 02 20 30 MAX   152
2022 01 03 02 24 MIN    -7
2022 01 03 09 18 MAX   182
2022 01 03 15 14 MIN     1
2022 01 03 21 19 MAX   154
2022 01 04 03 11 MIN   -10
2022 01 04 10 04 MAX   184
2022 01 04 15 59 MIN     0
2022 01 04 22 07 MAX   153
2022 01 05 03 57 MIN    -7
2022 01 05 10 47 MAX   180
2022 01 05 16 42 MIN     4
2022 01 05 22 52 MAX   149
2022 01 06 04 40 MIN     0
2022 01 06 11 28 MAX   171
2022 01 06 17 25 MIN    13
2022 01 06 23 36 MAX   142
2022 01 07 05 23 MIN    12
2022 01 07 12 05 MAX   159
2022 01 07 18 07 MIN    23
2022 01 08 00 21 MAX   133
2022 01 08 06 05 MIN    26
2022 01 08 12 41 MAX   144
2022 01 08 18 51 MIN    34
2022 01 09 01 09 MAX   124
2022 01 09 06 50 MIN    41
2022 01 09 13 19 MAX   130
2022 01 09 19 41 MIN    44
2022 01 10 02 06 MAX   117
2022 01 10 07 43 MIN    54
2022 01 10 14 06 MAX   118
2022 01 10 20 42 MIN    50
2022 01 11 03 18 MAX   113
2022 01 11 08 52 MIN    64
2022 01 11 15 18 MAX   109
2022 01 11 21 54 MIN    53
2022 01 12 04 36 MAX   115
2022 01 12 10 22 MIN    66
2022 01 12 16 47 MAX   106
2022 01 12 23 05 MIN    49
2022 01 13 05 44 MAX   121
2022 01 13 11 47 MIN    61
2022 01 13 17 55 MAX   109
2022 01 14 00 03 MIN    43
2022 01 14 06 38 MAX   129
2022 01 14 12 45 MIN    51
2022 01 14 18 45 MAX   114
2022 01 15 00 49 MIN    35
2022 01 15 07 23 MAX   137
2022 01 15 13 29 MIN    41
2022 01 15 19 26 MAX   120
2022 01 16 01 29 MIN    27
2022 01 16 08 02 MAX   146
2022 01 16 14 05 MIN    32
2022 01 16 20 04 MAX   126
2022 01 17 02 06 MIN    19
2022 01 17 08 39 MAX   154
2022 01 17 14 39 MIN    24
2022 01 17 20 39 MAX   131
2022 01 18 02 40 MIN    12
2022 01 18 09 14 MAX   160
2022 01 18 15 10 MIN    19
2022 01 18 21 14 MAX   135
2022 01 19 03 13 MIN     8
2022 01 19 09 47 MAX   164
2022 01 19 15 41 MIN    15
2022 01 19 21 49 MAX   138
2022 01 20 03 46 MIN     6
2022 01 20 10 20 MAX   166
2022 01 20 16 12 MIN    14
2022 01 20 22 23 MAX   139
2022 01 21 04 20 MIN     7
2022 01 21 10 52 MAX   164
2022 01 21 16 43 MIN    15
2022 01 21 22 59 MAX   137
2022 01 22 04 55 MIN    11
2022 01 22 11 25 MAX   159
2022 01 22 17 17 MIN    18
2022 01 22 23 36 MAX   134
2022 01 23 05 33 MIN    18
2022 01 23 11 59 MAX   152
2022 01 23 17 54 MIN    22
2022 01 24 00 17 MAX   130
2022 01 24 06 16 MIN    27
2022 01 24 12 37 MAX   142
2022 01 24 18 37 MIN    27
2022 01 25 01 06 MAX   124
2022 01 25 07 07 MIN    38
2022 01 25 13 24 MAX   131
2022 01 25 19 29 MIN    33
2022 01 26 02 13 MAX   119
2022 01 26 08 15 MIN    48
2022 01 26 14 29 MAX   120
2022 01 26 20 36 MIN    37
2022 01 27 03 46 MAX   118
2022 01 27 09 47 MIN    52
2022 01 27 15 57 MAX   114
2022 01 27 21 59 MIN    37
2022 01 28 05 22 MAX   125
2022 01 28 11 25 MIN    46
2022 01 28 17 26 MAX   116
2022 01 28 23 23 MIN    29
2022 01 29 06 38 MAX   138
2022 01 29 12 40 MIN    32
2022 01 29 18 38 MAX   125
2022 01 30 00 34 MIN    16
2022 01 30 07 38 MAX   154
2022 01 30 13 35 MIN    17
2022 01 30 19 36 MAX   136
2022 01 31 01 31 MIN     2
2022 01 31 08 28 MAX   168
2022 01 31 14 22 MIN     3
2022 01 31 20 27 MAX   146
2022 02 01 02 20 MIN    -9
2022 02 01 09 12 MAX   178
2022 02 01 15 05 MIN    -7
2022 02 01 21 13 MAX   154
2022 02 02 03 05 MIN   -16
2022 02 02 09 53 MAX   182
2022 02 02 15 44 MIN   -11
2022 02 02 21 56 MAX   158
2022 02 03 03 45 MIN   -17
2022 02 03 10 29 MAX   180
2022 02 03 16 21 MIN    -9
2022 02 03 22 35 MAX   157
2022 02 04 04 22 MIN   -11
2022 02 04 11 02 MAX   172
2022 02 04 16 56 MIN    -3
2022 02 04 23 11 MAX   151
2022 02 05 04 58 MIN     0
2022 02 05 11 31 MAX   160
2022 02 05 17 30 MIN     8
2022 02 05 23 46 MAX   143
2022 02 06 05 32 MIN    15
2022 02 06 11 56 MAX   145
2022 02 06 18 02 MIN    20
2022 02 07 00 21 MAX   133
2022 02 07 06 07 MIN    31
2022 02 07 12 18 MAX   130
2022 02 07 18 36 MIN    33
2022 02 08 00 58 MAX   122
2022 02 08 06 45 MIN    46
2022 02 08 12 43 MAX   116
2022 02 08 19 17 MIN    45
2022 02 09 01 48 MAX   112
2022 02 09 07 36 MIN    60
2022 02 09 13 23 MAX   103
2022 02 09 20 20 MIN    54
2022 02 10 03 06 MAX   105
2022 02 10 09 06 MIN    69
2022 02 10 15 00 MAX    93
2022 02 10 22 01 MIN    58
2022 02 11 04 56 MAX   106
2022 02 11 11 25 MIN    66
2022 02 11 17 26 MAX    94
2022 02 11 23 34 MIN    52
2022 02 12 06 18 MAX   115
2022 02 12 12 39 MIN    54
2022 02 12 18 35 MAX   102
2022 02 13 00 35 MIN    41
2022 02 13 07 10 MAX   127
2022 02 13 13 22 MIN    42
2022 02 13 19 20 MAX   112
2022 02 14 01 18 MIN    29
2022 02 14 07 51 MAX   139
2022 02 14 13 55 MIN    30
2022 02 14 19 57 MAX   122
2022 02 15 01 54 MIN    17
2022 02 15 08 26 MAX   150
2022 02 15 14 25 MIN    19
2022 02 15 20 31 MAX   132
2022 02 16 02 27 MIN     7
2022 02 16 08 58 MAX   159
2022 02 16 14 53 MIN    10
2022 02 16 21 05 MAX   140
2022 02 17 02 59 MIN    -2
2022 02 17 09 29 MAX   166
2022 02 17 15 21 MIN     3
2022 02 17 21 38 MAX   147
2022 02 18 03 30 MIN    -7
2022 02 18 10 00 MAX   170
2022 02 18 15 49 MIN    -2
2022 02 18 22 11 MAX   152
2022 02 19 04 03 MIN    -8
2022 02 19 10 31 MAX   171
2022 02 19 16 19 MIN    -4
2022 02 19 22 44 MAX   153
2022 02 20 04 36 MIN    -5
2022 02 20 11 01 MAX   166
2022 02 20 16 51 MIN    -2
2022 02 20 23 18 MAX   150
2022 02 21 05 13 MIN     3
2022 02 21 11 33 MAX   157
2022 02 21 17 25 MIN     4
2022 02 21 23 54 MAX   144
2022 02 22 05 52 MIN    16
2022 02 22 12 07 MAX   143
2022 02 22 18 03 MIN    14
2022 02 23 00 34 MAX   134
2022 02 23 06 39 MIN    31
2022 02 23 12 47 MAX   127
2022 02 23 18 49 MIN    26
2022 02 24 01 28 MAX   122
2022 02 24 07 43 MIN    47
2022 02 24 13 47 MAX   111
2022 02 24 19 53 MIN    38
2022 02 25 03 04 MAX   113
2022 02 25 09 28 MIN    56
2022 02 25 15 35 MAX   100
2022 02 25 21 30 MIN    45
2022 02 26 05 19 MAX   117
2022 02 26 11 30 MIN    49
2022 02 26 17 29 MAX   105
2022 02 26 23 18 MIN    38
2022 02 27 06 40 MAX   132
2022 02 27 12 41 MIN    32
2022 02 27 18 41 MAX   119
2022 02 28 00 33 MIN    22
2022 02 28 07 34 MAX   149
2022 02 28 13 29 MIN    15
2022 02 28 19 34 MAX   134
2022 03 01 01 26 MIN     5
2022 03 01 08 17 MAX   163
2022 03 01 14 09 MIN     0
2022 03 01 20 18 MAX   148
2022 03 02 02 09 MIN    -9
2022 03 02 08 55 MAX   173
2022 03 02 14 45 MIN   -11
2022 03 02 20 59 MAX   159
2022 03 03 02 48 MIN   -17
2022 03 03 09 31 MAX   177
2022 03 03 15 19 MIN   -16
2022 03 03 21 36 MAX   164
2022 03 04 03 25 MIN   -18
2022 03 04 10 02 MAX   175
2022 03 04 15 52 MIN   -15
2022 03 04 22 11 MAX   164
2022 03 05 03 58 MIN   -13
2022 03 05 10 30 MAX   167
2022 03 05 16 22 MIN    -9
2022 03 05 22 43 MAX   160
2022 03 06 04 30 MIN    -2
2022 03 06 10 53 MAX   156
2022 03 06 16 51 MIN     1
2022 03 06 23 12 MAX   152
2022 03 07 05 00 MIN    11
2022 03 07 11 13 MAX   144
2022 03 07 17 17 MIN    13
2022 03 07 23 40 MAX   142
2022 03 08 05 29 MIN    26
2022 03 08 11 31 MAX   131
2022 03 08 17 43 MIN    26
2022 03 09 00 09 MAX   131
2022 03 09 06 01 MIN    41
2022 03 09 11 53 MAX   118
2022 03 09 18 12 MIN    40
2022 03 10 00 45 MAX   120
2022 03 10 06 41 MIN    55
2022 03 10 12 23 MAX   104
2022 03 10 18 55 MIN    53
2022 03 11 01 41 MAX   108
2022 03 11 07 51 MIN    68
2022 03 11 13 23 MAX    90
2022 03 11 20 34 MIN    63
2022 03 12 03 37 MAX   102
2022 03 12 10 54 MIN    70
2022 03 12 17 02 MAX    87
2022 03 12 22 56 MIN    61
2022 03 13 05 48 MAX   109
2022 03 13 12 25 MIN    57
2022 03 13 18 24 MAX    99
2022 03 14 00 11 MIN    48
2022 03 14 06 47 MAX   122
2022 03 14 13 03 MIN    43
2022 03 14 19 05 MAX   112
2022 03 15 00 56 MIN    34
2022 03 15 07 26 MAX   136
2022 03 15 13 31 MIN    30
2022 03 15 19 39 MAX   125
2022 03 16 01 31 MIN    20
2022 03 16 07 59 MAX   148
2022 03 16 13 57 MIN    17
2022 03 16 20 11 MAX   138
2022 03 17 02 03 MIN     6
2022 03 17 08 30 MAX   159
2022 03 17 14 24 MIN     5
2022 03 17 20 44 MAX   150
2022 03 18 02 35 MIN    -5
2022 03 18 09 01 MAX   168
2022 03 18 14 51 MIN    -6
2022 03 18 21 17 MAX   160
2022 03 19 03 07 MIN   -12
2022 03 19 09 32 MAX   174
2022 03 19 15 20 MIN   -14
2022 03 19 21 51 MAX   167
2022 03 20 03 42 MIN   -14
2022 03 20 10 03 MAX   174
2022 03 20 15 52 MIN   -16
2022 03 20 22 25 MAX   169
2022 03 21 04 17 MIN   -10
2022 03 21 10 36 MAX   168
2022 03 21 16 24 MIN   -13
2022 03 21 23 00 MAX   165
2022 03 22 04 55 MIN     0
2022 03 22 11 09 MAX   157
2022 03 22 16 59 MIN    -3
2022 03 22 23 36 MAX   156
2022 03 23 05 35 MIN    15
2022 03 23 11 44 MAX   140
2022 03 23 17 37 MIN    12
2022 03 24 00 15 MAX   142
2022 03 24 06 24 MIN    33
2022 03 24 12 25 MAX   122
2022 03 24 18 23 MIN    29
2022 03 25 01 06 MAX   126
2022 03 25 07 32 MIN    51
2022 03 25 13 29 MAX   104
2022 03 25 19 31 MIN    45
2022 03 26 02 50 MAX   113
2022 03 26 09 32 MIN    59
2022 03 26 15 44 MAX    96
2022 03 26 21 21 MIN    53
2022 03 27 05 15 MAX   118
2022 03 27 11 28 MIN    49
2022 03 27 17 33 MAX   107
2022 03 27 23 13 MIN    45
2022 03 28 06 27 MAX   133
2022 03 28 12 27 MIN    33
2022 03 28 18 33 MAX   124
2022 03 29 00 21 MIN    29
2022 03 29 07 15 MAX   147
2022 03 29 13 08 MIN    16
2022 03 29 19 19 MAX   140
2022 03 30 01 09 MIN    13
2022 03 30 07 54 MAX   159
2022 03 30 13 44 MIN     3
2022 03 30 19 59 MAX   154
2022 03 31 01 49 MIN     1
2022 03 31 08 29 MAX   166
2022 03 31 14 18 MIN    -7
2022 03 31 20 36 MAX   164
2022 04 01 02 26 MIN    -6
2022 04 01 09 01 MAX   168
2022 04 01 14 50 MIN   -11
2022 04 01 21 11 MAX   169
2022 04 02 03 00 MIN    -7
2022 04 02 09 29 MAX   165
2022 04 02 15 20 MIN   -10
2022 04 02 21 43 MAX   170
2022 04 03 03 32 MIN    -2
2022 04 03 09 54 MAX   159
2022 04 03 15 48 MIN    -5
2022 04 03 22 13 MAX   166
2022 04 04 04 02 MIN     6
2022 04 04 10 16 MAX   151
2022 04 04 16 13 MIN     4
2022 04 04 22 40 MAX   160
2022 04 05 04 32 MIN    16
2022 04 05 10 36 MAX   141
2022 04 05 16 38 MIN    15
2022 04 05 23 07 MAX   152
2022 04 06 05 01 MIN    28
2022 04 06 10 57 MAX   131
2022 04 06 17 04 MIN    27
2022 04 06 23 35 MAX   142
2022 04 07 05 32 MIN    41
2022 04 07 11 22 MAX   120
2022 04 07 17 32 MIN    40
2022 04 08 00 10 MAX   131
2022 04 08 06 11 MIN    54
2022 04 08 11 54 MAX   108
2022 04 08 18 12 MIN    54
2022 04 09 00 58 MAX   118
2022 04 09 07 11 MIN    67
2022 04 09 12 47 MAX    95
2022 04 09 19 34 MIN    66
2022 04 10 02 27 MAX   109
2022 04 10 09 37 MIN    72
2022 04 10 16 18 MAX    90
2022 04 10 21 58 MIN    68
2022 04 11 04 46 MAX   111
2022 04 11 11 39 MIN    63
2022 04 11 17 50 MAX   102
2022 04 11 23 26 MIN    57
2022 04 12 05 59 MAX   122
2022 04 12 12 21 MIN    49
2022 04 12 18 31 MAX   116
2022 04 13 00 17 MIN    43
2022 04 13 06 42 MAX   135
2022 04 13 12 50 MIN    35
2022 04 13 19 06 MAX   131
2022 04 14 00 55 MIN    28
2022 04 14 07 18 MAX   148
2022 04 14 13 17 MIN    20
2022 04 14 19 40 MAX   147
2022 04 15 01 31 MIN    13
2022 04 15 07 51 MAX   160
2022 04 15 13 46 MIN     5
2022 04 15 20 15 MAX   161
2022 04 16 02 06 MIN     1
2022 04 16 08 26 MAX   169
2022 04 16 14 16 MIN    -7
2022 04 16 20 51 MAX   173
2022 04 17 02 43 MIN    -7
2022 04 17 09 00 MAX   174
2022 04 17 14 50 MIN   -15
2022 04 17 21 28 MAX   181
2022 04 18 03 21 MIN    -9
2022 04 18 09 36 MAX   173
2022 04 18 15 25 MIN   -16
2022 04 18 22 06 MAX   182
2022 04 19 04 00 MIN    -5
2022 04 19 10 13 MAX   166
2022 04 19 16 01 MIN   -10
2022 04 19 22 44 MAX   176
2022 04 20 04 42 MIN     6
2022 04 20 10 51 MAX   154
2022 04 20 16 40 MIN     3
2022 04 20 23 24 MAX   165
2022 04 21 05 27 MIN    22
2022 04 21 11 32 MAX   138
2022 04 21 17 23 MIN    20
2022 04 22 00 09 MAX   149
2022 04 22 06 21 MIN    39
2022 04 22 12 21 MAX   120
2022 04 22 18 15 MIN    38
2022 04 23 01 07 MAX   133
2022 04 23 07 36 MIN    54
2022 04 23 13 42 MAX   107
2022 04 23 19 30 MIN    53
2022 04 24 02 52 MAX   123
2022 04 24 09 25 MIN    59
2022 04 24 15 48 MAX   106
2022 04 24 21 13 MIN    58
2022 04 25 04 47 MAX   126
2022 04 25 10 58 MIN    51
2022 04 25 17 14 MAX   118
2022 04 25 22 48 MIN    52
2022 04 26 05 55 MAX   136
2022 04 26 11 54 MIN    38
2022 04 26 18 08 MAX   133
2022 04 26 23 53 MIN    40
2022 04 27 06 42 MAX   145
2022 04 27 12 35 MIN    26
2022 04 27 18 52 MAX   146
2022 04 28 00 42 MIN    28
2022 04 28 07 21 MAX   152
2022 04 28 13 12 MIN    15
2022 04 28 19 32 MAX   158
2022 04 29 01 23 MIN    20
2022 04 29 07 55 MAX   156
2022 04 29 13 45 MIN     8
2022 04 29 20 09 MAX   166
2022 04 30 02 00 MIN    15
2022 04 30 08 26 MAX   156
2022 04 30 14 17 MIN     5
2022 04 30 20 44 MAX   170
2022 05 01 02 35 MIN    14
2022 05 01 08 54 MAX   155
2022 05 01 14 47 MIN     5
2022 05 01 21 15 MAX   172
2022 05 02 03 08 MIN    16
2022 05 02 09 19 MAX   151
2022 05 02 15 15 MIN     9
2022 05 02 21 45 MAX   170
2022 05 03 03 39 MIN    20
2022 05 03 09 43 MAX   147
2022 05 03 15 42 MIN    15
2022 05 03 22 13 MAX   166
2022 05 04 04 09 MIN    27
2022 05 04 10 07 MAX   141
2022 05 04 16 10 MIN    24
2022 05 04 22 42 MAX   161
2022 05 05 04 40 MIN    35
2022 05 05 10 34 MAX   134
2022 05 05 16 39 MIN    34
2022 05 05 23 14 MAX   153
2022 05 06 05 15 MIN    45
2022 05 06 11 05 MAX   125
2022 05 06 17 13 MIN    46
2022 05 06 23 50 MAX   143
2022 05 07 05 55 MIN    56
2022 05 07 11 42 MAX   115
2022 05 07 17 58 MIN    58
2022 05 08 00 37 MAX   132
2022 05 08 06 51 MIN    67
2022 05 08 12 40 MAX   105
2022 05 08 19 09 MIN    68
2022 05 09 01 47 MAX   123
2022 05 09 08 21 MIN    73
2022 05 09 15 02 MAX   101
2022 05 09 20 51 MIN    72
2022 05 10 03 27 MAX   121
2022 05 10 10 07 MIN    69
2022 05 10 16 48 MAX   110
2022 05 10 22 20 MIN    66
2022 05 11 04 49 MAX   128
2022 05 11 11 10 MIN    58
2022 05 11 17 41 MAX   124
2022 05 11 23 23 MIN    54
2022 05 12 05 44 MAX   138
2022 05 12 11 51 MIN    44
2022 05 12 18 23 MAX   140
2022 05 13 00 11 MIN    41
2022 05 13 06 28 MAX   149
2022 05 13 12 27 MIN    28
2022 05 13 19 03 MAX   156
2022 05 14 00 55 MIN    27
2022 05 14 07 09 MAX   159
2022 05 14 13 04 MIN    13
2022 05 14 19 44 MAX   170
2022 05 15 01 38 MIN    15
2022 05 15 07 50 MAX   167
2022 05 15 13 43 MIN     1
2022 05 15 20 26 MAX   182
2022 05 16 02 21 MIN     7
2022 05 16 08 32 MAX   171
2022 05 16 14 22 MIN    -5
2022 05 16 21 08 MAX   189
2022 05 17 03 04 MIN     4
2022 05 17 09 14 MAX   170
2022 05 17 15 04 MIN    -5
2022 05 17 21 52 MAX   190
2022 05 18 03 49 MIN     8
2022 05 18 09 57 MAX   164
2022 05 18 15 46 MIN     2
2022 05 18 22 36 MAX   184
2022 05 19 04 36 MIN    17
2022 05 19 10 42 MAX   154
2022 05 19 16 31 MIN    14
2022 05 19 23 22 MAX   174
2022 05 20 05 26 MIN    30
2022 05 20 11 31 MAX   142
2022 05 20 17 20 MIN    29
2022 05 21 00 12 MAX   161
2022 05 21 06 23 MIN    43
2022 05 21 12 29 MAX   129
2022 05 21 18 18 MIN    44
2022 05 22 01 12 MAX   148
2022 05 22 07 30 MIN    54
2022 05 22 13 48 MAX   122
2022 05 22 19 27 MIN    56
2022 05 23 02 30 MAX   138
2022 05 23 08 50 MIN    59
2022 05 23 15 19 MAX   122
2022 05 23 20 46 MIN    62
2022 05 24 03 56 MAX   135
2022 05 24 10 08 MIN    57
2022 05 24 16 35 MAX   130
2022 05 24 22 06 MIN    62
2022 05 25 05 06 MAX   137
2022 05 25 11 08 MIN    50
2022 05 25 17 33 MAX   140
2022 05 25 23 15 MIN    57
2022 05 26 05 59 MAX   141
2022 05 26 11 55 MIN    42
2022 05 26 18 21 MAX   150
2022 05 27 00 10 MIN    50
2022 05 27 06 42 MAX   144
2022 05 27 12 35 MIN    35
2022 05 27 19 03 MAX   158
2022 05 28 00 56 MIN    44
2022 05 28 07 18 MAX   146
2022 05 28 13 12 MIN    30
2022 05 28 19 42 MAX   165
2022 05 29 01 36 MIN    39
2022 05 29 07 51 MAX   147
2022 05 29 13 46 MIN    26
2022 05 29 20 17 MAX   169
2022 05 30 02 13 MIN    36
2022 05 30 08 21 MAX   147
2022 05 30 14 18 MIN    26
2022 05 30 20 51 MAX   172
2022 05 31 02 47 MIN    35
2022 05 31 08 50 MAX   147
2022 05 31 14 50 MIN    27
2022 05 31 21 23 MAX   173
2022 06 01 03 21 MIN    36
2022 06 01 09 19 MAX   146
2022 06 01 15 21 MIN    30
2022 06 01 21 54 MAX   172
2022 06 02 03 53 MIN    38
2022 06 02 09 50 MAX   144
2022 06 02 15 53 MIN    35
2022 06 02 22 27 MAX   169
2022 06 03 04 27 MIN    43
2022 06 03 10 21 MAX   140
2022 06 03 16 27 MIN    42
2022 06 03 23 02 MAX   163
2022 06 04 05 02 MIN    50
2022 06 04 10 57 MAX   134
2022 06 04 17 05 MIN    50
2022 06 04 23 39 MAX   156
2022 06 05 05 42 MIN    58
2022 06 05 11 37 MAX   127
2022 06 05 17 49 MIN    59
2022 06 06 00 22 MAX   149
2022 06 06 06 29 MIN    66
2022 06 06 12 33 MAX   121
2022 06 06 18 45 MIN    67
2022 06 07 01 15 MAX   142
2022 06 07 07 27 MIN    70
2022 06 07 13 58 MAX   119
2022 06 07 19 55 MIN    72
2022 06 08 02 23 MAX   137
2022 06 08 08 37 MIN    70
2022 06 08 15 31 MAX   123
2022 06 08 21 12 MIN    72
2022 06 09 03 35 MAX   138
2022 06 09 09 46 MIN    63
2022 06 09 16 41 MAX   134
2022 06 09 22 25 MIN    66
2022 06 10 04 41 MAX   143
2022 06 10 10 45 MIN    52
2022 06 10 17 36 MAX   147
2022 06 10 23 28 MIN    56
2022 06 11 05 37 MAX   150
2022 06 11 11 37 MIN    39
2022 06 11 18 27 MAX   161
2022 06 12 00 24 MIN    44
2022 06 12 06 30 MAX   157
2022 06 12 12 27 MIN    26
2022 06 12 19 18 MAX   175
2022 06 13 01 16 MIN    33
2022 06 13 07 21 MAX   163
2022 06 13 13 15 MIN    16
2022 06 13 20 08 MAX   186
2022 06 14 02 07 MIN    24
2022 06 14 08 10 MAX   167
2022 06 14 14 03 MIN    10
2022 06 14 20 57 MAX   193
2022 06 15 02 55 MIN    20
2022 06 15 09 00 MAX   168
2022 06 15 14 51 MIN     9
2022 06 15 21 46 MAX   196
2022 06 16 03 44 MIN    20
2022 06 16 09 50 MAX   166
2022 06 16 15 40 MIN    13
2022 06 16 22 33 MAX   193
2022 06 17 04 32 MIN    24
2022 06 17 10 40 MAX   161
2022 06 17 16 28 MIN    21
2022 06 17 23 20 MAX   186
2022 06 18 05 21 MIN    33
2022 06 18 11 31 MAX   154
2022 06 18 17 18 MIN    32
2022 06 19 00 07 MAX   176
2022 06 19 06 11 MIN    43
2022 06 19 12 25 MAX   147
2022 06 19 18 09 MIN    45
2022 06 20 00 56 MAX   164
2022 06 20 07 05 MIN    53
2022 06 20 13 25 MAX   140
2022 06 20 19 04 MIN    57
2022 06 21 01 49 MAX   152
2022 06 21 08 04 MIN    60
2022 06 21 14 34 MAX   137
2022 06 21 20 05 MIN    68
2022 06 22 02 51 MAX   142
2022 06 22 09 08 MIN    64
2022 06 22 15 44 MAX   138
2022 06 22 21 15 MIN    75
2022 06 23 04 01 MAX   136
2022 06 23 10 12 MIN    64
2022 06 23 16 50 MAX   142
2022 06 23 22 30 MIN    77
2022 06 24 05 06 MAX   134
2022 06 24 11 10 MIN    61
2022 06 24 17 46 MAX   148
2022 06 24 23 39 MIN    74
2022 06 25 06 00 MAX   135
2022 06 25 11 59 MIN    57
2022 06 25 18 36 MAX   155
2022 06 26 00 34 MIN    68
2022 06 26 06 44 MAX   138
2022 06 26 12 43 MIN    52
2022 06 26 19 18 MAX   161
2022 06 27 01 19 MIN    61
2022 06 27 07 23 MAX   141
2022 06 27 13 22 MIN    47
2022 06 27 19 58 MAX   167
2022 06 28 01 59 MIN    55
2022 06 28 07 58 MAX   144
2022 06 28 13 59 MIN    44
2022 06 28 20 34 MAX   171
2022 06 29 02 34 MIN    50
2022 06 29 08 32 MAX   147
2022 06 29 14 35 MIN    41
2022 06 29 21 09 MAX   175
2022 06 30 03 09 MIN    47
2022 06 30 09 06 MAX   150
2022 06 30 15 09 MIN    40
2022 06 30 21 43 MAX   177
2022 07 01 03 41 MIN    47
2022 07 01 09 41 MAX   150
2022 07 01 15 43 MIN    41
2022 07 01 22 17 MAX   177
2022 07 02 04 14 MIN    49
2022 07 02 10 16 MAX   149
2022 07 02 16 18 MIN    45
2022 07 02 22 51 MAX   175
2022 07 03 04 47 MIN    52
2022 07 03 10 52 MAX   147
2022 07 03 16 54 MIN    50
2022 07 03 23 26 MAX   171
2022 07 04 05 21 MIN    56
2022 07 04 11 31 MAX   144
2022 07 04 17 32 MIN    57
2022 07 05 00 01 MAX   165
2022 07 05 05 59 MIN    61
2022 07 05 12 15 MAX   140
2022 07 05 18 17 MIN    64
2022 07 06 00 42 MAX   158
2022 07 06 06 44 MIN    64
2022 07 06 13 10 MAX   138
2022 07 06 19 10 MIN    71
2022 07 07 01 31 MAX   152
2022 07 07 07 37 MIN    66
2022 07 07 14 20 MAX   138
2022 07 07 20 15 MIN    75
2022 07 08 02 32 MAX   147
2022 07 08 08 39 MIN    64
2022 07 08 15 39 MAX   142
2022 07 08 21 33 MIN    76
2022 07 09 03 44 MAX   145
2022 07 09 09 47 MIN    60
2022 07 09 16 54 MAX   151
2022 07 09 22 54 MIN    71
2022 07 10 04 56 MAX   146
2022 07 10 10 56 MIN    52
2022 07 10 18 02 MAX   162
2022 07 11 00 06 MIN    61
2022 07 11 06 03 MAX   151
2022 07 11 12 00 MIN    43
2022 07 11 19 04 MAX   174
2022 07 12 01 07 MIN    49
2022 07 12 07 04 MAX   158
2022 07 12 12 59 MIN    32
2022 07 12 20 01 MAX   186
2022 07 13 02 01 MIN    38
2022 07 13 08 01 MAX   165
2022 07 13 13 54 MIN    24
2022 07 13 20 53 MAX   196
2022 07 14 02 50 MIN    29
2022 07 14 08 54 MAX   171
2022 07 14 14 45 MIN    18
2022 07 14 21 41 MAX   203
2022 07 15 03 36 MIN    24
2022 07 15 09 45 MAX   174
2022 07 15 15 33 MIN    17
2022 07 15 22 26 MAX   203
2022 07 16 04 20 MIN    25
2022 07 16 10 32 MAX   174
2022 07 16 16 19 MIN    21
2022 07 16 23 08 MAX   198
2022 07 17 05 03 MIN    30
2022 07 17 11 19 MAX   170
2022 07 17 17 03 MIN    31
2022 07 17 23 47 MAX   188
2022 07 18 05 45 MIN    39
2022 07 18 12 03 MAX   164
2022 07 18 17 45 MIN    44
2022 07 19 00 23 MAX   174
2022 07 19 06 27 MIN    51
2022 07 19 12 50 MAX   156
2022 07 19 18 30 MIN    60
2022 07 20 00 58 MAX   159
2022 07 20 07 12 MIN    62
2022 07 20 13 41 MAX   148
2022 07 20 19 18 MIN    75
2022 07 21 01 37 MAX   145
2022 07 21 08 03 MIN    71
2022 07 21 14 42 MAX   142
2022 07 21 20 18 MIN    87
2022 07 22 02 30 MAX   133
2022 07 22 09 07 MIN    78
2022 07 22 15 57 MAX   140
2022 07 22 21 41 MIN    94
2022 07 23 03 57 MAX   127
2022 07 23 10 21 MIN    79
2022 07 23 17 13 MAX   143
2022 07 23 23 17 MIN    92
2022 07 24 05 24 MAX   127
2022 07 24 11 29 MIN    75
2022 07 24 18 15 MAX   149
2022 07 25 00 26 MIN    84
2022 07 25 06 25 MAX   132
2022 07 25 12 23 MIN    69
2022 07 25 19 04 MAX   157
2022 07 26 01 13 MIN    74
2022 07 26 07 09 MAX   138
2022 07 26 13 09 MIN    61
2022 07 26 19 46 MAX   165
2022 07 27 01 51 MIN    65
2022 07 27 07 48 MAX   145
2022 07 27 13 48 MIN    54
2022 07 27 20 23 MAX   173
2022 07 28 02 25 MIN    57
2022 07 28 08 24 MAX   151
2022 07 28 14 24 MIN    47
2022 07 28 20 58 MAX   179
2022 07 29 02 56 MIN    52
2022 07 29 08 59 MAX   156
2022 07 29 14 57 MIN    43
2022 07 29 21 31 MAX   184
2022 07 30 03 26 MIN    48
2022 07 30 09 33 MAX   159
2022 07 30 15 30 MIN    41
2022 07 30 22 02 MAX   186
2022 07 31 03 54 MIN    46
2022 07 31 10 06 MAX   161
2022 07 31 16 01 MIN    41
2022 07 31 22 33 MAX   186
2022 08 01 04 23 MIN    46
2022 08 01 10 40 MAX   162
2022 08 01 16 34 MIN    44
2022 08 01 23 03 MAX   183
2022 08 02 04 53 MIN    48
2022 08 02 11 15 MAX   161
2022 08 02 17 09 MIN    50
2022 08 02 23 34 MAX   177
2022 08 03 05 26 MIN    51
2022 08 03 11 51 MAX   158
2022 08 03 17 48 MIN    58
2022 08 04 00 07 MAX   169
2022 08 04 06 04 MIN    55
2022 08 04 12 33 MAX   154
2022 08 04 18 33 MIN    68
2022 08 05 00 47 MAX   159
2022 08 05 06 49 MIN    60
2022 08 05 13 27 MAX   149
2022 08 05 19 32 MIN    78
2022 08 06 01 40 MAX   148
2022 08 06 07 47 MIN    66
2022 08 06 14 45 MAX   146
2022 08 06 20 55 MIN    85
2022 08 07 03 00 MAX   139
2022 08 07 09 02 MIN    69
2022 08 07 16 28 MAX   148
2022 08 07 22 40 MIN    83
2022 08 08 04 36 MAX   138
2022 08 08 10 31 MIN    66
2022 08 08 17 58 MAX   159
2022 08 09 00 06 MIN    72
2022 08 09 05 58 MAX   145
2022 08 09 11 51 MIN    55
2022 08 09 19 05 MAX   173
2022 08 10 01 07 MIN    56
2022 08 10 07 03 MAX   156
2022 08 10 12 55 MIN    42
2022 08 10 19 59 MAX   188
2022 08 11 01 56 MIN    41
2022 08 11 07 58 MAX   168
2022 08 11 13 49 MIN    29
2022 08 11 20 45 MAX   200
2022 08 12 02 39 MIN    29
2022 08 12 08 47 MAX   178
2022 08 12 14 36 MIN    19
2022 08 12 21 28 MAX   207
2022 08 13 03 20 MIN    22
2022 08 13 09 33 MAX   184
2022 08 13 15 20 MIN    16
2022 08 13 22 07 MAX   208
2022 08 14 03 58 MIN    21
2022 08 14 10 15 MAX   186
2022 08 14 16 00 MIN    20
2022 08 14 22 42 MAX   202
2022 08 15 04 34 MIN    25
2022 08 15 10 55 MAX   182
2022 08 15 16 38 MIN    30
2022 08 15 23 14 MAX   190
2022 08 16 05 10 MIN    35
2022 08 16 11 32 MAX   175
2022 08 16 17 15 MIN    45
2022 08 16 23 41 MAX   175
2022 08 17 05 43 MIN    48
2022 08 17 12 09 MAX   165
2022 08 17 17 50 MIN    62
2022 08 18 00 04 MAX   159
2022 08 18 06 17 MIN    61
2022 08 18 12 46 MAX   154
2022 08 18 18 29 MIN    79
2022 08 19 00 24 MAX   144
2022 08 19 06 54 MIN    74
2022 08 19 13 32 MAX   143
2022 08 19 19 17 MIN    93
2022 08 20 00 51 MAX   131
2022 08 20 07 49 MIN    85
2022 08 20 14 44 MAX   136
2022 08 20 20 45 MIN   103
2022 08 21 02 08 MAX   120
2022 08 21 09 27 MIN    91
2022 08 21 16 38 MAX   136
2022 08 21 23 16 MIN   100
2022 08 22 05 15 MAX   120
2022 08 22 11 08 MIN    87
2022 08 22 18 03 MAX   144
2022 08 23 00 29 MIN    89
2022 08 23 06 24 MAX   128
2022 08 23 12 13 MIN    77
2022 08 23 18 55 MAX   154
2022 08 24 01 08 MIN    77
2022 08 24 07 06 MAX   138
2022 08 24 12 58 MIN    66
2022 08 24 19 33 MAX   164
2022 08 25 01 40 MIN    65
2022 08 25 07 41 MAX   147
2022 08 25 13 35 MIN    55
2022 08 25 20 07 MAX   174
2022 08 26 02 08 MIN    56
2022 08 26 08 14 MAX   156
2022 08 26 14 08 MIN    46
2022 08 26 20 39 MAX   182
2022 08 27 02 35 MIN    48
2022 08 27 08 46 MAX   163
2022 08 27 14 38 MIN    39
2022 08 27 21 08 MAX   188
2022 08 28 03 01 MIN    42
2022 08 28 09 17 MAX   169
2022 08 28 15 08 MIN    35
2022 08 28 21 37 MAX   191
2022 08 29 03 27 MIN    37
2022 08 29 09 49 MAX   174
2022 08 29 15 39 MIN    33
2022 08 29 22 05 MAX   191
2022 08 30 03 54 MIN    34
2022 08 30 10 21 MAX   176
2022 08 30 16 11 MIN    36
2022 08 30 22 34 MAX   188
2022 08 31 04 23 MIN    34
2022 08 31 10 53 MAX   175
2022 08 31 16 45 MIN    42
2022 08 31 23 04 MAX   180
2022 09 01 04 54 MIN    38
2022 09 01 11 27 MAX   171
2022 09 01 17 22 MIN    53
2022 09 01 23 35 MAX   169
2022 09 02 05 30 MIN    46
2022 09 02 12 04 MAX   163
2022 09 02 18 06 MIN    66
2022 09 03 00 12 MAX   155
2022 09 03 06 12 MIN    57
2022 09 03 12 51 MAX   153
2022 09 03 19 04 MIN    81
2022 09 04 01 03 MAX   140
2022 09 04 07 09 MIN    69
2022 09 04 14 11 MAX   143
2022 09 04 20 42 MIN    91
2022 09 05 02 40 MAX   127
2022 09 05 08 38 MIN    77
2022 09 05 16 32 MAX   143
2022 09 05 22 56 MIN    86
2022 09 06 04 48 MAX   129
2022 09 06 10 30 MIN    73
2022 09 06 18 05 MAX   157
2022 09 07 00 13 MIN    70
2022 09 07 06 07 MAX   142
2022 09 07 11 54 MIN    59
2022 09 07 19 02 MAX   173
2022 09 08 01 01 MIN    51
2022 09 08 07 03 MAX   158
2022 09 08 12 52 MIN    42
2022 09 08 19 47 MAX   188
2022 09 09 01 42 MIN    35
2022 09 09 07 49 MAX   173
2022 09 09 13 38 MIN    28
2022 09 09 20 27 MAX   199
2022 09 10 02 19 MIN    23
2022 09 10 08 32 MAX   184
2022 09 10 14 20 MIN    18
2022 09 10 21 04 MAX   203
2022 09 11 02 55 MIN    16
2022 09 11 09 13 MAX   191
2022 09 11 14 59 MIN    16
2022 09 11 21 38 MAX   202
2022 09 12 03 29 MIN    15
2022 09 12 09 50 MAX   192
2022 09 12 15 35 MIN    21
2022 09 12 22 09 MAX   194
2022 09 13 04 01 MIN    21
2022 09 13 10 26 MAX   188
2022 09 13 16 10 MIN    31
2022 09 13 22 34 MAX   181
2022 09 14 04 31 MIN    31
2022 09 14 10 58 MAX   179
2022 09 14 16 42 MIN    46
2022 09 14 22 55 MAX   167
2022 09 15 04 58 MIN    44
2022 09 15 11 28 MAX   169
2022 09 15 17 13 MIN    61
2022 09 15 23 12 MAX   153
2022 09 16 05 25 MIN    58
2022 09 16 11 57 MAX   157
2022 09 16 17 46 MIN    76
2022 09 16 23 28 MAX   140
2022 09 17 05 53 MIN    71
2022 09 17 12 33 MAX   145
2022 09 17 18 27 MIN    90
2022 09 17 23 51 MAX   127
2022 09 18 06 34 MIN    85
2022 09 18 13 31 MAX   134
2022 09 18 19 49 MIN   102
2022 09 19 00 42 MAX   114
2022 09 19 08 30 MIN    94
2022 09 19 15 43 MAX   130
2022 09 19 23 19 MIN    99
2022 09 20 05 24 MAX   114
2022 09 20 10 46 MIN    90
2022 09 20 17 41 MAX   138
2022 09 21 00 19 MIN    85
2022 09 21 06 19 MAX   126
2022 09 21 11 55 MIN    78
2022 09 21 18 32 MAX   150
2022 09 22 00 50 MIN    72
2022 09 22 06 52 MAX   138
2022 09 22 12 38 MIN    66
2022 09 22 19 07 MAX   161
2022 09 23 01 16 MIN    61
2022 09 23 07 23 MAX   149
2022 09 23 13 12 MIN    53
2022 09 23 19 38 MAX   171
2022 09 24 01 40 MIN    50
2022 09 24 07 52 MAX   159
2022 09 24 13 42 MIN    42
2022 09 24 20 07 MAX   179
2022 09 25 02 03 MIN    39
2022 09 25 08 22 MAX   169
2022 09 25 14 12 MIN    33
2022 09 25 20 35 MAX   185
2022 09 26 02 28 MIN    30
2022 09 26 08 53 MAX   177
2022 09 26 14 43 MIN    27
2022 09 26 21 05 MAX   189
2022 09 27 02 54 MIN    22
2022 09 27 09 25 MAX   184
2022 09 27 15 15 MIN    25
2022 09 27 21 35 MAX   189
2022 09 28 03 23 MIN    19
2022 09 28 09 58 MAX   186
2022 09 28 15 50 MIN    27
2022 09 28 22 06 MAX   184
2022 09 29 03 54 MIN    20
2022 09 29 10 32 MAX   184
2022 09 29 16 26 MIN    35
2022 09 29 22 38 MAX   175
2022 09 30 04 27 MIN    27
2022 09 30 11 08 MAX   176
2022 09 30 17 06 MIN    48
2022 09 30 23 12 MAX   161
2022 10 01 05 04 MIN    40
2022 10 01 11 46 MAX   165
2022 10 01 17 52 MIN    63
2022 10 01 23 51 MAX   144
2022 10 02 05 48 MIN    55
2022 10 02 12 36 MAX   151
2022 10 02 18 58 MIN    79
2022 10 03 00 51 MAX   127
2022 10 03 06 53 MIN    70
2022 10 03 14 11 MAX   138
2022 10 03 20 59 MIN    87
2022 10 04 03 06 MAX   118
2022 10 04 08 40 MIN    79
2022 10 04 16 39 MAX   141
2022 10 04 23 02 MIN    77
2022 10 05 05 03 MAX   128
2022 10 05 10 35 MIN    72
2022 10 05 17 55 MAX   155
2022 10 06 00 01 MIN    60
2022 10 06 06 04 MAX   144
2022 10 06 11 47 MIN    56
2022 10 06 18 43 MAX   169
2022 10 07 00 42 MIN    43
2022 10 07 06 50 MAX   161
2022 10 07 12 37 MIN    40
2022 10 07 19 23 MAX   180
2022 10 08 01 17 MIN    28
2022 10 08 07 31 MAX   175
2022 10 08 13 20 MIN    28
2022 10 08 20 00 MAX   187
2022 10 09 01 52 MIN    18
2022 10 09 08 11 MAX   185
2022 10 09 13 59 MIN    20
2022 10 09 20 34 MAX   189
2022 10 10 02 25 MIN    12
2022 10 10 08 48 MAX   190
2022 10 10 14 36 MIN    19
2022 10 10 21 05 MAX   185
2022 10 11 02 57 MIN    12
2022 10 11 09 23 MAX   190
2022 10 11 15 11 MIN    24
2022 10 11 21 33 MAX   177
2022 10 12 03 27 MIN    18
2022 10 12 09 56 MAX   186
2022 10 12 15 44 MIN    33
2022 10 12 21 56 MAX   167
2022 10 13 03 54 MIN    27
2022 10 13 10 26 MAX   178
2022 10 13 16 15 MIN    44
2022 10 13 22 16 MAX   156
2022 10 14 04 20 MIN    39
2022 10 14 10 53 MAX   168
2022 10 14 16 45 MIN    56
2022 10 14 22 35 MAX   145
2022 10 15 04 46 MIN    51
2022 10 15 11 22 MAX   158
2022 10 15 17 18 MIN    69
2022 10 15 22 57 MAX   134
2022 10 16 05 14 MIN    65
2022 10 16 11 57 MAX   146
2022 10 16 17 59 MIN    81
2022 10 16 23 26 MAX   122
2022 10 17 05 55 MIN    78
2022 10 17 12 49 MAX   135
2022 10 17 19 12 MIN    92
2022 10 18 00 22 MAX   109
2022 10 18 07 39 MIN    89
2022 10 18 14 32 MAX   127
2022 10 18 22 16 MIN    92
2022 10 19 04 51 MAX   109
2022 10 19 09 59 MIN    87
2022 10 19 16 45 MAX   131
2022 10 19 23 40 MIN    80
2022 10 20 05 47 MAX   122
2022 10 20 11 16 MIN    77
2022 10 20 17 46 MAX   141
2022 10 21 00 13 MIN    68
2022 10 21 06 22 MAX   134
2022 10 21 12 02 MIN    64
2022 10 21 18 24 MAX   152
2022 10 22 00 37 MIN    55
2022 10 22 06 51 MAX   146
2022 10 22 12 38 MIN    52
2022 10 22 18 57 MAX   161
2022 10 23 01 00 MIN    43
2022 10 23 07 22 MAX   159
2022 10 23 13 11 MIN    39
2022 10 23 19 27 MAX   170
2022 10 24 01 25 MIN    30
2022 10 24 07 53 MAX   170
2022 10 24 13 44 MIN    29
2022 10 24 19 59 MAX   176
2022 10 25 01 52 MIN    18
2022 10 25 08 27 MAX   181
2022 10 25 14 19 MIN    21
2022 10 25 20 32 MAX   180
2022 10 26 02 23 MIN    10
2022 10 26 09 03 MAX   188
2022 10 26 14 56 MIN    18
2022 10 26 21 07 MAX   180
2022 10 27 02 56 MIN     7
2022 10 27 09 40 MAX   190
2022 10 27 15 34 MIN    20
2022 10 27 21 43 MAX   174
2022 10 28 03 32 MIN    10
2022 10 28 10 19 MAX   186
2022 10 28 16 15 MIN    28
2022 10 28 22 21 MAX   163
2022 10 29 04 10 MIN    20
2022 10 29 10 59 MAX   176
2022 10 29 17 00 MIN    41
2022 10 29 23 02 MAX   149
2022 10 30 04 53 MIN    34
2022 10 30 11 44 MAX   163
2022 10 30 17 54 MIN    56
2022 10 30 23 52 MAX   133
2022 10 31 05 46 MIN    50
2022 10 31 12 43 MAX   148
2022 10 31 19 08 MIN    69
2022 11 01 01 11 MAX   119
2022 11 01 06 59 MIN    65
2022 11 01 14 21 MAX   138
2022 11 01 20 56 MIN    73
2022 11 02 03 16 MAX   117
2022 11 02 08 39 MIN    70
2022 11 02 16 12 MAX   140
2022 11 02 22 30 MIN    64
2022 11 03 04 45 MAX   129
2022 11 03 10 14 MIN    65
2022 11 03 17 22 MAX   149
2022 11 03 23 28 MIN    51
2022 11 04 05 42 MAX   143
2022 11 04 11 22 MIN    53
2022 11 04 18 11 MAX   158
2022 11 05 00 11 MIN    37
2022 11 05 06 27 MAX   157
2022 11 05 12 14 MIN    42
2022 11 05 18 52 MAX   164
2022 11 06 00 47 MIN    26
2022 11 06 07 09 MAX   169
2022 11 06 12 58 MIN    33
2022 11 06 19 29 MAX   166
2022 11 07 01 22 MIN    18
2022 11 07 07 47 MAX   177
2022 11 07 13 38 MIN    27
2022 11 07 20 03 MAX   166
2022 11 08 01 56 MIN    14
2022 11 08 08 25 MAX   180
2022 11 08 14 16 MIN    26
2022 11 08 20 33 MAX   162
2022 11 09 02 27 MIN    14
2022 11 09 09 00 MAX   181
2022 11 09 14 51 MIN    28
2022 11 09 21 01 MAX   157
2022 11 10 02 58 MIN    18
2022 11 10 09 32 MAX   177
2022 11 10 15 24 MIN    33
2022 11 10 21 26 MAX   151
2022 11 11 03 27 MIN    24
2022 11 11 10 02 MAX   172
2022 11 11 15 56 MIN    39
2022 11 11 21 51 MAX   144
2022 11 12 03 56 MIN    33
2022 11 12 10 31 MAX   165
2022 11 12 16 29 MIN    47
2022 11 12 22 17 MAX   137
2022 11 13 04 27 MIN    43
2022 11 13 11 03 MAX   157
2022 11 13 17 04 MIN    57
2022 11 13 22 47 MAX   128
2022 11 14 05 02 MIN    54
2022 11 14 11 40 MAX   147
2022 11 14 17 47 MIN    67
2022 11 14 23 24 MAX   118
2022 11 15 05 48 MIN    66
2022 11 15 12 28 MAX   137
2022 11 15 18 45 MIN    76
2022 11 16 00 27 MAX   108
2022 11 16 07 01 MIN    76
2022 11 16 13 39 MAX   129
2022 11 16 20 22 MIN    80
2022 11 17 03 12 MAX   105
2022 11 17 08 43 MIN    79
2022 11 17 15 17 MAX   127
2022 11 17 22 08 MIN    75
2022 11 18 04 45 MAX   114
2022 11 18 10 10 MIN    74
2022 11 18 16 35 MAX   131
2022 11 18 23 05 MIN    65
2022 11 19 05 33 MAX   126
2022 11 19 11 10 MIN    64
2022 11 19 17 26 MAX   139
2022 11 19 23 40 MIN    52
2022 11 20 06 11 MAX   139
2022 11 20 11 56 MIN    52
2022 11 20 18 07 MAX   147
2022 11 21 00 12 MIN    38
2022 11 21 06 47 MAX   153
2022 11 21 12 38 MIN    39
2022 11 21 18 46 MAX   155
2022 11 22 00 44 MIN    24
2022 11 22 07 25 MAX   166
2022 11 22 13 19 MIN    28
2022 11 22 19 25 MAX   162
2022 11 23 01 20 MIN    11
2022 11 23 08 05 MAX   177
2022 11 23 14 00 MIN    19
2022 11 23 20 06 MAX   166
2022 11 24 01 58 MIN     3
2022 11 24 08 46 MAX   184
2022 11 24 14 43 MIN    14
2022 11 24 20 48 MAX   166
2022 11 25 02 39 MIN     0
2022 11 25 09 29 MAX   187
2022 11 25 15 27 MIN    14
2022 11 25 21 31 MAX   162
2022 11 26 03 21 MIN     3
2022 11 26 10 14 MAX   184
2022 11 26 16 13 MIN    19
2022 11 26 22 17 MAX   154
2022 11 27 04 07 MIN    11
2022 11 27 11 00 MAX   176
2022 11 27 17 02 MIN    29
2022 11 27 23 06 MAX   143
2022 11 28 04 56 MIN    23
2022 11 28 11 50 MAX   165
2022 11 28 17 57 MIN    40
2022 11 29 00 03 MAX   131
2022 11 29 05 51 MIN    37
2022 11 29 12 48 MAX   153
2022 11 29 19 01 MIN    49
2022 11 30 01 17 MAX   123
2022 11 30 06 57 MIN    49
2022 11 30 13 57 MAX   142
2022 11 30 20 17 MIN    54
2022 12 01 02 44 MAX   121
2022 12 01 08 12 MIN    57
2022 12 01 15 18 MAX   137
2022 12 01 21 35 MIN    53
2022 12 02 04 04 MAX   127
2022 12 02 09 32 MIN    58
2022 12 02 16 32 MAX   137
2022 12 02 22 41 MIN    46
2022 12 03 05 07 MAX   136
2022 12 03 10 46 MIN    55
2022 12 03 17 30 MAX   138
2022 12 03 23 33 MIN    38
2022 12 04 06 00 MAX   146
2022 12 04 11 48 MIN    49
2022 12 04 18 18 MAX   140
2022 12 05 00 16 MIN    30
2022 12 05 06 45 MAX   154
2022 12 05 12 39 MIN    42
2022 12 05 18 59 MAX   141
2022 12 06 00 55 MIN    24
2022 12 06 07 28 MAX   160
2022 12 06 13 22 MIN    36
2022 12 06 19 36 MAX   141
2022 12 07 01 32 MIN    20
2022 12 07 08 07 MAX   165
2022 12 07 14 02 MIN    32
2022 12 07 20 09 MAX   141
2022 12 08 02 07 MIN    18
2022 12 08 08 43 MAX   167
2022 12 08 14 38 MIN    30
2022 12 08 20 41 MAX   140
2022 12 09 02 41 MIN    18
2022 12 09 09 16 MAX   167
2022 12 09 15 13 MIN    30
2022 12 09 21 11 MAX   139
2022 12 10 03 14 MIN    20
2022 12 10 09 48 MAX   165
2022 12 10 15 46 MIN    32
2022 12 10 21 41 MAX   136
2022 12 11 03 47 MIN    25
2022 12 11 10 20 MAX   162
2022 12 11 16 20 MIN    36
2022 12 11 22 12 MAX   132
2022 12 12 04 21 MIN    31
2022 12 12 10 54 MAX   157
2022 12 12 16 55 MIN    41
2022 12 12 22 47 MAX   127
2022 12 13 04 58 MIN    39
2022 12 13 11 29 MAX   150
2022 12 13 17 32 MIN    48
2022 12 13 23 27 MAX   120
2022 12 14 05 38 MIN    48
2022 12 14 12 10 MAX   142
2022 12 14 18 15 MIN    56
2022 12 15 00 17 MAX   113
2022 12 15 06 28 MIN    56
2022 12 15 12 57 MAX   134
2022 12 15 19 08 MIN    61
2022 12 16 01 33 MAX   108
2022 12 16 07 30 MIN    63
2022 12 16 13 57 MAX   128
2022 12 16 20 13 MIN    62
2022 12 17 03 07 MAX   109
2022 12 17 08 45 MIN    65
2022 12 17 15 08 MAX   125
2022 12 17 21 23 MIN    58
2022 12 18 04 23 MAX   117
2022 12 18 10 02 MIN    62
2022 12 18 16 16 MAX   126
2022 12 18 22 25 MIN    48
2022 12 19 05 21 MAX   128
2022 12 19 11 10 MIN    54
2022 12 19 17 16 MAX   131
2022 12 19 23 18 MIN    36
2022 12 20 06 13 MAX   141
2022 12 20 12 08 MIN    42
2022 12 20 18 09 MAX   137
2022 12 21 00 07 MIN    23
2022 12 21 07 02 MAX   154
2022 12 21 13 00 MIN    30
2022 12 21 18 59 MAX   144
2022 12 22 00 56 MIN    11
2022 12 22 07 50 MAX   167
2022 12 22 13 50 MIN    18
2022 12 22 19 49 MAX   150
2022 12 23 01 44 MIN     1
2022 12 23 08 39 MAX   176
2022 12 23 14 37 MIN    10
2022 12 23 20 39 MAX   154
2022 12 24 02 32 MIN    -5
2022 12 24 09 27 MAX   182
2022 12 24 15 24 MIN     5
2022 12 24 21 29 MAX   155
2022 12 25 03 20 MIN    -6
2022 12 25 10 14 MAX   184
2022 12 25 16 11 MIN     5
2022 12 25 22 18 MAX   152
2022 12 26 04 08 MIN    -3
2022 12 26 10 59 MAX   180
2022 12 26 16 58 MIN    10
2022 12 26 23 07 MAX   147
2022 12 27 04 55 MIN     5
2022 12 27 11 44 MAX   171
2022 12 27 17 45 MIN    18
2022 12 27 23 59 MAX   140
2022 12 28 05 44 MIN    17
2022 12 28 12 30 MAX   159
2022 12 28 18 35 MIN    27
2022 12 29 00 54 MAX   132
2022 12 29 06 35 MIN    30
2022 12 29 13 18 MAX   146
2022 12 29 19 29 MIN    37
2022 12 30 01 56 MAX   126
2022 12 30 07 31 MIN    44
2022 12 30 14 13 MAX   132
2022 12 30 20 30 MIN    43
2022 12 31 03 06 MAX   122
2022 12 31 08 38 MIN    55
2022 12 31 15 22 MAX   122
2022 12 31 21 39 MIN    46
