<TOPS - 조위예측극치자료>

대상조위관측소 : 거제도
위도(WGS84) : N  34도 48분 05초
경도(WGS84) : E 128도 41분 57초
관측기간 : 2022-01-01 00:00:00 ~ 2022-12-31 23:59:00

2021 12 01 06 17 MAX   161
2021 12 01 12 06 MIN    33
2021 12 01 18 17 MAX   165
2021 12 02 00 21 MIN    14
2021 12 02 07 06 MAX   180
2021 12 02 12 57 MIN    20
2021 12 02 19 04 MAX   173
2021 12 03 01 04 MIN     0
2021 12 03 07 53 MAX   196
2021 12 03 13 45 MIN    10
2021 12 03 19 50 MAX   178
2021 12 04 01 47 MIN   -10
2021 12 04 08 40 MAX   207
2021 12 04 14 32 MIN     4
2021 12 04 20 35 MAX   179
2021 12 05 02 32 MIN   -14
2021 12 05 09 27 MAX   211
2021 12 05 15 20 MIN     5
2021 12 05 21 21 MAX   175
2021 12 06 03 18 MIN   -12
2021 12 06 10 14 MAX   209
2021 12 06 16 08 MIN    10
2021 12 06 22 07 MAX   167
2021 12 07 04 03 MIN    -5
2021 12 07 11 01 MAX   201
2021 12 07 16 56 MIN    20
2021 12 07 22 54 MAX   155
2021 12 08 04 51 MIN     8
2021 12 08 11 48 MAX   187
2021 12 08 17 47 MIN    31
2021 12 08 23 45 MAX   143
2021 12 09 05 40 MIN    23
2021 12 09 12 37 MAX   171
2021 12 09 18 42 MIN    43
2021 12 10 00 44 MAX   131
2021 12 10 06 32 MIN    39
2021 12 10 13 32 MAX   156
2021 12 10 19 46 MIN    51
2021 12 11 01 55 MAX   124
2021 12 11 07 34 MIN    53
2021 12 11 14 35 MAX   144
2021 12 11 20 59 MIN    54
2021 12 12 03 16 MAX   123
2021 12 12 08 49 MIN    63
2021 12 12 15 47 MAX   136
2021 12 12 22 10 MIN    52
2021 12 13 04 31 MAX   129
2021 12 13 10 13 MIN    65
2021 12 13 16 54 MAX   134
2021 12 13 23 08 MIN    46
2021 12 14 05 33 MAX   139
2021 12 14 11 25 MIN    61
2021 12 14 17 48 MAX   136
2021 12 14 23 55 MIN    39
2021 12 15 06 24 MAX   150
2021 12 15 12 20 MIN    54
2021 12 15 18 33 MAX   139
2021 12 16 00 35 MIN    32
2021 12 16 07 08 MAX   160
2021 12 16 13 04 MIN    47
2021 12 16 19 09 MAX   142
2021 12 17 01 12 MIN    25
2021 12 17 07 46 MAX   168
2021 12 17 13 42 MIN    40
2021 12 17 19 42 MAX   145
2021 12 18 01 46 MIN    20
2021 12 18 08 22 MAX   175
2021 12 18 14 17 MIN    34
2021 12 18 20 13 MAX   148
2021 12 19 02 18 MIN    16
2021 12 19 08 57 MAX   179
2021 12 19 14 50 MIN    31
2021 12 19 20 43 MAX   149
2021 12 20 02 50 MIN    13
2021 12 20 09 30 MAX   181
2021 12 20 15 23 MIN    29
2021 12 20 21 15 MAX   149
2021 12 21 03 22 MIN    12
2021 12 21 10 03 MAX   181
2021 12 21 15 56 MIN    29
2021 12 21 21 48 MAX   147
2021 12 22 03 55 MIN    13
2021 12 22 10 36 MAX   178
2021 12 22 16 30 MIN    31
2021 12 22 22 24 MAX   143
2021 12 23 04 30 MIN    17
2021 12 23 11 11 MAX   173
2021 12 23 17 07 MIN    35
2021 12 23 23 03 MAX   136
2021 12 24 05 08 MIN    24
2021 12 24 11 47 MAX   165
2021 12 24 17 46 MIN    39
2021 12 24 23 48 MAX   129
2021 12 25 05 51 MIN    32
2021 12 25 12 28 MAX   157
2021 12 25 18 32 MIN    43
2021 12 26 00 44 MAX   123
2021 12 26 06 42 MIN    41
2021 12 26 13 16 MAX   148
2021 12 26 19 27 MIN    46
2021 12 27 01 55 MAX   120
2021 12 27 07 47 MIN    48
2021 12 27 14 14 MAX   141
2021 12 27 20 32 MIN    45
2021 12 28 03 18 MAX   124
2021 12 28 09 05 MIN    52
2021 12 28 15 24 MAX   137
2021 12 28 21 41 MIN    40
2021 12 29 04 38 MAX   134
2021 12 29 10 27 MIN    49
2021 12 29 16 36 MAX   138
2021 12 29 22 47 MIN    30
2021 12 30 05 48 MAX   149
2021 12 30 11 40 MIN    41
2021 12 30 17 42 MAX   144
2021 12 30 23 47 MIN    19
2021 12 31 06 49 MAX   167
2021 12 31 12 43 MIN    30
2021 12 31 18 41 MAX   151
2022 01 01 00 43 MIN     7
2022 01 01 07 45 MAX   183
2022 01 01 13 38 MIN    18
2022 01 01 19 35 MAX   158
2022 01 02 01 36 MIN    -4
2022 01 02 08 36 MAX   197
2022 01 02 14 29 MIN     9
2022 01 02 20 27 MAX   164
2022 01 03 02 26 MIN   -11
2022 01 03 09 23 MAX   205
2022 01 03 15 16 MIN     4
2022 01 03 21 15 MAX   166
2022 01 04 03 14 MIN   -13
2022 01 04 10 09 MAX   206
2022 01 04 16 01 MIN     4
2022 01 04 22 02 MAX   165
2022 01 05 03 59 MIN   -11
2022 01 05 10 51 MAX   201
2022 01 05 16 44 MIN     8
2022 01 05 22 47 MAX   160
2022 01 06 04 41 MIN    -3
2022 01 06 11 31 MAX   190
2022 01 06 17 26 MIN    15
2022 01 06 23 32 MAX   152
2022 01 07 05 23 MIN    10
2022 01 07 12 09 MAX   175
2022 01 07 18 08 MIN    25
2022 01 08 00 17 MAX   143
2022 01 08 06 04 MIN    25
2022 01 08 12 46 MAX   158
2022 01 08 18 53 MIN    35
2022 01 09 01 07 MAX   133
2022 01 09 06 49 MIN    41
2022 01 09 13 26 MAX   141
2022 01 09 19 44 MIN    44
2022 01 10 02 06 MAX   125
2022 01 10 07 43 MIN    56
2022 01 10 14 16 MAX   126
2022 01 10 20 47 MIN    50
2022 01 11 03 20 MAX   121
2022 01 11 08 57 MIN    68
2022 01 11 15 27 MAX   116
2022 01 11 22 01 MIN    53
2022 01 12 04 43 MAX   123
2022 01 12 10 36 MIN    71
2022 01 12 16 52 MAX   113
2022 01 12 23 11 MIN    50
2022 01 13 05 56 MAX   132
2022 01 13 12 01 MIN    66
2022 01 13 17 58 MAX   116
2022 01 14 00 09 MIN    44
2022 01 14 06 51 MAX   142
2022 01 14 12 56 MIN    57
2022 01 14 18 47 MAX   123
2022 01 15 00 55 MIN    36
2022 01 15 07 35 MAX   153
2022 01 15 13 36 MIN    47
2022 01 15 19 26 MAX   130
2022 01 16 01 34 MIN    28
2022 01 16 08 13 MAX   163
2022 01 16 14 11 MIN    38
2022 01 16 20 02 MAX   138
2022 01 17 02 09 MIN    19
2022 01 17 08 47 MAX   172
2022 01 17 14 43 MIN    30
2022 01 17 20 36 MAX   144
2022 01 18 02 43 MIN    11
2022 01 18 09 20 MAX   179
2022 01 18 15 14 MIN    24
2022 01 18 21 11 MAX   149
2022 01 19 03 15 MIN     5
2022 01 19 09 52 MAX   183
2022 01 19 15 45 MIN    19
2022 01 19 21 46 MAX   152
2022 01 20 03 48 MIN     2
2022 01 20 10 24 MAX   183
2022 01 20 16 16 MIN    16
2022 01 20 22 22 MAX   152
2022 01 21 04 21 MIN     3
2022 01 21 10 55 MAX   180
2022 01 21 16 48 MIN    16
2022 01 21 22 59 MAX   149
2022 01 22 04 55 MIN     7
2022 01 22 11 27 MAX   174
2022 01 22 17 22 MIN    18
2022 01 22 23 38 MAX   145
2022 01 23 05 33 MIN    14
2022 01 23 12 00 MAX   165
2022 01 23 17 59 MIN    21
2022 01 24 00 21 MAX   139
2022 01 24 06 16 MIN    25
2022 01 24 12 37 MAX   153
2022 01 24 18 41 MIN    27
2022 01 25 01 11 MAX   132
2022 01 25 07 07 MIN    38
2022 01 25 13 23 MAX   140
2022 01 25 19 32 MIN    32
2022 01 26 02 19 MAX   127
2022 01 26 08 16 MIN    50
2022 01 26 14 26 MAX   128
2022 01 26 20 39 MIN    37
2022 01 27 03 54 MAX   128
2022 01 27 09 51 MIN    57
2022 01 27 15 52 MAX   122
2022 01 27 22 02 MIN    38
2022 01 28 05 31 MAX   138
2022 01 28 11 31 MIN    53
2022 01 28 17 21 MAX   124
2022 01 28 23 27 MIN    31
2022 01 29 06 47 MAX   155
2022 01 29 12 45 MIN    40
2022 01 29 18 34 MAX   134
2022 01 30 00 39 MIN    19
2022 01 30 07 45 MAX   174
2022 01 30 13 40 MIN    25
2022 01 30 19 34 MAX   147
2022 01 31 01 36 MIN     6
2022 01 31 08 34 MAX   190
2022 01 31 14 26 MIN    12
2022 01 31 20 25 MAX   159
2022 02 01 02 24 MIN    -6
2022 02 01 09 17 MAX   200
2022 02 01 15 07 MIN     2
2022 02 01 21 11 MAX   168
2022 02 02 03 07 MIN   -13
2022 02 02 09 56 MAX   204
2022 02 02 15 46 MIN    -3
2022 02 02 21 53 MAX   172
2022 02 03 03 46 MIN   -14
2022 02 03 10 32 MAX   200
2022 02 03 16 22 MIN    -2
2022 02 03 22 32 MAX   171
2022 02 04 04 23 MIN    -9
2022 02 04 11 04 MAX   190
2022 02 04 16 57 MIN     3
2022 02 04 23 10 MAX   165
2022 02 05 04 58 MIN     2
2022 02 05 11 33 MAX   175
2022 02 05 17 31 MIN    11
2022 02 05 23 46 MAX   156
2022 02 06 05 32 MIN    16
2022 02 06 12 01 MAX   158
2022 02 06 18 05 MIN    22
2022 02 07 00 23 MAX   144
2022 02 07 06 07 MIN    33
2022 02 07 12 26 MAX   140
2022 02 07 18 40 MIN    35
2022 02 08 01 05 MAX   132
2022 02 08 06 47 MIN    51
2022 02 08 12 53 MAX   124
2022 02 08 19 23 MIN    47
2022 02 09 02 00 MAX   120
2022 02 09 07 39 MIN    68
2022 02 09 13 31 MAX   109
2022 02 09 20 25 MIN    58
2022 02 10 03 28 MAX   114
2022 02 10 09 20 MIN    79
2022 02 10 15 16 MAX    99
2022 02 10 22 07 MIN    63
2022 02 11 05 22 MAX   118
2022 02 11 11 57 MIN    76
2022 02 11 17 30 MAX   101
2022 02 11 23 43 MIN    58
2022 02 12 06 38 MAX   130
2022 02 12 12 57 MIN    64
2022 02 12 18 36 MAX   111
2022 02 13 00 42 MIN    47
2022 02 13 07 25 MAX   144
2022 02 13 13 32 MIN    51
2022 02 13 19 19 MAX   123
2022 02 14 01 24 MIN    35
2022 02 14 08 01 MAX   158
2022 02 14 14 02 MIN    39
2022 02 14 19 55 MAX   136
2022 02 15 01 58 MIN    22
2022 02 15 08 33 MAX   170
2022 02 15 14 30 MIN    27
2022 02 15 20 29 MAX   147
2022 02 16 02 30 MIN    10
2022 02 16 09 04 MAX   179
2022 02 16 14 57 MIN    17
2022 02 16 21 03 MAX   157
2022 02 17 03 00 MIN     0
2022 02 17 09 33 MAX   186
2022 02 17 15 25 MIN     8
2022 02 17 21 37 MAX   164
2022 02 18 03 32 MIN    -7
2022 02 18 10 02 MAX   189
2022 02 18 15 54 MIN     2
2022 02 18 22 11 MAX   168
2022 02 19 04 04 MIN    -9
2022 02 19 10 32 MAX   187
2022 02 19 16 23 MIN    -1
2022 02 19 22 46 MAX   167
2022 02 20 04 38 MIN    -5
2022 02 20 11 01 MAX   180
2022 02 20 16 54 MIN     0
2022 02 20 23 22 MAX   163
2022 02 21 05 13 MIN     4
2022 02 21 11 32 MAX   169
2022 02 21 17 27 MIN     5
2022 02 22 00 00 MAX   155
2022 02 22 05 53 MIN    18
2022 02 22 12 06 MAX   154
2022 02 22 18 05 MIN    14
2022 02 23 00 43 MAX   145
2022 02 23 06 40 MIN    36
2022 02 23 12 46 MAX   137
2022 02 23 18 51 MIN    27
2022 02 24 01 42 MAX   133
2022 02 24 07 45 MIN    55
2022 02 24 13 43 MAX   120
2022 02 24 19 53 MIN    40
2022 02 25 03 26 MAX   125
2022 02 25 09 38 MIN    67
2022 02 25 15 26 MAX   108
2022 02 25 21 32 MIN    49
2022 02 26 05 32 MAX   133
2022 02 26 11 44 MIN    60
2022 02 26 17 24 MAX   113
2022 02 26 23 28 MIN    44
2022 02 27 06 49 MAX   151
2022 02 27 12 51 MIN    43
2022 02 27 18 40 MAX   129
2022 02 28 00 42 MIN    29
2022 02 28 07 41 MAX   170
2022 02 28 13 36 MIN    26
2022 02 28 19 34 MAX   146
2022 03 01 01 33 MIN    13
2022 03 01 08 23 MAX   186
2022 03 01 14 14 MIN    11
2022 03 01 20 19 MAX   162
2022 03 02 02 14 MIN    -1
2022 03 02 09 00 MAX   195
2022 03 02 14 49 MIN     0
2022 03 02 20 59 MAX   174
2022 03 03 02 51 MIN    -9
2022 03 03 09 34 MAX   198
2022 03 03 15 21 MIN    -6
2022 03 03 21 36 MAX   181
2022 03 04 03 26 MIN   -11
2022 03 04 10 04 MAX   194
2022 03 04 15 53 MIN    -7
2022 03 04 22 11 MAX   181
2022 03 05 03 59 MIN    -8
2022 03 05 10 32 MAX   185
2022 03 05 16 24 MIN    -3
2022 03 05 22 43 MAX   176
2022 03 06 04 31 MIN     2
2022 03 06 10 56 MAX   171
2022 03 06 16 53 MIN     5
2022 03 06 23 15 MAX   167
2022 03 07 05 01 MIN    15
2022 03 07 11 17 MAX   156
2022 03 07 17 21 MIN    16
2022 03 07 23 46 MAX   155
2022 03 08 05 32 MIN    31
2022 03 08 11 37 MAX   140
2022 03 08 17 48 MIN    29
2022 03 09 00 19 MAX   141
2022 03 09 06 04 MIN    48
2022 03 09 11 55 MAX   125
2022 03 09 18 17 MIN    43
2022 03 10 00 58 MAX   128
2022 03 10 06 43 MIN    65
2022 03 10 12 18 MAX   111
2022 03 10 18 57 MIN    57
2022 03 11 02 02 MAX   116
2022 03 11 07 54 MIN    81
2022 03 11 13 01 MAX    97
2022 03 11 20 28 MIN    69
2022 03 12 04 21 MAX   112
2022 03 12 11 48 MIN    81
2022 03 12 17 01 MAX    94
2022 03 12 23 04 MIN    68
2022 03 13 06 10 MAX   124
2022 03 13 12 44 MIN    67
2022 03 13 18 22 MAX   108
2022 03 14 00 18 MIN    55
2022 03 14 06 59 MAX   139
2022 03 14 13 13 MIN    53
2022 03 14 19 03 MAX   123
2022 03 15 01 00 MIN    40
2022 03 15 07 34 MAX   154
2022 03 15 13 38 MIN    39
2022 03 15 19 38 MAX   139
2022 03 16 01 34 MIN    24
2022 03 16 08 05 MAX   168
2022 03 16 14 03 MIN    24
2022 03 16 20 11 MAX   154
2022 03 17 02 06 MIN    10
2022 03 17 08 34 MAX   179
2022 03 17 14 29 MIN    11
2022 03 17 20 45 MAX   168
2022 03 18 02 37 MIN    -3
2022 03 18 09 04 MAX   187
2022 03 18 14 56 MIN    -1
2022 03 18 21 18 MAX   178
2022 03 19 03 09 MIN   -11
2022 03 19 09 33 MAX   191
2022 03 19 15 24 MIN   -10
2022 03 19 21 53 MAX   185
2022 03 20 03 43 MIN   -14
2022 03 20 10 04 MAX   189
2022 03 20 15 54 MIN   -13
2022 03 20 22 28 MAX   185
2022 03 21 04 18 MIN    -9
2022 03 21 10 35 MAX   181
2022 03 21 16 26 MIN   -11
2022 03 21 23 05 MAX   180
2022 03 22 04 56 MIN     2
2022 03 22 11 08 MAX   168
2022 03 22 17 01 MIN    -2
2022 03 22 23 43 MAX   169
2022 03 23 05 38 MIN    19
2022 03 23 11 42 MAX   151
2022 03 23 17 40 MIN    12
2022 03 24 00 28 MAX   154
2022 03 24 06 27 MIN    40
2022 03 24 12 23 MAX   131
2022 03 24 18 26 MIN    29
2022 03 25 01 29 MAX   138
2022 03 25 07 39 MIN    61
2022 03 25 13 26 MAX   112
2022 03 25 19 32 MIN    47
2022 03 26 03 22 MAX   128
2022 03 26 09 53 MIN    70
2022 03 26 15 37 MAX   104
2022 03 26 21 30 MIN    58
2022 03 27 05 26 MAX   136
2022 03 27 11 46 MIN    58
2022 03 27 17 31 MAX   115
2022 03 27 23 29 MIN    50
2022 03 28 06 35 MAX   152
2022 03 28 12 38 MIN    42
2022 03 28 18 35 MAX   134
2022 03 29 00 33 MIN    35
2022 03 29 07 22 MAX   167
2022 03 29 13 16 MIN    26
2022 03 29 19 22 MAX   152
2022 03 30 01 17 MIN    21
2022 03 30 08 00 MAX   178
2022 03 30 13 49 MIN    12
2022 03 30 20 01 MAX   168
2022 03 31 01 54 MIN     9
2022 03 31 08 33 MAX   185
2022 03 31 14 20 MIN     2
2022 03 31 20 38 MAX   180
2022 04 01 02 28 MIN     1
2022 04 01 09 03 MAX   186
2022 04 01 14 51 MIN    -4
2022 04 01 21 12 MAX   186
2022 04 02 03 01 MIN    -1
2022 04 02 09 31 MAX   182
2022 04 02 15 21 MIN    -5
2022 04 02 21 45 MAX   187
2022 04 03 03 33 MIN     1
2022 04 03 09 56 MAX   175
2022 04 03 15 50 MIN    -1
2022 04 03 22 17 MAX   183
2022 04 04 04 04 MIN     9
2022 04 04 10 19 MAX   164
2022 04 04 16 17 MIN     6
2022 04 04 22 46 MAX   175
2022 04 05 04 34 MIN    20
2022 04 05 10 39 MAX   152
2022 04 05 16 43 MIN    16
2022 04 05 23 16 MAX   164
2022 04 06 05 04 MIN    33
2022 04 06 10 59 MAX   140
2022 04 06 17 09 MIN    28
2022 04 06 23 46 MAX   151
2022 04 07 05 36 MIN    48
2022 04 07 11 20 MAX   128
2022 04 07 17 37 MIN    42
2022 04 08 00 22 MAX   138
2022 04 08 06 14 MIN    63
2022 04 08 11 46 MAX   114
2022 04 08 18 14 MIN    56
2022 04 09 01 14 MAX   126
2022 04 09 07 15 MIN    78
2022 04 09 12 31 MAX   101
2022 04 09 19 27 MIN    69
2022 04 10 02 58 MAX   118
2022 04 10 10 17 MIN    83
2022 04 10 16 05 MAX    96
2022 04 10 21 56 MIN    72
2022 04 11 05 03 MAX   124
2022 04 11 11 55 MIN    70
2022 04 11 17 43 MAX   110
2022 04 11 23 28 MIN    61
2022 04 12 06 08 MAX   137
2022 04 12 12 30 MIN    55
2022 04 12 18 29 MAX   127
2022 04 13 00 19 MIN    46
2022 04 13 06 48 MAX   151
2022 04 13 12 56 MIN    39
2022 04 13 19 06 MAX   145
2022 04 14 00 57 MIN    29
2022 04 14 07 23 MAX   165
2022 04 14 13 22 MIN    23
2022 04 14 19 41 MAX   163
2022 04 15 01 32 MIN    14
2022 04 15 07 55 MAX   176
2022 04 15 13 50 MIN     8
2022 04 15 20 18 MAX   179
2022 04 16 02 08 MIN     0
2022 04 16 08 28 MAX   184
2022 04 16 14 20 MIN    -6
2022 04 16 20 54 MAX   191
2022 04 17 02 44 MIN    -8
2022 04 17 09 01 MAX   188
2022 04 17 14 53 MIN   -14
2022 04 17 21 32 MAX   199
2022 04 18 03 22 MIN   -10
2022 04 18 09 36 MAX   186
2022 04 18 15 27 MIN   -17
2022 04 18 22 11 MAX   199
2022 04 19 04 02 MIN    -5
2022 04 19 10 11 MAX   178
2022 04 19 16 04 MIN   -12
2022 04 19 22 51 MAX   192
2022 04 20 04 44 MIN     8
2022 04 20 10 49 MAX   164
2022 04 20 16 42 MIN    -1
2022 04 20 23 35 MAX   180
2022 04 21 05 31 MIN    26
2022 04 21 11 29 MAX   147
2022 04 21 17 26 MIN    16
2022 04 22 00 25 MAX   163
2022 04 22 06 28 MIN    45
2022 04 22 12 20 MAX   128
2022 04 22 18 19 MIN    36
2022 04 23 01 31 MAX   147
2022 04 23 07 48 MIN    61
2022 04 23 13 40 MAX   113
2022 04 23 19 35 MIN    53
2022 04 24 03 12 MAX   137
2022 04 24 09 44 MIN    65
2022 04 24 15 42 MAX   112
2022 04 24 21 24 MIN    61
2022 04 25 04 52 MAX   141
2022 04 25 11 13 MIN    56
2022 04 25 17 12 MAX   125
2022 04 25 23 02 MIN    56
2022 04 26 05 58 MAX   150
2022 04 26 12 04 MIN    43
2022 04 26 18 11 MAX   141
2022 04 27 00 04 MIN    45
2022 04 27 06 46 MAX   160
2022 04 27 12 42 MIN    30
2022 04 27 18 56 MAX   158
2022 04 28 00 49 MIN    33
2022 04 28 07 24 MAX   167
2022 04 28 13 15 MIN    19
2022 04 28 19 35 MAX   171
2022 04 29 01 27 MIN    24
2022 04 29 07 57 MAX   171
2022 04 29 13 47 MIN    11
2022 04 29 20 12 MAX   181
2022 04 30 02 02 MIN    18
2022 04 30 08 27 MAX   171
2022 04 30 14 18 MIN     6
2022 04 30 20 47 MAX   187
2022 05 01 02 36 MIN    15
2022 05 01 08 55 MAX   169
2022 05 01 14 48 MIN     5
2022 05 01 21 20 MAX   189
2022 05 02 03 09 MIN    17
2022 05 02 09 20 MAX   164
2022 05 02 15 17 MIN     8
2022 05 02 21 51 MAX   186
2022 05 03 03 40 MIN    21
2022 05 03 09 44 MAX   158
2022 05 03 15 46 MIN    13
2022 05 03 22 22 MAX   180
2022 05 04 04 12 MIN    29
2022 05 04 10 08 MAX   150
2022 05 04 16 13 MIN    21
2022 05 04 22 52 MAX   172
2022 05 05 04 44 MIN    39
2022 05 05 10 33 MAX   142
2022 05 05 16 42 MIN    31
2022 05 05 23 24 MAX   162
2022 05 06 05 19 MIN    50
2022 05 06 11 01 MAX   132
2022 05 06 17 16 MIN    42
2022 05 07 00 02 MAX   151
2022 05 07 06 01 MIN    62
2022 05 07 11 37 MAX   120
2022 05 07 17 59 MIN    55
2022 05 08 00 51 MAX   140
2022 05 08 06 59 MIN    72
2022 05 08 12 38 MAX   110
2022 05 08 19 07 MIN    66
2022 05 09 02 03 MAX   133
2022 05 09 08 38 MIN    77
2022 05 09 14 57 MAX   106
2022 05 09 20 48 MIN    71
2022 05 10 03 37 MAX   132
2022 05 10 10 24 MIN    71
2022 05 10 16 41 MAX   117
2022 05 10 22 20 MIN    65
2022 05 11 04 53 MAX   139
2022 05 11 11 20 MIN    58
2022 05 11 17 39 MAX   133
2022 05 11 23 24 MIN    53
2022 05 12 05 46 MAX   150
2022 05 12 11 58 MIN    42
2022 05 12 18 24 MAX   151
2022 05 13 00 13 MIN    38
2022 05 13 06 30 MAX   161
2022 05 13 12 32 MIN    26
2022 05 13 19 06 MAX   170
2022 05 14 00 57 MIN    24
2022 05 14 07 10 MAX   172
2022 05 14 13 07 MIN    10
2022 05 14 19 48 MAX   187
2022 05 15 01 39 MIN    11
2022 05 15 07 50 MAX   179
2022 05 15 13 44 MIN    -2
2022 05 15 20 30 MAX   200
2022 05 16 02 22 MIN     4
2022 05 16 08 30 MAX   183
2022 05 16 14 24 MIN   -10
2022 05 16 21 14 MAX   208
2022 05 17 03 06 MIN     2
2022 05 17 09 11 MAX   181
2022 05 17 15 04 MIN   -11
2022 05 17 21 58 MAX   209
2022 05 18 03 51 MIN     7
2022 05 18 09 54 MAX   174
2022 05 18 15 48 MIN    -5
2022 05 18 22 44 MAX   202
2022 05 19 04 39 MIN    18
2022 05 19 10 38 MAX   163
2022 05 19 16 33 MIN     7
2022 05 19 23 32 MAX   191
2022 05 20 05 30 MIN    32
2022 05 20 11 27 MAX   149
2022 05 20 17 23 MIN    23
2022 05 21 00 24 MAX   176
2022 05 21 06 29 MIN    46
2022 05 21 12 26 MAX   135
2022 05 21 18 20 MIN    40
2022 05 22 01 25 MAX   161
2022 05 22 07 39 MIN    57
2022 05 22 13 44 MAX   126
2022 05 22 19 29 MIN    55
2022 05 23 02 39 MAX   151
2022 05 23 09 02 MIN    60
2022 05 23 15 15 MAX   127
2022 05 23 20 52 MIN    64
2022 05 24 03 58 MAX   146
2022 05 24 10 19 MIN    56
2022 05 24 16 33 MAX   135
2022 05 24 22 16 MIN    64
2022 05 25 05 06 MAX   148
2022 05 25 11 16 MIN    49
2022 05 25 17 34 MAX   147
2022 05 25 23 24 MIN    59
2022 05 26 05 58 MAX   151
2022 05 26 11 59 MIN    40
2022 05 26 18 23 MAX   160
2022 05 27 00 16 MIN    52
2022 05 27 06 41 MAX   154
2022 05 27 12 37 MIN    33
2022 05 27 19 07 MAX   171
2022 05 28 01 00 MIN    45
2022 05 28 07 18 MAX   157
2022 05 28 13 13 MIN    27
2022 05 28 19 46 MAX   179
2022 05 29 01 38 MIN    40
2022 05 29 07 50 MAX   158
2022 05 29 13 47 MIN    23
2022 05 29 20 23 MAX   185
2022 05 30 02 15 MIN    37
2022 05 30 08 20 MAX   158
2022 05 30 14 19 MIN    22
2022 05 30 20 58 MAX   188
2022 05 31 02 49 MIN    36
2022 05 31 08 48 MAX   158
2022 05 31 14 51 MIN    22
2022 05 31 21 31 MAX   188
2022 06 01 03 23 MIN    37
2022 06 01 09 17 MAX   156
2022 06 01 15 22 MIN    25
2022 06 01 22 03 MAX   186
2022 06 02 03 56 MIN    40
2022 06 02 09 46 MAX   153
2022 06 02 15 54 MIN    29
2022 06 02 22 36 MAX   181
2022 06 03 04 30 MIN    45
2022 06 03 10 17 MAX   147
2022 06 03 16 28 MIN    35
2022 06 03 23 10 MAX   175
2022 06 04 05 07 MIN    52
2022 06 04 10 53 MAX   140
2022 06 04 17 05 MIN    44
2022 06 04 23 47 MAX   167
2022 06 05 05 48 MIN    59
2022 06 05 11 37 MAX   132
2022 06 05 17 49 MIN    53
2022 06 06 00 30 MAX   158
2022 06 06 06 37 MIN    65
2022 06 06 12 37 MAX   125
2022 06 06 18 44 MIN    62
2022 06 07 01 22 MAX   151
2022 06 07 07 39 MIN    69
2022 06 07 14 02 MAX   123
2022 06 07 19 54 MIN    68
2022 06 08 02 27 MAX   147
2022 06 08 08 51 MIN    67
2022 06 08 15 30 MAX   128
2022 06 08 21 14 MIN    69
2022 06 09 03 36 MAX   147
2022 06 09 09 58 MIN    59
2022 06 09 16 42 MAX   141
2022 06 09 22 28 MIN    63
2022 06 10 04 40 MAX   152
2022 06 10 10 52 MIN    47
2022 06 10 17 40 MAX   157
2022 06 10 23 31 MIN    52
2022 06 11 05 36 MAX   159
2022 06 11 11 41 MIN    34
2022 06 11 18 32 MAX   174
2022 06 12 00 26 MIN    41
2022 06 12 06 28 MAX   167
2022 06 12 12 28 MIN    21
2022 06 12 19 23 MAX   191
2022 06 13 01 17 MIN    30
2022 06 13 07 18 MAX   174
2022 06 13 13 15 MIN    10
2022 06 13 20 13 MAX   205
2022 06 14 02 08 MIN    23
2022 06 14 08 07 MAX   178
2022 06 14 14 03 MIN     3
2022 06 14 21 02 MAX   213
2022 06 15 02 56 MIN    19
2022 06 15 08 55 MAX   179
2022 06 15 14 51 MIN     2
2022 06 15 21 51 MAX   216
2022 06 16 03 45 MIN    20
2022 06 16 09 44 MAX   176
2022 06 16 15 40 MIN     5
2022 06 16 22 38 MAX   213
2022 06 17 04 34 MIN    26
2022 06 17 10 34 MAX   170
2022 06 17 16 29 MIN    14
2022 06 17 23 26 MAX   204
2022 06 18 05 23 MIN    34
2022 06 18 11 25 MAX   161
2022 06 18 17 18 MIN    27
2022 06 19 00 13 MAX   191
2022 06 19 06 14 MIN    43
2022 06 19 12 21 MAX   153
2022 06 19 18 08 MIN    41
2022 06 20 01 01 MAX   177
2022 06 20 07 09 MIN    52
2022 06 20 13 22 MAX   146
2022 06 20 19 03 MIN    56
2022 06 21 01 54 MAX   162
2022 06 21 08 10 MIN    59
2022 06 21 14 31 MAX   142
2022 06 21 20 07 MIN    69
2022 06 22 02 54 MAX   151
2022 06 22 09 16 MIN    62
2022 06 22 15 44 MAX   144
2022 06 22 21 21 MIN    77
2022 06 23 04 00 MAX   144
2022 06 23 10 19 MIN    61
2022 06 23 16 52 MAX   150
2022 06 23 22 40 MIN    79
2022 06 24 05 04 MAX   142
2022 06 24 11 14 MIN    57
2022 06 24 17 52 MAX   158
2022 06 24 23 47 MIN    75
2022 06 25 05 58 MAX   143
2022 06 25 12 01 MIN    53
2022 06 25 18 42 MAX   167
2022 06 26 00 40 MIN    69
2022 06 26 06 42 MAX   146
2022 06 26 12 44 MIN    48
2022 06 26 19 27 MAX   176
2022 06 27 01 23 MIN    63
2022 06 27 07 20 MAX   150
2022 06 27 13 23 MIN    44
2022 06 27 20 06 MAX   183
2022 06 28 02 02 MIN    58
2022 06 28 07 54 MAX   154
2022 06 28 13 59 MIN    40
2022 06 28 20 42 MAX   189
2022 06 29 02 37 MIN    53
2022 06 29 08 27 MAX   157
2022 06 29 14 34 MIN    37
2022 06 29 21 16 MAX   192
2022 06 30 03 11 MIN    50
2022 06 30 09 01 MAX   160
2022 06 30 15 08 MIN    35
2022 06 30 21 49 MAX   193
2022 07 01 03 44 MIN    49
2022 07 01 09 35 MAX   160
2022 07 01 15 42 MIN    35
2022 07 01 22 22 MAX   192
2022 07 02 04 17 MIN    50
2022 07 02 10 11 MAX   158
2022 07 02 16 16 MIN    38
2022 07 02 22 55 MAX   189
2022 07 03 04 51 MIN    52
2022 07 03 10 49 MAX   155
2022 07 03 16 52 MIN    43
2022 07 03 23 28 MAX   183
2022 07 04 05 27 MIN    55
2022 07 04 11 31 MAX   150
2022 07 04 17 31 MIN    50
2022 07 05 00 04 MAX   176
2022 07 05 06 06 MIN    58
2022 07 05 12 19 MAX   145
2022 07 05 18 16 MIN    58
2022 07 06 00 44 MAX   168
2022 07 06 06 51 MIN    61
2022 07 06 13 16 MAX   142
2022 07 06 19 09 MIN    66
2022 07 07 01 31 MAX   161
2022 07 07 07 45 MIN    62
2022 07 07 14 26 MAX   143
2022 07 07 20 17 MIN    73
2022 07 08 02 31 MAX   155
2022 07 08 08 47 MIN    60
2022 07 08 15 45 MAX   149
2022 07 08 21 37 MIN    75
2022 07 09 03 42 MAX   152
2022 07 09 09 53 MIN    55
2022 07 09 17 01 MAX   161
2022 07 09 22 57 MIN    71
2022 07 10 04 53 MAX   155
2022 07 10 10 58 MIN    47
2022 07 10 18 10 MAX   176
2022 07 11 00 08 MIN    62
2022 07 11 05 59 MAX   161
2022 07 11 12 01 MIN    38
2022 07 11 19 11 MAX   192
2022 07 12 01 08 MIN    50
2022 07 12 06 59 MAX   169
2022 07 12 13 00 MIN    27
2022 07 12 20 07 MAX   207
2022 07 13 02 02 MIN    40
2022 07 13 07 56 MAX   176
2022 07 13 13 55 MIN    19
2022 07 13 20 57 MAX   219
2022 07 14 02 51 MIN    32
2022 07 14 08 48 MAX   182
2022 07 14 14 46 MIN    13
2022 07 14 21 44 MAX   225
2022 07 15 03 37 MIN    28
2022 07 15 09 39 MAX   185
2022 07 15 15 33 MIN    13
2022 07 15 22 28 MAX   224
2022 07 16 04 21 MIN    28
2022 07 16 10 26 MAX   184
2022 07 16 16 18 MIN    18
2022 07 16 23 09 MAX   216
2022 07 17 05 03 MIN    33
2022 07 17 11 13 MAX   180
2022 07 17 17 01 MIN    29
2022 07 17 23 48 MAX   203
2022 07 18 05 45 MIN    40
2022 07 18 11 59 MAX   172
2022 07 18 17 44 MIN    43
2022 07 19 00 25 MAX   187
2022 07 19 06 28 MIN    50
2022 07 19 12 47 MAX   164
2022 07 19 18 27 MIN    59
2022 07 20 01 02 MAX   169
2022 07 20 07 15 MIN    60
2022 07 20 13 41 MAX   155
2022 07 20 19 17 MIN    76
2022 07 21 01 44 MAX   153
2022 07 21 08 09 MIN    69
2022 07 21 14 47 MAX   149
2022 07 21 20 22 MIN    90
2022 07 22 02 41 MAX   140
2022 07 22 09 15 MIN    75
2022 07 22 16 06 MAX   148
2022 07 22 21 54 MIN    98
2022 07 23 04 04 MAX   134
2022 07 23 10 28 MIN    77
2022 07 23 17 24 MAX   154
2022 07 23 23 32 MIN    96
2022 07 24 05 24 MAX   135
2022 07 24 11 34 MIN    74
2022 07 24 18 28 MAX   163
2022 07 25 00 37 MIN    88
2022 07 25 06 21 MAX   140
2022 07 25 12 27 MIN    68
2022 07 25 19 16 MAX   173
2022 07 26 01 20 MIN    80
2022 07 26 07 05 MAX   148
2022 07 26 13 11 MIN    60
2022 07 26 19 56 MAX   183
2022 07 27 01 55 MIN    71
2022 07 27 07 43 MAX   156
2022 07 27 13 49 MIN    53
2022 07 27 20 31 MAX   191
2022 07 28 02 28 MIN    63
2022 07 28 08 18 MAX   163
2022 07 28 14 24 MIN    45
2022 07 28 21 03 MAX   198
2022 07 29 02 58 MIN    56
2022 07 29 08 53 MAX   169
2022 07 29 14 57 MIN    40
2022 07 29 21 35 MAX   202
2022 07 30 03 28 MIN    51
2022 07 30 09 28 MAX   173
2022 07 30 15 28 MIN    36
2022 07 30 22 05 MAX   203
2022 07 31 03 57 MIN    48
2022 07 31 10 04 MAX   174
2022 07 31 16 00 MIN    36
2022 07 31 22 34 MAX   201
2022 08 01 04 27 MIN    46
2022 08 01 10 39 MAX   173
2022 08 01 16 33 MIN    39
2022 08 01 23 04 MAX   196
2022 08 02 04 58 MIN    47
2022 08 02 11 16 MAX   170
2022 08 02 17 08 MIN    45
2022 08 02 23 34 MAX   189
2022 08 03 05 31 MIN    49
2022 08 03 11 55 MAX   166
2022 08 03 17 47 MIN    54
2022 08 04 00 07 MAX   179
2022 08 04 06 08 MIN    53
2022 08 04 12 39 MAX   161
2022 08 04 18 34 MIN    66
2022 08 05 00 47 MAX   168
2022 08 05 06 54 MIN    58
2022 08 05 13 36 MAX   156
2022 08 05 19 34 MIN    78
2022 08 06 01 40 MAX   156
2022 08 06 07 52 MIN    63
2022 08 06 14 58 MAX   154
2022 08 06 21 00 MIN    88
2022 08 07 02 57 MAX   147
2022 08 07 09 07 MIN    67
2022 08 07 16 40 MAX   160
2022 08 07 22 46 MIN    87
2022 08 08 04 30 MAX   147
2022 08 08 10 34 MIN    64
2022 08 08 18 07 MAX   175
2022 08 09 00 11 MIN    76
2022 08 09 05 52 MAX   155
2022 08 09 11 54 MIN    54
2022 08 09 19 12 MAX   193
2022 08 10 01 11 MIN    61
2022 08 10 06 58 MAX   167
2022 08 10 12 59 MIN    41
2022 08 10 20 04 MAX   210
2022 08 11 01 58 MIN    47
2022 08 11 07 54 MAX   181
2022 08 11 13 52 MIN    28
2022 08 11 20 49 MAX   223
2022 08 12 02 41 MIN    35
2022 08 12 08 43 MAX   192
2022 08 12 14 38 MIN    19
2022 08 12 21 30 MAX   229
2022 08 13 03 20 MIN    28
2022 08 13 09 29 MAX   199
2022 08 13 15 20 MIN    16
2022 08 13 22 08 MAX   228
2022 08 14 03 58 MIN    26
2022 08 14 10 11 MAX   200
2022 08 14 15 59 MIN    20
2022 08 14 22 43 MAX   219
2022 08 15 04 34 MIN    29
2022 08 15 10 51 MAX   197
2022 08 15 16 37 MIN    30
2022 08 15 23 14 MAX   205
2022 08 16 05 09 MIN    37
2022 08 16 11 30 MAX   188
2022 08 16 17 13 MIN    44
2022 08 16 23 43 MAX   188
2022 08 17 05 45 MIN    48
2022 08 17 12 09 MAX   177
2022 08 17 17 50 MIN    62
2022 08 18 00 09 MAX   169
2022 08 18 06 21 MIN    61
2022 08 18 12 52 MAX   164
2022 08 18 18 30 MIN    80
2022 08 19 00 35 MAX   152
2022 08 19 07 01 MIN    74
2022 08 19 13 45 MAX   152
2022 08 19 19 22 MIN    98
2022 08 20 01 08 MAX   137
2022 08 20 08 00 MIN    86
2022 08 20 15 09 MAX   145
2022 08 20 21 02 MIN   110
2022 08 21 02 42 MAX   126
2022 08 21 09 39 MIN    92
2022 08 21 17 01 MAX   148
2022 08 21 23 46 MIN   107
2022 08 22 05 12 MAX   127
2022 08 22 11 17 MIN    89
2022 08 22 18 19 MAX   158
2022 08 23 00 43 MIN    95
2022 08 23 06 19 MAX   137
2022 08 23 12 20 MIN    79
2022 08 23 19 06 MAX   171
2022 08 24 01 16 MIN    84
2022 08 24 07 01 MAX   149
2022 08 24 13 03 MIN    68
2022 08 24 19 42 MAX   183
2022 08 25 01 44 MIN    72
2022 08 25 07 36 MAX   161
2022 08 25 13 37 MIN    57
2022 08 25 20 14 MAX   193
2022 08 26 02 12 MIN    62
2022 08 26 08 10 MAX   172
2022 08 26 14 09 MIN    46
2022 08 26 20 43 MAX   201
2022 08 27 02 38 MIN    52
2022 08 27 08 43 MAX   181
2022 08 27 14 39 MIN    37
2022 08 27 21 11 MAX   207
2022 08 28 03 04 MIN    44
2022 08 28 09 16 MAX   187
2022 08 28 15 10 MIN    32
2022 08 28 21 39 MAX   209
2022 08 29 03 30 MIN    38
2022 08 29 09 49 MAX   191
2022 08 29 15 40 MIN    29
2022 08 29 22 06 MAX   207
2022 08 30 03 57 MIN    34
2022 08 30 10 22 MAX   191
2022 08 30 16 12 MIN    32
2022 08 30 22 34 MAX   202
2022 08 31 04 26 MIN    34
2022 08 31 10 56 MAX   188
2022 08 31 16 46 MIN    39
2022 08 31 23 04 MAX   193
2022 09 01 04 58 MIN    37
2022 09 01 11 32 MAX   182
2022 09 01 17 24 MIN    50
2022 09 01 23 35 MAX   180
2022 09 02 05 33 MIN    44
2022 09 02 12 13 MAX   173
2022 09 02 18 08 MIN    66
2022 09 03 00 12 MAX   165
2022 09 03 06 15 MIN    55
2022 09 03 13 06 MAX   163
2022 09 03 19 09 MIN    84
2022 09 04 01 03 MAX   148
2022 09 04 07 14 MIN    68
2022 09 04 14 36 MAX   154
2022 09 04 20 52 MIN    97
2022 09 05 02 38 MAX   136
2022 09 05 08 43 MIN    77
2022 09 05 16 46 MAX   159
2022 09 05 23 07 MIN    92
2022 09 06 04 41 MAX   138
2022 09 06 10 39 MIN    75
2022 09 06 18 12 MAX   175
2022 09 07 00 21 MIN    76
2022 09 07 06 04 MAX   153
2022 09 07 12 03 MIN    61
2022 09 07 19 08 MAX   194
2022 09 08 01 07 MIN    58
2022 09 08 07 02 MAX   171
2022 09 08 12 59 MIN    45
2022 09 08 19 52 MAX   209
2022 09 09 01 46 MIN    42
2022 09 09 07 49 MAX   188
2022 09 09 13 43 MIN    31
2022 09 09 20 31 MAX   220
2022 09 10 02 21 MIN    29
2022 09 10 08 32 MAX   201
2022 09 10 14 23 MIN    21
2022 09 10 21 06 MAX   223
2022 09 11 02 55 MIN    21
2022 09 11 09 11 MAX   209
2022 09 11 15 00 MIN    18
2022 09 11 21 39 MAX   220
2022 09 12 03 29 MIN    19
2022 09 12 09 49 MAX   210
2022 09 12 15 36 MIN    21
2022 09 12 22 09 MAX   211
2022 09 13 04 01 MIN    22
2022 09 13 10 25 MAX   206
2022 09 13 16 10 MIN    30
2022 09 13 22 37 MAX   197
2022 09 14 04 32 MIN    31
2022 09 14 10 59 MAX   196
2022 09 14 16 43 MIN    45
2022 09 14 23 00 MAX   180
2022 09 15 05 01 MIN    43
2022 09 15 11 33 MAX   183
2022 09 15 17 16 MIN    61
2022 09 15 23 20 MAX   163
2022 09 16 05 31 MIN    57
2022 09 16 12 08 MAX   169
2022 09 16 17 51 MIN    79
2022 09 16 23 38 MAX   148
2022 09 17 06 02 MIN    72
2022 09 17 12 51 MAX   154
2022 09 17 18 34 MIN    96
2022 09 17 23 58 MAX   133
2022 09 18 06 46 MIN    86
2022 09 18 14 03 MAX   143
2022 09 18 20 05 MIN   110
2022 09 19 00 43 MAX   119
2022 09 19 08 36 MIN    97
2022 09 19 16 20 MAX   142
2022 09 19 23 52 MIN   105
2022 09 20 05 12 MAX   121
2022 09 20 10 54 MIN    93
2022 09 20 17 53 MAX   153
2022 09 21 00 29 MIN    92
2022 09 21 06 12 MAX   135
2022 09 21 12 01 MIN    81
2022 09 21 18 40 MAX   166
2022 09 22 00 56 MIN    78
2022 09 22 06 49 MAX   150
2022 09 22 12 42 MIN    68
2022 09 22 19 14 MAX   178
2022 09 23 01 20 MIN    65
2022 09 23 07 21 MAX   164
2022 09 23 13 15 MIN    54
2022 09 23 19 43 MAX   189
2022 09 24 01 44 MIN    52
2022 09 24 07 52 MAX   177
2022 09 24 13 45 MIN    41
2022 09 24 20 11 MAX   198
2022 09 25 02 08 MIN    40
2022 09 25 08 24 MAX   189
2022 09 25 14 15 MIN    31
2022 09 25 20 39 MAX   203
2022 09 26 02 32 MIN    30
2022 09 26 08 56 MAX   198
2022 09 26 14 46 MIN    23
2022 09 26 21 07 MAX   206
2022 09 27 02 58 MIN    21
2022 09 27 09 29 MAX   203
2022 09 27 15 18 MIN    20
2022 09 27 21 36 MAX   204
2022 09 28 03 27 MIN    17
2022 09 28 10 03 MAX   204
2022 09 28 15 52 MIN    23
2022 09 28 22 06 MAX   198
2022 09 29 03 57 MIN    17
2022 09 29 10 38 MAX   200
2022 09 29 16 29 MIN    32
2022 09 29 22 38 MAX   187
2022 09 30 04 30 MIN    24
2022 09 30 11 17 MAX   191
2022 09 30 17 10 MIN    46
2022 09 30 23 12 MAX   171
2022 10 01 05 08 MIN    35
2022 10 01 12 00 MAX   178
2022 10 01 17 58 MIN    65
2022 10 01 23 52 MAX   153
2022 10 02 05 53 MIN    51
2022 10 02 12 59 MAX   163
2022 10 02 19 07 MIN    83
2022 10 03 00 53 MAX   135
2022 10 03 06 57 MIN    68
2022 10 03 14 41 MAX   153
2022 10 03 21 17 MIN    92
2022 10 04 02 59 MAX   125
2022 10 04 08 48 MIN    79
2022 10 04 16 44 MAX   158
2022 10 04 23 14 MIN    81
2022 10 05 04 57 MAX   135
2022 10 05 10 48 MIN    73
2022 10 05 17 58 MAX   173
2022 10 06 00 09 MIN    63
2022 10 06 06 04 MAX   154
2022 10 06 11 58 MIN    59
2022 10 06 18 47 MAX   187
2022 10 07 00 48 MIN    46
2022 10 07 06 52 MAX   173
2022 10 07 12 45 MIN    43
2022 10 07 19 27 MAX   198
2022 10 08 01 21 MIN    31
2022 10 08 07 34 MAX   190
2022 10 08 13 25 MIN    31
2022 10 08 20 03 MAX   205
2022 10 09 01 54 MIN    20
2022 10 09 08 12 MAX   202
2022 10 09 14 02 MIN    22
2022 10 09 20 36 MAX   206
2022 10 10 02 26 MIN    13
2022 10 10 08 50 MAX   209
2022 10 10 14 38 MIN    20
2022 10 10 21 06 MAX   202
2022 10 11 02 57 MIN    12
2022 10 11 09 25 MAX   210
2022 10 11 15 12 MIN    23
2022 10 11 21 34 MAX   193
2022 10 12 03 28 MIN    16
2022 10 12 09 59 MAX   205
2022 10 12 15 46 MIN    31
2022 10 12 21 59 MAX   181
2022 10 13 03 57 MIN    24
2022 10 13 10 32 MAX   196
2022 10 13 16 18 MIN    42
2022 10 13 22 22 MAX   168
2022 10 14 04 25 MIN    35
2022 10 14 11 04 MAX   184
2022 10 14 16 51 MIN    56
2022 10 14 22 42 MAX   154
2022 10 15 04 53 MIN    48
2022 10 15 11 37 MAX   170
2022 10 15 17 26 MIN    71
2022 10 15 23 03 MAX   141
2022 10 16 05 23 MIN    62
2022 10 16 12 15 MAX   156
2022 10 16 18 09 MIN    86
2022 10 16 23 29 MAX   127
2022 10 17 06 04 MIN    76
2022 10 17 13 14 MAX   144
2022 10 17 19 27 MIN    98
2022 10 18 00 21 MAX   114
2022 10 18 07 37 MIN    88
2022 10 18 15 03 MAX   138
2022 10 18 22 39 MIN    97
2022 10 19 04 29 MAX   114
2022 10 19 09 56 MIN    89
2022 10 19 16 51 MAX   144
2022 10 19 23 46 MIN    83
2022 10 20 05 39 MAX   129
2022 10 20 11 17 MIN    78
2022 10 20 17 50 MAX   155
2022 10 21 00 16 MIN    69
2022 10 21 06 18 MAX   145
2022 10 21 12 04 MIN    65
2022 10 21 18 28 MAX   166
2022 10 22 00 42 MIN    55
2022 10 22 06 52 MAX   160
2022 10 22 12 41 MIN    50
2022 10 22 19 01 MAX   177
2022 10 23 01 05 MIN    41
2022 10 23 07 25 MAX   175
2022 10 23 13 14 MIN    36
2022 10 23 19 31 MAX   185
2022 10 24 01 30 MIN    27
2022 10 24 07 57 MAX   189
2022 10 24 13 48 MIN    24
2022 10 24 20 02 MAX   192
2022 10 25 01 57 MIN    14
2022 10 25 08 32 MAX   200
2022 10 25 14 22 MIN    16
2022 10 25 20 34 MAX   195
2022 10 26 02 27 MIN     5
2022 10 26 09 09 MAX   208
2022 10 26 14 58 MIN    12
2022 10 26 21 08 MAX   194
2022 10 27 03 00 MIN     0
2022 10 27 09 47 MAX   209
2022 10 27 15 37 MIN    15
2022 10 27 21 43 MAX   187
2022 10 28 03 35 MIN     3
2022 10 28 10 27 MAX   205
2022 10 28 16 19 MIN    25
2022 10 28 22 20 MAX   175
2022 10 29 04 14 MIN    12
2022 10 29 11 10 MAX   194
2022 10 29 17 06 MIN    39
2022 10 29 23 02 MAX   159
2022 10 30 04 58 MIN    26
2022 10 30 12 00 MAX   179
2022 10 30 18 02 MIN    56
2022 10 30 23 52 MAX   141
2022 10 31 05 50 MIN    44
2022 10 31 13 04 MAX   164
2022 10 31 19 19 MIN    71
2022 11 01 01 08 MAX   126
2022 11 01 07 02 MIN    60
2022 11 01 14 35 MAX   154
2022 11 01 21 09 MIN    74
2022 11 02 03 07 MAX   123
2022 11 02 08 45 MIN    69
2022 11 02 16 11 MAX   155
2022 11 02 22 41 MIN    64
2022 11 03 04 41 MAX   135
2022 11 03 10 25 MIN    66
2022 11 03 17 22 MAX   163
2022 11 03 23 36 MIN    50
2022 11 04 05 43 MAX   151
2022 11 04 11 33 MIN    55
2022 11 04 18 13 MAX   171
2022 11 05 00 16 MIN    37
2022 11 05 06 30 MAX   168
2022 11 05 12 22 MIN    44
2022 11 05 18 54 MAX   177
2022 11 06 00 51 MIN    25
2022 11 06 07 12 MAX   182
2022 11 06 13 03 MIN    34
2022 11 06 19 30 MAX   180
2022 11 07 01 25 MIN    16
2022 11 07 07 51 MAX   193
2022 11 07 13 42 MIN    27
2022 11 07 20 03 MAX   180
2022 11 08 01 57 MIN    10
2022 11 08 08 29 MAX   199
2022 11 08 14 18 MIN    25
2022 11 08 20 34 MAX   177
2022 11 09 02 29 MIN     9
2022 11 09 09 05 MAX   200
2022 11 09 14 53 MIN    26
2022 11 09 21 02 MAX   172
2022 11 10 03 01 MIN    12
2022 11 10 09 39 MAX   197
2022 11 10 15 27 MIN    31
2022 11 10 21 29 MAX   164
2022 11 11 03 31 MIN    18
2022 11 11 10 11 MAX   190
2022 11 11 16 01 MIN    38
2022 11 11 21 53 MAX   155
2022 11 12 04 01 MIN    26
2022 11 12 10 44 MAX   181
2022 11 12 16 35 MIN    48
2022 11 12 22 19 MAX   146
2022 11 13 04 32 MIN    36
2022 11 13 11 17 MAX   170
2022 11 13 17 12 MIN    58
2022 11 13 22 49 MAX   135
2022 11 14 05 07 MIN    47
2022 11 14 11 55 MAX   159
2022 11 14 17 56 MIN    69
2022 11 14 23 25 MAX   124
2022 11 15 05 51 MIN    60
2022 11 15 12 44 MAX   147
2022 11 15 18 57 MIN    78
2022 11 16 00 31 MAX   112
2022 11 16 06 59 MIN    71
2022 11 16 13 54 MAX   139
2022 11 16 20 36 MIN    81
2022 11 17 02 56 MAX   109
2022 11 17 08 36 MIN    76
2022 11 17 15 21 MAX   137
2022 11 17 22 18 MIN    74
2022 11 18 04 35 MAX   119
2022 11 18 10 07 MIN    72
2022 11 18 16 35 MAX   142
2022 11 18 23 12 MIN    62
2022 11 19 05 30 MAX   133
2022 11 19 11 11 MIN    62
2022 11 19 17 28 MAX   150
2022 11 19 23 47 MIN    48
2022 11 20 06 13 MAX   150
2022 11 20 11 59 MIN    49
2022 11 20 18 10 MAX   158
2022 11 21 00 17 MIN    33
2022 11 21 06 52 MAX   166
2022 11 21 12 41 MIN    35
2022 11 21 18 48 MAX   167
2022 11 22 00 49 MIN    18
2022 11 22 07 31 MAX   182
2022 11 22 13 22 MIN    23
2022 11 22 19 27 MAX   174
2022 11 23 01 24 MIN     5
2022 11 23 08 11 MAX   195
2022 11 23 14 03 MIN    14
2022 11 23 20 06 MAX   179
2022 11 24 02 01 MIN    -5
2022 11 24 08 53 MAX   204
2022 11 24 14 45 MIN     9
2022 11 24 20 47 MAX   179
2022 11 25 02 42 MIN    -9
2022 11 25 09 37 MAX   208
2022 11 25 15 30 MIN    11
2022 11 25 21 29 MAX   174
2022 11 26 03 25 MIN    -7
2022 11 26 10 22 MAX   205
2022 11 26 16 17 MIN    17
2022 11 26 22 14 MAX   165
2022 11 27 04 10 MIN     1
2022 11 27 11 09 MAX   196
2022 11 27 17 07 MIN    28
2022 11 27 23 02 MAX   153
2022 11 28 05 00 MIN    14
2022 11 28 12 00 MAX   183
2022 11 28 18 03 MIN    39
2022 11 29 00 00 MAX   139
2022 11 29 05 54 MIN    29
2022 11 29 12 57 MAX   169
2022 11 29 19 08 MIN    49
2022 11 30 01 11 MAX   129
2022 11 30 06 58 MIN    44
2022 11 30 14 03 MAX   156
2022 11 30 20 25 MIN    54
2022 12 01 02 37 MAX   126
2022 12 01 08 14 MIN    55
2022 12 01 15 18 MAX   149
2022 12 01 21 44 MIN    51
2022 12 02 04 00 MAX   132
2022 12 02 09 38 MIN    59
2022 12 02 16 30 MAX   147
2022 12 02 22 48 MIN    44
2022 12 03 05 07 MAX   142
2022 12 03 10 55 MIN    57
2022 12 03 17 29 MAX   148
2022 12 03 23 37 MIN    35
2022 12 04 06 03 MAX   155
2022 12 04 11 55 MIN    50
2022 12 04 18 18 MAX   150
2022 12 05 00 19 MIN    27
2022 12 05 06 50 MAX   166
2022 12 05 12 44 MIN    43
2022 12 05 18 59 MAX   152
2022 12 06 00 58 MIN    20
2022 12 06 07 34 MAX   175
2022 12 06 13 26 MIN    37
2022 12 06 19 36 MAX   153
2022 12 07 01 35 MIN    16
2022 12 07 08 13 MAX   182
2022 12 07 14 05 MIN    33
2022 12 07 20 09 MAX   154
2022 12 08 02 09 MIN    13
2022 12 08 08 50 MAX   185
2022 12 08 14 42 MIN    31
2022 12 08 20 40 MAX   153
2022 12 09 02 44 MIN    13
2022 12 09 09 25 MAX   185
2022 12 09 15 16 MIN    31
2022 12 09 21 10 MAX   151
2022 12 10 03 17 MIN    14
2022 12 10 09 58 MAX   183
2022 12 10 15 51 MIN    33
2022 12 10 21 40 MAX   147
2022 12 11 03 50 MIN    18
2022 12 11 10 30 MAX   178
2022 12 11 16 25 MIN    37
2022 12 11 22 11 MAX   142
2022 12 12 04 23 MIN    23
2022 12 12 11 04 MAX   172
2022 12 12 17 00 MIN    42
2022 12 12 22 47 MAX   135
2022 12 13 04 59 MIN    31
2022 12 13 11 39 MAX   163
2022 12 13 17 39 MIN    49
2022 12 13 23 27 MAX   127
2022 12 14 05 39 MIN    40
2022 12 14 12 18 MAX   154
2022 12 14 18 23 MIN    55
2022 12 15 00 20 MAX   118
2022 12 15 06 27 MIN    50
2022 12 15 13 03 MAX   144
2022 12 15 19 17 MIN    59
2022 12 16 01 33 MAX   113
2022 12 16 07 27 MIN    58
2022 12 16 14 00 MAX   137
2022 12 16 20 23 MIN    60
2022 12 17 03 02 MAX   114
2022 12 17 08 43 MIN    63
2022 12 17 15 07 MAX   133
2022 12 17 21 33 MIN    55
2022 12 18 04 21 MAX   123
2022 12 18 10 02 MIN    60
2022 12 18 16 14 MAX   134
2022 12 18 22 32 MIN    45
2022 12 19 05 24 MAX   136
2022 12 19 11 12 MIN    52
2022 12 19 17 14 MAX   139
2022 12 19 23 23 MIN    33
2022 12 20 06 19 MAX   153
2022 12 20 12 10 MIN    41
2022 12 20 18 08 MAX   147
2022 12 21 00 11 MIN    19
2022 12 21 07 09 MAX   170
2022 12 21 13 03 MIN    28
2022 12 21 18 58 MAX   155
2022 12 22 00 58 MIN     6
2022 12 22 07 58 MAX   185
2022 12 22 13 52 MIN    18
2022 12 22 19 47 MAX   162
2022 12 23 01 46 MIN    -5
2022 12 23 08 46 MAX   198
2022 12 23 14 40 MIN    10
2022 12 23 20 36 MAX   166
2022 12 24 02 35 MIN   -12
2022 12 24 09 33 MAX   205
2022 12 24 15 28 MIN     6
2022 12 24 21 25 MAX   167
2022 12 25 03 23 MIN   -14
2022 12 25 10 20 MAX   206
2022 12 25 16 14 MIN     6
2022 12 25 22 14 MAX   164
2022 12 26 04 10 MIN   -10
2022 12 26 11 05 MAX   201
2022 12 26 17 01 MIN    11
2022 12 26 23 03 MAX   158
2022 12 27 04 57 MIN    -1
2022 12 27 11 49 MAX   189
2022 12 27 17 48 MIN    19
2022 12 27 23 54 MAX   150
2022 12 28 05 45 MIN    12
2022 12 28 12 34 MAX   174
2022 12 28 18 39 MIN    28
2022 12 29 00 50 MAX   141
2022 12 29 06 35 MIN    28
2022 12 29 13 21 MAX   158
2022 12 29 19 33 MIN    36
2022 12 30 01 52 MAX   133
2022 12 30 07 31 MIN    44
2022 12 30 14 15 MAX   142
2022 12 30 20 36 MIN    42
2022 12 31 03 04 MAX   129
2022 12 31 08 40 MIN    57
2022 12 31 15 21 MAX   130
2022 12 31 21 45 MIN    45
