<TOPS - 조위예측극치자료>

대상조위관측소 : 목포
위도(WGS84) : N  34도 46분 47초
경도(WGS84) : E 126도 22분 32초
관측기간 : 2022-01-01 00:00:00 ~ 2022-12-31 23:59:00

2021 12 01 04 32 MIN    63
2021 12 01 11 28 MAX   382
2021 12 01 17 05 MIN    76
2021 12 01 23 42 MAX   376
2021 12 02 05 22 MIN    21
2021 12 02 12 26 MAX   424
2021 12 02 17 58 MIN    48
2021 12 03 00 34 MAX   384
2021 12 03 06 07 MIN   -18
2021 12 03 13 20 MAX   460
2021 12 03 18 47 MIN    28
2021 12 04 01 24 MAX   387
2021 12 04 06 52 MIN   -47
2021 12 04 14 12 MAX   485
2021 12 04 19 33 MIN    19
2021 12 05 02 12 MAX   386
2021 12 05 07 35 MIN   -63
2021 12 05 15 03 MAX   498
2021 12 05 20 19 MIN    20
2021 12 06 03 00 MAX   381
2021 12 06 08 19 MIN   -64
2021 12 06 15 53 MAX   499
2021 12 06 21 04 MIN    31
2021 12 07 03 48 MAX   371
2021 12 07 09 03 MIN   -51
2021 12 07 16 43 MAX   488
2021 12 07 21 51 MIN    49
2021 12 08 04 37 MAX   359
2021 12 08 09 49 MIN   -24
2021 12 08 17 32 MAX   467
2021 12 08 22 40 MIN    70
2021 12 09 05 28 MAX   346
2021 12 09 10 38 MIN    11
2021 12 09 18 22 MAX   439
2021 12 09 23 32 MIN    91
2021 12 10 06 22 MAX   333
2021 12 10 11 31 MIN    52
2021 12 10 19 14 MAX   409
2021 12 11 00 30 MIN   108
2021 12 11 07 23 MAX   323
2021 12 11 12 33 MIN    91
2021 12 11 20 10 MAX   380
2021 12 12 01 35 MIN   115
2021 12 12 08 34 MAX   322
2021 12 12 13 46 MIN   122
2021 12 12 21 11 MAX   357
2021 12 13 02 45 MIN   112
2021 12 13 09 49 MAX   332
2021 12 13 15 09 MIN   135
2021 12 13 22 12 MAX   343
2021 12 14 03 48 MIN    98
2021 12 14 10 57 MAX   352
2021 12 14 16 21 MIN   132
2021 12 14 23 07 MAX   335
2021 12 15 04 40 MIN    80
2021 12 15 11 55 MAX   375
2021 12 15 17 19 MIN   121
2021 12 15 23 55 MAX   333
2021 12 16 05 25 MIN    62
2021 12 16 12 43 MAX   395
2021 12 16 18 06 MIN   107
2021 12 17 00 35 MAX   333
2021 12 17 06 04 MIN    46
2021 12 17 13 25 MAX   410
2021 12 17 18 47 MIN    95
2021 12 18 01 12 MAX   336
2021 12 18 06 39 MIN    32
2021 12 18 14 02 MAX   420
2021 12 18 19 23 MIN    85
2021 12 19 01 46 MAX   338
2021 12 19 07 13 MIN    22
2021 12 19 14 38 MAX   426
2021 12 19 19 58 MIN    79
2021 12 20 02 19 MAX   341
2021 12 20 07 45 MIN    14
2021 12 20 15 13 MAX   427
2021 12 20 20 31 MIN    75
2021 12 21 02 54 MAX   342
2021 12 21 08 18 MIN    10
2021 12 21 15 46 MAX   426
2021 12 21 21 04 MIN    75
2021 12 22 03 30 MAX   341
2021 12 22 08 53 MIN     8
2021 12 22 16 20 MAX   422
2021 12 22 21 38 MIN    77
2021 12 23 04 07 MAX   337
2021 12 23 09 29 MIN    11
2021 12 23 16 55 MAX   415
2021 12 23 22 14 MIN    81
2021 12 24 04 47 MAX   332
2021 12 24 10 08 MIN    20
2021 12 24 17 32 MAX   405
2021 12 24 22 53 MIN    85
2021 12 25 05 30 MAX   327
2021 12 25 10 51 MIN    36
2021 12 25 18 12 MAX   392
2021 12 25 23 37 MIN    89
2021 12 26 06 18 MAX   323
2021 12 26 11 39 MIN    58
2021 12 26 18 57 MAX   377
2021 12 27 00 26 MIN    91
2021 12 27 07 16 MAX   323
2021 12 27 12 36 MIN    84
2021 12 27 19 50 MAX   362
2021 12 28 01 25 MIN    89
2021 12 28 08 25 MAX   331
2021 12 28 13 49 MIN   107
2021 12 28 20 51 MAX   349
2021 12 29 02 33 MIN    76
2021 12 29 09 41 MAX   350
2021 12 29 15 16 MIN   114
2021 12 29 21 57 MAX   341
2021 12 30 03 42 MIN    52
2021 12 30 10 54 MAX   379
2021 12 30 16 34 MIN   100
2021 12 30 23 01 MAX   341
2021 12 31 04 44 MIN    21
2021 12 31 12 01 MAX   413
2021 12 31 17 38 MIN    78
2022 01 01 00 03 MAX   347
2022 01 01 05 41 MIN   -10
2022 01 01 13 03 MAX   445
2022 01 01 18 34 MIN    56
2022 01 02 01 00 MAX   354
2022 01 02 06 32 MIN   -37
2022 01 02 13 59 MAX   470
2022 01 02 19 24 MIN    39
2022 01 03 01 54 MAX   362
2022 01 03 07 22 MIN   -55
2022 01 03 14 52 MAX   485
2022 01 03 20 11 MIN    29
2022 01 04 02 46 MAX   369
2022 01 04 08 09 MIN   -62
2022 01 04 15 42 MAX   489
2022 01 04 20 56 MIN    26
2022 01 05 03 35 MAX   372
2022 01 05 08 55 MIN   -57
2022 01 05 16 30 MAX   481
2022 01 05 21 39 MIN    30
2022 01 06 04 24 MAX   371
2022 01 06 09 40 MIN   -40
2022 01 06 17 14 MAX   463
2022 01 06 22 22 MIN    40
2022 01 07 05 11 MAX   367
2022 01 07 10 24 MIN   -10
2022 01 07 17 58 MAX   437
2022 01 07 23 06 MIN    54
2022 01 08 06 00 MAX   358
2022 01 08 11 09 MIN    29
2022 01 08 18 40 MAX   405
2022 01 08 23 50 MIN    70
2022 01 09 06 51 MAX   347
2022 01 09 11 57 MIN    74
2022 01 09 19 22 MAX   371
2022 01 10 00 39 MIN    86
2022 01 10 07 48 MAX   336
2022 01 10 12 53 MIN   117
2022 01 10 20 08 MAX   339
2022 01 11 01 37 MIN    99
2022 01 11 08 52 MAX   330
2022 01 11 14 07 MIN   151
2022 01 11 20 59 MAX   312
2022 01 12 02 43 MIN   104
2022 01 12 10 01 MAX   333
2022 01 12 15 39 MIN   162
2022 01 12 21 56 MAX   295
2022 01 13 03 50 MIN    98
2022 01 13 11 10 MAX   344
2022 01 13 16 55 MIN   153
2022 01 13 22 57 MAX   290
2022 01 14 04 47 MIN    85
2022 01 14 12 10 MAX   362
2022 01 14 17 52 MIN   135
2022 01 14 23 51 MAX   295
2022 01 15 05 35 MIN    69
2022 01 15 13 00 MAX   380
2022 01 15 18 36 MIN   115
2022 01 16 00 39 MAX   306
2022 01 16 06 17 MIN    51
2022 01 16 13 42 MAX   396
2022 01 16 19 14 MIN    96
2022 01 17 01 21 MAX   319
2022 01 17 06 55 MIN    32
2022 01 17 14 20 MAX   410
2022 01 17 19 47 MIN    81
2022 01 18 02 00 MAX   332
2022 01 18 07 31 MIN    14
2022 01 18 14 55 MAX   419
2022 01 18 20 18 MIN    68
2022 01 19 02 39 MAX   343
2022 01 19 08 07 MIN    -1
2022 01 19 15 30 MAX   426
2022 01 19 20 49 MIN    58
2022 01 20 03 17 MAX   351
2022 01 20 08 43 MIN   -13
2022 01 20 16 04 MAX   428
2022 01 20 21 21 MIN    49
2022 01 21 03 56 MAX   356
2022 01 21 09 19 MIN   -18
2022 01 21 16 38 MAX   425
2022 01 21 21 54 MIN    42
2022 01 22 04 36 MAX   358
2022 01 22 09 57 MIN   -13
2022 01 22 17 13 MAX   416
2022 01 22 22 30 MIN    37
2022 01 23 05 18 MAX   358
2022 01 23 10 36 MIN     2
2022 01 23 17 49 MAX   402
2022 01 23 23 08 MIN    37
2022 01 24 06 04 MAX   357
2022 01 24 11 19 MIN    28
2022 01 24 18 29 MAX   382
2022 01 24 23 51 MIN    40
2022 01 25 06 55 MAX   354
2022 01 25 12 08 MIN    64
2022 01 25 19 14 MAX   358
2022 01 26 00 40 MIN    48
2022 01 26 07 56 MAX   353
2022 01 26 13 10 MIN   102
2022 01 26 20 09 MAX   334
2022 01 27 01 41 MIN    56
2022 01 27 09 07 MAX   357
2022 01 27 14 36 MIN   130
2022 01 27 21 16 MAX   315
2022 01 28 02 58 MIN    55
2022 01 28 10 26 MAX   371
2022 01 28 16 13 MIN   128
2022 01 28 22 30 MAX   308
2022 01 29 04 16 MIN    39
2022 01 29 11 45 MAX   396
2022 01 29 17 29 MIN   105
2022 01 29 23 44 MAX   317
2022 01 30 05 24 MIN    12
2022 01 30 12 53 MAX   426
2022 01 30 18 28 MIN    75
2022 01 31 00 49 MAX   335
2022 01 31 06 23 MIN   -18
2022 01 31 13 52 MAX   453
2022 01 31 19 17 MIN    47
2022 02 01 01 46 MAX   356
2022 02 01 07 14 MIN   -44
2022 02 01 14 43 MAX   471
2022 02 01 20 01 MIN    25
2022 02 02 02 37 MAX   375
2022 02 02 08 01 MIN   -60
2022 02 02 15 29 MAX   478
2022 02 02 20 41 MIN    11
2022 02 03 03 24 MAX   389
2022 02 03 08 44 MIN   -62
2022 02 03 16 11 MAX   472
2022 02 03 21 20 MIN     6
2022 02 04 04 09 MAX   396
2022 02 04 09 24 MIN   -48
2022 02 04 16 50 MAX   455
2022 02 04 21 57 MIN     9
2022 02 05 04 53 MAX   395
2022 02 05 10 03 MIN   -21
2022 02 05 17 26 MAX   429
2022 02 05 22 34 MIN    20
2022 02 06 05 35 MAX   386
2022 02 06 10 42 MIN    19
2022 02 06 17 59 MAX   396
2022 02 06 23 10 MIN    37
2022 02 07 06 18 MAX   372
2022 02 07 11 21 MIN    65
2022 02 07 18 30 MAX   361
2022 02 07 23 47 MIN    59
2022 02 08 07 03 MAX   354
2022 02 08 12 04 MIN   113
2022 02 08 19 02 MAX   327
2022 02 09 00 28 MIN    83
2022 02 09 07 54 MAX   336
2022 02 09 12 59 MIN   156
2022 02 09 19 41 MAX   296
2022 02 10 01 20 MIN   105
2022 02 10 08 54 MAX   323
2022 02 10 14 46 MIN   183
2022 02 10 20 36 MAX   272
2022 02 11 02 42 MIN   119
2022 02 11 10 08 MAX   321
2022 02 11 16 39 MIN   173
2022 02 11 21 49 MAX   262
2022 02 12 04 09 MIN   113
2022 02 12 11 31 MAX   333
2022 02 12 17 41 MIN   149
2022 02 12 23 09 MAX   268
2022 02 13 05 12 MIN    94
2022 02 13 12 34 MAX   355
2022 02 13 18 24 MIN   123
2022 02 14 00 14 MAX   288
2022 02 14 06 01 MIN    69
2022 02 14 13 21 MAX   379
2022 02 14 18 59 MIN    98
2022 02 15 01 04 MAX   312
2022 02 15 06 41 MIN    40
2022 02 15 14 00 MAX   400
2022 02 15 19 28 MIN    76
2022 02 16 01 46 MAX   335
2022 02 16 07 17 MIN    11
2022 02 16 14 35 MAX   417
2022 02 16 19 57 MIN    54
2022 02 17 02 26 MAX   356
2022 02 17 07 53 MIN   -13
2022 02 17 15 09 MAX   428
2022 02 17 20 26 MIN    33
2022 02 18 03 05 MAX   374
2022 02 18 08 28 MIN   -31
2022 02 18 15 42 MAX   433
2022 02 18 20 57 MIN    14
2022 02 19 03 45 MAX   387
2022 02 19 09 04 MIN   -38
2022 02 19 16 16 MAX   431
2022 02 19 21 30 MIN    -1
2022 02 20 04 26 MAX   395
2022 02 20 09 40 MIN   -33
2022 02 20 16 50 MAX   421
2022 02 20 22 04 MIN    -9
2022 02 21 05 07 MAX   398
2022 02 21 10 18 MIN   -13
2022 02 21 17 25 MAX   402
2022 02 21 22 40 MIN    -9
2022 02 22 05 51 MAX   394
2022 02 22 11 00 MIN    20
2022 02 22 18 03 MAX   376
2022 02 22 23 19 MIN     3
2022 02 23 06 39 MAX   385
2022 02 23 11 45 MIN    64
2022 02 23 18 45 MAX   345
2022 02 24 00 05 MIN    24
2022 02 24 07 36 MAX   372
2022 02 24 12 43 MIN   112
2022 02 24 19 38 MAX   313
2022 02 25 01 02 MIN    51
2022 02 25 08 45 MAX   362
2022 02 25 14 10 MIN   149
2022 02 25 20 48 MAX   290
2022 02 26 02 24 MIN    71
2022 02 26 10 10 MAX   363
2022 02 26 16 10 MIN   147
2022 02 26 22 15 MAX   284
2022 02 27 04 01 MIN    65
2022 02 27 11 38 MAX   383
2022 02 27 17 27 MIN   115
2022 02 27 23 40 MAX   303
2022 02 28 05 18 MIN    36
2022 02 28 12 48 MAX   414
2022 02 28 18 20 MIN    78
2022 03 01 00 47 MAX   336
2022 03 01 06 17 MIN     1
2022 03 01 13 42 MAX   442
2022 03 01 19 03 MIN    44
2022 03 02 01 40 MAX   369
2022 03 02 07 05 MIN   -30
2022 03 02 14 28 MAX   458
2022 03 02 19 43 MIN    16
2022 03 03 02 28 MAX   396
2022 03 03 07 48 MIN   -48
2022 03 03 15 09 MAX   463
2022 03 03 20 19 MIN    -3
2022 03 04 03 11 MAX   415
2022 03 04 08 26 MIN   -51
2022 03 04 15 46 MAX   454
2022 03 04 20 54 MIN   -12
2022 03 05 03 52 MAX   423
2022 03 05 09 04 MIN   -37
2022 03 05 16 20 MAX   436
2022 03 05 21 27 MIN   -11
2022 03 06 04 32 MAX   421
2022 03 06 09 39 MIN   -10
2022 03 06 16 50 MAX   411
2022 03 06 21 59 MIN    -1
2022 03 07 05 09 MAX   412
2022 03 07 10 14 MIN    26
2022 03 07 17 16 MAX   382
2022 03 07 22 29 MIN    16
2022 03 08 05 46 MAX   395
2022 03 08 10 48 MIN    68
2022 03 08 17 41 MAX   351
2022 03 08 22 59 MIN    39
2022 03 09 06 23 MAX   374
2022 03 09 11 24 MIN   111
2022 03 09 18 08 MAX   321
2022 03 09 23 30 MIN    67
2022 03 10 07 03 MAX   351
2022 03 10 12 06 MIN   153
2022 03 10 18 42 MAX   292
2022 03 11 00 07 MIN    98
2022 03 11 07 53 MAX   330
2022 03 11 13 26 MIN   188
2022 03 11 19 35 MAX   266
2022 03 12 01 05 MIN   128
2022 03 12 09 00 MAX   316
2022 03 12 16 17 MIN   181
2022 03 12 20 50 MAX   251
2022 03 13 03 24 MIN   138
2022 03 13 10 32 MAX   319
2022 03 13 17 18 MIN   156
2022 03 13 22 27 MAX   256
2022 03 14 04 47 MIN   117
2022 03 14 11 58 MAX   341
2022 03 14 17 58 MIN   127
2022 03 14 23 51 MAX   283
2022 03 15 05 38 MIN    85
2022 03 15 12 50 MAX   368
2022 03 15 18 29 MIN    99
2022 03 16 00 44 MAX   317
2022 03 16 06 19 MIN    49
2022 03 16 13 29 MAX   394
2022 03 16 18 58 MIN    68
2022 03 17 01 28 MAX   351
2022 03 17 06 56 MIN    14
2022 03 17 14 05 MAX   414
2022 03 17 19 27 MIN    38
2022 03 18 02 09 MAX   381
2022 03 18 07 32 MIN   -15
2022 03 18 14 40 MAX   427
2022 03 18 19 57 MIN     7
2022 03 19 02 50 MAX   407
2022 03 19 08 08 MIN   -33
2022 03 19 15 15 MAX   431
2022 03 19 20 29 MIN   -19
2022 03 20 03 31 MAX   427
2022 03 20 08 45 MIN   -38
2022 03 20 15 50 MAX   427
2022 03 20 21 02 MIN   -37
2022 03 21 04 12 MAX   437
2022 03 21 09 22 MIN   -28
2022 03 21 16 26 MAX   413
2022 03 21 21 37 MIN   -43
2022 03 22 04 55 MAX   439
2022 03 22 10 01 MIN    -3
2022 03 22 17 03 MAX   391
2022 03 22 22 14 MIN   -35
2022 03 23 05 39 MAX   430
2022 03 23 10 42 MIN    35
2022 03 23 17 42 MAX   361
2022 03 23 22 53 MIN   -12
2022 03 24 06 27 MAX   412
2022 03 24 11 29 MIN    82
2022 03 24 18 26 MAX   329
2022 03 24 23 38 MIN    23
2022 03 25 07 23 MAX   389
2022 03 25 12 29 MIN   130
2022 03 25 19 21 MAX   298
2022 03 26 00 36 MIN    64
2022 03 26 08 33 MAX   369
2022 03 26 14 09 MIN   161
2022 03 26 20 37 MAX   279
2022 03 27 02 09 MIN    94
2022 03 27 10 01 MAX   364
2022 03 27 16 07 MIN   147
2022 03 27 22 14 MAX   283
2022 03 28 03 55 MIN    87
2022 03 28 11 29 MAX   382
2022 03 28 17 13 MIN   112
2022 03 28 23 40 MAX   316
2022 03 29 05 09 MIN    57
2022 03 29 12 33 MAX   409
2022 03 29 18 01 MIN    75
2022 03 30 00 41 MAX   357
2022 03 30 06 04 MIN    23
2022 03 30 13 23 MAX   430
2022 03 30 18 41 MIN    40
2022 03 31 01 30 MAX   394
2022 03 31 06 49 MIN    -3
2022 03 31 14 05 MAX   439
2022 03 31 19 18 MIN    13
2022 04 01 02 14 MAX   422
2022 04 01 07 29 MIN   -17
2022 04 01 14 42 MAX   438
2022 04 01 19 51 MIN    -6
2022 04 02 02 55 MAX   438
2022 04 02 08 06 MIN   -17
2022 04 02 15 15 MAX   427
2022 04 02 20 24 MIN   -15
2022 04 03 03 33 MAX   444
2022 04 03 08 41 MIN    -3
2022 04 03 15 45 MAX   409
2022 04 03 20 55 MIN   -14
2022 04 04 04 09 MAX   441
2022 04 04 09 15 MIN    19
2022 04 04 16 12 MAX   388
2022 04 04 21 24 MIN    -4
2022 04 05 04 44 MAX   430
2022 04 05 09 48 MIN    49
2022 04 05 16 37 MAX   366
2022 04 05 21 52 MIN    12
2022 04 06 05 16 MAX   414
2022 04 06 10 21 MIN    81
2022 04 06 17 02 MAX   343
2022 04 06 22 19 MIN    35
2022 04 07 05 49 MAX   393
2022 04 07 10 55 MIN   115
2022 04 07 17 31 MAX   319
2022 04 07 22 49 MIN    62
2022 04 08 06 25 MAX   371
2022 04 08 11 34 MIN   149
2022 04 08 18 07 MAX   295
2022 04 08 23 23 MIN    94
2022 04 09 07 09 MAX   348
2022 04 09 12 36 MIN   180
2022 04 09 18 57 MAX   272
2022 04 10 00 11 MIN   127
2022 04 10 08 08 MAX   331
2022 04 10 15 25 MIN   183
2022 04 10 20 07 MAX   259
2022 04 11 02 05 MIN   151
2022 04 11 09 28 MAX   326
2022 04 11 16 30 MIN   162
2022 04 11 21 42 MAX   264
2022 04 12 04 03 MIN   135
2022 04 12 10 58 MAX   339
2022 04 12 17 12 MIN   134
2022 04 12 23 14 MAX   292
2022 04 13 05 02 MIN   103
2022 04 13 12 00 MAX   363
2022 04 13 17 46 MIN   101
2022 04 14 00 14 MAX   332
2022 04 14 05 48 MIN    66
2022 04 14 12 46 MAX   387
2022 04 14 18 19 MIN    63
2022 04 15 01 02 MAX   374
2022 04 15 06 29 MIN    31
2022 04 15 13 26 MAX   405
2022 04 15 18 52 MIN    25
2022 04 16 01 46 MAX   412
2022 04 16 07 08 MIN     3
2022 04 16 14 05 MAX   416
2022 04 16 19 26 MIN   -11
2022 04 17 02 30 MAX   443
2022 04 17 07 47 MIN   -14
2022 04 17 14 43 MAX   419
2022 04 17 20 00 MIN   -39
2022 04 18 03 13 MAX   465
2022 04 18 08 26 MIN   -16
2022 04 18 15 22 MAX   413
2022 04 18 20 36 MIN   -54
2022 04 19 03 57 MAX   475
2022 04 19 09 05 MIN    -3
2022 04 19 16 02 MAX   398
2022 04 19 21 13 MIN   -54
2022 04 20 04 43 MAX   473
2022 04 20 09 47 MIN    24
2022 04 20 16 43 MAX   377
2022 04 20 21 52 MIN   -37
2022 04 21 05 29 MAX   459
2022 04 21 10 31 MIN    61
2022 04 21 17 27 MAX   351
2022 04 21 22 34 MIN    -5
2022 04 22 06 19 MAX   436
2022 04 22 11 22 MIN   102
2022 04 22 18 16 MAX   325
2022 04 22 23 23 MIN    38
2022 04 23 07 16 MAX   409
2022 04 23 12 29 MIN   139
2022 04 23 19 17 MAX   302
2022 04 24 00 27 MIN    82
2022 04 24 08 24 MAX   387
2022 04 24 14 06 MIN   153
2022 04 24 20 35 MAX   293
2022 04 25 02 03 MIN   109
2022 04 25 09 46 MAX   378
2022 04 25 15 40 MIN   138
2022 04 25 22 09 MAX   308
2022 04 26 03 39 MIN   105
2022 04 26 11 04 MAX   386
2022 04 26 16 42 MIN   108
2022 04 26 23 27 MAX   344
2022 04 27 04 49 MIN    83
2022 04 27 12 04 MAX   400
2022 04 27 17 30 MIN    76
2022 04 28 00 24 MAX   383
2022 04 28 05 43 MIN    59
2022 04 28 12 52 MAX   410
2022 04 28 18 11 MIN    47
2022 04 29 01 12 MAX   416
2022 04 29 06 28 MIN    42
2022 04 29 13 32 MAX   411
2022 04 29 18 47 MIN    23
2022 04 30 01 55 MAX   439
2022 04 30 07 08 MIN    33
2022 04 30 14 08 MAX   405
2022 04 30 19 21 MIN     8
2022 05 01 02 34 MAX   452
2022 05 01 07 45 MIN    35
2022 05 01 14 40 MAX   395
2022 05 01 19 53 MIN     1
2022 05 02 03 12 MAX   455
2022 05 02 08 20 MIN    44
2022 05 02 15 10 MAX   382
2022 05 02 20 23 MIN     3
2022 05 03 03 47 MAX   451
2022 05 03 08 53 MIN    59
2022 05 03 15 37 MAX   369
2022 05 03 20 52 MIN    11
2022 05 04 04 20 MAX   441
2022 05 04 09 27 MIN    78
2022 05 04 16 04 MAX   355
2022 05 04 21 20 MIN    25
2022 05 05 04 51 MAX   427
2022 05 05 10 00 MIN    99
2022 05 05 16 34 MAX   341
2022 05 05 21 50 MIN    43
2022 05 06 05 24 MAX   411
2022 05 06 10 36 MIN   122
2022 05 06 17 06 MAX   325
2022 05 06 22 22 MIN    67
2022 05 07 05 59 MAX   393
2022 05 07 11 18 MIN   146
2022 05 07 17 46 MAX   308
2022 05 07 23 00 MIN    94
2022 05 08 06 40 MAX   375
2022 05 08 12 14 MIN   166
2022 05 08 18 35 MAX   293
2022 05 08 23 50 MIN   122
2022 05 09 07 33 MAX   359
2022 05 09 13 44 MIN   175
2022 05 09 19 38 MAX   284
2022 05 10 01 11 MIN   145
2022 05 10 08 37 MAX   350
2022 05 10 15 11 MIN   163
2022 05 10 20 59 MAX   290
2022 05 11 02 59 MIN   145
2022 05 11 09 51 MAX   353
2022 05 11 16 07 MIN   137
2022 05 11 22 26 MAX   316
2022 05 12 04 15 MIN   123
2022 05 12 10 59 MAX   364
2022 05 12 16 53 MIN   102
2022 05 12 23 34 MAX   356
2022 05 13 05 11 MIN    92
2022 05 13 11 54 MAX   380
2022 05 13 17 34 MIN    62
2022 05 14 00 29 MAX   399
2022 05 14 05 59 MIN    62
2022 05 14 12 42 MAX   392
2022 05 14 18 14 MIN    21
2022 05 15 01 19 MAX   439
2022 05 15 06 44 MIN    38
2022 05 15 13 27 MAX   400
2022 05 15 18 54 MIN   -14
2022 05 16 02 08 MAX   471
2022 05 16 07 27 MIN    24
2022 05 16 14 12 MAX   402
2022 05 16 19 33 MIN   -39
2022 05 17 02 56 MAX   492
2022 05 17 08 10 MIN    23
2022 05 17 14 57 MAX   397
2022 05 17 20 13 MIN   -49
2022 05 18 03 44 MAX   501
2022 05 18 08 53 MIN    34
2022 05 18 15 42 MAX   387
2022 05 18 20 54 MIN   -43
2022 05 19 04 33 MAX   498
2022 05 19 09 38 MIN    54
2022 05 19 16 29 MAX   374
2022 05 19 21 38 MIN   -23
2022 05 20 05 22 MAX   484
2022 05 20 10 27 MIN    81
2022 05 20 17 18 MAX   358
2022 05 20 22 25 MIN    10
2022 05 21 06 13 MAX   462
2022 05 21 11 21 MIN   108
2022 05 21 18 11 MAX   342
2022 05 21 23 18 MIN    50
2022 05 22 07 08 MAX   436
2022 05 22 12 25 MIN   129
2022 05 22 19 13 MAX   331
2022 05 23 00 23 MIN    89
2022 05 23 08 09 MAX   412
2022 05 23 13 39 MIN   136
2022 05 23 20 26 MAX   329
2022 05 24 01 43 MIN   117
2022 05 24 09 16 MAX   395
2022 05 24 14 54 MIN   129
2022 05 24 21 46 MAX   343
2022 05 25 03 08 MIN   126
2022 05 25 10 24 MAX   387
2022 05 25 15 59 MIN   110
2022 05 25 22 59 MAX   370
2022 05 26 04 20 MIN   120
2022 05 26 11 22 MAX   384
2022 05 26 16 51 MIN    88
2022 05 26 23 58 MAX   400
2022 05 27 05 18 MIN   109
2022 05 27 12 12 MAX   382
2022 05 27 17 35 MIN    66
2022 05 28 00 48 MAX   425
2022 05 28 06 05 MIN    98
2022 05 28 12 54 MAX   379
2022 05 28 18 15 MIN    49
2022 05 29 01 33 MAX   443
2022 05 29 06 48 MIN    91
2022 05 29 13 31 MAX   374
2022 05 29 18 51 MIN    37
2022 05 30 02 13 MAX   452
2022 05 30 07 27 MIN    89
2022 05 30 14 06 MAX   369
2022 05 30 19 24 MIN    32
2022 05 31 02 51 MAX   455
2022 05 31 08 03 MIN    91
2022 05 31 14 38 MAX   364
2022 05 31 19 56 MIN    32
2022 06 01 03 27 MAX   453
2022 06 01 08 38 MIN    96
2022 06 01 15 09 MAX   360
2022 06 01 20 28 MIN    36
2022 06 02 04 01 MAX   447
2022 06 02 09 13 MIN   104
2022 06 02 15 41 MAX   355
2022 06 02 20 59 MIN    44
2022 06 03 04 33 MAX   439
2022 06 03 09 48 MIN   114
2022 06 03 16 15 MAX   349
2022 06 03 21 32 MIN    55
2022 06 04 05 07 MAX   429
2022 06 04 10 24 MIN   125
2022 06 04 16 52 MAX   341
2022 06 04 22 09 MIN    70
2022 06 05 05 42 MAX   417
2022 06 05 11 04 MIN   137
2022 06 05 17 33 MAX   332
2022 06 05 22 50 MIN    88
2022 06 06 06 20 MAX   404
2022 06 06 11 50 MIN   146
2022 06 06 18 19 MAX   324
2022 06 06 23 39 MIN   109
2022 06 07 07 05 MAX   391
2022 06 07 12 44 MIN   151
2022 06 07 19 16 MAX   322
2022 06 08 00 39 MIN   130
2022 06 08 07 57 MAX   380
2022 06 08 13 48 MIN   146
2022 06 08 20 23 MAX   329
2022 06 09 01 56 MIN   144
2022 06 09 08 57 MAX   372
2022 06 09 14 54 MIN   129
2022 06 09 21 39 MAX   349
2022 06 10 03 21 MIN   141
2022 06 10 10 01 MAX   370
2022 06 10 15 55 MIN   100
2022 06 10 22 51 MAX   382
2022 06 11 04 32 MIN   125
2022 06 11 11 03 MAX   373
2022 06 11 16 49 MIN    64
2022 06 11 23 55 MAX   419
2022 06 12 05 31 MIN   102
2022 06 12 12 00 MAX   378
2022 06 12 17 38 MIN    29
2022 06 13 00 53 MAX   455
2022 06 13 06 23 MIN    82
2022 06 13 12 54 MAX   383
2022 06 13 18 25 MIN    -1
2022 06 14 01 48 MAX   485
2022 06 14 07 12 MIN    68
2022 06 14 13 46 MAX   386
2022 06 14 19 12 MIN   -22
2022 06 15 02 42 MAX   505
2022 06 15 07 59 MIN    61
2022 06 15 14 38 MAX   388
2022 06 15 19 57 MIN   -31
2022 06 16 03 34 MAX   515
2022 06 16 08 46 MIN    62
2022 06 16 15 29 MAX   389
2022 06 16 20 44 MIN   -27
2022 06 17 04 25 MAX   515
2022 06 17 09 33 MIN    69
2022 06 17 16 20 MAX   387
2022 06 17 21 31 MIN   -11
2022 06 18 05 14 MAX   505
2022 06 18 10 21 MIN    81
2022 06 18 17 11 MAX   384
2022 06 18 22 19 MIN    15
2022 06 19 06 03 MAX   486
2022 06 19 11 11 MIN    95
2022 06 19 18 04 MAX   378
2022 06 19 23 10 MIN    50
2022 06 20 06 52 MAX   461
2022 06 20 12 03 MIN   108
2022 06 20 19 01 MAX   373
2022 06 21 00 06 MIN    88
2022 06 21 07 43 MAX   432
2022 06 21 13 00 MIN   117
2022 06 21 20 03 MAX   371
2022 06 22 01 10 MIN   125
2022 06 22 08 36 MAX   404
2022 06 22 14 03 MIN   121
2022 06 22 21 11 MAX   374
2022 06 23 02 25 MIN   152
2022 06 23 09 33 MAX   380
2022 06 23 15 08 MIN   117
2022 06 23 22 20 MAX   385
2022 06 24 03 44 MIN   163
2022 06 24 10 29 MAX   363
2022 06 24 16 07 MIN   107
2022 06 24 23 24 MAX   401
2022 06 25 04 52 MIN   160
2022 06 25 11 24 MAX   353
2022 06 25 16 58 MIN    94
2022 06 26 00 21 MAX   418
2022 06 26 05 47 MIN   151
2022 06 26 12 13 MAX   349
2022 06 26 17 43 MIN    82
2022 06 27 01 11 MAX   433
2022 06 27 06 35 MIN   140
2022 06 27 12 57 MAX   349
2022 06 27 18 24 MIN    72
2022 06 28 01 54 MAX   443
2022 06 28 07 16 MIN   131
2022 06 28 13 36 MAX   352
2022 06 28 19 02 MIN    64
2022 06 29 02 34 MAX   449
2022 06 29 07 54 MIN   123
2022 06 29 14 14 MAX   357
2022 06 29 19 39 MIN    59
2022 06 30 03 11 MAX   452
2022 06 30 08 29 MIN   118
2022 06 30 14 50 MAX   362
2022 06 30 20 13 MIN    55
2022 07 01 03 46 MAX   452
2022 07 01 09 03 MIN   116
2022 07 01 15 26 MAX   365
2022 07 01 20 47 MIN    53
2022 07 02 04 19 MAX   451
2022 07 02 09 35 MIN   116
2022 07 02 16 04 MAX   366
2022 07 02 21 22 MIN    55
2022 07 03 04 52 MAX   447
2022 07 03 10 08 MIN   116
2022 07 03 16 42 MAX   365
2022 07 03 21 59 MIN    60
2022 07 04 05 26 MAX   441
2022 07 04 10 43 MIN   117
2022 07 04 17 23 MAX   363
2022 07 04 22 38 MIN    72
2022 07 05 06 01 MAX   431
2022 07 05 11 21 MIN   117
2022 07 05 18 07 MAX   362
2022 07 05 23 21 MIN    90
2022 07 06 06 39 MAX   417
2022 07 06 12 04 MIN   117
2022 07 06 18 57 MAX   363
2022 07 07 00 11 MIN   114
2022 07 07 07 23 MAX   400
2022 07 07 12 53 MIN   115
2022 07 07 19 55 MAX   368
2022 07 08 01 12 MIN   140
2022 07 08 08 14 MAX   383
2022 07 08 13 53 MIN   110
2022 07 08 21 02 MAX   380
2022 07 09 02 30 MIN   158
2022 07 09 09 13 MAX   368
2022 07 09 15 00 MIN    97
2022 07 09 22 14 MAX   400
2022 07 10 03 57 MIN   159
2022 07 10 10 19 MAX   360
2022 07 10 16 07 MIN    75
2022 07 10 23 26 MAX   427
2022 07 11 05 10 MIN   143
2022 07 11 11 26 MAX   360
2022 07 11 17 09 MIN    48
2022 07 12 00 34 MAX   457
2022 07 12 06 11 MIN   121
2022 07 12 12 30 MAX   367
2022 07 12 18 06 MIN    22
2022 07 13 01 36 MAX   486
2022 07 13 07 04 MIN    99
2022 07 13 13 30 MAX   379
2022 07 13 18 59 MIN    -1
2022 07 14 02 33 MAX   508
2022 07 14 07 53 MIN    81
2022 07 14 14 27 MAX   393
2022 07 14 19 49 MIN   -16
2022 07 15 03 26 MAX   522
2022 07 15 08 38 MIN    69
2022 07 15 15 19 MAX   405
2022 07 15 20 37 MIN   -20
2022 07 16 04 14 MAX   526
2022 07 16 09 22 MIN    63
2022 07 16 16 10 MAX   415
2022 07 16 21 23 MIN   -12
2022 07 17 05 00 MAX   518
2022 07 17 10 05 MIN    64
2022 07 17 17 00 MAX   420
2022 07 17 22 07 MIN    10
2022 07 18 05 44 MAX   499
2022 07 18 10 47 MIN    71
2022 07 18 17 50 MAX   419
2022 07 18 22 53 MIN    45
2022 07 19 06 26 MAX   471
2022 07 19 11 31 MIN    83
2022 07 19 18 40 MAX   413
2022 07 19 23 39 MIN    89
2022 07 20 07 07 MAX   436
2022 07 20 12 17 MIN    99
2022 07 20 19 33 MAX   403
2022 07 21 00 31 MIN   136
2022 07 21 07 49 MAX   399
2022 07 21 13 09 MIN   115
2022 07 21 20 31 MAX   393
2022 07 22 01 37 MIN   177
2022 07 22 08 36 MAX   366
2022 07 22 14 11 MIN   127
2022 07 22 21 34 MAX   388
2022 07 23 03 08 MIN   200
2022 07 23 09 29 MAX   339
2022 07 23 15 20 MIN   130
2022 07 23 22 44 MAX   390
2022 07 24 04 35 MIN   198
2022 07 24 10 30 MAX   325
2022 07 24 16 24 MIN   126
2022 07 24 23 53 MAX   400
2022 07 25 05 40 MIN   184
2022 07 25 11 33 MAX   323
2022 07 25 17 20 MIN   115
2022 07 26 00 50 MAX   415
2022 07 26 06 29 MIN   165
2022 07 26 12 29 MAX   332
2022 07 26 18 09 MIN   101
2022 07 27 01 38 MAX   430
2022 07 27 07 10 MIN   147
2022 07 27 13 16 MAX   345
2022 07 27 18 50 MIN    86
2022 07 28 02 18 MAX   442
2022 07 28 07 44 MIN   132
2022 07 28 13 58 MAX   359
2022 07 28 19 27 MIN    71
2022 07 29 02 55 MAX   452
2022 07 29 08 15 MIN   119
2022 07 29 14 37 MAX   372
2022 07 29 20 01 MIN    57
2022 07 30 03 29 MAX   458
2022 07 30 08 44 MIN   109
2022 07 30 15 15 MAX   382
2022 07 30 20 35 MIN    46
2022 07 31 04 01 MAX   462
2022 07 31 09 13 MIN   100
2022 07 31 15 52 MAX   390
2022 07 31 21 09 MIN    41
2022 08 01 04 32 MAX   461
2022 08 01 09 44 MIN    91
2022 08 01 16 31 MAX   395
2022 08 01 21 44 MIN    42
2022 08 02 05 04 MAX   454
2022 08 02 10 16 MIN    84
2022 08 02 17 11 MAX   398
2022 08 02 22 20 MIN    53
2022 08 03 05 37 MAX   442
2022 08 03 10 50 MIN    79
2022 08 03 17 53 MAX   400
2022 08 03 23 00 MIN    74
2022 08 04 06 12 MAX   424
2022 08 04 11 28 MIN    79
2022 08 04 18 39 MAX   399
2022 08 04 23 45 MIN   105
2022 08 05 06 52 MAX   400
2022 08 05 12 12 MIN    84
2022 08 05 19 32 MAX   398
2022 08 06 00 38 MIN   141
2022 08 06 07 39 MAX   375
2022 08 06 13 05 MIN    92
2022 08 06 20 35 MAX   399
2022 08 07 01 51 MIN   175
2022 08 07 08 38 MAX   352
2022 08 07 14 14 MIN    99
2022 08 07 21 47 MAX   405
2022 08 08 03 35 MIN   186
2022 08 08 09 49 MAX   339
2022 08 08 15 36 MIN    93
2022 08 08 23 08 MAX   423
2022 08 09 05 03 MIN   168
2022 08 09 11 07 MAX   340
2022 08 09 16 53 MIN    72
2022 08 10 00 25 MAX   451
2022 08 10 06 07 MIN   137
2022 08 10 12 21 MAX   358
2022 08 10 17 58 MIN    41
2022 08 11 01 28 MAX   481
2022 08 11 06 58 MIN   104
2022 08 11 13 24 MAX   383
2022 08 11 18 53 MIN    11
2022 08 12 02 23 MAX   506
2022 08 12 07 42 MIN    75
2022 08 12 14 19 MAX   410
2022 08 12 19 42 MIN   -12
2022 08 13 03 12 MAX   521
2022 08 13 08 23 MIN    54
2022 08 13 15 09 MAX   432
2022 08 13 20 26 MIN   -21
2022 08 14 03 56 MAX   523
2022 08 14 09 02 MIN    41
2022 08 14 15 58 MAX   447
2022 08 14 21 08 MIN   -14
2022 08 15 04 38 MAX   511
2022 08 15 09 40 MIN    38
2022 08 15 16 44 MAX   453
2022 08 15 21 48 MIN    10
2022 08 16 05 15 MAX   488
2022 08 16 10 17 MIN    45
2022 08 16 17 29 MAX   450
2022 08 16 22 28 MIN    48
2022 08 17 05 51 MAX   456
2022 08 17 10 54 MIN    60
2022 08 17 18 14 MAX   439
2022 08 17 23 09 MIN    95
2022 08 18 06 25 MAX   418
2022 08 18 11 32 MIN    82
2022 08 18 18 59 MAX   421
2022 08 18 23 52 MIN   145
2022 08 19 07 00 MAX   379
2022 08 19 12 13 MIN   107
2022 08 19 19 49 MAX   401
2022 08 20 00 48 MIN   191
2022 08 20 07 38 MAX   344
2022 08 20 13 05 MIN   134
2022 08 20 20 45 MAX   382
2022 08 21 02 35 MIN   220
2022 08 21 08 28 MAX   316
2022 08 21 14 26 MIN   153
2022 08 21 21 55 MAX   372
2022 08 22 04 28 MIN   213
2022 08 22 09 36 MAX   300
2022 08 22 15 58 MIN   153
2022 08 22 23 20 MAX   377
2022 08 23 05 32 MIN   191
2022 08 23 11 00 MAX   302
2022 08 23 17 05 MIN   138
2022 08 24 00 29 MAX   395
2022 08 24 06 17 MIN   166
2022 08 24 12 12 MAX   321
2022 08 24 17 55 MIN   117
2022 08 25 01 17 MAX   415
2022 08 25 06 52 MIN   143
2022 08 25 13 02 MAX   344
2022 08 25 18 36 MIN    92
2022 08 26 01 55 MAX   433
2022 08 26 07 22 MIN   122
2022 08 26 13 43 MAX   367
2022 08 26 19 11 MIN    69
2022 08 27 02 30 MAX   448
2022 08 27 07 50 MIN   104
2022 08 27 14 22 MAX   388
2022 08 27 19 44 MIN    48
2022 08 28 03 03 MAX   457
2022 08 28 08 16 MIN    86
2022 08 28 14 59 MAX   405
2022 08 28 20 16 MIN    32
2022 08 29 03 34 MAX   461
2022 08 29 08 44 MIN    68
2022 08 29 15 37 MAX   419
2022 08 29 20 50 MIN    25
2022 08 30 04 05 MAX   459
2022 08 30 09 14 MIN    52
2022 08 30 16 16 MAX   428
2022 08 30 21 24 MIN    27
2022 08 31 04 37 MAX   449
2022 08 31 09 45 MIN    41
2022 08 31 16 56 MAX   433
2022 08 31 22 01 MIN    42
2022 09 01 05 10 MAX   432
2022 09 01 10 19 MIN    37
2022 09 01 17 37 MAX   432
2022 09 01 22 39 MIN    68
2022 09 02 05 46 MAX   408
2022 09 02 10 56 MIN    43
2022 09 02 18 22 MAX   426
2022 09 02 23 22 MIN   105
2022 09 03 06 25 MAX   380
2022 09 03 11 38 MIN    59
2022 09 03 19 14 MAX   415
2022 09 04 00 14 MIN   149
2022 09 04 07 13 MAX   350
2022 09 04 12 29 MIN    84
2022 09 04 20 16 MAX   404
2022 09 05 01 29 MIN   187
2022 09 05 08 16 MAX   326
2022 09 05 13 41 MIN   108
2022 09 05 21 33 MAX   401
2022 09 06 03 36 MIN   194
2022 09 06 09 36 MAX   316
2022 09 06 15 22 MIN   111
2022 09 06 23 01 MAX   414
2022 09 07 05 03 MIN   164
2022 09 07 11 06 MAX   330
2022 09 07 16 48 MIN    86
2022 09 08 00 18 MAX   443
2022 09 08 05 58 MIN   125
2022 09 08 12 20 MAX   363
2022 09 08 17 52 MIN    49
2022 09 09 01 16 MAX   473
2022 09 09 06 43 MIN    87
2022 09 09 13 19 MAX   401
2022 09 09 18 43 MIN    14
2022 09 10 02 05 MAX   494
2022 09 10 07 23 MIN    54
2022 09 10 14 09 MAX   434
2022 09 10 19 28 MIN    -9
2022 09 11 02 49 MAX   502
2022 09 11 08 00 MIN    29
2022 09 11 14 55 MAX   458
2022 09 11 20 09 MIN   -16
2022 09 12 03 29 MAX   497
2022 09 12 08 35 MIN    15
2022 09 12 15 40 MAX   472
2022 09 12 20 47 MIN    -5
2022 09 13 04 06 MAX   480
2022 09 13 09 10 MIN    13
2022 09 13 16 23 MAX   474
2022 09 13 21 25 MIN    21
2022 09 14 04 40 MAX   453
2022 09 14 09 43 MIN    22
2022 09 14 17 04 MAX   466
2022 09 14 22 02 MIN    59
2022 09 15 05 11 MAX   421
2022 09 15 10 16 MIN    40
2022 09 15 17 44 MAX   449
2022 09 15 22 39 MIN   102
2022 09 16 05 41 MAX   386
2022 09 16 10 48 MIN    66
2022 09 16 18 24 MAX   426
2022 09 16 23 18 MIN   147
2022 09 17 06 10 MAX   353
2022 09 17 11 21 MIN    97
2022 09 17 19 07 MAX   399
2022 09 18 00 06 MIN   190
2022 09 18 06 46 MAX   322
2022 09 18 12 00 MIN   132
2022 09 18 19 57 MAX   374
2022 09 19 02 10 MIN   219
2022 09 19 07 36 MAX   296
2022 09 19 13 05 MIN   164
2022 09 19 21 02 MAX   357
2022 09 20 04 07 MIN   206
2022 09 20 08 49 MAX   281
2022 09 20 15 31 MIN   170
2022 09 20 22 30 MAX   356
2022 09 21 05 06 MIN   182
2022 09 21 10 28 MAX   287
2022 09 21 16 42 MIN   152
2022 09 21 23 52 MAX   373
2022 09 22 05 48 MIN   156
2022 09 22 11 50 MAX   313
2022 09 22 17 32 MIN   124
2022 09 23 00 41 MAX   396
2022 09 23 06 20 MIN   130
2022 09 23 12 41 MAX   345
2022 09 23 18 11 MIN    94
2022 09 24 01 19 MAX   416
2022 09 24 06 48 MIN   105
2022 09 24 13 21 MAX   377
2022 09 24 18 46 MIN    65
2022 09 25 01 53 MAX   432
2022 09 25 07 14 MIN    78
2022 09 25 14 00 MAX   405
2022 09 25 19 19 MIN    40
2022 09 26 02 26 MAX   441
2022 09 26 07 42 MIN    51
2022 09 26 14 38 MAX   429
2022 09 26 19 53 MIN    23
2022 09 27 02 58 MAX   444
2022 09 27 08 12 MIN    27
2022 09 27 15 17 MAX   447
2022 09 27 20 28 MIN    16
2022 09 28 03 32 MAX   439
2022 09 28 08 43 MIN     7
2022 09 28 15 58 MAX   459
2022 09 28 21 04 MIN    21
2022 09 29 04 07 MAX   426
2022 09 29 09 16 MIN    -3
2022 09 29 16 38 MAX   462
2022 09 29 21 41 MIN    40
2022 09 30 04 43 MAX   406
2022 09 30 09 51 MIN     0
2022 09 30 17 21 MAX   456
2022 09 30 22 21 MIN    70
2022 10 01 05 21 MAX   380
2022 10 01 10 29 MIN    16
2022 10 01 18 08 MAX   441
2022 10 01 23 06 MIN   110
2022 10 02 06 05 MAX   352
2022 10 02 11 11 MIN    45
2022 10 02 19 00 MAX   422
2022 10 03 00 01 MIN   152
2022 10 03 06 57 MAX   324
2022 10 03 12 05 MIN    83
2022 10 03 20 04 MAX   403
2022 10 04 01 28 MIN   184
2022 10 04 08 07 MAX   305
2022 10 04 13 26 MIN   116
2022 10 04 21 24 MAX   395
2022 10 05 03 34 MIN   175
2022 10 05 09 38 MAX   307
2022 10 05 15 18 MIN   117
2022 10 05 22 51 MAX   406
2022 10 06 04 46 MIN   141
2022 10 06 11 07 MAX   336
2022 10 06 16 40 MIN    89
2022 10 07 00 00 MAX   431
2022 10 07 05 35 MIN   101
2022 10 07 12 14 MAX   379
2022 10 07 17 38 MIN    54
2022 10 08 00 53 MAX   452
2022 10 08 06 17 MIN    63
2022 10 08 13 06 MAX   420
2022 10 08 18 26 MIN    25
2022 10 09 01 38 MAX   464
2022 10 09 06 55 MIN    31
2022 10 09 13 53 MAX   452
2022 10 09 19 09 MIN     8
2022 10 10 02 18 MAX   463
2022 10 10 07 31 MIN     9
2022 10 10 14 37 MAX   472
2022 10 10 19 48 MIN     5
2022 10 11 02 55 MAX   452
2022 10 11 08 05 MIN    -3
2022 10 11 15 19 MAX   481
2022 10 11 20 25 MIN    17
2022 10 12 03 29 MAX   432
2022 10 12 08 38 MIN    -3
2022 10 12 15 58 MAX   478
2022 10 12 21 01 MIN    41
2022 10 13 04 00 MAX   407
2022 10 13 09 09 MIN     8
2022 10 13 16 36 MAX   465
2022 10 13 21 37 MIN    71
2022 10 14 04 29 MAX   382
2022 10 14 09 39 MIN    27
2022 10 14 17 12 MAX   446
2022 10 14 22 12 MIN   105
2022 10 15 04 57 MAX   356
2022 10 15 10 09 MIN    53
2022 10 15 17 48 MAX   421
2022 10 15 22 50 MIN   140
2022 10 16 05 27 MAX   331
2022 10 16 10 39 MIN    84
2022 10 16 18 26 MAX   395
2022 10 16 23 35 MIN   173
2022 10 17 06 03 MAX   307
2022 10 17 11 14 MIN   118
2022 10 17 19 10 MAX   370
2022 10 18 01 02 MIN   199
2022 10 18 06 53 MAX   286
2022 10 18 12 03 MIN   153
2022 10 18 20 07 MAX   351
2022 10 19 03 18 MIN   193
2022 10 19 08 05 MAX   273
2022 10 19 14 21 MIN   174
2022 10 19 21 23 MAX   343
2022 10 20 04 18 MIN   173
2022 10 20 09 41 MAX   279
2022 10 20 15 57 MIN   159
2022 10 20 22 46 MAX   352
2022 10 21 05 00 MIN   148
2022 10 21 11 09 MAX   307
2022 10 21 16 52 MIN   131
2022 10 21 23 46 MAX   371
2022 10 22 05 34 MIN   119
2022 10 22 12 05 MAX   345
2022 10 22 17 36 MIN    99
2022 10 23 00 29 MAX   390
2022 10 23 06 04 MIN    86
2022 10 23 12 49 MAX   383
2022 10 23 18 15 MIN    68
2022 10 24 01 06 MAX   404
2022 10 24 06 34 MIN    52
2022 10 24 13 30 MAX   418
2022 10 24 18 52 MIN    42
2022 10 25 01 44 MAX   413
2022 10 25 07 06 MIN    18
2022 10 25 14 11 MAX   447
2022 10 25 19 29 MIN    25
2022 10 26 02 21 MAX   414
2022 10 26 07 39 MIN   -11
2022 10 26 14 54 MAX   468
2022 10 26 20 07 MIN    18
2022 10 27 02 59 MAX   408
2022 10 27 08 14 MIN   -30
2022 10 27 15 37 MAX   479
2022 10 27 20 45 MIN    25
2022 10 28 03 38 MAX   396
2022 10 28 08 50 MIN   -35
2022 10 28 16 21 MAX   479
2022 10 28 21 26 MIN    44
2022 10 29 04 19 MAX   378
2022 10 29 09 28 MIN   -25
2022 10 29 17 07 MAX   468
2022 10 29 22 09 MIN    72
2022 10 30 05 03 MAX   356
2022 10 30 10 09 MIN     0
2022 10 30 17 56 MAX   449
2022 10 30 22 58 MIN   106
2022 10 31 05 52 MAX   334
2022 10 31 10 57 MIN    37
2022 10 31 18 50 MAX   426
2022 10 31 23 58 MIN   139
2022 11 01 06 50 MAX   314
2022 11 01 11 56 MIN    78
2022 11 01 19 54 MAX   404
2022 11 02 01 23 MIN   156
2022 11 02 08 03 MAX   305
2022 11 02 13 20 MIN   110
2022 11 02 21 09 MAX   392
2022 11 03 02 59 MIN   145
2022 11 03 09 32 MAX   316
2022 11 03 14 59 MIN   114
2022 11 03 22 25 MAX   395
2022 11 04 04 09 MIN   116
2022 11 04 10 53 MAX   349
2022 11 04 16 18 MIN    95
2022 11 04 23 30 MAX   407
2022 11 05 05 01 MIN    82
2022 11 05 11 56 MAX   390
2022 11 05 17 17 MIN    71
2022 11 06 00 21 MAX   415
2022 11 06 05 45 MIN    49
2022 11 06 12 46 MAX   426
2022 11 06 18 05 MIN    51
2022 11 07 01 04 MAX   417
2022 11 07 06 24 MIN    22
2022 11 07 13 32 MAX   452
2022 11 07 18 48 MIN    39
2022 11 08 01 44 MAX   411
2022 11 08 07 00 MIN     4
2022 11 08 14 15 MAX   467
2022 11 08 19 27 MIN    38
2022 11 09 02 19 MAX   399
2022 11 09 07 34 MIN    -5
2022 11 09 14 55 MAX   470
2022 11 09 20 05 MIN    46
2022 11 10 02 52 MAX   383
2022 11 10 08 07 MIN    -4
2022 11 10 15 33 MAX   464
2022 11 10 20 41 MIN    61
2022 11 11 03 23 MAX   368
2022 11 11 08 39 MIN     5
2022 11 11 16 09 MAX   452
2022 11 11 21 17 MIN    80
2022 11 12 03 52 MAX   352
2022 11 12 09 09 MIN    21
2022 11 12 16 43 MAX   434
2022 11 12 21 53 MIN   101
2022 11 13 04 21 MAX   337
2022 11 13 09 39 MIN    42
2022 11 13 17 16 MAX   414
2022 11 13 22 30 MIN   124
2022 11 14 04 54 MAX   322
2022 11 14 10 12 MIN    67
2022 11 14 17 51 MAX   393
2022 11 14 23 13 MIN   145
2022 11 15 05 32 MAX   305
2022 11 15 10 49 MIN    96
2022 11 15 18 31 MAX   373
2022 11 16 00 09 MIN   164
2022 11 16 06 20 MAX   290
2022 11 16 11 37 MIN   125
2022 11 16 19 20 MAX   355
2022 11 17 01 29 MIN   172
2022 11 17 07 23 MAX   281
2022 11 17 12 51 MIN   150
2022 11 17 20 20 MAX   344
2022 11 18 02 52 MIN   162
2022 11 18 08 43 MAX   284
2022 11 18 14 36 MIN   155
2022 11 18 21 30 MAX   342
2022 11 19 03 48 MIN   140
2022 11 19 10 08 MAX   306
2022 11 19 15 55 MIN   138
2022 11 19 22 35 MAX   349
2022 11 20 04 33 MIN   109
2022 11 20 11 15 MAX   343
2022 11 20 16 53 MIN   111
2022 11 20 23 29 MAX   360
2022 11 21 05 13 MIN    71
2022 11 21 12 09 MAX   383
2022 11 21 17 41 MIN    81
2022 11 22 00 17 MAX   371
2022 11 22 05 52 MIN    32
2022 11 22 12 58 MAX   422
2022 11 22 18 25 MIN    56
2022 11 23 01 01 MAX   379
2022 11 23 06 31 MIN    -5
2022 11 23 13 44 MAX   453
2022 11 23 19 07 MIN    37
2022 11 24 01 46 MAX   381
2022 11 24 07 10 MIN   -34
2022 11 24 14 31 MAX   475
2022 11 24 19 49 MIN    29
2022 11 25 02 30 MAX   379
2022 11 25 07 50 MIN   -50
2022 11 25 15 18 MAX   485
2022 11 25 20 32 MIN    32
2022 11 26 03 15 MAX   372
2022 11 26 08 31 MIN   -52
2022 11 26 16 07 MAX   485
2022 11 26 21 16 MIN    44
2022 11 27 04 01 MAX   363
2022 11 27 09 15 MIN   -40
2022 11 27 16 55 MAX   474
2022 11 27 22 02 MIN    63
2022 11 28 04 50 MAX   351
2022 11 28 10 00 MIN   -15
2022 11 28 17 46 MAX   456
2022 11 28 22 53 MIN    85
2022 11 29 05 42 MAX   338
2022 11 29 10 51 MIN    20
2022 11 29 18 39 MAX   433
2022 11 29 23 50 MIN   104
2022 11 30 06 42 MAX   327
2022 11 30 11 50 MIN    58
2022 11 30 19 37 MAX   409
2022 12 01 00 56 MIN   115
2022 12 01 07 50 MAX   324
2022 12 01 13 00 MIN    92
2022 12 01 20 40 MAX   389
2022 12 02 02 09 MIN   114
2022 12 02 09 08 MAX   333
2022 12 02 14 22 MIN   111
2022 12 02 21 46 MAX   377
2022 12 03 03 20 MIN    99
2022 12 03 10 23 MAX   356
2022 12 03 15 44 MIN   112
2022 12 03 22 48 MAX   371
2022 12 04 04 19 MIN    76
2022 12 04 11 28 MAX   386
2022 12 04 16 50 MIN   101
2022 12 04 23 41 MAX   367
2022 12 05 05 09 MIN    52
2022 12 05 12 23 MAX   413
2022 12 05 17 43 MIN    89
2022 12 06 00 27 MAX   363
2022 12 06 05 52 MIN    31
2022 12 06 13 11 MAX   432
2022 12 06 18 29 MIN    79
2022 12 07 01 09 MAX   358
2022 12 07 06 31 MIN    16
2022 12 07 13 54 MAX   443
2022 12 07 19 11 MIN    73
2022 12 08 01 46 MAX   352
2022 12 08 07 08 MIN     8
2022 12 08 14 34 MAX   445
2022 12 08 19 50 MIN    72
2022 12 09 02 20 MAX   348
2022 12 09 07 43 MIN     7
2022 12 09 15 12 MAX   441
2022 12 09 20 27 MIN    75
2022 12 10 02 52 MAX   344
2022 12 10 08 16 MIN    10
2022 12 10 15 47 MAX   433
2022 12 10 21 03 MIN    81
2022 12 11 03 24 MAX   339
2022 12 11 08 49 MIN    18
2022 12 11 16 19 MAX   422
2022 12 11 21 38 MIN    89
2022 12 12 03 57 MAX   334
2022 12 12 09 22 MIN    30
2022 12 12 16 51 MAX   410
2022 12 12 22 13 MIN    99
2022 12 13 04 32 MAX   327
2022 12 13 09 58 MIN    45
2022 12 13 17 24 MAX   397
2022 12 13 22 50 MIN   110
2022 12 14 05 11 MAX   317
2022 12 14 10 35 MIN    63
2022 12 14 17 59 MAX   383
2022 12 14 23 30 MIN   120
2022 12 15 05 56 MAX   308
2022 12 15 11 18 MIN    85
2022 12 15 18 40 MAX   368
2022 12 16 00 16 MIN   126
2022 12 16 06 48 MAX   302
2022 12 16 12 10 MIN   108
2022 12 16 19 28 MAX   353
2022 12 17 01 11 MIN   127
2022 12 17 07 52 MAX   303
2022 12 17 13 18 MIN   129
2022 12 17 20 25 MAX   340
2022 12 18 02 16 MIN   117
2022 12 18 09 07 MAX   317
2022 12 18 14 44 MIN   137
2022 12 18 21 28 MAX   333
2022 12 19 03 22 MIN    94
2022 12 19 10 21 MAX   344
2022 12 19 16 05 MIN   125
2022 12 19 22 30 MAX   332
2022 12 20 04 19 MIN    62
2022 12 20 11 27 MAX   378
2022 12 20 17 08 MIN   103
2022 12 20 23 30 MAX   337
2022 12 21 05 12 MIN    26
2022 12 21 12 26 MAX   414
2022 12 21 18 02 MIN    79
2022 12 22 00 25 MAX   345
2022 12 22 06 01 MIN    -9
2022 12 22 13 21 MAX   445
2022 12 22 18 51 MIN    57
2022 12 23 01 17 MAX   353
2022 12 23 06 48 MIN   -37
2022 12 23 14 14 MAX   469
2022 12 23 19 38 MIN    42
2022 12 24 02 09 MAX   360
2022 12 24 07 35 MIN   -56
2022 12 24 15 05 MAX   482
2022 12 24 20 24 MIN    34
2022 12 25 02 59 MAX   365
2022 12 25 08 21 MIN   -62
2022 12 25 15 56 MAX   486
2022 12 25 21 09 MIN    33
2022 12 26 03 49 MAX   367
2022 12 26 09 08 MIN   -56
2022 12 26 16 45 MAX   479
2022 12 26 21 55 MIN    38
2022 12 27 04 40 MAX   367
2022 12 27 09 55 MIN   -37
2022 12 27 17 32 MAX   464
2022 12 27 22 40 MIN    47
2022 12 28 05 32 MAX   363
2022 12 28 10 43 MIN    -7
2022 12 28 18 20 MAX   440
2022 12 28 23 28 MIN    60
2022 12 29 06 27 MAX   357
2022 12 29 11 33 MIN    32
2022 12 29 19 09 MAX   412
2022 12 30 00 19 MIN    73
2022 12 30 07 27 MAX   351
2022 12 30 12 30 MIN    75
2022 12 30 20 00 MAX   381
2022 12 31 01 17 MIN    83
2022 12 31 08 33 MAX   349
2022 12 31 13 38 MIN   114
2022 12 31 20 56 MAX   352
