<TOPS - 조위예측극치자료>

대상조위관측소 : 안흥
위도(WGS84) : N  36도 40분 29초
경도(WGS84) : E 126도 07분 46초
관측기간 : 2022-01-01 00:00:00 ~ 2022-12-31 23:59:00

2021 12 01 00 43 MAX   542
2021 12 01 07 13 MIN   121
2021 12 01 13 22 MAX   563
2021 12 01 19 44 MIN   137
2021 12 02 01 35 MAX   567
2021 12 02 08 01 MIN    69
2021 12 02 14 14 MAX   622
2021 12 02 20 39 MIN   106
2021 12 03 02 22 MAX   586
2021 12 03 08 46 MIN    25
2021 12 03 15 01 MAX   669
2021 12 03 21 30 MIN    86
2021 12 04 03 06 MAX   597
2021 12 04 09 30 MIN    -4
2021 12 04 15 47 MAX   698
2021 12 04 22 18 MIN    79
2021 12 05 03 51 MAX   597
2021 12 05 10 14 MIN   -17
2021 12 05 16 33 MAX   709
2021 12 05 23 06 MIN    83
2021 12 06 04 36 MAX   588
2021 12 06 10 59 MIN   -14
2021 12 06 17 20 MAX   702
2021 12 06 23 54 MIN    97
2021 12 07 05 22 MAX   571
2021 12 07 11 44 MIN     4
2021 12 07 18 08 MAX   682
2021 12 08 00 42 MIN   117
2021 12 08 06 10 MAX   548
2021 12 08 12 30 MIN    34
2021 12 08 18 57 MAX   651
2021 12 09 01 31 MIN   140
2021 12 09 07 01 MAX   522
2021 12 09 13 20 MIN    74
2021 12 09 19 48 MAX   613
2021 12 10 02 24 MIN   164
2021 12 10 07 57 MAX   494
2021 12 10 14 13 MIN   120
2021 12 10 20 43 MAX   570
2021 12 11 03 22 MIN   184
2021 12 11 09 03 MAX   469
2021 12 11 15 17 MIN   166
2021 12 11 21 46 MAX   531
2021 12 12 04 28 MIN   193
2021 12 12 10 22 MAX   457
2021 12 12 16 34 MIN   200
2021 12 12 22 57 MAX   503
2021 12 13 05 38 MIN   186
2021 12 13 11 45 MAX   468
2021 12 13 17 59 MIN   210
2021 12 14 00 07 MAX   491
2021 12 14 06 41 MIN   165
2021 12 14 12 57 MAX   499
2021 12 14 19 12 MIN   200
2021 12 15 01 07 MAX   493
2021 12 15 07 32 MIN   137
2021 12 15 13 53 MAX   536
2021 12 15 20 09 MIN   181
2021 12 16 01 56 MAX   502
2021 12 16 08 15 MIN   111
2021 12 16 14 37 MAX   569
2021 12 16 20 55 MIN   162
2021 12 17 02 36 MAX   513
2021 12 17 08 52 MIN    88
2021 12 17 15 14 MAX   594
2021 12 17 21 34 MIN   149
2021 12 18 03 11 MAX   523
2021 12 18 09 26 MIN    73
2021 12 18 15 48 MAX   610
2021 12 18 22 09 MIN   140
2021 12 19 03 45 MAX   530
2021 12 19 09 59 MIN    63
2021 12 19 16 20 MAX   619
2021 12 19 22 43 MIN   136
2021 12 20 04 19 MAX   533
2021 12 20 10 31 MIN    60
2021 12 20 16 52 MAX   622
2021 12 20 23 16 MIN   135
2021 12 21 04 51 MAX   532
2021 12 21 11 03 MIN    61
2021 12 21 17 23 MAX   620
2021 12 21 23 49 MIN   138
2021 12 22 05 24 MAX   527
2021 12 22 11 36 MIN    65
2021 12 22 17 56 MAX   616
2021 12 23 00 23 MIN   143
2021 12 23 05 57 MAX   519
2021 12 23 12 10 MIN    74
2021 12 23 18 29 MAX   607
2021 12 24 00 58 MIN   151
2021 12 24 06 32 MAX   510
2021 12 24 12 46 MIN    87
2021 12 24 19 05 MAX   595
2021 12 25 01 35 MIN   159
2021 12 25 07 10 MAX   500
2021 12 25 13 26 MIN   106
2021 12 25 19 45 MAX   577
2021 12 26 02 17 MIN   167
2021 12 26 07 58 MAX   489
2021 12 26 14 13 MIN   132
2021 12 26 20 33 MAX   554
2021 12 27 03 06 MIN   172
2021 12 27 08 57 MAX   481
2021 12 27 15 12 MIN   162
2021 12 27 21 30 MAX   530
2021 12 28 04 06 MIN   168
2021 12 28 10 10 MAX   485
2021 12 28 16 26 MIN   186
2021 12 28 22 36 MAX   512
2021 12 29 05 13 MIN   152
2021 12 29 11 30 MAX   508
2021 12 29 17 51 MIN   194
2021 12 29 23 46 MAX   506
2021 12 30 06 21 MIN   122
2021 12 30 12 44 MAX   548
2021 12 30 19 11 MIN   180
2021 12 31 00 53 MAX   514
2021 12 31 07 23 MIN    84
2021 12 31 13 49 MAX   595
2021 12 31 20 19 MIN   156
2022 01 01 01 53 MAX   529
2022 01 01 08 19 MIN    47
2022 01 01 14 46 MAX   637
2022 01 01 21 18 MIN   132
2022 01 02 02 48 MAX   544
2022 01 02 09 12 MIN    18
2022 01 02 15 38 MAX   667
2022 01 02 22 11 MIN   112
2022 01 03 03 40 MAX   557
2022 01 03 10 02 MIN     0
2022 01 03 16 28 MAX   683
2022 01 03 23 01 MIN    99
2022 01 04 04 30 MAX   564
2022 01 04 10 52 MIN    -6
2022 01 04 17 16 MAX   685
2022 01 04 23 48 MIN    93
2022 01 05 05 18 MAX   565
2022 01 05 11 39 MIN     1
2022 01 05 18 01 MAX   674
2022 01 06 00 33 MIN    94
2022 01 06 06 05 MAX   559
2022 01 06 12 25 MIN    20
2022 01 06 18 45 MAX   653
2022 01 07 01 16 MIN   102
2022 01 07 06 51 MAX   546
2022 01 07 13 09 MIN    51
2022 01 07 19 26 MAX   621
2022 01 08 01 58 MIN   118
2022 01 08 07 38 MAX   526
2022 01 08 13 53 MIN    92
2022 01 08 20 08 MAX   581
2022 01 09 02 41 MIN   138
2022 01 09 08 29 MAX   503
2022 01 09 14 40 MIN   141
2022 01 09 20 52 MAX   536
2022 01 10 03 27 MIN   160
2022 01 10 09 26 MAX   479
2022 01 10 15 36 MIN   192
2022 01 10 21 43 MAX   492
2022 01 11 04 22 MIN   178
2022 01 11 10 37 MAX   465
2022 01 11 16 49 MIN   232
2022 01 11 22 48 MAX   456
2022 01 12 05 28 MIN   185
2022 01 12 11 59 MAX   470
2022 01 12 18 19 MIN   247
2022 01 13 00 04 MAX   439
2022 01 13 06 37 MIN   175
2022 01 13 13 14 MAX   494
2022 01 13 19 38 MIN   236
2022 01 14 01 13 MAX   443
2022 01 14 07 35 MIN   153
2022 01 14 14 12 MAX   526
2022 01 14 20 35 MIN   212
2022 01 15 02 08 MAX   460
2022 01 15 08 23 MIN   127
2022 01 15 14 57 MAX   556
2022 01 15 21 20 MIN   188
2022 01 16 02 52 MAX   482
2022 01 16 09 05 MIN   102
2022 01 16 15 34 MAX   579
2022 01 16 21 57 MIN   167
2022 01 17 03 30 MAX   503
2022 01 17 09 43 MIN    81
2022 01 17 16 08 MAX   597
2022 01 17 22 31 MIN   148
2022 01 18 04 06 MAX   520
2022 01 18 10 18 MIN    65
2022 01 18 16 40 MAX   609
2022 01 18 23 04 MIN   133
2022 01 19 04 39 MAX   533
2022 01 19 10 53 MIN    53
2022 01 19 17 11 MAX   619
2022 01 19 23 37 MIN   121
2022 01 20 05 12 MAX   541
2022 01 20 11 27 MIN    46
2022 01 20 17 41 MAX   625
2022 01 21 00 09 MIN   112
2022 01 21 05 45 MAX   547
2022 01 21 12 02 MIN    44
2022 01 21 18 13 MAX   626
2022 01 22 00 41 MIN   106
2022 01 22 06 18 MAX   550
2022 01 22 12 36 MIN    50
2022 01 22 18 45 MAX   620
2022 01 23 01 14 MIN   105
2022 01 23 06 54 MAX   550
2022 01 23 13 13 MIN    67
2022 01 23 19 19 MAX   605
2022 01 24 01 48 MIN   108
2022 01 24 07 36 MAX   545
2022 01 24 13 54 MIN    97
2022 01 24 19 58 MAX   579
2022 01 25 02 27 MIN   115
2022 01 25 08 25 MAX   534
2022 01 25 14 42 MIN   139
2022 01 25 20 43 MAX   544
2022 01 26 03 15 MIN   127
2022 01 26 09 26 MAX   521
2022 01 26 15 42 MIN   187
2022 01 26 21 40 MAX   505
2022 01 27 04 16 MIN   138
2022 01 27 10 44 MAX   514
2022 01 27 17 07 MIN   224
2022 01 27 22 54 MAX   473
2022 01 28 05 33 MIN   138
2022 01 28 12 13 MAX   528
2022 01 28 18 47 MIN   228
2022 01 29 00 19 MAX   465
2022 01 29 06 53 MIN   118
2022 01 29 13 35 MAX   563
2022 01 29 20 11 MIN   201
2022 01 30 01 39 MAX   482
2022 01 30 08 04 MIN    84
2022 01 30 14 41 MAX   605
2022 01 30 21 15 MIN   162
2022 01 31 02 44 MAX   512
2022 01 31 09 06 MIN    47
2022 01 31 15 36 MAX   641
2022 01 31 22 08 MIN   124
2022 02 01 03 39 MAX   544
2022 02 01 10 00 MIN    18
2022 02 01 16 24 MAX   664
2022 02 01 22 54 MIN    93
2022 02 02 04 28 MAX   569
2022 02 02 10 48 MIN     1
2022 02 02 17 07 MAX   673
2022 02 02 23 37 MIN    73
2022 02 03 05 13 MAX   584
2022 02 03 11 33 MIN    -1
2022 02 03 17 46 MAX   669
2022 02 04 00 15 MIN    64
2022 02 04 05 54 MAX   588
2022 02 04 12 13 MIN    12
2022 02 04 18 22 MAX   652
2022 02 05 00 50 MIN    67
2022 02 05 06 33 MAX   582
2022 02 05 12 50 MIN    39
2022 02 05 18 55 MAX   625
2022 02 06 01 23 MIN    80
2022 02 06 07 11 MAX   566
2022 02 06 13 26 MIN    79
2022 02 06 19 27 MAX   588
2022 02 07 01 54 MIN   102
2022 02 07 07 50 MAX   543
2022 02 07 14 02 MIN   129
2022 02 07 20 00 MAX   544
2022 02 08 02 27 MIN   129
2022 02 08 08 34 MAX   514
2022 02 08 14 43 MIN   185
2022 02 08 20 37 MAX   495
2022 02 09 03 05 MIN   161
2022 02 09 09 28 MAX   483
2022 02 09 15 36 MIN   241
2022 02 09 21 24 MAX   446
2022 02 10 03 58 MIN   192
2022 02 10 10 45 MAX   461
2022 02 10 17 04 MIN   282
2022 02 10 22 40 MAX   407
2022 02 11 05 20 MIN   210
2022 02 11 12 23 MAX   463
2022 02 11 19 03 MIN   283
2022 02 12 00 23 MAX   399
2022 02 12 06 50 MIN   199
2022 02 12 13 45 MAX   491
2022 02 12 20 19 MIN   252
2022 02 13 01 43 MAX   423
2022 02 13 07 56 MIN   169
2022 02 13 14 39 MAX   526
2022 02 13 21 06 MIN   215
2022 02 14 02 35 MAX   459
2022 02 14 08 46 MIN   132
2022 02 14 15 18 MAX   559
2022 02 14 21 42 MIN   180
2022 02 15 03 16 MAX   495
2022 02 15 09 27 MIN    97
2022 02 15 15 51 MAX   586
2022 02 15 22 14 MIN   147
2022 02 16 03 51 MAX   527
2022 02 16 10 05 MIN    67
2022 02 16 16 21 MAX   610
2022 02 16 22 45 MIN   117
2022 02 17 04 24 MAX   553
2022 02 17 10 40 MIN    43
2022 02 17 16 51 MAX   628
2022 02 17 23 16 MIN    92
2022 02 18 04 56 MAX   575
2022 02 18 11 15 MIN    27
2022 02 18 17 21 MAX   641
2022 02 18 23 46 MIN    72
2022 02 19 05 28 MAX   592
2022 02 19 11 49 MIN    21
2022 02 19 17 50 MAX   645
2022 02 20 00 17 MIN    59
2022 02 20 06 02 MAX   603
2022 02 20 12 23 MIN    29
2022 02 20 18 21 MAX   638
2022 02 21 00 47 MIN    55
2022 02 21 06 36 MAX   606
2022 02 21 12 58 MIN    52
2022 02 21 18 53 MAX   619
2022 02 22 01 19 MIN    60
2022 02 22 07 15 MAX   599
2022 02 22 13 36 MIN    91
2022 02 22 19 27 MAX   587
2022 02 23 01 54 MIN    76
2022 02 23 08 00 MAX   580
2022 02 23 14 19 MIN   144
2022 02 23 20 07 MAX   543
2022 02 24 02 36 MIN   103
2022 02 24 08 55 MAX   550
2022 02 24 15 14 MIN   205
2022 02 24 20 58 MAX   491
2022 02 25 03 32 MIN   138
2022 02 25 10 12 MAX   519
2022 02 25 16 41 MIN   256
2022 02 25 22 15 MAX   444
2022 02 26 04 57 MIN   164
2022 02 26 11 56 MAX   513
2022 02 26 18 43 MIN   261
2022 02 27 00 05 MAX   431
2022 02 27 06 40 MIN   156
2022 02 27 13 33 MAX   544
2022 02 27 20 13 MIN   218
2022 02 28 01 41 MAX   462
2022 02 28 08 03 MIN   116
2022 02 28 14 40 MAX   589
2022 02 28 21 13 MIN   163
2022 03 01 02 47 MAX   512
2022 03 01 09 05 MIN    70
2022 03 01 15 31 MAX   627
2022 03 01 21 58 MIN   113
2022 03 02 03 37 MAX   558
2022 03 02 09 55 MIN    33
2022 03 02 16 12 MAX   652
2022 03 02 22 39 MIN    75
2022 03 03 04 20 MAX   592
2022 03 03 10 39 MIN    13
2022 03 03 16 49 MAX   661
2022 03 03 23 15 MIN    52
2022 03 04 04 59 MAX   612
2022 03 04 11 18 MIN    10
2022 03 04 17 21 MAX   657
2022 03 04 23 47 MIN    42
2022 03 05 05 35 MAX   619
2022 03 05 11 54 MIN    23
2022 03 05 17 52 MAX   642
2022 03 06 00 17 MIN    45
2022 03 06 06 08 MAX   615
2022 03 06 12 27 MIN    49
2022 03 06 18 20 MAX   617
2022 03 07 00 44 MIN    56
2022 03 07 06 41 MAX   603
2022 03 07 12 58 MIN    85
2022 03 07 18 48 MAX   585
2022 03 08 01 10 MIN    77
2022 03 08 07 15 MAX   582
2022 03 08 13 29 MIN   131
2022 03 08 19 17 MAX   546
2022 03 09 01 37 MIN   105
2022 03 09 07 51 MAX   552
2022 03 09 14 03 MIN   184
2022 03 09 19 48 MAX   500
2022 03 10 02 08 MIN   141
2022 03 10 08 35 MAX   515
2022 03 10 14 45 MIN   240
2022 03 10 20 25 MAX   451
2022 03 11 02 48 MIN   183
2022 03 11 09 37 MAX   477
2022 03 11 15 51 MIN   291
2022 03 11 21 23 MAX   405
2022 03 12 03 55 MIN   222
2022 03 12 11 17 MAX   455
2022 03 12 18 09 MIN   308
2022 03 12 23 22 MAX   381
2022 03 13 05 51 MIN   233
2022 03 13 13 03 MAX   472
2022 03 13 19 52 MIN   274
2022 03 14 01 10 MAX   405
2022 03 14 07 24 MIN   203
2022 03 14 14 08 MAX   509
2022 03 14 20 39 MIN   228
2022 03 15 02 11 MAX   452
2022 03 15 08 21 MIN   157
2022 03 15 14 49 MAX   548
2022 03 15 21 13 MIN   181
2022 03 16 02 53 MAX   501
2022 03 16 09 05 MIN   111
2022 03 16 15 21 MAX   584
2022 03 16 21 44 MIN   135
2022 03 17 03 28 MAX   546
2022 03 17 09 43 MIN    71
2022 03 17 15 52 MAX   615
2022 03 17 22 15 MIN    94
2022 03 18 04 01 MAX   586
2022 03 18 10 19 MIN    40
2022 03 18 16 22 MAX   637
2022 03 18 22 46 MIN    60
2022 03 19 04 34 MAX   618
2022 03 19 10 56 MIN    22
2022 03 19 16 52 MAX   650
2022 03 19 23 17 MIN    35
2022 03 20 05 08 MAX   642
2022 03 20 11 31 MIN    19
2022 03 20 17 23 MAX   651
2022 03 20 23 48 MIN    21
2022 03 21 05 42 MAX   655
2022 03 21 12 08 MIN    33
2022 03 21 17 54 MAX   638
2022 03 22 00 19 MIN    20
2022 03 22 06 19 MAX   655
2022 03 22 12 45 MIN    63
2022 03 22 18 27 MAX   613
2022 03 23 00 52 MIN    32
2022 03 23 06 58 MAX   641
2022 03 23 13 23 MIN   110
2022 03 23 19 02 MAX   576
2022 03 24 01 27 MIN    59
2022 03 24 07 44 MAX   610
2022 03 24 14 07 MIN   168
2022 03 24 19 43 MAX   527
2022 03 25 02 10 MIN   101
2022 03 25 08 39 MAX   567
2022 03 25 15 05 MIN   229
2022 03 25 20 37 MAX   473
2022 03 26 03 09 MIN   151
2022 03 26 10 00 MAX   525
2022 03 26 16 41 MIN   272
2022 03 26 22 06 MAX   427
2022 03 27 04 45 MIN   188
2022 03 27 11 51 MAX   513
2022 03 27 18 44 MIN   259
2022 03 28 00 11 MAX   428
2022 03 28 06 38 MIN   178
2022 03 28 13 26 MAX   543
2022 03 28 20 03 MIN   205
2022 03 29 01 43 MAX   477
2022 03 29 07 59 MIN   134
2022 03 29 14 28 MAX   583
2022 03 29 20 55 MIN   146
2022 03 30 02 41 MAX   535
2022 03 30 08 56 MIN    88
2022 03 30 15 12 MAX   615
2022 03 30 21 36 MIN    97
2022 03 31 03 26 MAX   583
2022 03 31 09 42 MIN    55
2022 03 31 15 49 MAX   634
2022 03 31 22 12 MIN    62
2022 04 01 04 04 MAX   617
2022 04 01 10 22 MIN    40
2022 04 01 16 21 MAX   639
2022 04 01 22 45 MIN    42
2022 04 02 04 39 MAX   635
2022 04 02 10 58 MIN    40
2022 04 02 16 51 MAX   633
2022 04 02 23 14 MIN    35
2022 04 03 05 11 MAX   642
2022 04 03 11 31 MIN    54
2022 04 03 17 19 MAX   619
2022 04 03 23 41 MIN    39
2022 04 04 05 43 MAX   639
2022 04 04 12 02 MIN    76
2022 04 04 17 46 MAX   598
2022 04 05 00 07 MIN    51
2022 04 05 06 13 MAX   629
2022 04 05 12 33 MIN   107
2022 04 05 18 15 MAX   572
2022 04 06 00 32 MIN    70
2022 04 06 06 45 MAX   611
2022 04 06 13 04 MIN   145
2022 04 06 18 44 MAX   539
2022 04 07 00 59 MIN    97
2022 04 07 07 20 MAX   583
2022 04 07 13 37 MIN   189
2022 04 07 19 15 MAX   501
2022 04 08 01 30 MIN   132
2022 04 08 08 00 MAX   547
2022 04 08 14 16 MIN   236
2022 04 08 19 51 MAX   459
2022 04 09 02 07 MIN   173
2022 04 09 08 52 MAX   506
2022 04 09 15 12 MIN   281
2022 04 09 20 43 MAX   417
2022 04 10 03 03 MIN   216
2022 04 10 10 13 MAX   474
2022 04 10 16 57 MIN   304
2022 04 10 22 23 MAX   390
2022 04 11 04 45 MIN   242
2022 04 11 11 57 MAX   474
2022 04 11 18 52 MIN   279
2022 04 12 00 20 MAX   408
2022 04 12 06 33 MIN   222
2022 04 12 13 13 MAX   503
2022 04 12 19 50 MIN   230
2022 04 13 01 30 MAX   458
2022 04 13 07 42 MIN   177
2022 04 13 14 02 MAX   543
2022 04 13 20 29 MIN   176
2022 04 14 02 17 MAX   515
2022 04 14 08 31 MIN   128
2022 04 14 14 39 MAX   581
2022 04 14 21 03 MIN   123
2022 04 15 02 56 MAX   571
2022 04 15 09 13 MIN    86
2022 04 15 15 13 MAX   613
2022 04 15 21 37 MIN    75
2022 04 16 03 32 MAX   620
2022 04 16 09 54 MIN    55
2022 04 16 15 47 MAX   634
2022 04 16 22 11 MIN    37
2022 04 17 04 08 MAX   658
2022 04 17 10 33 MIN    40
2022 04 17 16 20 MAX   643
2022 04 17 22 45 MIN    12
2022 04 18 04 46 MAX   683
2022 04 18 11 13 MIN    42
2022 04 18 16 55 MAX   638
2022 04 18 23 19 MIN     2
2022 04 19 05 24 MAX   693
2022 04 19 11 53 MIN    59
2022 04 19 17 30 MAX   621
2022 04 19 23 54 MIN     6
2022 04 20 06 05 MAX   687
2022 04 20 12 34 MIN    92
2022 04 20 18 08 MAX   593
2022 04 21 00 31 MIN    27
2022 04 21 06 48 MAX   664
2022 04 21 13 17 MIN   137
2022 04 21 18 48 MAX   556
2022 04 22 01 12 MIN    62
2022 04 22 07 37 MAX   627
2022 04 22 14 07 MIN   187
2022 04 22 19 36 MAX   511
2022 04 23 02 00 MIN   111
2022 04 23 08 38 MAX   581
2022 04 23 15 13 MIN   233
2022 04 23 20 41 MAX   466
2022 04 24 03 06 MIN   162
2022 04 24 09 58 MAX   541
2022 04 24 16 46 MIN   254
2022 04 24 22 17 MAX   438
2022 04 25 04 44 MIN   196
2022 04 25 11 36 MAX   529
2022 04 25 18 23 MIN   232
2022 04 26 00 07 MAX   455
2022 04 26 06 26 MIN   187
2022 04 26 12 59 MAX   546
2022 04 26 19 33 MIN   185
2022 04 27 01 26 MAX   504
2022 04 27 07 40 MIN   152
2022 04 27 13 57 MAX   571
2022 04 27 20 23 MIN   135
2022 04 28 02 21 MAX   557
2022 04 28 08 36 MIN   118
2022 04 28 14 41 MAX   592
2022 04 28 21 04 MIN    94
2022 04 29 03 05 MAX   599
2022 04 29 09 21 MIN    95
2022 04 29 15 17 MAX   603
2022 04 29 21 39 MIN    66
2022 04 30 03 42 MAX   628
2022 04 30 10 00 MIN    85
2022 04 30 15 49 MAX   604
2022 04 30 22 11 MIN    51
2022 05 01 04 16 MAX   644
2022 05 01 10 36 MIN    86
2022 05 01 16 20 MAX   599
2022 05 01 22 40 MIN    47
2022 05 02 04 47 MAX   651
2022 05 02 11 09 MIN    97
2022 05 02 16 49 MAX   589
2022 05 02 23 07 MIN    51
2022 05 03 05 19 MAX   649
2022 05 03 11 41 MIN   113
2022 05 03 17 19 MAX   574
2022 05 03 23 35 MIN    62
2022 05 04 05 50 MAX   641
2022 05 04 12 12 MIN   135
2022 05 04 17 49 MAX   554
2022 05 05 00 03 MIN    78
2022 05 05 06 22 MAX   626
2022 05 05 12 45 MIN   162
2022 05 05 18 22 MAX   530
2022 05 06 00 33 MIN   101
2022 05 06 06 58 MAX   603
2022 05 06 13 19 MIN   193
2022 05 06 18 56 MAX   502
2022 05 07 01 06 MIN   130
2022 05 07 07 37 MAX   573
2022 05 07 13 59 MIN   226
2022 05 07 19 34 MAX   472
2022 05 08 01 45 MIN   164
2022 05 08 08 24 MAX   540
2022 05 08 14 50 MIN   256
2022 05 08 20 26 MAX   442
2022 05 09 02 37 MIN   200
2022 05 09 09 27 MAX   511
2022 05 09 16 04 MIN   272
2022 05 09 21 43 MAX   423
2022 05 10 03 56 MIN   226
2022 05 10 10 47 MAX   500
2022 05 10 17 33 MIN   259
2022 05 10 23 19 MAX   434
2022 05 11 05 32 MIN   224
2022 05 11 12 03 MAX   512
2022 05 11 18 42 MIN   220
2022 05 12 00 36 MAX   477
2022 05 12 06 50 MIN   194
2022 05 12 13 02 MAX   540
2022 05 12 19 32 MIN   168
2022 05 13 01 32 MAX   535
2022 05 13 07 50 MIN   154
2022 05 13 13 49 MAX   571
2022 05 13 20 15 MIN   115
2022 05 14 02 18 MAX   593
2022 05 14 08 40 MIN   117
2022 05 14 14 31 MAX   597
2022 05 14 20 55 MIN    68
2022 05 15 03 01 MAX   645
2022 05 15 09 27 MIN    91
2022 05 15 15 10 MAX   614
2022 05 15 21 34 MIN    32
2022 05 16 03 43 MAX   683
2022 05 16 10 12 MIN    79
2022 05 16 15 50 MAX   619
2022 05 16 22 14 MIN    10
2022 05 17 04 26 MAX   706
2022 05 17 10 57 MIN    81
2022 05 17 16 31 MAX   613
2022 05 17 22 54 MIN     4
2022 05 18 05 10 MAX   711
2022 05 18 11 42 MIN    96
2022 05 18 17 13 MAX   598
2022 05 18 23 36 MIN    12
2022 05 19 05 56 MAX   701
2022 05 19 12 29 MIN   120
2022 05 19 17 58 MAX   575
2022 05 20 00 20 MIN    35
2022 05 20 06 45 MAX   677
2022 05 20 13 17 MIN   150
2022 05 20 18 46 MAX   547
2022 05 21 01 07 MIN    70
2022 05 21 07 37 MAX   643
2022 05 21 14 11 MIN   180
2022 05 21 19 42 MAX   516
2022 05 22 02 01 MIN   114
2022 05 22 08 36 MAX   604
2022 05 22 15 14 MIN   205
2022 05 22 20 49 MAX   488
2022 05 23 03 07 MIN   159
2022 05 23 09 45 MAX   568
2022 05 23 16 27 MIN   215
2022 05 23 22 12 MAX   475
2022 05 24 04 28 MIN   191
2022 05 24 11 02 MAX   545
2022 05 24 17 43 MIN   203
2022 05 24 23 40 MAX   488
2022 05 25 05 55 MIN   198
2022 05 25 12 14 MAX   540
2022 05 25 18 48 MIN   174
2022 05 26 00 55 MAX   523
2022 05 26 07 09 MIN   185
2022 05 26 13 15 MAX   546
2022 05 26 19 41 MIN   141
2022 05 27 01 53 MAX   563
2022 05 27 08 08 MIN   165
2022 05 27 14 03 MAX   555
2022 05 27 20 25 MIN   111
2022 05 28 02 39 MAX   598
2022 05 28 08 57 MIN   149
2022 05 28 14 43 MAX   561
2022 05 28 21 03 MIN    90
2022 05 29 03 18 MAX   624
2022 05 29 09 38 MIN   140
2022 05 29 15 19 MAX   564
2022 05 29 21 37 MIN    78
2022 05 30 03 54 MAX   639
2022 05 30 10 16 MIN   138
2022 05 30 15 53 MAX   564
2022 05 30 22 09 MIN    73
2022 05 31 04 27 MAX   647
2022 05 31 10 51 MIN   141
2022 05 31 16 26 MAX   560
2022 05 31 22 40 MIN    75
2022 06 01 05 00 MAX   647
2022 06 01 11 25 MIN   148
2022 06 01 16 59 MAX   554
2022 06 01 23 11 MIN    82
2022 06 02 05 33 MAX   642
2022 06 02 11 58 MIN   158
2022 06 02 17 33 MAX   544
2022 06 02 23 44 MIN    92
2022 06 03 06 06 MAX   633
2022 06 03 12 32 MIN   172
2022 06 03 18 07 MAX   530
2022 06 04 00 17 MIN   107
2022 06 04 06 41 MAX   618
2022 06 04 13 07 MIN   188
2022 06 04 18 43 MAX   515
2022 06 05 00 52 MIN   126
2022 06 05 07 18 MAX   600
2022 06 05 13 45 MIN   204
2022 06 05 19 22 MAX   498
2022 06 06 01 31 MIN   149
2022 06 06 08 00 MAX   578
2022 06 06 14 29 MIN   219
2022 06 06 20 09 MAX   482
2022 06 07 02 19 MIN   175
2022 06 07 08 49 MAX   556
2022 06 07 15 22 MIN   227
2022 06 07 21 09 MAX   472
2022 06 08 03 19 MIN   200
2022 06 08 09 49 MAX   538
2022 06 08 16 26 MIN   222
2022 06 08 22 23 MAX   478
2022 06 09 04 34 MIN   214
2022 06 09 10 55 MAX   531
2022 06 09 17 32 MIN   199
2022 06 09 23 39 MAX   506
2022 06 10 05 55 MIN   210
2022 06 10 12 00 MAX   538
2022 06 10 18 32 MIN   162
2022 06 11 00 45 MAX   553
2022 06 11 07 06 MIN   190
2022 06 11 12 58 MAX   552
2022 06 11 19 26 MIN   118
2022 06 12 01 43 MAX   606
2022 06 12 08 09 MIN   164
2022 06 12 13 50 MAX   569
2022 06 12 20 15 MIN    78
2022 06 13 02 34 MAX   653
2022 06 13 09 04 MIN   142
2022 06 13 14 39 MAX   582
2022 06 13 21 03 MIN    46
2022 06 14 03 23 MAX   688
2022 06 14 09 56 MIN   129
2022 06 14 15 27 MAX   588
2022 06 14 21 50 MIN    26
2022 06 15 04 12 MAX   709
2022 06 15 10 47 MIN   122
2022 06 15 16 15 MAX   590
2022 06 15 22 38 MIN    18
2022 06 16 05 02 MAX   716
2022 06 16 11 37 MIN   122
2022 06 16 17 05 MAX   586
2022 06 16 23 27 MIN    23
2022 06 17 05 52 MAX   710
2022 06 17 12 26 MIN   127
2022 06 17 17 55 MAX   577
2022 06 18 00 15 MIN    39
2022 06 18 06 41 MAX   692
2022 06 18 13 15 MIN   137
2022 06 18 18 47 MAX   565
2022 06 19 01 05 MIN    66
2022 06 19 07 31 MAX   665
2022 06 19 14 04 MIN   150
2022 06 19 19 42 MAX   548
2022 06 20 01 57 MIN   103
2022 06 20 08 21 MAX   630
2022 06 20 14 55 MIN   165
2022 06 20 20 40 MAX   531
2022 06 21 02 53 MIN   147
2022 06 21 09 15 MAX   591
2022 06 21 15 50 MIN   178
2022 06 21 21 45 MAX   516
2022 06 22 03 57 MIN   189
2022 06 22 10 14 MAX   554
2022 06 22 16 51 MIN   184
2022 06 22 22 59 MAX   513
2022 06 23 05 11 MIN   220
2022 06 23 11 18 MAX   526
2022 06 23 17 54 MIN   180
2022 06 24 00 13 MAX   526
2022 06 24 06 29 MIN   231
2022 06 24 12 23 MAX   512
2022 06 24 18 54 MIN   165
2022 06 25 01 19 MAX   553
2022 06 25 07 38 MIN   224
2022 06 25 13 22 MAX   511
2022 06 25 19 46 MIN   146
2022 06 26 02 14 MAX   582
2022 06 26 08 34 MIN   209
2022 06 26 14 12 MAX   518
2022 06 26 20 30 MIN   128
2022 06 27 02 58 MAX   608
2022 06 27 09 21 MIN   195
2022 06 27 14 55 MAX   528
2022 06 27 21 10 MIN   113
2022 06 28 03 37 MAX   626
2022 06 28 10 01 MIN   183
2022 06 28 15 34 MAX   538
2022 06 28 21 47 MIN   103
2022 06 29 04 13 MAX   637
2022 06 29 10 38 MIN   175
2022 06 29 16 11 MAX   545
2022 06 29 22 22 MIN    98
2022 06 30 04 46 MAX   642
2022 06 30 11 13 MIN   169
2022 06 30 16 46 MAX   549
2022 06 30 22 57 MIN    96
2022 07 01 05 20 MAX   644
2022 07 01 11 46 MIN   167
2022 07 01 17 21 MAX   550
2022 07 01 23 31 MIN    97
2022 07 02 05 52 MAX   642
2022 07 02 12 19 MIN   166
2022 07 02 17 55 MAX   548
2022 07 03 00 05 MIN   101
2022 07 03 06 25 MAX   638
2022 07 03 12 52 MIN   167
2022 07 03 18 29 MAX   543
2022 07 04 00 40 MIN   110
2022 07 04 06 58 MAX   629
2022 07 04 13 27 MIN   171
2022 07 04 19 05 MAX   538
2022 07 05 01 17 MIN   126
2022 07 05 07 33 MAX   616
2022 07 05 14 02 MIN   175
2022 07 05 19 47 MAX   532
2022 07 06 01 58 MIN   148
2022 07 06 08 13 MAX   596
2022 07 06 14 43 MIN   179
2022 07 06 20 35 MAX   527
2022 07 07 02 47 MIN   177
2022 07 07 09 00 MAX   572
2022 07 07 15 32 MIN   181
2022 07 07 21 36 MAX   526
2022 07 08 03 47 MIN   209
2022 07 08 09 55 MAX   547
2022 07 08 16 29 MIN   177
2022 07 08 22 47 MAX   536
2022 07 09 05 03 MIN   232
2022 07 09 11 00 MAX   529
2022 07 09 17 35 MIN   163
2022 07 10 00 03 MAX   562
2022 07 10 06 28 MIN   235
2022 07 10 12 10 MAX   524
2022 07 10 18 42 MIN   137
2022 07 11 01 13 MAX   602
2022 07 11 07 45 MIN   219
2022 07 11 13 17 MAX   532
2022 07 11 19 44 MIN   104
2022 07 12 02 17 MAX   644
2022 07 12 08 51 MIN   193
2022 07 12 14 19 MAX   549
2022 07 12 20 43 MIN    72
2022 07 13 03 14 MAX   680
2022 07 13 09 49 MIN   165
2022 07 13 15 16 MAX   568
2022 07 13 21 39 MIN    47
2022 07 14 04 07 MAX   706
2022 07 14 10 41 MIN   141
2022 07 14 16 09 MAX   585
2022 07 14 22 31 MIN    30
2022 07 15 04 57 MAX   719
2022 07 15 11 30 MIN   121
2022 07 15 17 01 MAX   598
2022 07 15 23 22 MIN    25
2022 07 16 05 44 MAX   719
2022 07 16 12 17 MIN   110
2022 07 16 17 51 MAX   604
2022 07 17 00 10 MIN    34
2022 07 17 06 29 MAX   707
2022 07 17 13 00 MIN   106
2022 07 17 18 38 MAX   602
2022 07 18 00 55 MIN    56
2022 07 18 07 11 MAX   682
2022 07 18 13 41 MIN   113
2022 07 18 19 26 MAX   591
2022 07 19 01 40 MIN    93
2022 07 19 07 51 MAX   646
2022 07 19 14 22 MIN   129
2022 07 19 20 14 MAX   572
2022 07 20 02 25 MIN   142
2022 07 20 08 32 MAX   602
2022 07 20 15 04 MIN   151
2022 07 20 21 06 MAX   549
2022 07 21 03 15 MIN   196
2022 07 21 09 17 MAX   554
2022 07 21 15 52 MIN   175
2022 07 21 22 08 MAX   529
2022 07 22 04 18 MIN   247
2022 07 22 10 13 MAX   509
2022 07 22 16 51 MIN   195
2022 07 22 23 24 MAX   520
2022 07 23 05 41 MIN   279
2022 07 23 11 23 MAX   477
2022 07 23 18 00 MIN   201
2022 07 24 00 44 MAX   532
2022 07 24 07 10 MIN   280
2022 07 24 12 40 MAX   468
2022 07 24 19 07 MIN   190
2022 07 25 01 51 MAX   558
2022 07 25 08 19 MIN   260
2022 07 25 13 47 MAX   481
2022 07 25 20 04 MIN   169
2022 07 26 02 44 MAX   587
2022 07 26 09 10 MIN   233
2022 07 26 14 39 MAX   503
2022 07 26 20 51 MIN   146
2022 07 27 03 25 MAX   611
2022 07 27 09 50 MIN   208
2022 07 27 15 21 MAX   527
2022 07 27 21 32 MIN   124
2022 07 28 04 01 MAX   630
2022 07 28 10 26 MIN   187
2022 07 28 15 58 MAX   547
2022 07 28 22 10 MIN   107
2022 07 29 04 33 MAX   642
2022 07 29 10 58 MIN   169
2022 07 29 16 33 MAX   563
2022 07 29 22 45 MIN    94
2022 07 30 05 04 MAX   652
2022 07 30 11 29 MIN   154
2022 07 30 17 06 MAX   574
2022 07 30 23 19 MIN    86
2022 07 31 05 33 MAX   658
2022 07 31 12 00 MIN   142
2022 07 31 17 38 MAX   581
2022 07 31 23 52 MIN    84
2022 08 01 06 03 MAX   659
2022 08 01 12 30 MIN   133
2022 08 01 18 10 MAX   585
2022 08 02 00 25 MIN    89
2022 08 02 06 32 MAX   655
2022 08 02 13 00 MIN   129
2022 08 02 18 43 MAX   587
2022 08 03 00 59 MIN   103
2022 08 03 07 03 MAX   643
2022 08 03 13 31 MIN   130
2022 08 03 19 20 MAX   586
2022 08 04 01 36 MIN   130
2022 08 04 07 37 MAX   620
2022 08 04 14 05 MIN   136
2022 08 04 20 03 MAX   579
2022 08 05 02 18 MIN   168
2022 08 05 08 16 MAX   588
2022 08 05 14 46 MIN   148
2022 08 05 20 56 MAX   566
2022 08 06 03 10 MIN   215
2022 08 06 09 04 MAX   549
2022 08 06 15 37 MIN   163
2022 08 06 22 04 MAX   555
2022 08 07 04 22 MIN   260
2022 08 07 10 08 MAX   510
2022 08 07 16 47 MIN   174
2022 08 07 23 31 MAX   558
2022 08 08 06 02 MIN   279
2022 08 08 11 34 MAX   488
2022 08 08 18 11 MIN   166
2022 08 09 00 59 MAX   585
2022 08 09 07 38 MIN   259
2022 08 09 13 03 MAX   498
2022 08 09 19 30 MIN   136
2022 08 10 02 12 MAX   629
2022 08 10 08 49 MIN   216
2022 08 10 14 15 MAX   530
2022 08 10 20 37 MIN    96
2022 08 11 03 11 MAX   671
2022 08 11 09 45 MIN   169
2022 08 11 15 15 MAX   569
2022 08 11 21 35 MIN    58
2022 08 12 04 01 MAX   703
2022 08 12 10 33 MIN   128
2022 08 12 16 07 MAX   604
2022 08 12 22 27 MIN    32
2022 08 13 04 46 MAX   720
2022 08 13 11 16 MIN    97
2022 08 13 16 54 MAX   629
2022 08 13 23 13 MIN    21
2022 08 14 05 27 MAX   721
2022 08 14 11 56 MIN    79
2022 08 14 17 37 MAX   641
2022 08 14 23 56 MIN    29
2022 08 15 06 04 MAX   708
2022 08 15 12 33 MIN    74
2022 08 15 18 19 MAX   640
2022 08 16 00 36 MIN    54
2022 08 16 06 39 MAX   681
2022 08 16 13 07 MIN    83
2022 08 16 18 59 MAX   627
2022 08 17 01 14 MIN    95
2022 08 17 07 12 MAX   644
2022 08 17 13 40 MIN   104
2022 08 17 19 39 MAX   605
2022 08 18 01 51 MIN   147
2022 08 18 07 46 MAX   598
2022 08 18 14 14 MIN   133
2022 08 18 20 22 MAX   575
2022 08 19 02 32 MIN   206
2022 08 19 08 22 MAX   546
2022 08 19 14 50 MIN   169
2022 08 19 21 15 MAX   542
2022 08 20 03 23 MIN   266
2022 08 20 09 07 MAX   493
2022 08 20 15 40 MIN   206
2022 08 20 22 27 MAX   514
2022 08 21 04 46 MIN   312
2022 08 21 10 16 MAX   448
2022 08 21 16 56 MIN   233
2022 08 22 00 04 MAX   509
2022 08 22 06 45 MIN   318
2022 08 22 12 01 MAX   432
2022 08 22 18 30 MIN   232
2022 08 23 01 31 MAX   533
2022 08 23 08 09 MIN   287
2022 08 23 13 29 MAX   453
2022 08 23 19 43 MIN   204
2022 08 24 02 29 MAX   567
2022 08 24 08 57 MIN   248
2022 08 24 14 26 MAX   491
2022 08 24 20 36 MIN   167
2022 08 25 03 09 MAX   598
2022 08 25 09 33 MIN   211
2022 08 25 15 08 MAX   529
2022 08 25 21 18 MIN   133
2022 08 26 03 42 MAX   624
2022 08 26 10 04 MIN   177
2022 08 26 15 42 MAX   562
2022 08 26 21 54 MIN   104
2022 08 27 04 11 MAX   644
2022 08 27 10 33 MIN   148
2022 08 27 16 14 MAX   588
2022 08 27 22 28 MIN    82
2022 08 28 04 39 MAX   659
2022 08 28 11 02 MIN   122
2022 08 28 16 45 MAX   608
2022 08 28 23 01 MIN    68
2022 08 29 05 07 MAX   669
2022 08 29 11 31 MIN   103
2022 08 29 17 16 MAX   623
2022 08 29 23 34 MIN    64
2022 08 30 05 34 MAX   672
2022 08 30 12 00 MIN    90
2022 08 30 17 46 MAX   633
2022 08 31 00 07 MIN    71
2022 08 31 06 02 MAX   665
2022 08 31 12 29 MIN    85
2022 08 31 18 19 MAX   637
2022 09 01 00 40 MIN    92
2022 09 01 06 31 MAX   648
2022 09 01 12 58 MIN    89
2022 09 01 18 54 MAX   633
2022 09 02 01 15 MIN   126
2022 09 02 07 03 MAX   619
2022 09 02 13 30 MIN   103
2022 09 02 19 35 MAX   618
2022 09 03 01 55 MIN   175
2022 09 03 07 39 MAX   579
2022 09 03 14 08 MIN   127
2022 09 03 20 26 MAX   591
2022 09 04 02 45 MIN   232
2022 09 04 08 25 MAX   529
2022 09 04 14 58 MIN   161
2022 09 04 21 35 MAX   559
2022 09 05 04 00 MIN   286
2022 09 05 09 33 MAX   479
2022 09 05 16 14 MIN   192
2022 09 05 23 15 MAX   545
2022 09 06 06 01 MIN   301
2022 09 06 11 23 MAX   455
2022 09 06 17 59 MIN   194
2022 09 07 00 58 MAX   571
2022 09 07 07 42 MIN   260
2022 09 07 13 08 MAX   483
2022 09 07 19 30 MIN   155
2022 09 08 02 11 MAX   618
2022 09 08 08 45 MIN   200
2022 09 08 14 19 MAX   537
2022 09 08 20 37 MIN   103
2022 09 09 03 04 MAX   662
2022 09 09 09 33 MIN   142
2022 09 09 15 12 MAX   592
2022 09 09 21 30 MIN    59
2022 09 10 03 47 MAX   693
2022 09 10 10 14 MIN    95
2022 09 10 15 58 MAX   634
2022 09 10 22 16 MIN    32
2022 09 11 04 25 MAX   706
2022 09 11 10 52 MIN    63
2022 09 11 16 38 MAX   660
2022 09 11 22 58 MIN    25
2022 09 12 05 00 MAX   704
2022 09 12 11 26 MIN    48
2022 09 12 17 17 MAX   671
2022 09 12 23 36 MIN    38
2022 09 13 05 32 MAX   687
2022 09 13 11 58 MIN    48
2022 09 13 17 53 MAX   667
2022 09 14 00 11 MIN    65
2022 09 14 06 03 MAX   659
2022 09 14 12 28 MIN    62
2022 09 14 18 27 MAX   652
2022 09 15 00 45 MIN   106
2022 09 15 06 32 MAX   623
2022 09 15 12 56 MIN    86
2022 09 15 19 03 MAX   628
2022 09 16 01 19 MIN   155
2022 09 16 07 03 MAX   579
2022 09 16 13 25 MIN   118
2022 09 16 19 41 MAX   595
2022 09 17 01 55 MIN   210
2022 09 17 07 35 MAX   530
2022 09 17 13 56 MIN   159
2022 09 17 20 27 MAX   555
2022 09 18 02 39 MIN   268
2022 09 18 08 14 MAX   478
2022 09 18 14 37 MIN   204
2022 09 18 21 30 MAX   514
2022 09 19 03 51 MIN   318
2022 09 19 09 16 MAX   429
2022 09 19 15 46 MIN   247
2022 09 19 23 12 MAX   491
2022 09 20 06 12 MIN   329
2022 09 20 11 19 MAX   407
2022 09 20 17 45 MIN   259
2022 09 21 00 57 MAX   507
2022 09 21 07 46 MIN   292
2022 09 21 13 06 MAX   435
2022 09 21 19 17 MIN   227
2022 09 22 01 59 MAX   543
2022 09 22 08 30 MIN   244
2022 09 22 14 05 MAX   483
2022 09 22 20 13 MIN   181
2022 09 23 02 39 MAX   578
2022 09 23 09 02 MIN   198
2022 09 23 14 44 MAX   532
2022 09 23 20 55 MIN   137
2022 09 24 03 10 MAX   610
2022 09 24 09 31 MIN   154
2022 09 24 15 18 MAX   576
2022 09 24 21 30 MIN   100
2022 09 25 03 38 MAX   636
2022 09 25 09 59 MIN   115
2022 09 25 15 48 MAX   613
2022 09 25 22 05 MIN    73
2022 09 26 04 06 MAX   654
2022 09 26 10 27 MIN    83
2022 09 26 16 19 MAX   642
2022 09 26 22 38 MIN    57
2022 09 27 04 34 MAX   664
2022 09 27 10 57 MIN    60
2022 09 27 16 50 MAX   663
2022 09 27 23 12 MIN    55
2022 09 28 05 02 MAX   664
2022 09 28 11 26 MIN    47
2022 09 28 17 22 MAX   675
2022 09 28 23 47 MIN    67
2022 09 29 05 31 MAX   652
2022 09 29 11 56 MIN    46
2022 09 29 17 56 MAX   676
2022 09 30 00 22 MIN    94
2022 09 30 06 02 MAX   628
2022 09 30 12 27 MIN    56
2022 09 30 18 33 MAX   664
2022 10 01 00 59 MIN   135
2022 10 01 06 36 MAX   594
2022 10 01 13 01 MIN    80
2022 10 01 19 15 MAX   637
2022 10 02 01 42 MIN   187
2022 10 02 07 15 MAX   549
2022 10 02 13 40 MIN   117
2022 10 02 20 08 MAX   597
2022 10 03 02 36 MIN   244
2022 10 03 08 05 MAX   497
2022 10 03 14 35 MIN   164
2022 10 03 21 23 MAX   554
2022 10 04 04 03 MIN   288
2022 10 04 09 27 MAX   449
2022 10 04 16 03 MIN   205
2022 10 04 23 11 MAX   536
2022 10 05 06 06 MIN   281
2022 10 05 11 34 MAX   443
2022 10 05 18 00 MIN   202
2022 10 06 00 51 MAX   562
2022 10 06 07 31 MIN   227
2022 10 06 13 12 MAX   492
2022 10 06 19 27 MIN   157
2022 10 07 01 57 MAX   604
2022 10 07 08 25 MIN   163
2022 10 07 14 14 MAX   556
2022 10 07 20 28 MIN   106
2022 10 08 02 44 MAX   640
2022 10 08 09 08 MIN   106
2022 10 08 15 01 MAX   613
2022 10 08 21 17 MIN    67
2022 10 09 03 23 MAX   662
2022 10 09 09 46 MIN    63
2022 10 09 15 41 MAX   653
2022 10 09 21 59 MIN    47
2022 10 10 03 57 MAX   669
2022 10 10 10 20 MIN    38
2022 10 10 16 18 MAX   675
2022 10 10 22 37 MIN    46
2022 10 11 04 29 MAX   662
2022 10 11 10 52 MIN    30
2022 10 11 16 52 MAX   682
2022 10 11 23 13 MIN    61
2022 10 12 04 58 MAX   644
2022 10 12 11 22 MIN    35
2022 10 12 17 25 MAX   676
2022 10 12 23 47 MIN    87
2022 10 13 05 28 MAX   619
2022 10 13 11 49 MIN    51
2022 10 13 17 58 MAX   661
2022 10 14 00 19 MIN   121
2022 10 14 05 58 MAX   588
2022 10 14 12 16 MIN    74
2022 10 14 18 31 MAX   638
2022 10 15 00 52 MIN   161
2022 10 15 06 28 MAX   551
2022 10 15 12 44 MIN   106
2022 10 15 19 07 MAX   606
2022 10 16 01 27 MIN   206
2022 10 16 07 01 MAX   510
2022 10 16 13 16 MIN   144
2022 10 16 19 49 MAX   566
2022 10 17 02 09 MIN   253
2022 10 17 07 40 MAX   466
2022 10 17 13 54 MIN   189
2022 10 17 20 43 MAX   522
2022 10 18 03 09 MIN   296
2022 10 18 08 37 MAX   423
2022 10 18 14 52 MIN   234
2022 10 18 22 07 MAX   488
2022 10 19 05 03 MIN   313
2022 10 19 10 24 MAX   398
2022 10 19 16 40 MIN   260
2022 10 19 23 53 MAX   486
2022 10 20 06 48 MIN   283
2022 10 20 12 20 MAX   421
2022 10 20 18 29 MIN   239
2022 10 21 01 06 MAX   513
2022 10 21 07 40 MIN   234
2022 10 21 13 26 MAX   472
2022 10 21 19 34 MIN   195
2022 10 22 01 51 MAX   548
2022 10 22 08 16 MIN   182
2022 10 22 14 09 MAX   528
2022 10 22 20 20 MIN   148
2022 10 23 02 26 MAX   582
2022 10 23 08 47 MIN   131
2022 10 23 14 44 MAX   581
2022 10 23 20 59 MIN   108
2022 10 24 02 57 MAX   610
2022 10 24 09 18 MIN    86
2022 10 24 15 18 MAX   627
2022 10 24 21 36 MIN    79
2022 10 25 03 28 MAX   629
2022 10 25 09 49 MIN    50
2022 10 25 15 51 MAX   663
2022 10 25 22 13 MIN    64
2022 10 26 03 59 MAX   638
2022 10 26 10 21 MIN    26
2022 10 26 16 25 MAX   687
2022 10 26 22 51 MIN    63
2022 10 27 04 32 MAX   634
2022 10 27 10 54 MIN    15
2022 10 27 17 00 MAX   698
2022 10 27 23 30 MIN    77
2022 10 28 05 05 MAX   619
2022 10 28 11 28 MIN    18
2022 10 28 17 39 MAX   694
2022 10 29 00 10 MIN   105
2022 10 29 05 41 MAX   594
2022 10 29 12 04 MIN    35
2022 10 29 18 20 MAX   674
2022 10 30 00 52 MIN   143
2022 10 30 06 20 MAX   560
2022 10 30 12 44 MIN    65
2022 10 30 19 07 MAX   640
2022 10 31 01 40 MIN   187
2022 10 31 07 06 MAX   518
2022 10 31 13 30 MIN   109
2022 10 31 20 04 MAX   596
2022 11 01 02 42 MIN   230
2022 11 01 08 07 MAX   475
2022 11 01 14 32 MIN   158
2022 11 01 21 20 MAX   555
2022 11 02 04 08 MIN   252
2022 11 02 09 39 MAX   444
2022 11 02 16 03 MIN   195
2022 11 02 22 57 MAX   536
2022 11 03 05 45 MIN   235
2022 11 03 11 30 MAX   455
2022 11 03 17 48 MIN   194
2022 11 04 00 24 MAX   548
2022 11 04 06 59 MIN   187
2022 11 04 12 56 MAX   504
2022 11 04 19 09 MIN   160
2022 11 05 01 26 MAX   573
2022 11 05 07 53 MIN   133
2022 11 05 13 55 MAX   562
2022 11 05 20 09 MIN   123
2022 11 06 02 14 MAX   595
2022 11 06 08 36 MIN    86
2022 11 06 14 41 MAX   611
2022 11 06 20 57 MIN    95
2022 11 07 02 53 MAX   608
2022 11 07 09 14 MIN    52
2022 11 07 15 21 MAX   645
2022 11 07 21 39 MIN    82
2022 11 08 03 27 MAX   611
2022 11 08 09 48 MIN    34
2022 11 08 15 56 MAX   664
2022 11 08 22 17 MIN    83
2022 11 09 03 59 MAX   605
2022 11 09 10 19 MIN    30
2022 11 09 16 30 MAX   669
2022 11 09 22 53 MIN    93
2022 11 10 04 30 MAX   592
2022 11 10 10 49 MIN    36
2022 11 10 17 02 MAX   664
2022 11 10 23 26 MIN   111
2022 11 11 05 01 MAX   574
2022 11 11 11 17 MIN    50
2022 11 11 17 34 MAX   652
2022 11 11 23 59 MIN   134
2022 11 12 05 32 MAX   552
2022 11 12 11 46 MIN    70
2022 11 12 18 07 MAX   633
2022 11 13 00 32 MIN   162
2022 11 13 06 05 MAX   526
2022 11 13 12 17 MIN    95
2022 11 13 18 43 MAX   606
2022 11 14 01 07 MIN   192
2022 11 14 06 41 MAX   496
2022 11 14 12 50 MIN   126
2022 11 14 19 22 MAX   573
2022 11 15 01 47 MIN   224
2022 11 15 07 20 MAX   464
2022 11 15 13 29 MIN   162
2022 11 15 20 08 MAX   537
2022 11 16 02 38 MIN   252
2022 11 16 08 11 MAX   433
2022 11 16 14 19 MIN   200
2022 11 16 21 09 MAX   503
2022 11 17 03 49 MIN   269
2022 11 17 09 27 MAX   412
2022 11 17 15 35 MIN   231
2022 11 17 22 28 MAX   485
2022 11 18 05 17 MIN   258
2022 11 18 11 05 MAX   419
2022 11 18 17 14 MIN   235
2022 11 18 23 47 MAX   490
2022 11 19 06 27 MIN   221
2022 11 19 12 25 MAX   459
2022 11 19 18 36 MIN   209
2022 11 20 00 47 MAX   513
2022 11 20 07 16 MIN   172
2022 11 20 13 21 MAX   514
2022 11 20 19 35 MIN   171
2022 11 21 01 33 MAX   542
2022 11 21 07 57 MIN   120
2022 11 21 14 05 MAX   571
2022 11 21 20 23 MIN   134
2022 11 22 02 13 MAX   568
2022 11 22 08 34 MIN    73
2022 11 22 14 45 MAX   623
2022 11 22 21 08 MIN   106
2022 11 23 02 50 MAX   586
2022 11 23 09 12 MIN    35
2022 11 23 15 24 MAX   663
2022 11 23 21 51 MIN    89
2022 11 24 03 28 MAX   595
2022 11 24 09 50 MIN    10
2022 11 24 16 04 MAX   689
2022 11 24 22 34 MIN    86
2022 11 25 04 07 MAX   594
2022 11 25 10 29 MIN    -1
2022 11 25 16 45 MAX   698
2022 11 25 23 18 MIN    94
2022 11 26 04 47 MAX   583
2022 11 26 11 10 MIN     3
2022 11 26 17 29 MAX   692
2022 11 27 00 03 MIN   112
2022 11 27 05 30 MAX   565
2022 11 27 11 53 MIN    20
2022 11 27 18 16 MAX   673
2022 11 28 00 51 MIN   135
2022 11 28 06 17 MAX   541
2022 11 28 12 39 MIN    48
2022 11 28 19 07 MAX   642
2022 11 29 01 43 MIN   161
2022 11 29 07 11 MAX   513
2022 11 29 13 31 MIN    87
2022 11 29 20 03 MAX   604
2022 11 30 02 41 MIN   184
2022 11 30 08 14 MAX   485
2022 11 30 14 33 MIN   131
2022 11 30 21 08 MAX   566
2022 12 01 03 49 MIN   195
2022 12 01 09 33 MAX   468
2022 12 01 15 49 MIN   169
2022 12 01 22 21 MAX   537
2022 12 02 05 03 MIN   188
2022 12 02 11 01 MAX   473
2022 12 02 17 15 MIN   187
2022 12 02 23 37 MAX   524
2022 12 03 06 13 MIN   163
2022 12 03 12 23 MAX   503
2022 12 03 18 36 MIN   181
2022 12 04 00 43 MAX   526
2022 12 04 07 12 MIN   128
2022 12 04 13 27 MAX   544
2022 12 04 19 43 MIN   162
2022 12 05 01 37 MAX   533
2022 12 05 08 00 MIN    95
2022 12 05 14 18 MAX   583
2022 12 05 20 35 MIN   144
2022 12 06 02 21 MAX   541
2022 12 06 08 42 MIN    70
2022 12 06 15 01 MAX   613
2022 12 06 21 20 MIN   131
2022 12 07 03 00 MAX   546
2022 12 07 09 19 MIN    55
2022 12 07 15 39 MAX   630
2022 12 07 22 01 MIN   126
2022 12 08 03 36 MAX   547
2022 12 08 09 53 MIN    50
2022 12 08 16 13 MAX   638
2022 12 08 22 37 MIN   127
2022 12 09 04 10 MAX   544
2022 12 09 10 25 MIN    51
2022 12 09 16 46 MAX   637
2022 12 09 23 12 MIN   132
2022 12 10 04 44 MAX   538
2022 12 10 10 57 MIN    58
2022 12 10 17 19 MAX   631
2022 12 10 23 46 MIN   142
2022 12 11 05 17 MAX   529
2022 12 11 11 29 MIN    68
2022 12 11 17 51 MAX   620
2022 12 12 00 18 MIN   153
2022 12 12 05 52 MAX   516
2022 12 12 12 01 MIN    82
2022 12 12 18 26 MAX   604
2022 12 13 00 52 MIN   167
2022 12 13 06 26 MAX   500
2022 12 13 12 36 MIN   101
2022 12 13 19 01 MAX   583
2022 12 14 01 28 MIN   183
2022 12 14 07 03 MAX   483
2022 12 14 13 13 MIN   125
2022 12 14 19 39 MAX   559
2022 12 15 02 08 MIN   197
2022 12 15 07 46 MAX   464
2022 12 15 13 56 MIN   153
2022 12 15 20 23 MAX   532
2022 12 16 02 55 MIN   208
2022 12 16 08 40 MAX   449
2022 12 16 14 49 MIN   184
2022 12 16 21 16 MAX   507
2022 12 17 03 53 MIN   210
2022 12 17 09 49 MAX   445
2022 12 17 15 59 MIN   209
2022 12 17 22 20 MAX   491
2022 12 18 04 59 MIN   196
2022 12 18 11 09 MAX   462
2022 12 18 17 22 MIN   216
2022 12 18 23 29 MAX   488
2022 12 19 06 04 MIN   166
2022 12 19 12 22 MAX   501
2022 12 19 18 41 MIN   202
2022 12 20 00 32 MAX   498
2022 12 20 07 01 MIN   126
2022 12 20 13 22 MAX   551
2022 12 20 19 46 MIN   176
2022 12 21 01 27 MAX   516
2022 12 21 07 52 MIN    83
2022 12 21 14 14 MAX   601
2022 12 21 20 42 MIN   149
2022 12 22 02 17 MAX   535
2022 12 22 08 40 MIN    45
2022 12 22 15 03 MAX   643
2022 12 22 21 34 MIN   127
2022 12 23 03 05 MAX   550
2022 12 23 09 26 MIN    17
2022 12 23 15 50 MAX   671
2022 12 23 22 23 MIN   112
2022 12 24 03 52 MAX   559
2022 12 24 10 14 MIN     0
2022 12 24 16 38 MAX   686
2022 12 24 23 12 MIN   104
2022 12 25 04 40 MAX   563
2022 12 25 11 02 MIN    -5
2022 12 25 17 26 MAX   687
2022 12 26 00 00 MIN   101
2022 12 26 05 28 MAX   561
2022 12 26 11 50 MIN     2
2022 12 26 18 14 MAX   675
2022 12 27 00 47 MIN   105
2022 12 27 06 18 MAX   554
2022 12 27 12 39 MIN    22
2022 12 27 19 01 MAX   652
2022 12 28 01 34 MIN   113
2022 12 28 07 10 MAX   540
2022 12 28 13 28 MIN    55
2022 12 28 19 49 MAX   619
2022 12 29 02 22 MIN   125
2022 12 29 08 05 MAX   523
2022 12 29 14 20 MIN    98
2022 12 29 20 38 MAX   579
2022 12 30 03 13 MIN   140
2022 12 30 09 06 MAX   503
2022 12 30 15 19 MIN   147
2022 12 30 21 33 MAX   536
2022 12 31 04 10 MIN   152
2022 12 31 10 17 MAX   489
2022 12 31 16 29 MIN   191
2022 12 31 22 36 MAX   498
