<TOPS - 조위예측극치자료>

대상조위관측소 : 통영
위도(WGS84) : N  34도 49분 40초
경도(WGS84) : E 128도 26분 05초
관측기간 : 2022-01-01 00:00:00 ~ 2022-12-31 23:59:00

2021 12 01 06 27 MAX   218
2021 12 01 12 20 MIN    62
2021 12 01 18 29 MAX   225
2021 12 02 00 35 MIN    34
2021 12 02 07 14 MAX   242
2021 12 02 13 11 MIN    46
2021 12 02 19 15 MAX   234
2021 12 03 01 18 MIN    13
2021 12 03 08 01 MAX   263
2021 12 03 14 00 MIN    34
2021 12 03 20 00 MAX   238
2021 12 04 02 01 MIN    -1
2021 12 04 08 48 MAX   277
2021 12 04 14 48 MIN    28
2021 12 04 20 46 MAX   238
2021 12 05 02 46 MIN    -8
2021 12 05 09 35 MAX   283
2021 12 05 15 36 MIN    29
2021 12 05 21 32 MAX   233
2021 12 06 03 31 MIN    -5
2021 12 06 10 23 MAX   281
2021 12 06 16 24 MIN    37
2021 12 06 22 18 MAX   223
2021 12 07 04 17 MIN     5
2021 12 07 11 11 MAX   270
2021 12 07 17 13 MIN    50
2021 12 07 23 05 MAX   209
2021 12 08 05 04 MIN    23
2021 12 08 12 00 MAX   253
2021 12 08 18 05 MIN    65
2021 12 08 23 57 MAX   194
2021 12 09 05 54 MIN    44
2021 12 09 12 52 MAX   233
2021 12 09 19 02 MIN    79
2021 12 10 00 57 MAX   181
2021 12 10 06 49 MIN    65
2021 12 10 13 48 MAX   214
2021 12 10 20 07 MIN    88
2021 12 11 02 09 MAX   172
2021 12 11 07 52 MIN    84
2021 12 11 14 53 MAX   199
2021 12 11 21 21 MIN    90
2021 12 12 03 31 MAX   172
2021 12 12 09 07 MIN    96
2021 12 12 16 05 MAX   191
2021 12 12 22 30 MIN    86
2021 12 13 04 48 MAX   179
2021 12 13 10 28 MIN   100
2021 12 13 17 09 MAX   188
2021 12 13 23 25 MIN    76
2021 12 14 05 49 MAX   191
2021 12 14 11 39 MIN    97
2021 12 14 18 00 MAX   188
2021 12 15 00 09 MIN    66
2021 12 15 06 38 MAX   204
2021 12 15 12 34 MIN    89
2021 12 15 18 42 MAX   190
2021 12 16 00 48 MIN    55
2021 12 16 07 19 MAX   215
2021 12 16 13 19 MIN    81
2021 12 16 19 18 MAX   192
2021 12 17 01 23 MIN    46
2021 12 17 07 57 MAX   226
2021 12 17 13 58 MIN    72
2021 12 17 19 52 MAX   195
2021 12 18 01 57 MIN    38
2021 12 18 08 32 MAX   235
2021 12 18 14 34 MIN    65
2021 12 18 20 24 MAX   198
2021 12 19 02 30 MIN    33
2021 12 19 09 06 MAX   241
2021 12 19 15 07 MIN    61
2021 12 19 20 56 MAX   199
2021 12 20 03 03 MIN    30
2021 12 20 09 40 MAX   245
2021 12 20 15 41 MIN    59
2021 12 20 21 29 MAX   200
2021 12 21 03 35 MIN    30
2021 12 21 10 14 MAX   245
2021 12 21 16 13 MIN    60
2021 12 21 22 03 MAX   198
2021 12 22 04 09 MIN    33
2021 12 22 10 49 MAX   242
2021 12 22 16 47 MIN    64
2021 12 22 22 38 MAX   193
2021 12 23 04 45 MIN    40
2021 12 23 11 25 MAX   236
2021 12 23 17 23 MIN    70
2021 12 23 23 16 MAX   187
2021 12 24 05 23 MIN    49
2021 12 24 12 02 MAX   227
2021 12 24 18 03 MIN    77
2021 12 25 00 00 MAX   179
2021 12 25 00 00 MAX   179
2021 12 25 06 06 MIN    60
2021 12 25 12 44 MAX   217
2021 12 25 18 49 MIN    82
2021 12 26 00 54 MAX   173
2021 12 26 06 57 MIN    72
2021 12 26 13 33 MAX   207
2021 12 26 19 44 MIN    84
2021 12 27 02 04 MAX   170
2021 12 27 08 01 MIN    81
2021 12 27 14 31 MAX   198
2021 12 27 20 49 MIN    80
2021 12 28 03 28 MAX   174
2021 12 28 09 18 MIN    86
2021 12 28 15 40 MAX   194
2021 12 28 21 59 MIN    70
2021 12 29 04 49 MAX   187
2021 12 29 10 41 MIN    83
2021 12 29 16 50 MAX   194
2021 12 29 23 04 MIN    54
2021 12 30 05 58 MAX   206
2021 12 30 11 56 MIN    72
2021 12 30 17 54 MAX   198
2021 12 31 00 03 MIN    36
2021 12 31 06 59 MAX   228
2021 12 31 12 59 MIN    58
2021 12 31 18 53 MAX   205
2022 01 01 00 58 MIN    18
2022 01 01 07 54 MAX   248
2022 01 01 13 55 MIN    43
2022 01 01 19 47 MAX   213
2022 01 02 01 50 MIN     2
2022 01 02 08 45 MAX   265
2022 01 02 14 45 MIN    31
2022 01 02 20 38 MAX   219
2022 01 03 02 40 MIN    -8
2022 01 03 09 34 MAX   275
2022 01 03 15 33 MIN    25
2022 01 03 21 27 MAX   223
2022 01 04 03 27 MIN   -12
2022 01 04 10 19 MAX   277
2022 01 04 16 17 MIN    25
2022 01 04 22 14 MAX   222
2022 01 05 04 13 MIN    -8
2022 01 05 11 02 MAX   271
2022 01 05 17 01 MIN    30
2022 01 05 22 59 MAX   217
2022 01 06 04 56 MIN     4
2022 01 06 11 43 MAX   258
2022 01 06 17 43 MIN    40
2022 01 06 23 44 MAX   208
2022 01 07 05 39 MIN    23
2022 01 07 12 22 MAX   239
2022 01 07 18 26 MIN    53
2022 01 08 00 30 MAX   196
2022 01 08 06 21 MIN    45
2022 01 08 13 01 MAX   218
2022 01 08 19 11 MIN    66
2022 01 09 01 20 MAX   184
2022 01 09 07 06 MIN    68
2022 01 09 13 40 MAX   198
2022 01 09 20 03 MIN    76
2022 01 10 02 19 MAX   173
2022 01 10 07 59 MIN    89
2022 01 10 14 27 MAX   179
2022 01 10 21 05 MIN    82
2022 01 11 03 35 MAX   168
2022 01 11 09 11 MIN   105
2022 01 11 15 34 MAX   166
2022 01 11 22 16 MIN    82
2022 01 12 04 58 MAX   171
2022 01 12 10 48 MIN   110
2022 01 12 16 56 MAX   160
2022 01 12 23 23 MIN    76
2022 01 13 06 09 MAX   181
2022 01 13 12 14 MIN   103
2022 01 13 18 04 MAX   162
2022 01 14 00 18 MIN    67
2022 01 14 07 02 MAX   194
2022 01 14 13 11 MIN    90
2022 01 14 18 55 MAX   168
2022 01 15 01 04 MIN    55
2022 01 15 07 45 MAX   208
2022 01 15 13 53 MIN    77
2022 01 15 19 37 MAX   176
2022 01 16 01 45 MIN    43
2022 01 16 08 24 MAX   220
2022 01 16 14 29 MIN    65
2022 01 16 20 15 MAX   185
2022 01 17 02 22 MIN    32
2022 01 17 08 59 MAX   232
2022 01 17 15 02 MIN    55
2022 01 17 20 51 MAX   193
2022 01 18 02 56 MIN    23
2022 01 18 09 33 MAX   240
2022 01 18 15 32 MIN    48
2022 01 18 21 26 MAX   200
2022 01 19 03 29 MIN    17
2022 01 19 10 05 MAX   246
2022 01 19 16 03 MIN    44
2022 01 19 22 00 MAX   204
2022 01 20 04 02 MIN    14
2022 01 20 10 37 MAX   248
2022 01 20 16 33 MIN    43
2022 01 20 22 35 MAX   206
2022 01 21 04 36 MIN    16
2022 01 21 11 09 MAX   246
2022 01 21 17 05 MIN    43
2022 01 21 23 10 MAX   204
2022 01 22 05 11 MIN    23
2022 01 22 11 42 MAX   240
2022 01 22 17 38 MIN    46
2022 01 22 23 49 MAX   200
2022 01 23 05 49 MIN    34
2022 01 23 12 17 MAX   229
2022 01 23 18 16 MIN    50
2022 01 24 00 31 MAX   194
2022 01 24 06 31 MIN    48
2022 01 24 12 55 MAX   215
2022 01 24 18 59 MIN    55
2022 01 25 01 22 MAX   187
2022 01 25 07 23 MIN    66
2022 01 25 13 40 MAX   198
2022 01 25 19 52 MIN    60
2022 01 26 02 31 MAX   180
2022 01 26 08 32 MIN    82
2022 01 26 14 42 MAX   182
2022 01 26 20 59 MIN    62
2022 01 27 04 04 MAX   180
2022 01 27 10 07 MIN    90
2022 01 27 16 05 MAX   171
2022 01 27 22 21 MIN    58
2022 01 28 05 41 MAX   192
2022 01 28 11 47 MIN    83
2022 01 28 17 33 MAX   172
2022 01 28 23 43 MIN    46
2022 01 29 06 56 MAX   212
2022 01 29 13 01 MIN    66
2022 01 29 18 45 MAX   182
2022 01 30 00 51 MIN    27
2022 01 30 07 54 MAX   235
2022 01 30 13 56 MIN    46
2022 01 30 19 44 MAX   198
2022 01 31 01 48 MIN     7
2022 01 31 08 44 MAX   255
2022 01 31 14 42 MIN    28
2022 01 31 20 35 MAX   213
2022 02 01 02 37 MIN    -9
2022 02 01 09 27 MAX   269
2022 02 01 15 23 MIN    16
2022 02 01 21 21 MAX   225
2022 02 02 03 21 MIN   -18
2022 02 02 10 06 MAX   274
2022 02 02 16 01 MIN    10
2022 02 02 22 03 MAX   231
2022 02 03 04 01 MIN   -18
2022 02 03 10 43 MAX   270
2022 02 03 16 38 MIN    11
2022 02 03 22 43 MAX   231
2022 02 04 04 39 MIN    -8
2022 02 04 11 16 MAX   258
2022 02 04 17 13 MIN    19
2022 02 04 23 21 MAX   224
2022 02 05 05 14 MIN    10
2022 02 05 11 46 MAX   240
2022 02 05 17 47 MIN    31
2022 02 05 23 58 MAX   212
2022 02 06 05 49 MIN    33
2022 02 06 12 14 MAX   219
2022 02 06 18 21 MIN    45
2022 02 07 00 35 MAX   197
2022 02 07 06 23 MIN    58
2022 02 07 12 39 MAX   197
2022 02 07 18 56 MIN    60
2022 02 08 01 16 MAX   182
2022 02 08 07 01 MIN    82
2022 02 08 13 05 MAX   176
2022 02 08 19 38 MIN    74
2022 02 09 02 10 MAX   168
2022 02 09 07 52 MIN   103
2022 02 09 13 41 MAX   157
2022 02 09 20 41 MIN    84
2022 02 10 03 37 MAX   160
2022 02 10 09 32 MIN   116
2022 02 10 15 08 MAX   142
2022 02 10 22 18 MIN    87
2022 02 11 05 31 MAX   164
2022 02 11 12 03 MIN   111
2022 02 11 17 31 MAX   142
2022 02 11 23 48 MIN    79
2022 02 12 06 46 MAX   178
2022 02 12 13 09 MIN    94
2022 02 12 18 44 MAX   153
2022 02 13 00 50 MIN    64
2022 02 13 07 34 MAX   195
2022 02 13 13 48 MIN    77
2022 02 13 19 31 MAX   167
2022 02 14 01 34 MIN    48
2022 02 14 08 12 MAX   212
2022 02 14 14 19 MIN    62
2022 02 14 20 08 MAX   181
2022 02 15 02 11 MIN    31
2022 02 15 08 45 MAX   227
2022 02 15 14 47 MIN    48
2022 02 15 20 42 MAX   195
2022 02 16 02 44 MIN    17
2022 02 16 09 16 MAX   240
2022 02 16 15 14 MIN    36
2022 02 16 21 15 MAX   208
2022 02 17 03 15 MIN     6
2022 02 17 09 45 MAX   250
2022 02 17 15 41 MIN    26
2022 02 17 21 48 MAX   219
2022 02 18 03 46 MIN    -1
2022 02 18 10 15 MAX   255
2022 02 18 16 09 MIN    19
2022 02 18 22 21 MAX   226
2022 02 19 04 19 MIN    -2
2022 02 19 10 45 MAX   255
2022 02 19 16 39 MIN    15
2022 02 19 22 55 MAX   228
2022 02 20 04 53 MIN     4
2022 02 20 11 16 MAX   248
2022 02 20 17 10 MIN    16
2022 02 20 23 31 MAX   225
2022 02 21 05 29 MIN    18
2022 02 21 11 48 MAX   235
2022 02 21 17 45 MIN    22
2022 02 22 00 10 MAX   216
2022 02 22 06 09 MIN    37
2022 02 22 12 22 MAX   215
2022 02 22 18 23 MIN    33
2022 02 23 00 55 MAX   203
2022 02 23 06 56 MIN    61
2022 02 23 13 02 MAX   192
2022 02 23 19 09 MIN    47
2022 02 24 01 54 MAX   186
2022 02 24 08 02 MIN    85
2022 02 24 13 58 MAX   168
2022 02 24 20 14 MIN    61
2022 02 25 03 35 MAX   175
2022 02 25 09 56 MIN    99
2022 02 25 15 38 MAX   151
2022 02 25 21 52 MIN    68
2022 02 26 05 41 MAX   183
2022 02 26 11 58 MIN    88
2022 02 26 17 33 MAX   155
2022 02 26 23 38 MIN    57
2022 02 27 06 58 MAX   205
2022 02 27 13 05 MIN    66
2022 02 27 18 49 MAX   174
2022 02 28 00 51 MIN    35
2022 02 28 07 50 MAX   229
2022 02 28 13 50 MIN    43
2022 02 28 19 42 MAX   197
2022 03 01 01 43 MIN    13
2022 03 01 08 32 MAX   248
2022 03 01 14 28 MIN    23
2022 03 01 20 27 MAX   217
2022 03 02 02 26 MIN    -5
2022 03 02 09 09 MAX   261
2022 03 02 15 03 MIN     8
2022 03 02 21 07 MAX   233
2022 03 03 03 05 MIN   -15
2022 03 03 09 43 MAX   265
2022 03 03 15 36 MIN     0
2022 03 03 21 45 MAX   242
2022 03 04 03 41 MIN   -15
2022 03 04 10 15 MAX   261
2022 03 04 16 09 MIN     0
2022 03 04 22 21 MAX   243
2022 03 05 04 15 MIN    -5
2022 03 05 10 43 MAX   250
2022 03 05 16 39 MIN     6
2022 03 05 22 54 MAX   237
2022 03 06 04 47 MIN    12
2022 03 06 11 08 MAX   233
2022 03 06 17 08 MIN    18
2022 03 06 23 26 MAX   226
2022 03 07 05 18 MIN    33
2022 03 07 11 30 MAX   214
2022 03 07 17 35 MIN    32
2022 03 07 23 57 MAX   211
2022 03 08 05 47 MIN    56
2022 03 08 11 50 MAX   195
2022 03 08 18 03 MIN    48
2022 03 09 00 30 MAX   195
2022 03 09 06 19 MIN    78
2022 03 09 12 10 MAX   176
2022 03 09 18 33 MIN    64
2022 03 10 01 10 MAX   179
2022 03 10 06 59 MIN    98
2022 03 10 12 37 MAX   157
2022 03 10 19 16 MIN    81
2022 03 11 02 14 MAX   164
2022 03 11 08 18 MIN   116
2022 03 11 13 30 MAX   138
2022 03 11 20 52 MIN    94
2022 03 12 04 26 MAX   158
2022 03 12 11 49 MIN   114
2022 03 12 17 03 MAX   132
2022 03 12 23 09 MIN    91
2022 03 13 06 18 MAX   171
2022 03 13 12 56 MIN    95
2022 03 13 18 33 MAX   148
2022 03 14 00 26 MIN    75
2022 03 14 07 10 MAX   189
2022 03 14 13 29 MIN    77
2022 03 14 19 16 MAX   166
2022 03 15 01 12 MIN    55
2022 03 15 07 47 MAX   208
2022 03 15 13 55 MIN    60
2022 03 15 19 50 MAX   185
2022 03 16 01 48 MIN    36
2022 03 16 08 18 MAX   225
2022 03 16 14 19 MIN    43
2022 03 16 20 23 MAX   204
2022 03 17 02 19 MIN    18
2022 03 17 08 47 MAX   240
2022 03 17 14 44 MIN    27
2022 03 17 20 54 MAX   222
2022 03 18 02 51 MIN     4
2022 03 18 09 15 MAX   251
2022 03 18 15 10 MIN    12
2022 03 18 21 27 MAX   238
2022 03 19 03 23 MIN    -5
2022 03 19 09 45 MAX   258
2022 03 19 15 39 MIN     0
2022 03 19 22 01 MAX   249
2022 03 20 03 58 MIN    -7
2022 03 20 10 16 MAX   258
2022 03 20 16 10 MIN    -6
2022 03 20 22 37 MAX   252
2022 03 21 04 33 MIN     1
2022 03 21 10 48 MAX   249
2022 03 21 16 43 MIN    -4
2022 03 21 23 14 MAX   248
2022 03 22 05 12 MIN    17
2022 03 22 11 21 MAX   231
2022 03 22 17 17 MIN     7
2022 03 22 23 53 MAX   234
2022 03 23 05 53 MIN    40
2022 03 23 11 56 MAX   208
2022 03 23 17 56 MIN    25
2022 03 24 00 38 MAX   215
2022 03 24 06 42 MIN    67
2022 03 24 12 37 MAX   181
2022 03 24 18 42 MIN    47
2022 03 25 01 38 MAX   193
2022 03 25 07 56 MIN    93
2022 03 25 13 38 MAX   156
2022 03 25 19 50 MIN    68
2022 03 26 03 29 MAX   178
2022 03 26 10 11 MIN   102
2022 03 26 15 44 MAX   143
2022 03 26 21 43 MIN    78
2022 03 27 05 35 MAX   186
2022 03 27 11 58 MIN    86
2022 03 27 17 39 MAX   157
2022 03 27 23 33 MIN    67
2022 03 28 06 44 MAX   205
2022 03 28 12 51 MIN    64
2022 03 28 18 43 MAX   180
2022 03 29 00 40 MIN    46
2022 03 29 07 30 MAX   224
2022 03 29 13 29 MIN    42
2022 03 29 19 29 MAX   204
2022 03 30 01 27 MIN    25
2022 03 30 08 07 MAX   239
2022 03 30 14 02 MIN    23
2022 03 30 20 09 MAX   225
2022 03 31 02 07 MIN    11
2022 03 31 08 41 MAX   248
2022 03 31 14 35 MIN    10
2022 03 31 20 47 MAX   240
2022 04 01 02 43 MIN     4
2022 04 01 09 12 MAX   250
2022 04 01 15 06 MIN     2
2022 04 01 21 22 MAX   249
2022 04 02 03 17 MIN     5
2022 04 02 09 41 MAX   245
2022 04 02 15 36 MIN     1
2022 04 02 21 56 MAX   250
2022 04 03 03 50 MIN    13
2022 04 03 10 06 MAX   235
2022 04 03 16 04 MIN     7
2022 04 03 22 27 MAX   246
2022 04 04 04 21 MIN    27
2022 04 04 10 30 MAX   222
2022 04 04 16 31 MIN    16
2022 04 04 22 57 MAX   237
2022 04 05 04 50 MIN    43
2022 04 05 10 51 MAX   208
2022 04 05 16 56 MIN    29
2022 04 05 23 26 MAX   225
2022 04 06 05 19 MIN    60
2022 04 06 11 12 MAX   193
2022 04 06 17 22 MIN    45
2022 04 06 23 57 MAX   210
2022 04 07 05 52 MIN    78
2022 04 07 11 36 MAX   177
2022 04 07 17 52 MIN    62
2022 04 08 00 35 MAX   194
2022 04 08 06 32 MIN    97
2022 04 08 12 06 MAX   159
2022 04 08 18 32 MIN    80
2022 04 09 01 29 MAX   177
2022 04 09 07 41 MIN   113
2022 04 09 12 57 MAX   141
2022 04 09 19 51 MIN    97
2022 04 10 03 11 MAX   167
2022 04 10 10 45 MIN   116
2022 04 10 16 19 MAX   134
2022 04 10 22 10 MIN   100
2022 04 11 05 18 MAX   173
2022 04 11 12 14 MIN   100
2022 04 11 18 00 MAX   151
2022 04 11 23 41 MIN    87
2022 04 12 06 23 MAX   188
2022 04 12 12 48 MIN    83
2022 04 12 18 44 MAX   171
2022 04 13 00 33 MIN    68
2022 04 13 07 02 MAX   205
2022 04 13 13 14 MIN    64
2022 04 13 19 19 MAX   192
2022 04 14 01 12 MIN    48
2022 04 14 07 35 MAX   222
2022 04 14 13 38 MIN    44
2022 04 14 19 52 MAX   215
2022 04 15 01 47 MIN    29
2022 04 15 08 06 MAX   237
2022 04 15 14 05 MIN    23
2022 04 15 20 27 MAX   237
2022 04 16 02 22 MIN    14
2022 04 16 08 39 MAX   249
2022 04 16 14 35 MIN     4
2022 04 16 21 03 MAX   256
2022 04 17 02 59 MIN     4
2022 04 17 09 12 MAX   254
2022 04 17 15 07 MIN    -9
2022 04 17 21 40 MAX   268
2022 04 18 03 37 MIN     3
2022 04 18 09 47 MAX   252
2022 04 18 15 42 MIN   -13
2022 04 18 22 19 MAX   271
2022 04 19 04 17 MIN    12
2022 04 19 10 23 MAX   242
2022 04 19 16 19 MIN    -7
2022 04 19 22 59 MAX   264
2022 04 20 04 59 MIN    29
2022 04 20 11 00 MAX   224
2022 04 20 16 57 MIN     8
2022 04 20 23 42 MAX   248
2022 04 21 05 46 MIN    52
2022 04 21 11 41 MAX   200
2022 04 21 17 40 MIN    30
2022 04 22 00 32 MAX   226
2022 04 22 06 43 MIN    77
2022 04 22 12 29 MAX   176
2022 04 22 18 32 MIN    55
2022 04 23 01 39 MAX   203
2022 04 23 08 06 MIN    96
2022 04 23 13 47 MAX   157
2022 04 23 19 48 MIN    76
2022 04 24 03 22 MAX   191
2022 04 24 10 02 MIN    99
2022 04 24 15 49 MAX   154
2022 04 24 21 33 MIN    85
2022 04 25 05 05 MAX   194
2022 04 25 11 27 MIN    85
2022 04 25 17 22 MAX   170
2022 04 25 23 09 MIN    77
2022 04 26 06 10 MAX   206
2022 04 26 12 18 MIN    67
2022 04 26 18 20 MAX   191
2022 04 27 00 14 MIN    63
2022 04 27 06 56 MAX   217
2022 04 27 12 56 MIN    50
2022 04 27 19 05 MAX   212
2022 04 28 01 01 MIN    49
2022 04 28 07 33 MAX   226
2022 04 28 13 30 MIN    34
2022 04 28 19 45 MAX   230
2022 04 29 01 41 MIN    40
2022 04 29 08 06 MAX   230
2022 04 29 14 02 MIN    23
2022 04 29 20 22 MAX   242
2022 04 30 02 18 MIN    35
2022 04 30 08 37 MAX   230
2022 04 30 14 33 MIN    17
2022 04 30 20 58 MAX   250
2022 05 01 02 53 MIN    35
2022 05 01 09 05 MAX   226
2022 05 01 15 02 MIN    16
2022 05 01 21 30 MAX   252
2022 05 02 03 25 MIN    40
2022 05 02 09 31 MAX   220
2022 05 02 15 31 MIN    19
2022 05 02 22 01 MAX   250
2022 05 03 03 57 MIN    47
2022 05 03 09 56 MAX   212
2022 05 03 15 59 MIN    26
2022 05 03 22 32 MAX   245
2022 05 04 04 28 MIN    57
2022 05 04 10 20 MAX   204
2022 05 04 16 26 MIN    37
2022 05 04 23 02 MAX   236
2022 05 05 05 00 MIN    69
2022 05 05 10 47 MAX   193
2022 05 05 16 56 MIN    50
2022 05 05 23 35 MAX   224
2022 05 06 05 35 MIN    83
2022 05 06 11 17 MAX   181
2022 05 06 17 30 MIN    66
2022 05 07 00 14 MAX   210
2022 05 07 06 19 MIN    98
2022 05 07 11 54 MAX   166
2022 05 07 18 14 MIN    83
2022 05 08 01 05 MAX   196
2022 05 08 07 22 MIN   111
2022 05 08 12 54 MAX   153
2022 05 08 19 24 MIN    98
2022 05 09 02 21 MAX   185
2022 05 09 09 08 MIN   116
2022 05 09 15 11 MAX   148
2022 05 09 21 04 MIN   104
2022 05 10 03 55 MAX   184
2022 05 10 10 48 MIN   107
2022 05 10 16 57 MAX   160
2022 05 10 22 34 MIN    98
2022 05 11 05 10 MAX   193
2022 05 11 11 40 MIN    91
2022 05 11 17 53 MAX   179
2022 05 11 23 38 MIN    83
2022 05 12 06 01 MAX   205
2022 05 12 12 15 MIN    71
2022 05 12 18 36 MAX   202
2022 05 13 00 28 MIN    66
2022 05 13 06 43 MAX   219
2022 05 13 12 48 MIN    49
2022 05 13 19 17 MAX   226
2022 05 14 01 12 MIN    48
2022 05 14 07 22 MAX   232
2022 05 14 13 23 MIN    27
2022 05 14 19 57 MAX   249
2022 05 15 01 55 MIN    34
2022 05 15 08 02 MAX   241
2022 05 15 14 00 MIN     8
2022 05 15 20 39 MAX   268
2022 05 16 02 38 MIN    25
2022 05 16 08 41 MAX   246
2022 05 16 14 39 MIN    -3
2022 05 16 21 22 MAX   280
2022 05 17 03 22 MIN    23
2022 05 17 09 23 MAX   243
2022 05 17 15 20 MIN    -6
2022 05 17 22 06 MAX   282
2022 05 18 04 06 MIN    30
2022 05 18 10 05 MAX   234
2022 05 18 16 02 MIN     1
2022 05 18 22 52 MAX   275
2022 05 19 04 54 MIN    44
2022 05 19 10 49 MAX   220
2022 05 19 16 47 MIN    17
2022 05 19 23 40 MAX   259
2022 05 20 05 45 MIN    62
2022 05 20 11 37 MAX   202
2022 05 20 17 36 MIN    38
2022 05 21 00 33 MAX   240
2022 05 21 06 45 MIN    80
2022 05 21 12 35 MAX   185
2022 05 21 18 33 MIN    61
2022 05 22 01 36 MAX   221
2022 05 22 07 58 MIN    93
2022 05 22 13 52 MAX   174
2022 05 22 19 43 MIN    80
2022 05 23 02 53 MAX   208
2022 05 23 09 21 MIN    96
2022 05 23 15 24 MAX   174
2022 05 23 21 04 MIN    91
2022 05 24 04 14 MAX   203
2022 05 24 10 35 MIN    89
2022 05 24 16 45 MAX   185
2022 05 24 22 28 MIN    93
2022 05 25 05 20 MAX   204
2022 05 25 11 32 MIN    78
2022 05 25 17 46 MAX   200
2022 05 25 23 37 MIN    88
2022 05 26 06 11 MAX   207
2022 05 26 12 15 MIN    66
2022 05 26 18 36 MAX   215
2022 05 27 00 31 MIN    81
2022 05 27 06 53 MAX   209
2022 05 27 12 53 MIN    55
2022 05 27 19 19 MAX   228
2022 05 28 01 16 MIN    74
2022 05 28 07 28 MAX   211
2022 05 28 13 28 MIN    46
2022 05 28 19 58 MAX   239
2022 05 29 01 56 MIN    69
2022 05 29 08 01 MAX   211
2022 05 29 14 01 MIN    40
2022 05 29 20 34 MAX   246
2022 05 30 02 33 MIN    66
2022 05 30 08 31 MAX   211
2022 05 30 14 33 MIN    37
2022 05 30 21 08 MAX   251
2022 05 31 03 07 MIN    66
2022 05 31 09 00 MAX   210
2022 05 31 15 05 MIN    38
2022 05 31 21 41 MAX   252
2022 06 01 03 40 MIN    67
2022 06 01 09 30 MAX   208
2022 06 01 15 35 MIN    41
2022 06 01 22 14 MAX   250
2022 06 02 04 14 MIN    71
2022 06 02 10 00 MAX   204
2022 06 02 16 08 MIN    48
2022 06 02 22 47 MAX   246
2022 06 03 04 47 MIN    78
2022 06 03 10 33 MAX   199
2022 06 03 16 42 MIN    57
2022 06 03 23 22 MAX   238
2022 06 04 05 24 MIN    87
2022 06 04 11 09 MAX   191
2022 06 04 17 20 MIN    70
2022 06 05 00 01 MAX   228
2022 06 05 06 05 MIN    97
2022 06 05 11 51 MAX   181
2022 06 05 18 04 MIN    83
2022 06 06 00 46 MAX   217
2022 06 06 06 55 MIN   106
2022 06 06 12 48 MAX   173
2022 06 06 18 59 MIN    95
2022 06 07 01 40 MAX   208
2022 06 07 07 58 MIN   110
2022 06 07 14 09 MAX   170
2022 06 07 20 08 MIN   103
2022 06 08 02 44 MAX   202
2022 06 08 09 10 MIN   107
2022 06 08 15 39 MAX   176
2022 06 08 21 25 MIN   104
2022 06 09 03 52 MAX   202
2022 06 09 10 15 MIN    95
2022 06 09 16 52 MAX   191
2022 06 09 22 40 MIN    98
2022 06 10 04 55 MAX   208
2022 06 10 11 09 MIN    78
2022 06 10 17 51 MAX   211
2022 06 10 23 45 MIN    86
2022 06 11 05 50 MAX   215
2022 06 11 11 58 MIN    58
2022 06 11 18 43 MAX   233
2022 06 12 00 41 MIN    72
2022 06 12 06 41 MAX   224
2022 06 12 12 44 MIN    38
2022 06 12 19 33 MAX   255
2022 06 13 01 34 MIN    58
2022 06 13 07 30 MAX   231
2022 06 13 13 32 MIN    22
2022 06 13 20 22 MAX   272
2022 06 14 02 24 MIN    49
2022 06 14 08 19 MAX   236
2022 06 14 14 19 MIN    11
2022 06 14 21 11 MAX   284
2022 06 15 03 13 MIN    44
2022 06 15 09 07 MAX   237
2022 06 15 15 06 MIN     8
2022 06 15 22 00 MAX   288
2022 06 16 04 01 MIN    45
2022 06 16 09 56 MAX   234
2022 06 16 15 54 MIN    12
2022 06 16 22 48 MAX   285
2022 06 17 04 50 MIN    52
2022 06 17 10 44 MAX   227
2022 06 17 16 43 MIN    24
2022 06 17 23 36 MAX   274
2022 06 18 05 39 MIN    63
2022 06 18 11 36 MAX   217
2022 06 18 17 32 MIN    41
2022 06 19 00 25 MAX   258
2022 06 19 06 31 MIN    76
2022 06 19 12 30 MAX   207
2022 06 19 18 24 MIN    61
2022 06 20 01 14 MAX   240
2022 06 20 07 26 MIN    87
2022 06 20 13 31 MAX   198
2022 06 20 19 19 MIN    81
2022 06 21 02 08 MAX   222
2022 06 21 08 27 MIN    94
2022 06 21 14 41 MAX   193
2022 06 21 20 22 MIN    99
2022 06 22 03 08 MAX   208
2022 06 22 09 33 MIN    96
2022 06 22 15 57 MAX   194
2022 06 22 21 35 MIN   111
2022 06 23 04 14 MAX   198
2022 06 23 10 36 MIN    93
2022 06 23 17 07 MAX   201
2022 06 23 22 54 MIN   116
2022 06 24 05 16 MAX   193
2022 06 24 11 30 MIN    87
2022 06 24 18 06 MAX   211
2022 06 25 00 03 MIN   113
2022 06 25 06 09 MAX   193
2022 06 25 12 16 MIN    79
2022 06 25 18 56 MAX   222
2022 06 26 00 57 MIN   106
2022 06 26 06 52 MAX   195
2022 06 26 12 57 MIN    71
2022 06 26 19 38 MAX   232
2022 06 27 01 41 MIN    98
2022 06 27 07 31 MAX   198
2022 06 27 13 36 MIN    63
2022 06 27 20 17 MAX   241
2022 06 28 02 20 MIN    90
2022 06 28 08 07 MAX   203
2022 06 28 14 13 MIN    57
2022 06 28 20 53 MAX   248
2022 06 29 02 55 MIN    84
2022 06 29 08 42 MAX   207
2022 06 29 14 49 MIN    54
2022 06 29 21 28 MAX   254
2022 06 30 03 29 MIN    80
2022 06 30 09 16 MAX   210
2022 06 30 15 23 MIN    52
2022 06 30 22 02 MAX   256
2022 07 01 04 02 MIN    80
2022 07 01 09 51 MAX   212
2022 07 01 15 58 MIN    54
2022 07 01 22 35 MAX   256
2022 07 02 04 35 MIN    82
2022 07 02 10 27 MAX   211
2022 07 02 16 32 MIN    59
2022 07 02 23 09 MAX   252
2022 07 03 05 08 MIN    86
2022 07 03 11 03 MAX   207
2022 07 03 17 08 MIN    67
2022 07 03 23 44 MAX   246
2022 07 04 05 43 MIN    91
2022 07 04 11 43 MAX   203
2022 07 04 17 47 MIN    77
2022 07 05 00 21 MAX   238
2022 07 05 06 22 MIN    96
2022 07 05 12 29 MAX   198
2022 07 05 18 31 MIN    88
2022 07 06 01 01 MAX   229
2022 07 06 07 07 MIN    99
2022 07 06 13 24 MAX   195
2022 07 06 19 24 MIN    99
2022 07 07 01 49 MAX   219
2022 07 07 08 01 MIN    98
2022 07 07 14 34 MAX   195
2022 07 07 20 30 MIN   108
2022 07 08 02 46 MAX   211
2022 07 08 09 03 MIN    94
2022 07 08 15 54 MAX   202
2022 07 08 21 49 MIN   111
2022 07 09 03 55 MAX   206
2022 07 09 10 10 MIN    84
2022 07 09 17 11 MAX   215
2022 07 09 23 12 MIN   107
2022 07 10 05 06 MAX   207
2022 07 10 11 15 MIN    70
2022 07 10 18 20 MAX   234
2022 07 11 00 24 MIN    95
2022 07 11 06 12 MAX   212
2022 07 11 12 17 MIN    54
2022 07 11 19 21 MAX   254
2022 07 12 01 25 MIN    80
2022 07 12 07 12 MAX   220
2022 07 12 13 15 MIN    39
2022 07 12 20 16 MAX   272
2022 07 13 02 19 MIN    66
2022 07 13 08 08 MAX   230
2022 07 13 14 10 MIN    25
2022 07 13 21 07 MAX   287
2022 07 14 03 08 MIN    55
2022 07 14 09 00 MAX   238
2022 07 14 15 00 MIN    17
2022 07 14 21 54 MAX   295
2022 07 15 03 54 MIN    50
2022 07 15 09 50 MAX   243
2022 07 15 15 49 MIN    16
2022 07 15 22 39 MAX   295
2022 07 16 04 37 MIN    50
2022 07 16 10 37 MAX   244
2022 07 16 16 34 MIN    24
2022 07 16 23 21 MAX   286
2022 07 17 05 19 MIN    57
2022 07 17 11 23 MAX   239
2022 07 17 17 17 MIN    40
2022 07 18 00 00 MAX   271
2022 07 18 06 02 MIN    67
2022 07 18 12 10 MAX   230
2022 07 18 18 00 MIN    61
2022 07 19 00 38 MAX   250
2022 07 19 06 45 MIN    80
2022 07 19 12 58 MAX   218
2022 07 19 18 44 MIN    86
2022 07 20 01 15 MAX   228
2022 07 20 07 31 MIN    92
2022 07 20 13 52 MAX   207
2022 07 20 19 33 MIN   110
2022 07 21 01 55 MAX   207
2022 07 21 08 24 MIN   102
2022 07 21 14 59 MAX   199
2022 07 21 20 35 MIN   129
2022 07 22 02 46 MAX   190
2022 07 22 09 29 MIN   107
2022 07 22 16 21 MAX   197
2022 07 22 22 07 MIN   139
2022 07 23 04 04 MAX   179
2022 07 23 10 40 MIN   107
2022 07 23 17 40 MAX   203
2022 07 23 23 48 MIN   137
2022 07 24 05 29 MAX   178
2022 07 24 11 44 MIN   100
2022 07 24 18 41 MAX   214
2022 07 25 00 54 MIN   126
2022 07 25 06 30 MAX   183
2022 07 25 12 37 MIN    91
2022 07 25 19 27 MAX   226
2022 07 26 01 38 MIN   113
2022 07 26 07 17 MAX   192
2022 07 26 13 23 MIN    80
2022 07 26 20 07 MAX   238
2022 07 27 02 14 MIN   101
2022 07 27 07 57 MAX   201
2022 07 27 14 03 MIN    70
2022 07 27 20 43 MAX   249
2022 07 28 02 46 MIN    91
2022 07 28 08 33 MAX   211
2022 07 28 14 38 MIN    61
2022 07 28 21 16 MAX   257
2022 07 29 03 17 MIN    83
2022 07 29 09 08 MAX   219
2022 07 29 15 12 MIN    55
2022 07 29 21 48 MAX   263
2022 07 30 03 46 MIN    79
2022 07 30 09 42 MAX   224
2022 07 30 15 45 MIN    52
2022 07 30 22 18 MAX   266
2022 07 31 04 15 MIN    76
2022 07 31 10 16 MAX   228
2022 07 31 16 16 MIN    54
2022 07 31 22 48 MAX   266
2022 08 01 04 43 MIN    76
2022 08 01 10 50 MAX   228
2022 08 01 16 49 MIN    59
2022 08 01 23 18 MAX   261
2022 08 02 05 14 MIN    77
2022 08 02 11 26 MAX   227
2022 08 02 17 24 MIN    69
2022 08 02 23 49 MAX   253
2022 08 03 05 47 MIN    79
2022 08 03 12 05 MAX   223
2022 08 03 18 03 MIN    82
2022 08 04 00 24 MAX   241
2022 08 04 06 25 MIN    83
2022 08 04 12 50 MAX   217
2022 08 04 18 48 MIN    98
2022 08 05 01 03 MAX   226
2022 08 05 07 11 MIN    87
2022 08 05 13 47 MAX   211
2022 08 05 19 48 MIN   114
2022 08 06 01 54 MAX   209
2022 08 06 08 09 MIN    92
2022 08 06 15 08 MAX   207
2022 08 06 21 15 MIN   126
2022 08 07 03 08 MAX   196
2022 08 07 09 24 MIN    92
2022 08 07 16 50 MAX   213
2022 08 07 23 02 MIN   124
2022 08 08 04 42 MAX   192
2022 08 08 10 50 MIN    85
2022 08 08 18 17 MAX   230
2022 08 09 00 28 MIN   109
2022 08 09 06 04 MAX   200
2022 08 09 12 08 MIN    70
2022 08 09 19 21 MAX   252
2022 08 10 01 27 MIN    89
2022 08 10 07 10 MAX   215
2022 08 10 13 12 MIN    50
2022 08 10 20 13 MAX   273
2022 08 11 02 15 MIN    69
2022 08 11 08 05 MAX   233
2022 08 11 14 06 MIN    32
2022 08 11 20 59 MAX   290
2022 08 12 02 57 MIN    53
2022 08 12 08 54 MAX   248
2022 08 12 14 52 MIN    20
2022 08 12 21 40 MAX   299
2022 08 13 03 36 MIN    44
2022 08 13 09 39 MAX   258
2022 08 13 15 35 MIN    17
2022 08 13 22 18 MAX   298
2022 08 14 04 14 MIN    41
2022 08 14 10 21 MAX   261
2022 08 14 16 15 MIN    25
2022 08 14 22 54 MAX   288
2022 08 15 04 50 MIN    47
2022 08 15 11 02 MAX   257
2022 08 15 16 53 MIN    42
2022 08 15 23 26 MAX   271
2022 08 16 05 25 MIN    57
2022 08 16 11 41 MAX   246
2022 08 16 17 30 MIN    65
2022 08 16 23 55 MAX   249
2022 08 17 05 59 MIN    72
2022 08 17 12 20 MAX   231
2022 08 17 18 06 MIN    92
2022 08 18 00 20 MAX   225
2022 08 18 06 35 MIN    88
2022 08 18 13 02 MAX   215
2022 08 18 18 44 MIN   117
2022 08 19 00 42 MAX   203
2022 08 19 07 14 MIN   103
2022 08 19 13 54 MAX   201
2022 08 19 19 33 MIN   139
2022 08 20 01 08 MAX   184
2022 08 20 08 10 MIN   116
2022 08 20 15 19 MAX   192
2022 08 20 21 16 MIN   153
2022 08 21 02 14 MAX   168
2022 08 21 09 45 MIN   121
2022 08 21 17 16 MAX   195
2022 08 22 00 04 MIN   146
2022 08 22 05 12 MAX   166
2022 08 22 11 22 MIN   115
2022 08 22 18 31 MAX   208
2022 08 23 01 00 MIN   130
2022 08 23 06 29 MAX   178
2022 08 23 12 27 MIN   102
2022 08 23 19 17 MAX   222
2022 08 24 01 33 MIN   114
2022 08 24 07 14 MAX   192
2022 08 24 13 13 MIN    87
2022 08 24 19 54 MAX   237
2022 08 25 02 02 MIN    99
2022 08 25 07 50 MAX   206
2022 08 25 13 50 MIN    73
2022 08 25 20 26 MAX   250
2022 08 26 02 29 MIN    87
2022 08 26 08 23 MAX   218
2022 08 26 14 23 MIN    61
2022 08 26 20 56 MAX   260
2022 08 27 02 55 MIN    77
2022 08 27 08 55 MAX   230
2022 08 27 14 54 MIN    51
2022 08 27 21 24 MAX   268
2022 08 28 03 20 MIN    68
2022 08 28 09 26 MAX   240
2022 08 28 15 24 MIN    46
2022 08 28 21 51 MAX   273
2022 08 29 03 46 MIN    61
2022 08 29 09 58 MAX   247
2022 08 29 15 54 MIN    45
2022 08 29 22 19 MAX   273
2022 08 30 04 13 MIN    56
2022 08 30 10 31 MAX   250
2022 08 30 16 26 MIN    50
2022 08 30 22 47 MAX   268
2022 08 31 04 42 MIN    55
2022 08 31 11 05 MAX   249
2022 08 31 17 01 MIN    61
2022 08 31 23 17 MAX   256
2022 09 01 05 13 MIN    58
2022 09 01 11 42 MAX   243
2022 09 01 17 39 MIN    78
2022 09 01 23 49 MAX   240
2022 09 02 05 49 MIN    67
2022 09 02 12 23 MAX   232
2022 09 02 18 23 MIN    99
2022 09 03 00 26 MAX   219
2022 09 03 06 31 MIN    79
2022 09 03 13 17 MAX   218
2022 09 03 19 22 MIN   121
2022 09 04 01 15 MAX   197
2022 09 04 07 29 MIN    93
2022 09 04 14 45 MAX   206
2022 09 04 21 10 MIN   136
2022 09 05 02 44 MAX   178
2022 09 05 08 59 MIN   102
2022 09 05 16 57 MAX   210
2022 09 05 23 27 MIN   128
2022 09 06 04 51 MAX   179
2022 09 06 10 50 MIN    96
2022 09 06 18 24 MAX   230
2022 09 07 00 38 MIN   106
2022 09 07 06 14 MAX   197
2022 09 07 12 12 MIN    76
2022 09 07 19 18 MAX   252
2022 09 08 01 22 MIN    82
2022 09 08 07 11 MAX   219
2022 09 08 13 09 MIN    53
2022 09 08 20 01 MAX   272
2022 09 09 02 00 MIN    60
2022 09 09 07 58 MAX   242
2022 09 09 13 55 MIN    34
2022 09 09 20 40 MAX   286
2022 09 10 02 36 MIN    44
2022 09 10 08 40 MAX   259
2022 09 10 14 37 MIN    22
2022 09 10 21 16 MAX   292
2022 09 11 03 10 MIN    33
2022 09 11 09 21 MAX   270
2022 09 11 15 16 MIN    22
2022 09 11 21 49 MAX   288
2022 09 12 03 44 MIN    31
2022 09 12 09 59 MAX   272
2022 09 12 15 52 MIN    31
2022 09 12 22 20 MAX   276
2022 09 13 04 16 MIN    36
2022 09 13 10 36 MAX   267
2022 09 13 16 26 MIN    49
2022 09 13 22 47 MAX   258
2022 09 14 04 46 MIN    48
2022 09 14 11 10 MAX   255
2022 09 14 16 59 MIN    71
2022 09 14 23 10 MAX   237
2022 09 15 05 15 MIN    63
2022 09 15 11 43 MAX   239
2022 09 15 17 30 MIN    95
2022 09 15 23 29 MAX   216
2022 09 16 05 42 MIN    81
2022 09 16 12 18 MAX   221
2022 09 16 18 03 MIN   118
2022 09 16 23 45 MAX   197
2022 09 17 06 11 MIN    98
2022 09 17 12 59 MAX   205
2022 09 17 18 44 MIN   138
2022 09 18 00 03 MAX   179
2022 09 18 06 53 MIN   115
2022 09 18 14 10 MAX   190
2022 09 18 20 29 MIN   153
2022 09 19 00 37 MAX   161
2022 09 19 08 46 MIN   127
2022 09 19 16 36 MAX   189
2022 09 20 00 11 MIN   142
2022 09 20 05 20 MAX   159
2022 09 20 10 59 MIN   122
2022 09 20 18 08 MAX   202
2022 09 21 00 47 MIN   124
2022 09 21 06 25 MAX   176
2022 09 21 12 09 MIN   107
2022 09 21 18 54 MAX   218
2022 09 22 01 13 MIN   107
2022 09 22 07 02 MAX   193
2022 09 22 12 53 MIN    90
2022 09 22 19 27 MAX   233
2022 09 23 01 38 MIN    92
2022 09 23 07 33 MAX   210
2022 09 23 13 28 MIN    73
2022 09 23 19 56 MAX   246
2022 09 24 02 00 MIN    78
2022 09 24 08 04 MAX   225
2022 09 24 13 59 MIN    59
2022 09 24 20 23 MAX   257
2022 09 25 02 23 MIN    64
2022 09 25 08 33 MAX   240
2022 09 25 14 29 MIN    48
2022 09 25 20 50 MAX   265
2022 09 26 02 47 MIN    51
2022 09 26 09 04 MAX   254
2022 09 26 14 59 MIN    40
2022 09 26 21 18 MAX   270
2022 09 27 03 13 MIN    39
2022 09 27 09 37 MAX   264
2022 09 27 15 32 MIN    39
2022 09 27 21 47 MAX   269
2022 09 28 03 41 MIN    33
2022 09 28 10 10 MAX   268
2022 09 28 16 06 MIN    44
2022 09 28 22 18 MAX   262
2022 09 29 04 12 MIN    33
2022 09 29 10 46 MAX   265
2022 09 29 16 43 MIN    57
2022 09 29 22 50 MAX   248
2022 09 30 04 46 MIN    40
2022 09 30 11 24 MAX   255
2022 09 30 17 23 MIN    77
2022 09 30 23 24 MAX   227
2022 10 01 05 22 MIN    55
2022 10 01 12 08 MAX   238
2022 10 01 18 10 MIN   100
2022 10 02 00 02 MAX   203
2022 10 02 06 06 MIN    75
2022 10 02 13 05 MAX   219
2022 10 02 19 21 MIN   123
2022 10 03 00 59 MAX   179
2022 10 03 07 10 MIN    95
2022 10 03 14 50 MAX   204
2022 10 03 21 42 MIN   132
2022 10 04 03 04 MAX   165
2022 10 04 09 01 MIN   106
2022 10 04 17 01 MAX   211
2022 10 04 23 33 MIN   115
2022 10 05 05 08 MAX   178
2022 10 05 10 55 MIN    96
2022 10 05 18 12 MAX   229
2022 10 06 00 24 MIN    93
2022 10 06 06 13 MAX   201
2022 10 06 12 06 MIN    76
2022 10 06 18 58 MAX   247
2022 10 07 01 02 MIN    70
2022 10 07 07 01 MAX   226
2022 10 07 12 56 MIN    55
2022 10 07 19 37 MAX   261
2022 10 08 01 35 MIN    50
2022 10 08 07 42 MAX   247
2022 10 08 13 38 MIN    40
2022 10 08 20 12 MAX   270
2022 10 09 02 08 MIN    35
2022 10 09 08 22 MAX   263
2022 10 09 14 17 MIN    32
2022 10 09 20 45 MAX   271
2022 10 10 02 41 MIN    26
2022 10 10 08 59 MAX   272
2022 10 10 14 53 MIN    34
2022 10 10 21 16 MAX   265
2022 10 11 03 12 MIN    24
2022 10 11 09 35 MAX   273
2022 10 11 15 29 MIN    43
2022 10 11 21 44 MAX   253
2022 10 12 03 42 MIN    30
2022 10 12 10 10 MAX   267
2022 10 12 16 02 MIN    57
2022 10 12 22 09 MAX   237
2022 10 13 04 10 MIN    40
2022 10 13 10 42 MAX   256
2022 10 13 16 33 MIN    75
2022 10 13 22 31 MAX   221
2022 10 14 04 37 MIN    55
2022 10 14 11 12 MAX   242
2022 10 14 17 04 MIN    93
2022 10 14 22 50 MAX   204
2022 10 15 05 03 MIN    71
2022 10 15 11 44 MAX   226
2022 10 15 17 38 MIN   111
2022 10 15 23 11 MAX   188
2022 10 16 05 32 MIN    89
2022 10 16 12 23 MAX   210
2022 10 16 18 21 MIN   128
2022 10 16 23 37 MAX   172
2022 10 17 06 13 MIN   107
2022 10 17 13 23 MAX   194
2022 10 17 19 54 MIN   141
2022 10 18 00 26 MAX   155
2022 10 18 07 52 MIN   123
2022 10 18 15 23 MAX   187
2022 10 18 23 15 MIN   135
2022 10 19 04 49 MAX   155
2022 10 19 10 12 MIN   122
2022 10 19 17 13 MAX   195
2022 10 20 00 08 MIN   118
2022 10 20 05 56 MAX   172
2022 10 20 11 30 MIN   109
2022 10 20 18 08 MAX   208
2022 10 21 00 36 MIN   101
2022 10 21 06 33 MAX   191
2022 10 21 12 18 MIN    93
2022 10 21 18 44 MAX   222
2022 10 22 00 59 MIN    85
2022 10 22 07 05 MAX   209
2022 10 22 12 55 MIN    76
2022 10 22 19 14 MAX   234
2022 10 23 01 21 MIN    68
2022 10 23 07 35 MAX   227
2022 10 23 13 28 MIN    61
2022 10 23 19 43 MAX   245
2022 10 24 01 44 MIN    50
2022 10 24 08 06 MAX   246
2022 10 24 14 01 MIN    48
2022 10 24 20 13 MAX   253
2022 10 25 02 11 MIN    33
2022 10 25 08 40 MAX   262
2022 10 25 14 36 MIN    39
2022 10 25 20 44 MAX   257
2022 10 26 02 41 MIN    20
2022 10 26 09 15 MAX   273
2022 10 26 15 12 MIN    36
2022 10 26 21 18 MAX   256
2022 10 27 03 14 MIN    13
2022 10 27 09 53 MAX   278
2022 10 27 15 51 MIN    41
2022 10 27 21 54 MAX   247
2022 10 28 03 49 MIN    16
2022 10 28 10 33 MAX   273
2022 10 28 16 33 MIN    54
2022 10 28 22 31 MAX   232
2022 10 29 04 28 MIN    27
2022 10 29 11 16 MAX   260
2022 10 29 17 19 MIN    73
2022 10 29 23 11 MAX   212
2022 10 30 05 10 MIN    46
2022 10 30 12 06 MAX   241
2022 10 30 18 15 MIN    95
2022 10 31 00 00 MAX   189
2022 10 31 06 01 MIN    69
2022 10 31 13 11 MAX   221
2022 10 31 19 36 MIN   112
2022 11 01 01 15 MAX   170
2022 11 01 07 15 MIN    89
2022 11 01 14 49 MAX   208
2022 11 01 21 33 MIN   113
2022 11 02 03 18 MAX   167
2022 11 02 08 59 MIN    98
2022 11 02 16 30 MAX   211
2022 11 02 23 00 MIN    99
2022 11 03 04 53 MAX   182
2022 11 03 10 35 MIN    92
2022 11 03 17 38 MAX   221
2022 11 03 23 52 MIN    81
2022 11 04 05 53 MAX   204
2022 11 04 11 44 MIN    78
2022 11 04 18 26 MAX   231
2022 11 05 00 31 MIN    62
2022 11 05 06 40 MAX   225
2022 11 05 12 34 MIN    64
2022 11 05 19 05 MAX   238
2022 11 06 01 05 MIN    45
2022 11 06 07 22 MAX   242
2022 11 06 13 18 MIN    54
2022 11 06 19 41 MAX   241
2022 11 07 01 39 MIN    33
2022 11 07 08 02 MAX   255
2022 11 07 13 57 MIN    49
2022 11 07 20 13 MAX   239
2022 11 08 02 12 MIN    26
2022 11 08 08 39 MAX   262
2022 11 08 14 34 MIN    50
2022 11 08 20 44 MAX   234
2022 11 09 02 43 MIN    24
2022 11 09 09 15 MAX   263
2022 11 09 15 10 MIN    55
2022 11 09 21 13 MAX   225
2022 11 10 03 14 MIN    28
2022 11 10 09 48 MAX   259
2022 11 10 15 43 MIN    63
2022 11 10 21 39 MAX   216
2022 11 11 03 43 MIN    36
2022 11 11 10 20 MAX   252
2022 11 11 16 16 MIN    73
2022 11 11 22 04 MAX   205
2022 11 12 04 12 MIN    47
2022 11 12 10 52 MAX   242
2022 11 12 16 50 MIN    85
2022 11 12 22 31 MAX   195
2022 11 13 04 42 MIN    61
2022 11 13 11 26 MAX   229
2022 11 13 17 26 MIN    97
2022 11 13 23 00 MAX   182
2022 11 14 05 18 MIN    77
2022 11 14 12 06 MAX   215
2022 11 14 18 11 MIN   110
2022 11 14 23 38 MAX   169
2022 11 15 06 03 MIN    93
2022 11 15 12 58 MAX   201
2022 11 15 19 20 MIN   121
2022 11 16 00 44 MAX   155
2022 11 16 07 16 MIN   108
2022 11 16 14 13 MAX   191
2022 11 16 21 13 MIN   123
2022 11 17 03 18 MAX   152
2022 11 17 08 56 MIN   114
2022 11 17 15 44 MAX   190
2022 11 17 22 47 MIN   113
2022 11 18 04 54 MAX   164
2022 11 18 10 24 MIN   109
2022 11 18 16 55 MAX   196
2022 11 18 23 33 MIN    99
2022 11 19 05 46 MAX   182
2022 11 19 11 27 MIN    97
2022 11 19 17 44 MAX   205
2022 11 20 00 04 MIN    81
2022 11 20 06 25 MAX   201
2022 11 20 12 14 MIN    82
2022 11 20 18 23 MAX   215
2022 11 21 00 32 MIN    61
2022 11 21 07 02 MAX   222
2022 11 21 12 55 MIN    66
2022 11 21 19 00 MAX   225
2022 11 22 01 03 MIN    41
2022 11 22 07 40 MAX   242
2022 11 22 13 36 MIN    52
2022 11 22 19 38 MAX   233
2022 11 23 01 38 MIN    22
2022 11 23 08 19 MAX   260
2022 11 23 14 17 MIN    41
2022 11 23 20 17 MAX   238
2022 11 24 02 15 MIN     8
2022 11 24 09 00 MAX   273
2022 11 24 15 00 MIN    36
2022 11 24 20 57 MAX   237
2022 11 25 02 55 MIN     2
2022 11 25 09 44 MAX   278
2022 11 25 15 45 MIN    38
2022 11 25 21 40 MAX   231
2022 11 26 03 37 MIN     4
2022 11 26 10 29 MAX   274
2022 11 26 16 31 MIN    47
2022 11 26 22 24 MAX   220
2022 11 27 04 23 MIN    15
2022 11 27 11 17 MAX   263
2022 11 27 17 22 MIN    61
2022 11 27 23 12 MAX   205
2022 11 28 05 11 MIN    32
2022 11 28 12 09 MAX   247
2022 11 28 18 18 MIN    75
2022 11 29 00 09 MAX   190
2022 11 29 06 07 MIN    52
2022 11 29 13 09 MAX   230
2022 11 29 19 26 MIN    87
2022 11 30 01 21 MAX   178
2022 11 30 07 12 MIN    71
2022 11 30 14 19 MAX   215
2022 11 30 20 45 MIN    91
2022 12 01 02 49 MAX   175
2022 12 01 08 30 MIN    84
2022 12 01 15 36 MAX   207
2022 12 01 22 03 MIN    86
2022 12 02 04 13 MAX   183
2022 12 02 09 52 MIN    89
2022 12 02 16 46 MAX   205
2022 12 02 23 05 MIN    75
2022 12 03 05 21 MAX   197
2022 12 03 11 09 MIN    87
2022 12 03 17 43 MAX   205
2022 12 03 23 53 MIN    62
2022 12 04 06 16 MAX   212
2022 12 04 12 10 MIN    80
2022 12 04 18 30 MAX   206
2022 12 05 00 34 MIN    50
2022 12 05 07 03 MAX   225
2022 12 05 13 00 MIN    74
2022 12 05 19 10 MAX   206
2022 12 06 01 12 MIN    40
2022 12 06 07 45 MAX   236
2022 12 06 13 43 MIN    68
2022 12 06 19 46 MAX   205
2022 12 07 01 48 MIN    33
2022 12 07 08 24 MAX   243
2022 12 07 14 23 MIN    64
2022 12 07 20 20 MAX   204
2022 12 08 02 22 MIN    29
2022 12 08 09 00 MAX   247
2022 12 08 14 59 MIN    62
2022 12 08 20 51 MAX   202
2022 12 09 02 56 MIN    29
2022 12 09 09 35 MAX   248
2022 12 09 15 34 MIN    62
2022 12 09 21 22 MAX   200
2022 12 10 03 29 MIN    31
2022 12 10 10 08 MAX   246
2022 12 10 16 08 MIN    65
2022 12 10 21 54 MAX   197
2022 12 11 04 02 MIN    37
2022 12 11 10 41 MAX   241
2022 12 11 16 42 MIN    71
2022 12 11 22 26 MAX   192
2022 12 12 04 37 MIN    46
2022 12 12 11 16 MAX   233
2022 12 12 17 18 MIN    78
2022 12 12 23 02 MAX   184
2022 12 13 05 14 MIN    58
2022 12 13 11 53 MAX   223
2022 12 13 17 57 MIN    87
2022 12 13 23 43 MAX   175
2022 12 14 05 54 MIN    71
2022 12 14 12 34 MAX   212
2022 12 14 18 42 MIN    96
2022 12 15 00 34 MAX   166
2022 12 15 06 43 MIN    84
2022 12 15 13 22 MAX   201
2022 12 15 19 39 MIN   101
2022 12 16 01 47 MAX   160
2022 12 16 07 44 MIN    95
2022 12 16 14 19 MAX   192
2022 12 16 20 46 MIN   100
2022 12 17 03 16 MAX   161
2022 12 17 08 59 MIN   100
2022 12 17 15 24 MAX   188
2022 12 17 21 53 MIN    92
2022 12 18 04 35 MAX   172
2022 12 18 10 18 MIN    98
2022 12 18 16 30 MAX   188
2022 12 18 22 49 MIN    77
2022 12 19 05 37 MAX   189
2022 12 19 11 27 MIN    89
2022 12 19 17 28 MAX   193
2022 12 19 23 39 MIN    58
2022 12 20 06 29 MAX   210
2022 12 20 12 26 MIN    75
2022 12 20 18 21 MAX   200
2022 12 21 00 26 MIN    39
2022 12 21 07 18 MAX   231
2022 12 21 13 19 MIN    60
2022 12 21 19 10 MAX   209
2022 12 22 01 13 MIN    20
2022 12 22 08 07 MAX   250
2022 12 22 14 08 MIN    46
2022 12 22 19 59 MAX   216
2022 12 23 02 00 MIN     4
2022 12 23 08 54 MAX   266
2022 12 23 14 56 MIN    36
2022 12 23 20 47 MAX   221
2022 12 24 02 48 MIN    -6
2022 12 24 09 42 MAX   275
2022 12 24 15 43 MIN    31
2022 12 24 21 36 MAX   223
2022 12 25 03 36 MIN    -8
2022 12 25 10 29 MAX   277
2022 12 25 16 29 MIN    31
2022 12 25 22 24 MAX   221
2022 12 26 04 23 MIN    -3
2022 12 26 11 15 MAX   271
2022 12 26 17 16 MIN    37
2022 12 26 23 14 MAX   215
2022 12 27 05 11 MIN     9
2022 12 27 12 01 MAX   258
2022 12 27 18 04 MIN    47
2022 12 28 00 05 MAX   205
2022 12 28 06 00 MIN    28
2022 12 28 12 48 MAX   240
2022 12 28 18 55 MIN    58
2022 12 29 01 01 MAX   195
2022 12 29 06 51 MIN    49
2022 12 29 13 36 MAX   220
2022 12 29 19 51 MIN    68
2022 12 30 02 04 MAX   185
2022 12 30 07 48 MIN    71
2022 12 30 14 30 MAX   200
2022 12 30 20 54 MIN    74
2022 12 31 03 18 MAX   180
2022 12 31 08 57 MIN    90
2022 12 31 15 35 MAX   184
2022 12 31 22 03 MIN    75
