<TOPS - 조위예측극치자료>

대상조위관측소 : 호산항
위도(WGS84) : N  37도 10분 34초
경도(WGS84) : E 129도 20분 34초
관측기간 : 2022-01-01 00:00:00 ~ 2022-12-31 23:59:00

2021 12 01 00 31 MAX    23
2021 12 01 06 44 MIN    12
2021 12 01 12 55 MAX    22
2021 12 01 18 44 MIN    14
2021 12 02 00 47 MAX    26
2021 12 02 07 33 MIN     9
2021 12 02 14 13 MAX    24
2021 12 02 19 28 MIN    16
2021 12 03 01 13 MAX    29
2021 12 03 08 23 MIN     5
2021 12 03 15 17 MAX    25
2021 12 03 20 12 MIN    18
2021 12 04 01 46 MAX    31
2021 12 04 09 15 MIN     2
2021 12 04 16 25 MAX    24
2021 12 04 20 54 MIN    19
2021 12 05 02 25 MAX    32
2021 12 05 10 08 MIN    -1
2021 12 05 17 46 MAX    23
2021 12 05 21 34 MIN    19
2021 12 06 03 08 MAX    32
2021 12 06 11 03 MIN    -3
2021 12 06 19 07 MAX    21
2021 12 06 22 11 MIN    18
2021 12 07 03 54 MAX    31
2021 12 07 12 00 MIN    -4
2021 12 07 20 14 MAX    18
2021 12 07 22 49 MIN    17
2021 12 08 04 45 MAX    29
2021 12 08 13 00 MIN    -4
2021 12 09 05 39 MAX    26
2021 12 09 14 00 MIN    -3
2021 12 09 22 14 MAX    15
2021 12 10 00 42 MIN    14
2021 12 10 06 41 MAX    23
2021 12 10 14 58 MIN    -1
2021 12 10 23 03 MAX    15
2021 12 11 02 36 MIN    13
2021 12 11 07 49 MAX    20
2021 12 11 15 50 MIN     2
2021 12 11 23 37 MAX    16
2021 12 12 04 10 MIN    12
2021 12 12 09 03 MAX    17
2021 12 12 16 38 MIN     5
2021 12 13 00 01 MAX    17
2021 12 13 05 32 MIN    10
2021 12 13 10 38 MAX    16
2021 12 13 17 22 MIN     8
2021 12 14 00 21 MAX    19
2021 12 14 06 40 MIN     9
2021 12 14 12 54 MAX    16
2021 12 14 18 03 MIN    11
2021 12 15 00 37 MAX    21
2021 12 15 07 33 MIN     7
2021 12 15 14 12 MAX    17
2021 12 15 18 44 MIN    14
2021 12 16 00 52 MAX    22
2021 12 16 08 16 MIN     6
2021 12 16 15 08 MAX    18
2021 12 16 19 21 MIN    16
2021 12 17 01 08 MAX    23
2021 12 17 08 53 MIN     4
2021 12 17 15 56 MAX    19
2021 12 17 19 51 MIN    17
2021 12 18 01 29 MAX    24
2021 12 18 09 25 MIN     3
2021 12 18 16 40 MAX    19
2021 12 18 20 16 MIN    17
2021 12 19 01 55 MAX    24
2021 12 19 09 57 MIN     1
2021 12 19 17 22 MAX    17
2021 12 19 20 41 MIN    16
2021 12 20 02 27 MAX    24
2021 12 20 10 30 MIN     0
2021 12 20 18 04 MAX    16
2021 12 20 21 09 MIN    15
2021 12 21 03 05 MAX    24
2021 12 21 11 05 MIN    -2
2021 12 21 18 47 MAX    14
2021 12 21 21 41 MIN    13
2021 12 22 03 44 MAX    23
2021 12 22 11 43 MIN    -3
2021 12 22 19 32 MAX    13
2021 12 22 22 16 MIN    12
2021 12 23 04 25 MAX    22
2021 12 23 12 22 MIN    -3
2021 12 23 20 17 MAX    13
2021 12 23 22 56 MIN    12
2021 12 24 05 07 MAX    21
2021 12 24 13 03 MIN    -2
2021 12 24 21 00 MAX    13
2021 12 24 23 48 MIN    12
2021 12 25 05 51 MAX    20
2021 12 25 13 45 MIN     0
2021 12 25 21 36 MAX    14
2021 12 26 01 09 MIN    13
2021 12 26 06 42 MAX    19
2021 12 26 14 28 MIN     3
2021 12 26 21 59 MAX    16
2021 12 27 02 49 MIN    13
2021 12 27 07 48 MAX    18
2021 12 27 15 13 MIN     6
2021 12 27 22 16 MAX    18
2021 12 28 04 09 MIN    12
2021 12 28 09 16 MAX    17
2021 12 28 16 01 MIN     9
2021 12 28 22 36 MAX    21
2021 12 29 05 17 MIN    10
2021 12 29 11 18 MAX    18
2021 12 29 16 53 MIN    13
2021 12 29 23 04 MAX    24
2021 12 30 06 20 MIN     7
2021 12 30 13 33 MAX    20
2021 12 30 17 48 MIN    16
2021 12 30 23 42 MAX    26
2021 12 31 07 20 MIN     4
2021 12 31 14 49 MAX    22
2021 12 31 18 44 MIN    18
2022 01 01 00 26 MAX    29
2022 01 01 08 16 MIN     1
2022 01 01 15 57 MAX    22
2022 01 01 19 39 MIN    19
2022 01 02 01 14 MAX    30
2022 01 02 09 11 MIN    -2
2022 01 02 16 54 MAX    22
2022 01 02 20 25 MIN    19
2022 01 03 02 05 MAX    31
2022 01 03 10 05 MIN    -4
2022 01 03 17 57 MAX    20
2022 01 03 21 06 MIN    18
2022 01 04 02 57 MAX    31
2022 01 04 10 57 MIN    -6
2022 01 04 18 52 MAX    18
2022 01 04 21 49 MIN    16
2022 01 05 03 49 MAX    30
2022 01 05 11 48 MIN    -6
2022 01 05 19 39 MAX    16
2022 01 05 22 35 MIN    14
2022 01 06 04 40 MAX    27
2022 01 06 12 36 MIN    -5
2022 01 06 20 18 MAX    14
2022 01 06 23 31 MIN    12
2022 01 07 05 32 MAX    24
2022 01 07 13 22 MIN    -3
2022 01 07 20 50 MAX    13
2022 01 08 00 44 MIN    10
2022 01 08 06 25 MAX    21
2022 01 08 14 02 MIN    -1
2022 01 08 21 17 MAX    14
2022 01 09 02 08 MIN     9
2022 01 09 07 22 MAX    17
2022 01 09 14 40 MIN     2
2022 01 09 21 43 MAX    15
2022 01 10 03 38 MIN     8
2022 01 10 08 33 MAX    14
2022 01 10 15 14 MIN     5
2022 01 10 22 10 MAX    16
2022 01 11 05 05 MIN     6
2022 01 11 10 45 MAX    12
2022 01 11 15 45 MIN     9
2022 01 11 22 39 MAX    17
2022 01 12 06 19 MIN     5
2022 01 12 13 46 MAX    12
2022 01 12 16 21 MIN    11
2022 01 12 23 05 MAX    19
2022 01 13 07 16 MIN     3
2022 01 13 23 36 MAX    20
2022 01 14 08 00 MIN     2
2022 01 15 00 12 MAX    20
2022 01 15 08 35 MIN     1
2022 01 15 16 09 MAX    16
2022 01 15 18 34 MIN    15
2022 01 16 00 51 MAX    21
2022 01 16 09 09 MIN     0
2022 01 16 16 59 MAX    15
2022 01 16 19 32 MIN    14
2022 01 17 01 35 MAX    22
2022 01 17 09 43 MIN    -2
2022 01 17 17 01 MAX    15
2022 01 17 20 11 MIN    13
2022 01 18 02 20 MAX    23
2022 01 18 10 17 MIN    -3
2022 01 18 17 31 MAX    14
2022 01 18 20 48 MIN    12
2022 01 19 03 02 MAX    23
2022 01 19 10 53 MIN    -4
2022 01 19 18 04 MAX    13
2022 01 19 21 28 MIN    11
2022 01 20 03 41 MAX    22
2022 01 20 11 27 MIN    -4
2022 01 20 18 41 MAX    12
2022 01 20 22 14 MIN    10
2022 01 21 04 21 MAX    21
2022 01 21 12 01 MIN    -4
2022 01 21 19 08 MAX    12
2022 01 21 23 06 MIN     9
2022 01 22 05 02 MAX    20
2022 01 22 12 32 MIN    -3
2022 01 22 19 24 MAX    13
2022 01 23 00 00 MIN     9
2022 01 23 05 46 MAX    19
2022 01 23 13 04 MIN     0
2022 01 23 19 43 MAX    14
2022 01 24 01 04 MIN     8
2022 01 24 06 36 MAX    17
2022 01 24 13 36 MIN     3
2022 01 24 20 09 MAX    15
2022 01 25 02 17 MIN     7
2022 01 25 07 46 MAX    15
2022 01 25 14 11 MIN     6
2022 01 25 20 33 MAX    18
2022 01 26 03 33 MIN     5
2022 01 26 09 36 MAX    14
2022 01 26 14 53 MIN    10
2022 01 26 21 12 MAX    20
2022 01 27 04 49 MIN     3
2022 01 27 12 33 MAX    15
2022 01 27 15 52 MIN    13
2022 01 27 21 59 MAX    22
2022 01 28 06 03 MIN     1
2022 01 28 14 21 MAX    17
2022 01 28 16 53 MIN    16
2022 01 28 22 55 MAX    24
2022 01 29 07 11 MIN    -1
2022 01 29 15 29 MAX    18
2022 01 29 18 12 MIN    17
2022 01 29 23 56 MAX    25
2022 01 30 08 11 MIN    -4
2022 01 30 16 17 MAX    18
2022 01 30 19 13 MIN    17
2022 01 31 00 59 MAX    26
2022 01 31 09 05 MIN    -6
2022 01 31 16 56 MAX    17
2022 01 31 20 15 MIN    15
2022 02 01 02 00 MAX    27
2022 02 01 09 55 MIN    -7
2022 02 01 17 24 MAX    16
2022 02 01 21 01 MIN    13
2022 02 02 02 56 MAX    27
2022 02 02 10 41 MIN    -7
2022 02 02 17 54 MAX    14
2022 02 02 21 47 MIN    11
2022 02 03 03 47 MAX    26
2022 02 03 11 22 MIN    -7
2022 02 03 18 12 MAX    13
2022 02 03 22 40 MIN     8
2022 02 04 04 34 MAX    23
2022 02 04 12 01 MIN    -5
2022 02 04 18 34 MAX    12
2022 02 04 23 35 MIN     6
2022 02 05 05 21 MAX    20
2022 02 05 12 34 MIN    -3
2022 02 05 18 55 MAX    12
2022 02 06 00 36 MIN     4
2022 02 06 06 10 MAX    16
2022 02 06 13 03 MIN    -1
2022 02 06 19 13 MAX    13
2022 02 07 01 46 MIN     3
2022 02 07 07 07 MAX    12
2022 02 07 13 28 MIN     2
2022 02 07 19 45 MAX    13
2022 02 08 03 02 MIN     2
2022 02 08 08 47 MAX     8
2022 02 08 13 44 MIN     5
2022 02 08 20 17 MAX    13
2022 02 09 04 22 MIN     1
2022 02 09 20 47 MAX    14
2022 02 10 05 39 MIN     0
2022 02 10 21 30 MAX    14
2022 02 11 06 42 MIN    -1
2022 02 11 22 24 MAX    15
2022 02 12 07 29 MIN    -2
2022 02 12 23 25 MAX    16
2022 02 13 08 09 MIN    -3
2022 02 14 00 28 MAX    17
2022 02 14 08 46 MIN    -4
2022 02 14 16 22 MAX    11
2022 02 14 19 17 MIN    10
2022 02 15 01 24 MAX    18
2022 02 15 09 21 MIN    -5
2022 02 15 16 35 MAX    11
2022 02 15 20 07 MIN     9
2022 02 16 02 12 MAX    19
2022 02 16 09 55 MIN    -6
2022 02 16 16 55 MAX    11
2022 02 16 20 52 MIN     8
2022 02 17 02 56 MAX    20
2022 02 17 10 28 MIN    -6
2022 02 17 17 15 MAX    11
2022 02 17 21 36 MIN     7
2022 02 18 03 37 MAX    20
2022 02 18 10 59 MIN    -6
2022 02 18 17 32 MAX    11
2022 02 18 22 23 MIN     5
2022 02 19 04 16 MAX    19
2022 02 19 11 28 MIN    -5
2022 02 19 17 40 MAX    12
2022 02 19 23 09 MIN     4
2022 02 20 04 57 MAX    17
2022 02 20 11 56 MIN    -3
2022 02 20 17 55 MAX    13
2022 02 21 00 00 MIN     2
2022 02 21 05 44 MAX    15
2022 02 21 12 25 MIN     0
2022 02 21 18 19 MAX    14
2022 02 22 00 54 MIN     0
2022 02 22 06 41 MAX    13
2022 02 22 12 54 MIN     3
2022 02 22 18 48 MAX    15
2022 02 23 01 58 MIN    -1
2022 02 23 08 31 MAX    10
2022 02 23 13 24 MIN     6
2022 02 23 19 25 MAX    16
2022 02 24 03 12 MIN    -3
2022 02 24 11 11 MAX    10
2022 02 24 13 52 MIN     9
2022 02 24 20 13 MAX    17
2022 02 25 04 34 MIN    -4
2022 02 25 21 16 MAX    18
2022 02 26 05 55 MIN    -5
2022 02 26 22 31 MAX    19
2022 02 27 07 05 MIN    -6
2022 02 27 15 24 MAX    14
2022 02 27 18 28 MIN    12
2022 02 27 23 48 MAX    20
2022 02 28 08 03 MIN    -7
2022 02 28 15 57 MAX    13
2022 02 28 19 24 MIN    11
2022 03 01 01 01 MAX    21
2022 03 01 08 52 MIN    -8
2022 03 01 16 10 MAX    13
2022 03 01 20 14 MIN     9
2022 03 02 02 01 MAX    21
2022 03 02 09 34 MIN    -8
2022 03 02 16 26 MAX    12
2022 03 02 21 00 MIN     7
2022 03 03 02 54 MAX    21
2022 03 03 10 13 MIN    -7
2022 03 03 16 35 MAX    12
2022 03 03 21 49 MIN     4
2022 03 04 03 42 MAX    20
2022 03 04 10 46 MIN    -6
2022 03 04 16 50 MAX    12
2022 03 04 22 38 MIN     1
2022 03 05 04 28 MAX    17
2022 03 05 11 18 MIN    -4
2022 03 05 17 09 MAX    12
2022 03 05 23 29 MIN    -1
2022 03 06 05 14 MAX    14
2022 03 06 11 46 MIN    -2
2022 03 06 17 31 MAX    12
2022 03 07 00 22 MIN    -3
2022 03 07 06 08 MAX    10
2022 03 07 12 08 MIN     0
2022 03 07 17 54 MAX    12
2022 03 08 01 18 MIN    -4
2022 03 08 07 37 MAX     6
2022 03 08 12 23 MIN     2
2022 03 08 18 19 MAX    11
2022 03 09 02 18 MIN    -5
2022 03 09 09 53 MAX     4
2022 03 09 12 25 MIN     3
2022 03 09 18 44 MAX    11
2022 03 10 03 25 MIN    -5
2022 03 10 19 17 MAX    10
2022 03 11 04 40 MIN    -6
2022 03 11 20 09 MAX    10
2022 03 12 05 50 MIN    -6
2022 03 12 21 26 MAX    10
2022 03 13 06 47 MIN    -6
2022 03 13 22 50 MAX    11
2022 03 14 07 33 MIN    -7
2022 03 14 15 24 MAX     8
2022 03 14 18 19 MIN     7
2022 03 15 00 04 MAX    13
2022 03 15 08 12 MIN    -7
2022 03 15 15 32 MAX     9
2022 03 15 19 22 MIN     6
2022 03 16 01 09 MAX    15
2022 03 16 08 47 MIN    -7
2022 03 16 15 47 MAX    10
2022 03 16 20 05 MIN     6
2022 03 17 02 00 MAX    16
2022 03 17 09 21 MIN    -6
2022 03 17 16 00 MAX    11
2022 03 17 20 49 MIN     5
2022 03 18 02 46 MAX    17
2022 03 18 09 53 MIN    -5
2022 03 18 16 10 MAX    12
2022 03 18 21 34 MIN     3
2022 03 19 03 28 MAX    17
2022 03 19 10 22 MIN    -4
2022 03 19 16 20 MAX    13
2022 03 19 22 18 MIN     1
2022 03 20 04 11 MAX    16
2022 03 20 10 51 MIN    -2
2022 03 20 16 37 MAX    14
2022 03 20 23 03 MIN    -2
2022 03 21 04 59 MAX    14
2022 03 21 11 20 MIN     0
2022 03 21 17 00 MAX    14
2022 03 21 23 51 MIN    -5
2022 03 22 05 54 MAX    12
2022 03 22 11 49 MIN     2
2022 03 22 17 27 MAX    15
2022 03 23 00 45 MIN    -7
2022 03 23 07 45 MAX     9
2022 03 23 12 19 MIN     5
2022 03 23 18 01 MAX    15
2022 03 24 01 48 MIN    -8
2022 03 24 09 57 MAX     8
2022 03 24 12 43 MIN     7
2022 03 24 18 44 MAX    15
2022 03 25 03 05 MIN    -8
2022 03 25 19 40 MAX    15
2022 03 26 04 29 MIN    -8
2022 03 26 20 57 MAX    14
2022 03 27 05 49 MIN    -8
2022 03 27 14 53 MAX    10
2022 03 27 17 21 MIN     9
2022 03 27 22 26 MAX    15
2022 03 28 06 54 MIN    -8
2022 03 28 14 53 MAX    11
2022 03 28 18 31 MIN     8
2022 03 28 23 50 MAX    16
2022 03 29 07 45 MIN    -7
2022 03 29 15 07 MAX    11
2022 03 29 19 26 MIN     6
2022 03 30 01 02 MAX    16
2022 03 30 08 27 MIN    -6
2022 03 30 15 14 MAX    12
2022 03 30 20 13 MIN     4
2022 03 31 02 03 MAX    17
2022 03 31 09 03 MIN    -5
2022 03 31 15 25 MAX    12
2022 03 31 20 59 MIN     2
2022 04 01 02 54 MAX    17
2022 04 01 09 36 MIN    -3
2022 04 01 15 36 MAX    13
2022 04 01 21 46 MIN     0
2022 04 02 03 40 MAX    16
2022 04 02 10 07 MIN    -1
2022 04 02 15 52 MAX    14
2022 04 02 22 31 MIN    -3
2022 04 03 04 31 MAX    13
2022 04 03 10 36 MIN     1
2022 04 03 16 11 MAX    14
2022 04 03 23 16 MIN    -5
2022 04 04 05 19 MAX    11
2022 04 04 10 59 MIN     2
2022 04 04 16 32 MAX    14
2022 04 05 00 00 MIN    -7
2022 04 05 06 42 MAX     8
2022 04 05 11 18 MIN     4
2022 04 05 16 53 MAX    13
2022 04 06 00 45 MIN    -8
2022 04 06 08 37 MAX     6
2022 04 06 11 27 MIN     4
2022 04 06 17 17 MAX    12
2022 04 07 01 34 MIN    -8
2022 04 07 17 45 MAX    11
2022 04 08 02 31 MIN    -8
2022 04 08 18 24 MAX    10
2022 04 09 03 42 MIN    -8
2022 04 09 19 23 MAX     9
2022 04 10 04 52 MIN    -7
2022 04 10 20 57 MAX    10
2022 04 11 05 54 MIN    -7
2022 04 11 14 26 MAX     8
2022 04 11 16 50 MIN     7
2022 04 11 22 18 MAX    11
2022 04 12 06 44 MIN    -6
2022 04 12 14 33 MAX     9
2022 04 12 18 16 MIN     7
2022 04 12 23 33 MAX    12
2022 04 13 07 25 MIN    -5
2022 04 13 14 42 MAX    11
2022 04 13 19 10 MIN     7
2022 04 14 00 44 MAX    14
2022 04 14 08 01 MIN    -3
2022 04 14 14 52 MAX    13
2022 04 14 19 56 MIN     6
2022 04 15 01 45 MAX    16
2022 04 15 08 35 MIN    -1
2022 04 15 14 58 MAX    15
2022 04 15 20 39 MIN     4
2022 04 16 02 36 MAX    17
2022 04 16 09 08 MIN     1
2022 04 16 15 09 MAX    16
2022 04 16 21 22 MIN     2
2022 04 17 03 25 MAX    17
2022 04 17 09 40 MIN     3
2022 04 17 15 24 MAX    18
2022 04 17 22 06 MIN    -2
2022 04 18 04 19 MAX    16
2022 04 18 10 12 MIN     5
2022 04 18 15 47 MAX    19
2022 04 18 22 53 MIN    -5
2022 04 19 05 30 MAX    14
2022 04 19 10 45 MIN     7
2022 04 19 16 16 MAX    20
2022 04 19 23 45 MIN    -7
2022 04 20 07 10 MAX    12
2022 04 20 11 17 MIN     8
2022 04 20 16 51 MAX    20
2022 04 21 00 42 MIN    -9
2022 04 21 08 57 MAX    11
2022 04 21 11 47 MIN     9
2022 04 21 17 33 MAX    19
2022 04 22 01 50 MIN    -9
2022 04 22 18 24 MAX    18
2022 04 23 03 06 MIN    -8
2022 04 23 19 34 MAX    17
2022 04 24 04 23 MIN    -7
2022 04 24 13 59 MAX    11
2022 04 24 15 56 MIN    10
2022 04 24 21 01 MAX    16
2022 04 25 05 32 MIN    -6
2022 04 25 13 50 MAX    12
2022 04 25 17 20 MIN     9
2022 04 25 22 24 MAX    16
2022 04 26 06 28 MIN    -4
2022 04 26 14 01 MAX    13
2022 04 26 18 25 MIN     8
2022 04 26 23 48 MAX    16
2022 04 27 07 12 MIN    -2
2022 04 27 14 10 MAX    14
2022 04 27 19 21 MIN     6
2022 04 28 01 07 MAX    17
2022 04 28 07 49 MIN     1
2022 04 28 14 18 MAX    16
2022 04 28 20 10 MIN     5
2022 04 29 02 09 MAX    17
2022 04 29 08 23 MIN     4
2022 04 29 14 29 MAX    18
2022 04 29 20 56 MIN     3
2022 04 30 03 03 MAX    17
2022 04 30 08 55 MIN     6
2022 04 30 14 44 MAX    19
2022 04 30 21 40 MIN     1
2022 05 01 03 57 MAX    16
2022 05 01 09 26 MIN     8
2022 05 01 15 01 MAX    19
2022 05 01 22 21 MIN    -1
2022 05 02 04 54 MAX    15
2022 05 02 09 52 MIN    10
2022 05 02 15 20 MAX    19
2022 05 02 23 00 MIN    -3
2022 05 03 06 14 MAX    13
2022 05 03 10 12 MIN    10
2022 05 03 15 42 MAX    19
2022 05 03 23 39 MIN    -4
2022 05 04 07 40 MAX    11
2022 05 04 10 26 MIN    10
2022 05 04 16 07 MAX    18
2022 05 05 00 18 MIN    -5
2022 05 05 08 57 MAX    10
2022 05 05 10 39 MIN     9
2022 05 05 16 38 MAX    17
2022 05 06 01 03 MIN    -5
2022 05 06 17 16 MAX    16
2022 05 07 01 55 MIN    -5
2022 05 07 18 02 MAX    15
2022 05 08 02 56 MIN    -4
2022 05 08 19 03 MAX    14
2022 05 09 03 58 MIN    -3
2022 05 09 20 15 MAX    14
2022 05 10 04 54 MIN    -1
2022 05 10 13 26 MAX    13
2022 05 10 16 50 MIN    12
2022 05 10 21 37 MAX    15
2022 05 11 05 42 MIN     1
2022 05 11 13 29 MAX    16
2022 05 11 18 01 MIN    12
2022 05 11 22 59 MAX    16
2022 05 12 06 25 MIN     4
2022 05 12 13 35 MAX    18
2022 05 12 18 51 MIN    11
2022 05 13 00 24 MAX    18
2022 05 13 07 03 MIN     7
2022 05 13 13 40 MAX    21
2022 05 13 19 37 MIN    10
2022 05 14 01 39 MAX    20
2022 05 14 07 40 MIN    10
2022 05 14 13 50 MAX    23
2022 05 14 20 21 MIN     7
2022 05 15 02 40 MAX    22
2022 05 15 08 19 MIN    12
2022 05 15 14 08 MAX    26
2022 05 15 21 07 MIN     4
2022 05 16 03 42 MAX    22
2022 05 16 08 56 MIN    15
2022 05 16 14 35 MAX    28
2022 05 16 21 56 MIN     1
2022 05 17 04 59 MAX    21
2022 05 17 09 34 MIN    16
2022 05 17 15 08 MAX    29
2022 05 17 22 48 MIN    -2
2022 05 18 06 34 MAX    20
2022 05 18 10 10 MIN    17
2022 05 18 15 47 MAX    29
2022 05 18 23 43 MIN    -4
2022 05 19 08 02 MAX    19
2022 05 19 10 44 MIN    17
2022 05 19 16 31 MAX    28
2022 05 20 00 45 MIN    -4
2022 05 20 17 22 MAX    27
2022 05 21 01 51 MIN    -4
2022 05 21 18 23 MAX    25
2022 05 22 02 59 MIN    -3
2022 05 22 19 35 MAX    23
2022 05 23 04 02 MIN     0
2022 05 23 12 27 MAX    17
2022 05 23 15 45 MIN    15
2022 05 23 20 52 MAX    21
2022 05 24 04 57 MIN     2
2022 05 24 12 43 MAX    18
2022 05 24 17 08 MIN    14
2022 05 24 22 14 MAX    20
2022 05 25 05 44 MIN     6
2022 05 25 12 57 MAX    20
2022 05 25 18 19 MIN    12
2022 05 25 23 50 MAX    20
2022 05 26 06 24 MIN     9
2022 05 26 13 11 MAX    23
2022 05 26 19 17 MIN    11
2022 05 27 01 24 MAX    21
2022 05 27 07 00 MIN    13
2022 05 27 13 23 MAX    25
2022 05 27 20 08 MIN    10
2022 05 28 02 33 MAX    22
2022 05 28 07 38 MIN    15
2022 05 28 13 37 MAX    26
2022 05 28 20 52 MIN     8
2022 05 29 03 34 MAX    22
2022 05 29 08 09 MIN    18
2022 05 29 13 54 MAX    27
2022 05 29 21 32 MIN     7
2022 05 30 04 35 MAX    22
2022 05 30 08 40 MIN    19
2022 05 30 14 13 MAX    27
2022 05 30 22 09 MIN     5
2022 05 31 05 47 MAX    21
2022 05 31 08 56 MIN    20
2022 05 31 14 37 MAX    27
2022 05 31 22 45 MIN     4
2022 06 01 06 56 MAX    20
2022 06 01 09 19 MIN    19
2022 06 01 15 07 MAX    27
2022 06 01 23 22 MIN     3
2022 06 02 07 44 MAX    19
2022 06 02 09 30 MIN    18
2022 06 02 15 41 MAX    26
2022 06 03 00 00 MIN     2
2022 06 03 16 20 MAX    25
2022 06 04 00 43 MIN     2
2022 06 04 17 04 MAX    24
2022 06 05 01 30 MIN     2
2022 06 05 17 51 MAX    23
2022 06 06 02 18 MIN     4
2022 06 06 18 46 MAX    23
2022 06 07 03 05 MIN     6
2022 06 07 11 45 MAX    20
2022 06 07 14 41 MIN    19
2022 06 07 19 50 MAX    23
2022 06 08 03 51 MIN     9
2022 06 08 11 54 MAX    22
2022 06 08 16 24 MIN    19
2022 06 08 21 05 MAX    23
2022 06 09 04 34 MIN    12
2022 06 09 11 57 MAX    25
2022 06 09 17 31 MIN    19
2022 06 09 22 34 MAX    24
2022 06 10 05 16 MIN    16
2022 06 10 12 03 MAX    28
2022 06 10 18 23 MIN    17
2022 06 11 00 27 MAX    25
2022 06 11 06 00 MIN    19
2022 06 11 12 19 MAX    31
2022 06 11 19 14 MIN    15
2022 06 12 02 00 MAX    27
2022 06 12 06 45 MIN    22
2022 06 12 12 44 MAX    34
2022 06 12 20 04 MIN    12
2022 06 13 03 11 MAX    29
2022 06 13 07 29 MIN    25
2022 06 13 13 18 MAX    36
2022 06 13 20 56 MIN     9
2022 06 14 04 29 MAX    29
2022 06 14 08 17 MIN    26
2022 06 14 13 58 MAX    38
2022 06 14 21 50 MIN     6
2022 06 15 05 46 MAX    29
2022 06 15 08 56 MIN    27
2022 06 15 14 43 MAX    39
2022 06 15 22 45 MIN     4
2022 06 16 07 03 MAX    28
2022 06 16 09 40 MIN    26
2022 06 16 15 32 MAX    39
2022 06 16 23 43 MIN     3
2022 06 17 08 18 MAX    26
2022 06 17 10 18 MIN    25
2022 06 17 16 24 MAX    38
2022 06 18 00 41 MIN     3
2022 06 18 09 07 MAX    25
2022 06 18 10 57 MIN    24
2022 06 18 17 20 MAX    36
2022 06 19 01 38 MIN     4
2022 06 19 09 58 MAX    24
2022 06 19 12 09 MIN    23
2022 06 19 18 20 MAX    33
2022 06 20 02 32 MIN     6
2022 06 20 10 34 MAX    24
2022 06 20 13 55 MIN    22
2022 06 20 19 25 MAX    30
2022 06 21 03 21 MIN     9
2022 06 21 11 00 MAX    25
2022 06 21 15 32 MIN    21
2022 06 21 20 37 MAX    28
2022 06 22 04 05 MIN    13
2022 06 22 11 23 MAX    27
2022 06 22 16 58 MIN    19
2022 06 22 22 06 MAX    26
2022 06 23 04 45 MIN    17
2022 06 23 11 44 MAX    29
2022 06 23 18 12 MIN    18
2022 06 24 00 17 MAX    25
2022 06 24 05 26 MIN    20
2022 06 24 12 05 MAX    31
2022 06 24 19 13 MIN    16
2022 06 25 02 01 MAX    26
2022 06 25 06 00 MIN    24
2022 06 25 12 27 MAX    33
2022 06 25 20 03 MIN    15
2022 06 26 03 09 MAX    28
2022 06 26 06 39 MIN    26
2022 06 26 12 48 MAX    34
2022 06 26 20 46 MIN    14
2022 06 27 04 04 MAX    29
2022 06 27 07 20 MIN    27
2022 06 27 13 11 MAX    34
2022 06 27 21 23 MIN    13
2022 06 28 04 59 MAX    29
2022 06 28 07 20 MIN    28
2022 06 28 13 41 MAX    35
2022 06 28 21 58 MIN    12
2022 06 29 06 06 MAX    28
2022 06 29 08 03 MIN    27
2022 06 29 14 15 MAX    35
2022 06 29 22 33 MIN    11
2022 06 30 06 36 MAX    27
2022 06 30 08 19 MIN    26
2022 06 30 14 54 MAX    35
2022 06 30 23 09 MIN    10
2022 07 01 15 34 MAX    34
2022 07 01 23 46 MIN     9
2022 07 02 16 17 MAX    34
2022 07 03 00 24 MIN     9
2022 07 03 16 59 MAX    33
2022 07 04 01 01 MIN    10
2022 07 04 09 07 MAX    25
2022 07 04 11 20 MIN    24
2022 07 04 17 42 MAX    32
2022 07 05 01 37 MIN    12
2022 07 05 09 35 MAX    26
2022 07 05 12 41 MIN    25
2022 07 05 18 29 MAX    31
2022 07 06 02 11 MIN    15
2022 07 06 09 48 MAX    28
2022 07 06 14 23 MIN    25
2022 07 06 19 27 MAX    30
2022 07 07 02 47 MIN    18
2022 07 07 09 59 MAX    30
2022 07 07 15 46 MIN    24
2022 07 07 20 48 MAX    29
2022 07 08 03 26 MIN    22
2022 07 08 10 12 MAX    33
2022 07 08 16 54 MIN    23
2022 07 08 22 58 MAX    29
2022 07 09 04 10 MIN    26
2022 07 09 10 36 MAX    36
2022 07 09 17 56 MIN    21
2022 07 10 01 15 MAX    31
2022 07 10 05 03 MIN    29
2022 07 10 11 12 MAX    39
2022 07 10 18 56 MIN    18
2022 07 11 02 40 MAX    34
2022 07 11 05 54 MIN    32
2022 07 11 11 55 MAX    41
2022 07 11 19 55 MIN    15
2022 07 12 03 48 MAX    35
2022 07 12 06 54 MIN    33
2022 07 12 12 45 MAX    43
2022 07 12 20 51 MIN    13
2022 07 13 04 54 MAX    35
2022 07 13 07 31 MIN    34
2022 07 13 13 40 MAX    45
2022 07 13 21 47 MIN    11
2022 07 14 05 58 MAX    34
2022 07 14 08 23 MIN    33
2022 07 14 14 33 MAX    45
2022 07 14 22 40 MIN     9
2022 07 15 07 02 MAX    32
2022 07 15 09 21 MIN    31
2022 07 15 15 29 MAX    45
2022 07 15 23 32 MIN     9
2022 07 16 07 38 MAX    31
2022 07 16 10 15 MIN    29
2022 07 16 16 22 MAX    44
2022 07 17 00 21 MIN    10
2022 07 17 08 12 MAX    30
2022 07 17 11 08 MIN    28
2022 07 17 17 15 MAX    41
2022 07 18 01 07 MIN    12
2022 07 18 08 38 MAX    29
2022 07 18 12 25 MIN    26
2022 07 18 18 10 MAX    37
2022 07 19 01 48 MIN    14
2022 07 19 09 03 MAX    30
2022 07 19 13 48 MIN    25
2022 07 19 19 11 MAX    33
2022 07 20 02 26 MIN    18
2022 07 20 09 26 MAX    31
2022 07 20 15 19 MIN    23
2022 07 20 20 29 MAX    30
2022 07 21 03 02 MIN    21
2022 07 21 09 52 MAX    32
2022 07 21 16 44 MIN    21
2022 07 21 22 42 MAX    28
2022 07 22 03 37 MIN    24
2022 07 22 10 24 MAX    34
2022 07 22 17 59 MIN    20
2022 07 23 01 24 MAX    28
2022 07 23 04 11 MIN    27
2022 07 23 10 56 MAX    35
2022 07 23 19 03 MIN    19
2022 07 24 11 29 MAX    36
2022 07 24 19 52 MIN    18
2022 07 25 12 04 MAX    36
2022 07 25 20 33 MIN    17
2022 07 26 12 45 MAX    37
2022 07 26 21 09 MIN    16
2022 07 27 13 28 MAX    38
2022 07 27 21 43 MIN    15
2022 07 28 14 12 MAX    39
2022 07 28 22 17 MIN    14
2022 07 29 14 53 MAX    39
2022 07 29 22 52 MIN    14
2022 07 30 06 13 MAX    29
2022 07 30 08 43 MIN    28
2022 07 30 15 34 MAX    39
2022 07 30 23 24 MIN    13
2022 07 31 06 53 MAX    28
2022 07 31 09 48 MIN    27
2022 07 31 16 12 MAX    38
2022 07 31 23 56 MIN    14
2022 08 01 07 14 MAX    28
2022 08 01 10 47 MIN    26
2022 08 01 16 50 MAX    37
2022 08 02 00 26 MIN    16
2022 08 02 07 24 MAX    29
2022 08 02 11 41 MIN    26
2022 08 02 17 31 MAX    35
2022 08 03 00 53 MIN    18
2022 08 03 07 35 MAX    30
2022 08 03 12 44 MIN    25
2022 08 03 18 18 MAX    33
2022 08 04 01 20 MIN    21
2022 08 04 07 43 MAX    32
2022 08 04 13 53 MIN    24
2022 08 04 19 19 MAX    32
2022 08 05 01 50 MIN    24
2022 08 05 08 08 MAX    34
2022 08 05 15 07 MIN    23
2022 08 05 21 24 MAX    30
2022 08 06 02 26 MIN    27
2022 08 06 08 45 MAX    36
2022 08 06 16 23 MIN    21
2022 08 07 00 25 MAX    31
2022 08 07 03 17 MIN    30
2022 08 07 09 32 MAX    38
2022 08 07 17 38 MIN    19
2022 08 08 10 28 MAX    40
2022 08 08 18 48 MIN    17
2022 08 09 03 18 MAX    35
2022 08 09 05 38 MIN    34
2022 08 09 11 30 MAX    42
2022 08 09 19 50 MIN    15
2022 08 10 04 18 MAX    35
2022 08 10 06 47 MIN    34
2022 08 10 12 35 MAX    44
2022 08 10 20 47 MIN    13
2022 08 11 04 42 MAX    35
2022 08 11 07 43 MIN    33
2022 08 11 13 37 MAX    45
2022 08 11 21 37 MIN    12
2022 08 12 05 13 MAX    34
2022 08 12 08 23 MIN    32
2022 08 12 14 35 MAX    46
2022 08 12 22 25 MIN    12
2022 08 13 05 46 MAX    32
2022 08 13 09 23 MIN    29
2022 08 13 15 28 MAX    45
2022 08 13 23 07 MIN    12
2022 08 14 06 04 MAX    31
2022 08 14 10 15 MIN    27
2022 08 14 16 17 MAX    43
2022 08 14 23 47 MIN    14
2022 08 15 06 16 MAX    31
2022 08 15 11 14 MIN    25
2022 08 15 17 06 MAX    40
2022 08 16 00 24 MIN    16
2022 08 16 06 37 MAX    31
2022 08 16 12 20 MIN    23
2022 08 16 18 00 MAX    35
2022 08 17 00 58 MIN    19
2022 08 17 07 07 MAX    31
2022 08 17 13 33 MIN    21
2022 08 17 19 05 MAX    31
2022 08 18 01 26 MIN    21
2022 08 18 07 30 MAX    32
2022 08 18 14 53 MIN    20
2022 08 18 21 11 MAX    28
2022 08 19 01 50 MIN    24
2022 08 19 08 08 MAX    32
2022 08 19 16 16 MIN    18
2022 08 19 23 34 MAX    27
2022 08 20 01 48 MIN    26
2022 08 20 08 49 MAX    32
2022 08 20 17 34 MIN    17
2022 08 21 09 38 MAX    32
2022 08 21 18 41 MIN    16
2022 08 22 10 36 MAX    33
2022 08 22 19 31 MIN    16
2022 08 23 11 34 MAX    33
2022 08 23 20 12 MIN    15
2022 08 24 04 06 MAX    29
2022 08 24 06 19 MIN    28
2022 08 24 12 33 MAX    35
2022 08 24 20 46 MIN    14
2022 08 25 04 05 MAX    29
2022 08 25 06 46 MIN    28
2022 08 25 13 23 MAX    36
2022 08 25 21 20 MIN    14
2022 08 26 04 20 MAX    29
2022 08 26 07 41 MIN    27
2022 08 26 14 08 MAX    37
2022 08 26 21 51 MIN    13
2022 08 27 04 38 MAX    29
2022 08 27 08 28 MIN    26
2022 08 27 14 50 MAX    38
2022 08 27 22 24 MIN    14
2022 08 28 04 56 MAX    29
2022 08 28 09 13 MIN    25
2022 08 28 15 26 MAX    37
2022 08 28 22 51 MIN    14
2022 08 29 05 09 MAX    29
2022 08 29 09 59 MIN    24
2022 08 29 16 03 MAX    36
2022 08 29 23 19 MIN    16
2022 08 30 05 22 MAX    29
2022 08 30 10 46 MIN    22
2022 08 30 16 42 MAX    35
2022 08 30 23 42 MIN    17
2022 08 31 05 32 MAX    30
2022 08 31 11 35 MIN    21
2022 08 31 17 25 MAX    33
2022 09 01 00 10 MIN    20
2022 09 01 05 51 MAX    31
2022 09 01 12 27 MIN    19
2022 09 01 18 24 MAX    30
2022 09 02 00 36 MIN    22
2022 09 02 06 17 MAX    32
2022 09 02 13 25 MIN    17
2022 09 02 20 11 MAX    28
2022 09 03 01 03 MIN    24
2022 09 03 06 52 MAX    33
2022 09 03 14 40 MIN    16
2022 09 03 22 49 MAX    28
2022 09 04 01 31 MIN    27
2022 09 04 07 42 MAX    33
2022 09 04 16 06 MIN    15
2022 09 05 08 48 MAX    34
2022 09 05 17 31 MIN    14
2022 09 06 10 07 MAX    35
2022 09 06 18 44 MIN    12
2022 09 07 03 12 MAX    31
2022 09 07 05 51 MIN    30
2022 09 07 11 26 MAX    37
2022 09 07 19 43 MIN    11
2022 09 08 03 34 MAX    31
2022 09 08 06 51 MIN    29
2022 09 08 12 40 MAX    39
2022 09 08 20 34 MIN    11
2022 09 09 03 56 MAX    30
2022 09 09 07 44 MIN    27
2022 09 09 13 42 MAX    40
2022 09 09 21 17 MIN    11
2022 09 10 04 04 MAX    30
2022 09 10 08 31 MIN    25
2022 09 10 14 36 MAX    40
2022 09 10 21 56 MIN    12
2022 09 11 04 13 MAX    30
2022 09 11 09 23 MIN    22
2022 09 11 15 26 MAX    39
2022 09 11 22 33 MIN    14
2022 09 12 04 27 MAX    30
2022 09 12 10 14 MIN    20
2022 09 12 16 13 MAX    37
2022 09 12 23 06 MIN    16
2022 09 13 04 47 MAX    30
2022 09 13 11 08 MIN    17
2022 09 13 17 03 MAX    33
2022 09 13 23 38 MIN    18
2022 09 14 05 09 MAX    30
2022 09 14 12 05 MIN    15
2022 09 14 18 00 MAX    29
2022 09 15 00 02 MIN    19
2022 09 15 05 32 MAX    30
2022 09 15 13 06 MIN    13
2022 09 15 19 48 MAX    25
2022 09 16 00 25 MIN    21
2022 09 16 05 59 MAX    29
2022 09 16 14 13 MIN    13
2022 09 16 21 57 MAX    23
2022 09 17 00 28 MIN    22
2022 09 17 06 27 MAX    28
2022 09 17 15 29 MIN    12
2022 09 18 07 05 MAX    27
2022 09 18 16 49 MIN    11
2022 09 19 08 15 MAX    26
2022 09 19 18 02 MIN    11
2022 09 20 09 46 MAX    26
2022 09 20 18 56 MIN    10
2022 09 21 11 06 MAX    27
2022 09 21 19 37 MIN    10
2022 09 22 03 05 MAX    24
2022 09 22 06 22 MIN    22
2022 09 22 12 15 MAX    29
2022 09 22 20 12 MIN    10
2022 09 23 03 13 MAX    25
2022 09 23 07 04 MIN    22
2022 09 23 13 10 MAX    30
2022 09 23 20 44 MIN    11
2022 09 24 03 32 MAX    25
2022 09 24 07 49 MIN    21
2022 09 24 13 59 MAX    32
2022 09 24 21 14 MIN    11
2022 09 25 03 42 MAX    26
2022 09 25 08 31 MIN    20
2022 09 25 14 39 MAX    32
2022 09 25 21 43 MIN    13
2022 09 26 03 50 MAX    27
2022 09 26 09 12 MIN    19
2022 09 26 15 18 MAX    32
2022 09 26 22 09 MIN    14
2022 09 27 03 57 MAX    28
2022 09 27 09 54 MIN    17
2022 09 27 15 59 MAX    31
2022 09 27 22 35 MIN    16
2022 09 28 04 11 MAX    28
2022 09 28 10 36 MIN    14
2022 09 28 16 40 MAX    30
2022 09 28 23 03 MIN    18
2022 09 29 04 30 MAX    29
2022 09 29 11 23 MIN    12
2022 09 29 17 39 MAX    27
2022 09 29 23 29 MIN    19
2022 09 30 04 55 MAX    30
2022 09 30 12 14 MIN    10
2022 09 30 19 18 MAX    25
2022 09 30 23 59 MIN    21
2022 10 01 05 28 MAX    30
2022 10 01 13 11 MIN     8
2022 10 01 21 36 MAX    24
2022 10 02 00 25 MIN    22
2022 10 02 06 09 MAX    29
2022 10 02 14 30 MIN     8
2022 10 03 07 06 MAX    28
2022 10 03 15 59 MIN     8
2022 10 04 08 31 MAX    28
2022 10 04 17 24 MIN     7
2022 10 05 02 17 MAX    25
2022 10 05 04 36 MIN    24
2022 10 05 10 06 MAX    29
2022 10 05 18 32 MIN     7
2022 10 06 02 32 MAX    25
2022 10 06 06 06 MIN    22
2022 10 06 11 29 MAX    30
2022 10 06 19 25 MIN     8
2022 10 07 02 44 MAX    25
2022 10 07 06 56 MIN    21
2022 10 07 12 44 MAX    31
2022 10 07 20 07 MIN     9
2022 10 08 02 50 MAX    26
2022 10 08 07 47 MIN    18
2022 10 08 13 47 MAX    32
2022 10 08 20 45 MIN    11
2022 10 09 02 57 MAX    27
2022 10 09 08 33 MIN    16
2022 10 09 14 40 MAX    32
2022 10 09 21 19 MIN    13
2022 10 10 03 09 MAX    28
2022 10 10 09 21 MIN    13
2022 10 10 15 29 MAX    31
2022 10 10 21 52 MIN    15
2022 10 11 03 27 MAX    28
2022 10 11 10 09 MIN    11
2022 10 11 16 17 MAX    29
2022 10 11 22 23 MIN    17
2022 10 12 03 46 MAX    29
2022 10 12 10 57 MIN     9
2022 10 12 17 13 MAX    26
2022 10 12 22 50 MIN    18
2022 10 13 04 09 MAX    28
2022 10 13 11 44 MIN     7
2022 10 13 18 50 MAX    22
2022 10 13 23 10 MIN    18
2022 10 14 04 32 MAX    26
2022 10 14 12 33 MIN     6
2022 10 14 20 36 MAX    20
2022 10 14 23 22 MIN    18
2022 10 15 04 56 MAX    25
2022 10 15 13 26 MIN     5
2022 10 16 05 25 MAX    23
2022 10 16 14 31 MIN     5
2022 10 17 06 06 MAX    22
2022 10 17 15 46 MIN     5
2022 10 18 07 11 MAX    20
2022 10 18 17 00 MIN     6
2022 10 19 08 52 MAX    20
2022 10 19 17 59 MIN     6
2022 10 20 02 26 MAX    18
2022 10 20 05 12 MIN    17
2022 10 20 10 23 MAX    21
2022 10 20 18 43 MIN     7
2022 10 21 02 13 MAX    20
2022 10 21 06 12 MIN    17
2022 10 21 11 40 MAX    23
2022 10 21 19 20 MIN     8
2022 10 22 02 22 MAX    22
2022 10 22 07 00 MIN    17
2022 10 22 12 49 MAX    24
2022 10 22 19 53 MIN     9
2022 10 23 02 31 MAX    23
2022 10 23 07 42 MIN    16
2022 10 23 13 46 MAX    26
2022 10 23 20 23 MIN    11
2022 10 24 02 36 MAX    25
2022 10 24 08 22 MIN    14
2022 10 24 14 33 MAX    27
2022 10 24 20 52 MIN    14
2022 10 25 02 43 MAX    26
2022 10 25 09 01 MIN    12
2022 10 25 15 18 MAX    27
2022 10 25 21 21 MIN    15
2022 10 26 02 57 MAX    28
2022 10 26 09 42 MIN     9
2022 10 26 16 08 MAX    26
2022 10 26 21 51 MIN    17
2022 10 27 03 18 MAX    29
2022 10 27 10 26 MIN     6
2022 10 27 16 59 MAX    25
2022 10 27 22 23 MIN    18
2022 10 28 03 46 MAX    29
2022 10 28 11 13 MIN     3
2022 10 28 18 42 MAX    22
2022 10 28 22 54 MIN    19
2022 10 29 04 21 MAX    29
2022 10 29 12 08 MIN     2
2022 10 29 20 31 MAX    21
2022 10 29 23 22 MIN    19
2022 10 30 05 01 MAX    28
2022 10 30 13 12 MIN     1
2022 10 30 21 51 MAX    20
2022 10 30 23 38 MIN    19
2022 10 31 05 50 MAX    26
2022 10 31 14 30 MIN     1
2022 11 01 06 57 MAX    25
2022 11 01 15 50 MIN     2
2022 11 02 08 27 MAX    24
2022 11 02 17 02 MIN     3
2022 11 03 01 27 MAX    20
2022 11 03 04 46 MIN    18
2022 11 03 09 57 MAX    24
2022 11 03 18 02 MIN     5
2022 11 04 01 35 MAX    21
2022 11 04 05 57 MIN    16
2022 11 04 11 26 MAX    24
2022 11 04 18 48 MIN     7
2022 11 05 01 42 MAX    22
2022 11 05 06 55 MIN    14
2022 11 05 12 51 MAX    25
2022 11 05 19 27 MIN    10
2022 11 06 01 49 MAX    24
2022 11 06 07 45 MIN    12
2022 11 06 13 58 MAX    25
2022 11 06 20 03 MIN    13
2022 11 07 02 00 MAX    26
2022 11 07 08 33 MIN     9
2022 11 07 14 56 MAX    25
2022 11 07 20 37 MIN    15
2022 11 08 02 16 MAX    27
2022 11 08 09 18 MIN     7
2022 11 08 15 47 MAX    25
2022 11 08 21 10 MIN    17
2022 11 09 02 36 MAX    27
2022 11 09 10 01 MIN     5
2022 11 09 16 49 MAX    23
2022 11 09 21 39 MIN    18
2022 11 10 02 58 MAX    27
2022 11 10 10 42 MIN     3
2022 11 10 18 03 MAX    21
2022 11 10 22 03 MIN    18
2022 11 11 03 23 MAX    26
2022 11 11 11 23 MIN     2
2022 11 11 19 25 MAX    19
2022 11 11 22 17 MIN    17
2022 11 12 03 49 MAX    24
2022 11 12 12 04 MIN     1
2022 11 13 04 19 MAX    22
2022 11 13 12 47 MIN     0
2022 11 14 04 58 MAX    21
2022 11 14 13 40 MIN     1
2022 11 15 05 44 MAX    19
2022 11 15 14 41 MIN     1
2022 11 16 06 46 MAX    18
2022 11 16 15 44 MIN     2
2022 11 17 01 54 MAX    15
2022 11 17 02 56 MIN    14
2022 11 17 08 10 MAX    18
2022 11 17 16 40 MIN     4
2022 11 18 01 04 MAX    16
2022 11 18 04 40 MIN    14
2022 11 18 09 30 MAX    18
2022 11 18 17 27 MIN     6
2022 11 19 01 04 MAX    18
2022 11 19 05 51 MIN    14
2022 11 19 10 56 MAX    18
2022 11 19 18 08 MIN     9
2022 11 20 01 11 MAX    21
2022 11 20 06 42 MIN    13
2022 11 20 12 28 MAX    20
2022 11 20 18 44 MIN    11
2022 11 21 01 14 MAX    23
2022 11 21 07 25 MIN    12
2022 11 21 13 43 MAX    22
2022 11 21 19 20 MIN    14
2022 11 22 01 24 MAX    25
2022 11 22 08 04 MIN     9
2022 11 22 14 42 MAX    23
2022 11 22 19 57 MIN    16
2022 11 23 01 41 MAX    27
2022 11 23 08 46 MIN     6
2022 11 23 15 35 MAX    24
2022 11 23 20 33 MIN    18
2022 11 24 02 08 MAX    29
2022 11 24 09 32 MIN     3
2022 11 24 16 42 MAX    23
2022 11 24 21 09 MIN    19
2022 11 25 02 41 MAX    30
2022 11 25 10 19 MIN     0
2022 11 25 17 59 MAX    22
2022 11 25 21 45 MIN    19
2022 11 26 03 19 MAX    30
2022 11 26 11 12 MIN    -2
2022 11 26 19 25 MAX    20
2022 11 26 22 20 MIN    18
2022 11 27 04 03 MAX    29
2022 11 27 12 09 MIN    -3
2022 11 27 20 53 MAX    18
2022 11 27 22 52 MIN    17
2022 11 28 04 52 MAX    28
2022 11 28 13 12 MIN    -3
2022 11 29 05 49 MAX    26
2022 11 29 14 17 MIN    -2
2022 11 30 06 57 MAX    24
2022 11 30 15 21 MIN     0
2022 12 01 00 04 MAX    16
2022 12 01 02 54 MIN    15
2022 12 01 08 14 MAX    22
2022 12 01 16 19 MIN     3
2022 12 02 00 06 MAX    17
2022 12 02 04 29 MIN    14
2022 12 02 09 39 MAX    20
2022 12 02 17 09 MIN     6
2022 12 03 00 17 MAX    19
2022 12 03 05 48 MIN    11
2022 12 03 11 25 MAX    19
2022 12 03 17 54 MIN     9
2022 12 04 00 33 MAX    22
2022 12 04 06 51 MIN     9
2022 12 04 13 13 MAX    20
2022 12 04 18 34 MIN    13
2022 12 05 00 48 MAX    24
2022 12 05 07 45 MIN     7
2022 12 05 14 27 MAX    21
2022 12 05 19 15 MIN    15
2022 12 06 01 06 MAX    25
2022 12 06 08 32 MIN     5
2022 12 06 15 29 MAX    21
2022 12 06 19 54 MIN    17
2022 12 07 01 30 MAX    26
2022 12 07 09 14 MIN     4
2022 12 07 16 25 MAX    21
2022 12 07 20 28 MIN    18
2022 12 08 01 54 MAX    26
2022 12 08 09 52 MIN     2
2022 12 08 17 23 MAX    20
2022 12 08 20 53 MIN    18
2022 12 09 02 21 MAX    25
2022 12 09 10 29 MIN     0
2022 12 09 18 24 MAX    18
2022 12 09 21 08 MIN    17
2022 12 10 02 55 MAX    25
2022 12 10 11 06 MIN    -1
2022 12 10 19 14 MAX    16
2022 12 10 21 27 MIN    15
2022 12 11 03 29 MAX    23
2022 12 11 11 43 MIN    -2
2022 12 11 19 59 MAX    14
2022 12 11 21 49 MIN    13
2022 12 12 04 10 MAX    22
2022 12 12 12 23 MIN    -2
2022 12 13 04 53 MAX    21
2022 12 13 13 05 MIN    -2
2022 12 13 21 22 MAX    12
2022 12 13 22 54 MIN    11
2022 12 14 05 38 MAX    19
2022 12 14 13 48 MIN    -1
2022 12 15 06 27 MAX    18
2022 12 15 14 32 MIN     1
2022 12 15 22 33 MAX    14
2022 12 16 01 40 MIN    13
2022 12 16 07 25 MAX    17
2022 12 16 15 14 MIN     4
2022 12 16 22 57 MAX    16
2022 12 17 03 55 MIN    13
2022 12 17 08 36 MAX    16
2022 12 17 15 55 MIN     7
2022 12 17 23 13 MAX    18
2022 12 18 05 11 MIN    12
2022 12 18 10 15 MAX    16
2022 12 18 16 37 MIN    11
2022 12 18 23 24 MAX    21
2022 12 19 06 06 MIN    10
2022 12 19 12 33 MAX    17
2022 12 19 17 24 MIN    14
2022 12 19 23 43 MAX    24
2022 12 20 06 56 MIN     8
2022 12 20 14 06 MAX    20
2022 12 20 18 14 MIN    16
2022 12 21 00 13 MAX    26
2022 12 21 07 45 MIN     5
2022 12 21 15 11 MAX    21
2022 12 21 19 05 MIN    18
2022 12 22 00 49 MAX    28
2022 12 22 08 34 MIN     2
2022 12 22 16 09 MAX    22
2022 12 22 19 53 MIN    19
2022 12 23 01 32 MAX    30
2022 12 23 09 25 MIN    -1
2022 12 23 17 10 MAX    22
2022 12 23 20 37 MIN    19
2022 12 24 02 19 MAX    31
2022 12 24 10 17 MIN    -4
2022 12 24 18 19 MAX    20
2022 12 24 21 18 MIN    18
2022 12 25 03 08 MAX    31
2022 12 25 11 11 MIN    -5
2022 12 25 19 24 MAX    18
2022 12 25 21 51 MIN    17
2022 12 26 04 00 MAX    30
2022 12 26 12 04 MIN    -6
2022 12 26 20 21 MAX    16
2022 12 26 22 40 MIN    15
2022 12 27 04 53 MAX    28
2022 12 27 12 57 MIN    -5
2022 12 27 21 00 MAX    15
2022 12 27 23 32 MIN    14
2022 12 28 05 49 MAX    26
2022 12 28 13 47 MIN    -3
2022 12 28 21 30 MAX    15
2022 12 29 01 04 MIN    12
2022 12 29 06 49 MAX    22
2022 12 29 14 34 MIN     0
2022 12 29 21 56 MAX    15
2022 12 30 02 40 MIN    11
2022 12 30 07 57 MAX    19
2022 12 30 15 17 MIN     4
2022 12 30 22 17 MAX    17
2022 12 31 04 13 MIN     9
2022 12 31 09 29 MAX    16
2022 12 31 15 58 MIN     8
2022 12 31 22 43 MAX    19
