<TOPS - 조위예측극치자료>

대상조위관측소 : 후포
위도(WGS84) : N  36도 40분 39초
경도(WGS84) : E 129도 27분 11초
관측기간 : 2022-01-01 00:00:00 ~ 2022-12-31 23:59:00

2021 12 01 00 41 MAX    19
2021 12 01 06 51 MIN    10
2021 12 01 13 17 MAX    19
2021 12 01 19 13 MIN    12
2021 12 02 00 57 MAX    20
2021 12 02 07 36 MIN     7
2021 12 02 14 44 MAX    20
2021 12 02 19 55 MIN    15
2021 12 03 01 21 MAX    22
2021 12 03 08 23 MIN     4
2021 12 03 16 07 MAX    21
2021 12 03 20 33 MIN    17
2021 12 04 01 53 MAX    25
2021 12 04 09 14 MIN     2
2021 12 04 17 29 MAX    23
2021 12 04 21 10 MIN    20
2021 12 05 02 31 MAX    27
2021 12 05 10 07 MIN     0
2021 12 05 18 41 MAX    24
2021 12 05 21 44 MIN    21
2021 12 06 03 14 MAX    29
2021 12 06 11 04 MIN     0
2021 12 06 19 44 MAX    24
2021 12 06 22 19 MIN    22
2021 12 07 04 00 MAX    30
2021 12 07 12 05 MIN     1
2021 12 07 20 41 MAX    23
2021 12 07 22 57 MIN    22
2021 12 08 04 50 MAX    30
2021 12 08 13 07 MIN     2
2021 12 09 05 45 MAX    29
2021 12 09 14 08 MIN     4
2021 12 10 06 49 MAX    26
2021 12 10 15 07 MIN     6
2021 12 10 23 01 MAX    20
2021 12 11 03 02 MIN    19
2021 12 11 08 09 MAX    23
2021 12 11 16 03 MIN     7
2021 12 11 23 30 MAX    20
2021 12 12 04 35 MIN    16
2021 12 12 09 40 MAX    20
2021 12 12 16 55 MIN     9
2021 12 12 23 51 MAX    19
2021 12 13 05 52 MIN    12
2021 12 13 11 17 MAX    17
2021 12 13 17 41 MIN    10
2021 12 14 00 08 MAX    18
2021 12 14 06 52 MIN     9
2021 12 14 13 01 MAX    16
2021 12 14 18 20 MIN    11
2021 12 15 00 22 MAX    18
2021 12 15 07 40 MIN     6
2021 12 15 14 34 MAX    15
2021 12 15 18 52 MIN    12
2021 12 16 00 34 MAX    17
2021 12 16 08 19 MIN     4
2021 12 16 15 55 MAX    15
2021 12 16 19 17 MIN    13
2021 12 17 00 48 MAX    18
2021 12 17 08 53 MIN     2
2021 12 17 17 06 MAX    15
2021 12 17 19 35 MIN    14
2021 12 18 01 07 MAX    18
2021 12 18 09 26 MIN     1
2021 12 19 01 36 MAX    19
2021 12 19 10 01 MIN     1
2021 12 19 18 50 MAX    16
2021 12 19 20 15 MIN    15
2021 12 20 02 15 MAX    20
2021 12 20 10 38 MIN     1
2021 12 21 02 58 MAX    21
2021 12 21 11 17 MIN     1
2021 12 22 03 40 MAX    22
2021 12 22 11 57 MIN     1
2021 12 23 04 21 MAX    22
2021 12 23 12 37 MIN     2
2021 12 23 20 51 MAX    16
2021 12 23 23 13 MIN    15
2021 12 24 05 00 MAX    21
2021 12 24 13 18 MIN     2
2021 12 24 21 27 MAX    16
2021 12 25 00 07 MIN    15
2021 12 25 05 42 MAX    20
2021 12 25 14 01 MIN     3
2021 12 25 22 00 MAX    15
2021 12 26 01 18 MIN    14
2021 12 26 06 30 MAX    17
2021 12 26 14 49 MIN     4
2021 12 26 22 25 MAX    15
2021 12 27 03 00 MIN    12
2021 12 27 07 37 MAX    15
2021 12 27 15 42 MIN     5
2021 12 27 22 41 MAX    14
2021 12 28 04 28 MIN     9
2021 12 28 09 21 MAX    13
2021 12 28 16 39 MIN     6
2021 12 28 22 56 MAX    14
2021 12 29 05 32 MIN     5
2021 12 29 11 51 MAX    12
2021 12 29 17 35 MIN     8
2021 12 29 23 18 MAX    15
2021 12 30 06 27 MIN     2
2021 12 30 14 12 MAX    13
2021 12 30 18 26 MIN    10
2021 12 30 23 50 MAX    16
2021 12 31 07 20 MIN    -2
2021 12 31 15 37 MAX    14
2021 12 31 19 11 MIN    12
2022 01 01 00 27 MAX    18
2022 01 01 08 13 MIN    -5
2022 01 01 16 47 MAX    16
2022 01 01 19 48 MIN    14
2022 01 02 01 18 MAX    21
2022 01 02 09 08 MIN    -6
2022 01 02 17 58 MAX    16
2022 01 02 20 28 MIN    15
2022 01 03 02 08 MAX    23
2022 01 03 10 05 MIN    -6
2022 01 03 18 48 MAX    17
2022 01 03 20 56 MIN    16
2022 01 04 03 00 MAX    24
2022 01 04 11 00 MIN    -6
2022 01 04 19 55 MAX    16
2022 01 04 21 56 MIN    15
2022 01 05 03 54 MAX    25
2022 01 05 11 57 MIN    -4
2022 01 05 20 20 MAX    16
2022 01 05 22 41 MIN    15
2022 01 06 04 47 MAX    24
2022 01 06 12 49 MIN    -3
2022 01 06 20 54 MAX    15
2022 01 06 23 46 MIN    14
2022 01 07 05 42 MAX    22
2022 01 07 13 38 MIN    -1
2022 01 07 21 17 MAX    15
2022 01 08 01 06 MIN    12
2022 01 08 06 41 MAX    19
2022 01 08 14 24 MIN     1
2022 01 08 21 40 MAX    14
2022 01 09 02 36 MIN    10
2022 01 09 07 52 MAX    15
2022 01 09 15 08 MIN     3
2022 01 09 22 01 MAX    13
2022 01 10 04 05 MIN     7
2022 01 10 09 24 MAX    12
2022 01 10 15 48 MIN     5
2022 01 10 22 21 MAX    12
2022 01 11 05 25 MIN     4
2022 01 11 11 23 MAX     9
2022 01 11 16 27 MIN     6
2022 01 11 22 39 MAX    12
2022 01 12 06 26 MIN     0
2022 01 12 13 59 MAX     8
2022 01 12 16 47 MIN     7
2022 01 12 22 52 MAX    11
2022 01 13 07 18 MIN    -2
2022 01 13 23 08 MAX    11
2022 01 14 07 59 MIN    -4
2022 01 14 23 32 MAX    11
2022 01 15 08 33 MIN    -6
2022 01 16 00 18 MAX    12
2022 01 16 09 11 MIN    -6
2022 01 17 01 11 MAX    13
2022 01 17 09 48 MIN    -6
2022 01 18 02 04 MAX    14
2022 01 18 10 26 MIN    -6
2022 01 19 02 52 MAX    15
2022 01 19 11 03 MIN    -6
2022 01 19 19 08 MAX     9
2022 01 19 21 13 MIN     8
2022 01 20 03 34 MAX    15
2022 01 20 11 41 MIN    -5
2022 01 20 19 36 MAX     9
2022 01 20 22 11 MIN     8
2022 01 21 04 15 MAX    15
2022 01 21 12 14 MIN    -5
2022 01 21 20 01 MAX     9
2022 01 21 23 09 MIN     7
2022 01 22 04 56 MAX    14
2022 01 22 12 48 MIN    -4
2022 01 22 20 21 MAX     9
2022 01 23 00 05 MIN     6
2022 01 23 05 42 MAX    13
2022 01 23 13 26 MIN    -2
2022 01 23 20 35 MAX     9
2022 01 24 01 14 MIN     5
2022 01 24 06 37 MAX    10
2022 01 24 13 59 MIN    -1
2022 01 24 20 45 MAX     8
2022 01 25 02 32 MIN     2
2022 01 25 07 53 MAX     8
2022 01 25 14 40 MIN     1
2022 01 25 21 01 MAX     9
2022 01 26 03 54 MIN    -1
2022 01 26 10 07 MAX     6
2022 01 26 15 27 MIN     3
2022 01 26 21 30 MAX     9
2022 01 27 05 07 MIN    -4
2022 01 27 13 34 MAX     6
2022 01 27 16 16 MIN     5
2022 01 27 22 09 MAX    10
2022 01 28 06 10 MIN    -8
2022 01 28 15 33 MAX     7
2022 01 28 17 38 MIN     6
2022 01 28 22 56 MAX    11
2022 01 29 07 11 MIN   -10
2022 01 29 16 32 MAX     8
2022 01 29 18 32 MIN     7
2022 01 29 23 58 MAX    13
2022 01 30 08 08 MIN   -12
2022 01 30 17 05 MAX     9
2022 01 30 19 02 MIN     8
2022 01 31 01 04 MAX    15
2022 01 31 09 06 MIN   -12
2022 01 31 17 51 MAX     9
2022 01 31 19 57 MIN     8
2022 02 01 02 03 MAX    16
2022 02 01 09 59 MIN   -12
2022 02 01 18 28 MAX     9
2022 02 01 21 00 MIN     7
2022 02 02 03 00 MAX    17
2022 02 02 10 50 MIN   -11
2022 02 02 18 58 MAX     8
2022 02 02 21 48 MIN     7
2022 02 03 03 53 MAX    17
2022 02 03 11 38 MIN    -9
2022 02 03 19 17 MAX     8
2022 02 03 22 51 MIN     5
2022 02 04 04 45 MAX    16
2022 02 04 12 20 MIN    -7
2022 02 04 19 33 MAX     8
2022 02 04 23 53 MIN     4
2022 02 05 05 37 MAX    14
2022 02 05 12 58 MIN    -5
2022 02 05 19 49 MAX     8
2022 02 06 01 03 MIN     2
2022 02 06 06 38 MAX    10
2022 02 06 13 32 MIN    -3
2022 02 06 20 06 MAX     8
2022 02 07 02 18 MIN     0
2022 02 07 07 54 MAX     7
2022 02 07 14 04 MIN    -1
2022 02 07 20 22 MAX     7
2022 02 08 03 32 MIN    -2
2022 02 08 09 43 MAX     4
2022 02 08 14 26 MIN     1
2022 02 08 20 35 MAX     6
2022 02 09 04 44 MIN    -5
2022 02 09 20 48 MAX     6
2022 02 10 05 49 MIN    -7
2022 02 10 21 04 MAX     5
2022 02 11 06 39 MIN   -10
2022 02 11 21 43 MAX     5
2022 02 12 07 25 MIN   -11
2022 02 12 22 43 MAX     5
2022 02 13 08 06 MIN   -12
2022 02 13 23 59 MAX     6
2022 02 14 08 46 MIN   -12
2022 02 15 01 09 MAX     7
2022 02 15 09 25 MIN   -12
2022 02 15 17 49 MAX     2
2022 02 15 19 50 MIN     1
2022 02 16 02 03 MAX     8
2022 02 16 10 03 MIN   -12
2022 02 16 17 42 MAX     3
2022 02 16 20 42 MIN     1
2022 02 17 02 50 MAX     9
2022 02 17 10 40 MIN   -11
2022 02 17 18 09 MAX     3
2022 02 17 21 32 MIN     1
2022 02 18 03 32 MAX     9
2022 02 18 11 14 MIN   -10
2022 02 18 18 24 MAX     4
2022 02 18 22 22 MIN     1
2022 02 19 04 16 MAX     9
2022 02 19 11 48 MIN    -8
2022 02 19 18 35 MAX     4
2022 02 19 23 14 MIN     0
2022 02 20 05 03 MAX     8
2022 02 20 12 20 MIN    -6
2022 02 20 18 33 MAX     5
2022 02 21 00 08 MIN    -2
2022 02 21 05 55 MAX     7
2022 02 21 12 48 MIN    -4
2022 02 21 18 53 MAX     5
2022 02 22 01 09 MIN    -4
2022 02 22 07 05 MAX     5
2022 02 22 13 15 MIN    -2
2022 02 22 19 11 MAX     6
2022 02 23 02 18 MIN    -7
2022 02 23 09 18 MAX     3
2022 02 23 13 40 MIN     0
2022 02 23 19 43 MAX     6
2022 02 24 03 36 MIN    -9
2022 02 24 20 24 MAX     7
2022 02 25 04 50 MIN   -11
2022 02 25 21 22 MAX     8
2022 02 26 06 00 MIN   -13
2022 02 26 22 29 MAX     8
2022 02 27 07 06 MIN   -14
2022 02 27 23 51 MAX     9
2022 02 28 08 04 MIN   -15
2022 02 28 16 58 MAX     4
2022 02 28 19 22 MIN     3
2022 03 01 01 05 MAX    10
2022 03 01 08 58 MIN   -14
2022 03 01 17 10 MAX     4
2022 03 01 20 16 MIN     2
2022 03 02 02 09 MAX    11
2022 03 02 09 45 MIN   -13
2022 03 02 17 25 MAX     4
2022 03 02 21 08 MIN     1
2022 03 03 03 03 MAX    11
2022 03 03 10 28 MIN   -11
2022 03 03 17 36 MAX     4
2022 03 03 22 02 MIN     0
2022 03 04 03 55 MAX    11
2022 03 04 11 06 MIN    -9
2022 03 04 17 41 MAX     5
2022 03 04 22 57 MIN    -1
2022 03 05 04 44 MAX    10
2022 03 05 11 39 MIN    -7
2022 03 05 17 59 MAX     5
2022 03 05 23 54 MIN    -3
2022 03 06 05 40 MAX     8
2022 03 06 12 12 MIN    -4
2022 03 06 18 07 MAX     6
2022 03 07 00 53 MIN    -5
2022 03 07 06 58 MAX     5
2022 03 07 12 37 MIN    -2
2022 03 07 18 22 MAX     6
2022 03 08 01 53 MIN    -6
2022 03 08 08 37 MAX     3
2022 03 08 12 55 MIN     0
2022 03 08 18 34 MAX     6
2022 03 09 02 56 MIN    -8
2022 03 09 10 26 MAX     2
2022 03 09 12 36 MIN     1
2022 03 09 18 48 MAX     5
2022 03 10 03 56 MIN    -9
2022 03 10 19 04 MAX     5
2022 03 11 04 56 MIN   -11
2022 03 11 19 36 MAX     4
2022 03 12 05 52 MIN   -12
2022 03 12 20 31 MAX     3
2022 03 13 06 44 MIN   -12
2022 03 13 22 09 MAX     3
2022 03 14 07 29 MIN   -13
2022 03 14 16 20 MAX     1
2022 03 14 18 30 MIN     0
2022 03 14 23 37 MAX     3
2022 03 15 08 11 MIN   -13
2022 03 15 16 09 MAX     1
2022 03 15 19 11 MIN     0
2022 03 16 00 55 MAX     4
2022 03 16 08 53 MIN   -12
2022 03 16 16 13 MAX     2
2022 03 16 20 07 MIN    -1
2022 03 17 02 00 MAX     6
2022 03 17 09 32 MIN   -11
2022 03 17 16 38 MAX     2
2022 03 17 20 52 MIN    -1
2022 03 18 02 49 MAX     7
2022 03 18 10 07 MIN   -10
2022 03 18 16 49 MAX     3
2022 03 18 21 39 MIN    -2
2022 03 19 03 37 MAX     7
2022 03 19 10 40 MIN    -8
2022 03 19 16 57 MAX     4
2022 03 19 22 26 MIN    -3
2022 03 20 04 26 MAX     8
2022 03 20 11 14 MIN    -5
2022 03 20 17 01 MAX     6
2022 03 20 23 13 MIN    -5
2022 03 21 05 30 MAX     7
2022 03 21 11 45 MIN    -2
2022 03 21 17 21 MAX     7
2022 03 22 00 04 MIN    -7
2022 03 22 07 00 MAX     6
2022 03 22 12 13 MIN     1
2022 03 22 17 43 MAX     9
2022 03 23 01 06 MIN    -8
2022 03 23 08 56 MAX     6
2022 03 23 12 34 MIN     3
2022 03 23 18 14 MAX    10
2022 03 24 02 11 MIN   -10
2022 03 24 10 41 MAX     6
2022 03 24 12 35 MIN     5
2022 03 24 18 50 MAX    10
2022 03 25 03 24 MIN   -11
2022 03 25 19 40 MAX    10
2022 03 26 04 39 MIN   -11
2022 03 26 20 55 MAX    10
2022 03 27 05 51 MIN   -12
2022 03 27 15 19 MAX     7
2022 03 27 17 15 MIN     6
2022 03 27 22 23 MAX     9
2022 03 28 06 56 MIN   -11
2022 03 28 15 36 MAX     6
2022 03 28 18 35 MIN     5
2022 03 29 00 02 MAX    10
2022 03 29 07 50 MIN   -11
2022 03 29 15 44 MAX     6
2022 03 29 19 37 MIN     3
2022 03 30 01 15 MAX    10
2022 03 30 08 37 MIN    -9
2022 03 30 15 52 MAX     6
2022 03 30 20 29 MIN     1
2022 03 31 02 15 MAX    10
2022 03 31 09 17 MIN    -7
2022 03 31 16 00 MAX     6
2022 03 31 21 19 MIN     0
2022 04 01 03 09 MAX    10
2022 04 01 09 52 MIN    -5
2022 04 01 16 06 MAX     7
2022 04 01 22 06 MIN    -2
2022 04 02 04 05 MAX     9
2022 04 02 10 22 MIN    -3
2022 04 02 16 19 MAX     8
2022 04 02 22 56 MIN    -3
2022 04 03 05 00 MAX     9
2022 04 03 10 54 MIN     0
2022 04 03 16 34 MAX     9
2022 04 03 23 45 MIN    -4
2022 04 04 06 22 MAX     8
2022 04 04 11 17 MIN     2
2022 04 04 16 49 MAX    10
2022 04 05 00 33 MIN    -5
2022 04 05 07 55 MAX     7
2022 04 05 11 40 MIN     5
2022 04 05 17 04 MAX    10
2022 04 06 01 22 MIN    -6
2022 04 06 09 20 MAX     7
2022 04 06 11 39 MIN     6
2022 04 06 17 18 MAX    10
2022 04 07 02 15 MIN    -7
2022 04 07 17 36 MAX    10
2022 04 08 03 07 MIN    -7
2022 04 08 18 09 MAX    10
2022 04 09 04 03 MIN    -7
2022 04 09 18 52 MAX     9
2022 04 10 05 00 MIN    -7
2022 04 10 20 01 MAX     8
2022 04 11 05 54 MIN    -7
2022 04 11 21 35 MAX     7
2022 04 12 06 44 MIN    -7
2022 04 12 14 49 MAX     6
2022 04 12 18 41 MIN     4
2022 04 12 23 21 MAX     7
2022 04 13 07 29 MIN    -7
2022 04 13 14 52 MAX     7
2022 04 13 19 26 MIN     3
2022 04 14 00 52 MAX     8
2022 04 14 08 11 MIN    -6
2022 04 14 15 10 MAX     7
2022 04 14 20 08 MIN     2
2022 04 15 01 56 MAX     9
2022 04 15 08 51 MIN    -4
2022 04 15 15 20 MAX     8
2022 04 15 20 50 MIN     1
2022 04 16 02 55 MAX    10
2022 04 16 09 30 MIN    -1
2022 04 16 15 26 MAX    10
2022 04 16 21 31 MIN    -1
2022 04 17 03 57 MAX    11
2022 04 17 10 05 MIN     2
2022 04 17 15 44 MAX    11
2022 04 17 22 19 MIN    -2
2022 04 18 05 11 MAX    12
2022 04 18 10 37 MIN     5
2022 04 18 16 03 MAX    14
2022 04 18 23 07 MIN    -4
2022 04 19 06 50 MAX    13
2022 04 19 11 05 MIN     8
2022 04 19 16 29 MAX    16
2022 04 19 23 57 MIN    -6
2022 04 20 08 15 MAX    13
2022 04 20 11 34 MIN    11
2022 04 20 17 01 MAX    18
2022 04 21 00 58 MIN    -6
2022 04 21 09 36 MAX    14
2022 04 21 11 48 MIN    13
2022 04 21 17 38 MAX    19
2022 04 22 02 04 MIN    -6
2022 04 22 18 24 MAX    19
2022 04 23 03 14 MIN    -5
2022 04 23 19 26 MAX    18
2022 04 24 04 27 MIN    -4
2022 04 24 20 49 MAX    16
2022 04 25 05 35 MIN    -3
2022 04 25 14 20 MAX    13
2022 04 25 17 35 MIN    12
2022 04 25 22 34 MAX    15
2022 04 26 06 34 MIN    -2
2022 04 26 14 23 MAX    13
2022 04 26 18 51 MIN     9
2022 04 27 00 06 MAX    14
2022 04 27 07 21 MIN    -1
2022 04 27 14 29 MAX    13
2022 04 27 19 46 MIN     7
2022 04 28 01 23 MAX    14
2022 04 28 08 01 MIN     1
2022 04 28 14 36 MAX    13
2022 04 28 20 35 MIN     5
2022 04 29 02 26 MAX    14
2022 04 29 08 37 MIN     4
2022 04 29 14 43 MAX    14
2022 04 29 21 19 MIN     3
2022 04 30 03 33 MAX    13
2022 04 30 09 07 MIN     6
2022 04 30 14 57 MAX    15
2022 04 30 22 04 MIN     2
2022 05 01 04 44 MAX    13
2022 05 01 09 33 MIN     8
2022 05 01 15 12 MAX    16
2022 05 01 22 45 MIN     1
2022 05 02 06 05 MAX    14
2022 05 02 10 00 MIN    11
2022 05 02 15 28 MAX    17
2022 05 02 23 25 MIN     0
2022 05 03 07 26 MAX    14
2022 05 03 10 17 MIN    13
2022 05 03 15 45 MAX    18
2022 05 04 00 07 MIN     0
2022 05 04 08 34 MAX    15
2022 05 04 10 28 MIN    14
2022 05 04 16 06 MAX    19
2022 05 05 00 49 MIN     0
2022 05 05 16 30 MAX    19
2022 05 06 01 34 MIN     0
2022 05 06 17 03 MAX    19
2022 05 07 02 25 MIN     0
2022 05 07 17 37 MAX    18
2022 05 08 03 14 MIN     1
2022 05 08 18 24 MAX    17
2022 05 09 04 10 MIN     1
2022 05 09 19 28 MAX    16
2022 05 10 05 01 MIN     2
2022 05 10 13 19 MAX    15
2022 05 10 17 30 MIN    13
2022 05 10 20 41 MAX    14
2022 05 11 05 51 MIN     3
2022 05 11 13 32 MAX    15
2022 05 11 18 34 MIN    12
2022 05 11 22 50 MAX    14
2022 05 12 06 40 MIN     4
2022 05 12 13 45 MAX    15
2022 05 12 19 14 MIN    10
2022 05 13 00 40 MAX    14
2022 05 13 07 25 MIN     6
2022 05 13 13 53 MAX    16
2022 05 13 19 53 MIN     8
2022 05 14 02 08 MAX    15
2022 05 14 08 06 MIN     8
2022 05 14 14 05 MAX    17
2022 05 14 20 31 MIN     5
2022 05 15 03 26 MAX    17
2022 05 15 08 46 MIN    11
2022 05 15 14 21 MAX    19
2022 05 15 21 15 MIN     3
2022 05 16 04 50 MAX    19
2022 05 16 09 21 MIN    14
2022 05 16 14 46 MAX    22
2022 05 16 22 02 MIN     1
2022 05 17 06 18 MAX    21
2022 05 17 09 56 MIN    18
2022 05 17 15 17 MAX    25
2022 05 17 22 54 MIN     0
2022 05 18 07 31 MAX    22
2022 05 18 10 25 MIN    20
2022 05 18 15 52 MAX    27
2022 05 18 23 51 MIN     0
2022 05 19 08 38 MAX    23
2022 05 19 10 46 MIN    22
2022 05 19 16 34 MAX    29
2022 05 20 00 52 MIN     1
2022 05 20 17 21 MAX    29
2022 05 21 01 56 MIN     2
2022 05 21 18 18 MAX    29
2022 05 22 03 02 MIN     4
2022 05 22 19 29 MAX    27
2022 05 23 04 07 MIN     6
2022 05 23 13 15 MAX    21
2022 05 23 16 01 MIN    20
2022 05 23 20 57 MAX    24
2022 05 24 05 07 MIN     8
2022 05 24 12 56 MAX    21
2022 05 24 17 35 MIN    18
2022 05 24 22 37 MAX    22
2022 05 25 05 57 MIN     9
2022 05 25 13 06 MAX    21
2022 05 25 18 47 MIN    15
2022 05 26 00 14 MAX    20
2022 05 26 06 40 MIN    11
2022 05 26 13 16 MAX    21
2022 05 26 19 43 MIN    12
2022 05 27 01 44 MAX    19
2022 05 27 07 16 MIN    13
2022 05 27 13 27 MAX    21
2022 05 27 20 31 MIN    10
2022 05 28 03 06 MAX    19
2022 05 28 07 46 MIN    15
2022 05 28 13 39 MAX    22
2022 05 28 21 12 MIN     8
2022 05 29 04 32 MAX    19
2022 05 29 08 11 MIN    17
2022 05 29 13 54 MAX    23
2022 05 29 21 51 MIN     7
2022 05 30 05 55 MAX    20
2022 05 30 08 28 MIN    19
2022 05 30 14 10 MAX    24
2022 05 30 22 28 MIN     7
2022 05 31 14 28 MAX    25
2022 05 31 23 04 MIN     7
2022 06 01 15 01 MAX    27
2022 06 01 23 42 MIN     7
2022 06 02 15 36 MAX    28
2022 06 03 00 22 MIN     7
2022 06 03 16 11 MAX    28
2022 06 04 01 02 MIN     8
2022 06 04 16 52 MAX    28
2022 06 05 01 44 MIN     9
2022 06 05 17 32 MAX    27
2022 06 06 02 30 MIN     9
2022 06 06 18 10 MAX    25
2022 06 07 03 16 MIN    10
2022 06 07 18 57 MAX    23
2022 06 08 04 04 MIN    11
2022 06 08 12 03 MAX    22
2022 06 08 16 45 MIN    20
2022 06 08 20 15 MAX    21
2022 06 09 04 56 MIN    12
2022 06 09 12 12 MAX    22
2022 06 09 17 57 MIN    18
2022 06 09 22 29 MAX    20
2022 06 10 05 45 MIN    14
2022 06 10 12 19 MAX    23
2022 06 10 18 42 MIN    15
2022 06 11 01 01 MAX    20
2022 06 11 06 34 MIN    16
2022 06 11 12 33 MAX    24
2022 06 11 19 25 MIN    12
2022 06 12 02 52 MAX    22
2022 06 12 07 18 MIN    19
2022 06 12 12 55 MAX    26
2022 06 12 20 10 MIN     9
2022 06 13 04 18 MAX    24
2022 06 13 07 58 MIN    22
2022 06 13 13 23 MAX    28
2022 06 13 20 59 MIN     7
2022 06 14 05 35 MAX    26
2022 06 14 08 36 MIN    24
2022 06 14 14 01 MAX    31
2022 06 14 21 50 MIN     5
2022 06 15 06 42 MAX    28
2022 06 15 08 58 MIN    27
2022 06 15 14 46 MAX    34
2022 06 15 22 47 MIN     5
2022 06 16 07 44 MAX    29
2022 06 16 09 29 MIN    28
2022 06 16 15 34 MAX    36
2022 06 16 23 45 MIN     6
2022 06 17 08 52 MAX    29
2022 06 17 10 13 MIN    28
2022 06 17 16 25 MAX    37
2022 06 18 00 45 MIN     8
2022 06 18 17 19 MAX    37
2022 06 19 01 43 MIN    10
2022 06 19 18 18 MAX    35
2022 06 20 02 39 MIN    12
2022 06 20 11 16 MAX    27
2022 06 20 13 46 MIN    26
2022 06 20 19 27 MAX    32
2022 06 21 03 32 MIN    14
2022 06 21 11 10 MAX    27
2022 06 21 15 44 MIN    24
2022 06 21 20 54 MAX    29
2022 06 22 04 22 MIN    16
2022 06 22 11 27 MAX    27
2022 06 22 17 20 MIN    21
2022 06 22 22 35 MAX    25
2022 06 23 05 07 MIN    18
2022 06 23 11 45 MAX    27
2022 06 23 18 36 MIN    18
2022 06 24 00 39 MAX    24
2022 06 24 05 46 MIN    20
2022 06 24 12 02 MAX    27
2022 06 24 19 34 MIN    15
2022 06 25 02 43 MAX    23
2022 06 25 06 21 MIN    21
2022 06 25 12 19 MAX    27
2022 06 25 20 21 MIN    13
2022 06 26 12 32 MAX    27
2022 06 26 21 02 MIN    12
2022 06 27 12 52 MAX    28
2022 06 27 21 36 MIN    11
2022 06 28 13 17 MAX    29
2022 06 28 22 12 MIN    11
2022 06 29 13 52 MAX    30
2022 06 29 22 46 MIN    11
2022 06 30 14 42 MAX    32
2022 06 30 23 22 MIN    11
2022 07 01 15 25 MAX    33
2022 07 01 23 59 MIN    12
2022 07 02 16 05 MAX    33
2022 07 03 00 36 MIN    13
2022 07 03 16 45 MAX    33
2022 07 04 01 11 MIN    14
2022 07 04 17 20 MAX    31
2022 07 05 01 44 MIN    14
2022 07 05 09 58 MAX    26
2022 07 05 12 29 MIN    25
2022 07 05 18 00 MAX    29
2022 07 06 02 20 MIN    16
2022 07 06 10 10 MAX    26
2022 07 06 14 05 MIN    24
2022 07 06 18 55 MAX    27
2022 07 07 03 00 MIN    17
2022 07 07 10 20 MAX    26
2022 07 07 15 51 MIN    22
2022 07 07 20 22 MAX    24
2022 07 08 03 43 MIN    19
2022 07 08 10 30 MAX    26
2022 07 08 17 09 MIN    19
2022 07 08 23 05 MAX    23
2022 07 09 04 34 MIN    21
2022 07 09 10 48 MAX    27
2022 07 09 18 06 MIN    15
2022 07 10 02 22 MAX    24
2022 07 10 05 32 MIN    23
2022 07 10 11 16 MAX    28
2022 07 10 19 00 MIN    12
2022 07 11 03 52 MAX    26
2022 07 11 06 24 MIN    25
2022 07 11 11 59 MAX    31
2022 07 11 19 54 MIN    10
2022 07 12 04 55 MAX    28
2022 07 12 07 01 MIN    27
2022 07 12 12 45 MAX    33
2022 07 12 20 48 MIN     8
2022 07 13 13 41 MAX    36
2022 07 13 21 46 MIN     8
2022 07 14 06 56 MAX    30
2022 07 14 08 19 MIN    29
2022 07 14 14 35 MAX    38
2022 07 14 22 42 MIN     8
2022 07 15 15 31 MAX    40
2022 07 15 23 39 MIN    10
2022 07 16 08 16 MAX    30
2022 07 16 09 49 MIN    29
2022 07 16 16 24 MAX    40
2022 07 17 00 31 MIN    12
2022 07 17 08 54 MAX    29
2022 07 17 11 01 MIN    28
2022 07 17 17 18 MAX    39
2022 07 18 01 18 MIN    14
2022 07 18 09 03 MAX    29
2022 07 18 12 15 MIN    27
2022 07 18 18 15 MAX    36
2022 07 19 02 03 MIN    16
2022 07 19 09 20 MAX    29
2022 07 19 13 46 MIN    26
2022 07 19 19 23 MAX    32
2022 07 20 02 44 MIN    19
2022 07 20 09 39 MAX    29
2022 07 20 15 29 MIN    23
2022 07 20 20 53 MAX    28
2022 07 21 03 23 MIN    21
2022 07 21 10 00 MAX    29
2022 07 21 16 59 MIN    20
2022 07 21 23 04 MAX    25
2022 07 22 03 54 MIN    23
2022 07 22 10 20 MAX    28
2022 07 22 18 16 MIN    17
2022 07 23 10 42 MAX    28
2022 07 23 19 18 MIN    15
2022 07 24 11 03 MAX    28
2022 07 24 20 05 MIN    13
2022 07 25 11 27 MAX    28
2022 07 25 20 44 MIN    12
2022 07 26 12 12 MAX    29
2022 07 26 21 18 MIN    11
2022 07 27 13 02 MAX    30
2022 07 27 21 53 MIN    11
2022 07 28 13 51 MAX    31
2022 07 28 22 30 MIN    12
2022 07 29 14 37 MAX    32
2022 07 29 23 03 MIN    12
2022 07 30 15 21 MAX    33
2022 07 30 23 36 MIN    13
2022 07 31 16 00 MAX    33
2022 08 01 00 06 MIN    14
2022 08 01 07 57 MAX    26
2022 08 01 10 14 MIN    25
2022 08 01 16 37 MAX    32
2022 08 02 00 34 MIN    15
2022 08 02 08 06 MAX    26
2022 08 02 11 25 MIN    24
2022 08 02 17 18 MAX    31
2022 08 03 00 58 MIN    16
2022 08 03 08 10 MAX    26
2022 08 03 12 29 MIN    23
2022 08 03 18 04 MAX    29
2022 08 04 01 28 MIN    18
2022 08 04 08 14 MAX    26
2022 08 04 13 44 MIN    21
2022 08 04 19 11 MAX    26
2022 08 05 01 58 MIN    20
2022 08 05 08 28 MAX    26
2022 08 05 15 15 MIN    19
2022 08 05 21 12 MAX    24
2022 08 06 02 23 MIN    22
2022 08 06 08 52 MAX    27
2022 08 06 16 35 MIN    16
2022 08 07 09 30 MAX    28
2022 08 07 17 45 MIN    13
2022 08 08 10 23 MAX    30
2022 08 08 18 47 MIN    10
2022 08 09 11 21 MAX    31
2022 08 09 19 48 MIN     9
2022 08 10 12 35 MAX    34
2022 08 10 20 45 MIN     8
2022 08 11 05 55 MAX    28
2022 08 11 07 06 MIN    27
2022 08 11 13 40 MAX    36
2022 08 11 21 40 MIN     8
2022 08 12 14 37 MAX    37
2022 08 12 22 31 MIN     9
2022 08 13 06 56 MAX    27
2022 08 13 09 09 MIN    26
2022 08 13 15 32 MAX    38
2022 08 13 23 19 MIN    11
2022 08 14 07 03 MAX    27
2022 08 14 10 09 MIN    25
2022 08 14 16 24 MAX    37
2022 08 15 00 01 MIN    13
2022 08 15 07 09 MAX    27
2022 08 15 11 13 MIN    24
2022 08 15 17 17 MAX    35
2022 08 16 00 40 MIN    16
2022 08 16 07 20 MAX    28
2022 08 16 12 24 MIN    23
2022 08 16 18 16 MAX    32
2022 08 17 01 14 MIN    18
2022 08 17 07 35 MAX    28
2022 08 17 13 43 MIN    21
2022 08 17 19 37 MAX    28
2022 08 18 01 47 MIN    21
2022 08 18 07 54 MAX    28
2022 08 18 15 06 MIN    19
2022 08 18 21 30 MAX    25
2022 08 19 02 07 MIN    23
2022 08 19 08 11 MAX    28
2022 08 19 16 28 MIN    16
2022 08 20 08 30 MAX    27
2022 08 20 17 42 MIN    14
2022 08 21 08 45 MAX    26
2022 08 21 18 44 MIN    12
2022 08 22 09 30 MAX    26
2022 08 22 19 34 MIN    11
2022 08 23 10 39 MAX    26
2022 08 23 20 15 MIN    10
2022 08 24 12 02 MAX    27
2022 08 24 20 52 MIN    10
2022 08 25 13 05 MAX    28
2022 08 25 21 27 MIN    10
2022 08 26 13 55 MAX    29
2022 08 26 22 03 MIN    11
2022 08 27 14 39 MAX    30
2022 08 27 22 35 MIN    12
2022 08 28 05 46 MAX    23
2022 08 28 08 30 MIN    22
2022 08 28 15 18 MAX    30
2022 08 28 23 05 MIN    13
2022 08 29 06 03 MAX    23
2022 08 29 09 47 MIN    21
2022 08 29 15 59 MAX    30
2022 08 29 23 30 MIN    14
2022 08 30 06 02 MAX    24
2022 08 30 10 38 MIN    21
2022 08 30 16 41 MAX    29
2022 08 30 23 57 MIN    16
2022 08 31 05 58 MAX    25
2022 08 31 11 30 MIN    19
2022 08 31 17 28 MAX    28
2022 09 01 00 21 MIN    18
2022 09 01 06 09 MAX    26
2022 09 01 12 31 MIN    18
2022 09 01 18 31 MAX    26
2022 09 02 00 43 MIN    20
2022 09 02 06 34 MAX    26
2022 09 02 13 37 MIN    16
2022 09 02 20 38 MAX    24
2022 09 03 01 02 MIN    22
2022 09 03 07 00 MAX    27
2022 09 03 14 55 MIN    14
2022 09 04 07 39 MAX    28
2022 09 04 16 16 MIN    12
2022 09 05 08 32 MAX    28
2022 09 05 17 33 MIN    10
2022 09 06 09 52 MAX    29
2022 09 06 18 41 MIN     8
2022 09 07 11 18 MAX    30
2022 09 07 19 43 MIN     8
2022 09 08 12 41 MAX    32
2022 09 08 20 37 MIN     8
2022 09 09 04 52 MAX    25
2022 09 09 07 19 MIN    24
2022 09 09 13 46 MAX    33
2022 09 09 21 26 MIN     9
2022 09 10 05 03 MAX    24
2022 09 10 08 30 MIN    22
2022 09 10 14 42 MAX    34
2022 09 10 22 09 MIN    11
2022 09 11 04 56 MAX    25
2022 09 11 09 23 MIN    21
2022 09 11 15 34 MAX    33
2022 09 11 22 47 MIN    13
2022 09 12 05 09 MAX    25
2022 09 12 10 19 MIN    19
2022 09 12 16 26 MAX    32
2022 09 12 23 19 MIN    15
2022 09 13 05 20 MAX    26
2022 09 13 11 19 MIN    18
2022 09 13 17 24 MAX    30
2022 09 13 23 53 MIN    18
2022 09 14 05 35 MAX    27
2022 09 14 12 22 MIN    17
2022 09 14 18 45 MAX    27
2022 09 15 00 19 MIN    20
2022 09 15 05 48 MAX    28
2022 09 15 13 27 MIN    15
2022 09 15 20 26 MAX    25
2022 09 16 00 39 MIN    22
2022 09 16 06 10 MAX    27
2022 09 16 14 35 MIN    14
2022 09 16 22 37 MAX    24
2022 09 17 00 29 MIN    23
2022 09 17 06 21 MAX    27
2022 09 17 15 44 MIN    13
2022 09 18 06 33 MAX    26
2022 09 18 16 53 MIN    12
2022 09 19 06 46 MAX    25
2022 09 19 17 56 MIN    11
2022 09 20 07 48 MAX    24
2022 09 20 18 49 MIN    10
2022 09 21 10 17 MAX    24
2022 09 21 19 32 MIN     9
2022 09 22 11 46 MAX    24
2022 09 22 20 11 MIN     9
2022 09 23 03 44 MAX    21
2022 09 23 06 31 MIN    20
2022 09 23 12 59 MAX    25
2022 09 23 20 49 MIN    10
2022 09 24 03 47 MAX    21
2022 09 24 07 31 MIN    19
2022 09 24 13 52 MAX    26
2022 09 24 21 23 MIN    11
2022 09 25 04 03 MAX    21
2022 09 25 08 21 MIN    18
2022 09 25 14 38 MAX    27
2022 09 25 21 54 MIN    12
2022 09 26 04 09 MAX    22
2022 09 26 09 08 MIN    17
2022 09 26 15 22 MAX    27
2022 09 26 22 25 MIN    14
2022 09 27 04 17 MAX    23
2022 09 27 09 53 MIN    16
2022 09 27 16 09 MAX    27
2022 09 27 22 52 MIN    16
2022 09 28 04 31 MAX    24
2022 09 28 10 41 MIN    15
2022 09 28 16 59 MAX    27
2022 09 28 23 15 MIN    18
2022 09 29 04 45 MAX    26
2022 09 29 11 28 MIN    13
2022 09 29 18 18 MAX    26
2022 09 29 23 45 MIN    21
2022 09 30 05 08 MAX    27
2022 09 30 12 25 MIN    12
2022 09 30 20 22 MAX    25
2022 10 01 00 05 MIN    23
2022 10 01 05 35 MAX    28
2022 10 01 13 29 MIN    11
2022 10 02 06 10 MAX    29
2022 10 02 14 44 MIN    10
2022 10 03 06 57 MAX    29
2022 10 03 16 05 MIN     9
2022 10 04 08 13 MAX    29
2022 10 04 17 22 MIN     9
2022 10 05 09 49 MAX    28
2022 10 05 18 30 MIN     8
2022 10 06 03 37 MAX    24
2022 10 06 06 05 MIN    23
2022 10 06 11 27 MAX    28
2022 10 06 19 28 MIN     9
2022 10 07 03 16 MAX    24
2022 10 07 07 01 MIN    21
2022 10 07 12 50 MAX    29
2022 10 07 20 15 MIN    10
2022 10 08 03 20 MAX    23
2022 10 08 07 51 MIN    19
2022 10 08 13 53 MAX    29
2022 10 08 20 53 MIN    11
2022 10 09 03 16 MAX    24
2022 10 09 08 42 MIN    17
2022 10 09 14 49 MAX    29
2022 10 09 21 31 MIN    14
2022 10 10 03 24 MAX    25
2022 10 10 09 31 MIN    15
2022 10 10 15 46 MAX    28
2022 10 10 22 03 MIN    16
2022 10 11 03 41 MAX    26
2022 10 11 10 23 MIN    14
2022 10 11 16 48 MAX    27
2022 10 11 22 31 MIN    18
2022 10 12 04 01 MAX    27
2022 10 12 11 11 MIN    12
2022 10 12 18 07 MAX    26
2022 10 12 23 03 MIN    21
2022 10 13 04 20 MAX    28
2022 10 13 12 05 MIN    12
2022 10 13 19 40 MAX    25
2022 10 13 23 26 MIN    23
2022 10 14 04 39 MAX    28
2022 10 14 12 58 MIN    11
2022 10 14 21 05 MAX    25
2022 10 14 23 27 MIN    24
2022 10 15 04 56 MAX    28
2022 10 15 13 53 MIN    11
2022 10 16 05 11 MAX    27
2022 10 16 14 52 MIN    11
2022 10 17 05 32 MAX    26
2022 10 17 15 56 MIN    10
2022 10 18 06 22 MAX    25
2022 10 18 16 56 MIN    10
2022 10 19 03 14 MAX    23
2022 10 19 04 17 MIN    22
2022 10 19 07 14 MAX    23
2022 10 19 17 51 MIN    10
2022 10 20 09 40 MAX    22
2022 10 20 18 39 MIN    10
2022 10 21 02 12 MAX    21
2022 10 21 06 16 MIN    19
2022 10 21 11 31 MAX    22
2022 10 21 19 21 MIN    10
2022 10 22 02 18 MAX    21
2022 10 22 07 02 MIN    17
2022 10 22 12 47 MAX    22
2022 10 22 19 59 MIN    11
2022 10 23 02 31 MAX    21
2022 10 23 07 43 MIN    16
2022 10 23 13 50 MAX    23
2022 10 23 20 34 MIN    12
2022 10 24 02 40 MAX    22
2022 10 24 08 23 MIN    14
2022 10 24 14 48 MAX    23
2022 10 24 21 08 MIN    14
2022 10 25 02 52 MAX    23
2022 10 25 09 03 MIN    12
2022 10 25 15 47 MAX    24
2022 10 25 21 39 MIN    16
2022 10 26 03 08 MAX    24
2022 10 26 09 48 MIN    11
2022 10 26 16 54 MAX    25
2022 10 26 22 12 MIN    19
2022 10 27 03 30 MAX    26
2022 10 27 10 32 MIN     9
2022 10 27 18 28 MAX    26
2022 10 27 22 44 MIN    22
2022 10 28 03 56 MAX    28
2022 10 28 11 23 MIN     8
2022 10 28 19 50 MAX    26
2022 10 28 23 08 MIN    24
2022 10 29 04 28 MAX    30
2022 10 29 12 18 MIN     7
2022 10 29 21 16 MAX    26
2022 10 29 23 27 MIN    25
2022 10 30 05 05 MAX    31
2022 10 30 13 23 MIN     7
2022 10 31 05 49 MAX    31
2022 10 31 14 35 MIN     8
2022 11 01 06 48 MAX    30
2022 11 01 15 51 MIN     8
2022 11 02 08 11 MAX    28
2022 11 02 17 03 MIN     9
2022 11 03 01 54 MAX    24
2022 11 03 04 47 MIN    23
2022 11 03 10 02 MAX    27
2022 11 03 18 06 MIN    10
2022 11 04 01 48 MAX    23
2022 11 04 06 08 MIN    20
2022 11 04 11 39 MAX    26
2022 11 04 18 56 MIN    11
2022 11 05 01 48 MAX    23
2022 11 05 07 07 MIN    17
2022 11 05 13 00 MAX    25
2022 11 05 19 38 MIN    13
2022 11 06 01 54 MAX    23
2022 11 06 07 58 MIN    14
2022 11 06 14 07 MAX    25
2022 11 06 20 12 MIN    14
2022 11 07 02 05 MAX    24
2022 11 07 08 46 MIN    12
2022 11 07 15 13 MAX    24
2022 11 07 20 43 MIN    16
2022 11 08 02 22 MAX    25
2022 11 08 09 30 MIN    10
2022 11 08 16 20 MAX    24
2022 11 08 21 13 MIN    18
2022 11 09 02 42 MAX    26
2022 11 09 10 15 MIN     9
2022 11 09 17 44 MAX    23
2022 11 09 21 41 MIN    20
2022 11 10 03 01 MAX    26
2022 11 10 10 57 MIN     8
2022 11 10 19 03 MAX    24
2022 11 10 22 04 MIN    22
2022 11 11 03 23 MAX    27
2022 11 11 11 42 MIN     8
2022 11 11 20 12 MAX    24
2022 11 11 22 16 MIN    23
2022 11 12 03 43 MAX    27
2022 11 12 12 27 MIN     8
2022 11 12 21 12 MAX    24
2022 11 12 22 23 MIN    23
2022 11 13 04 10 MAX    27
2022 11 13 13 15 MIN     8
2022 11 14 04 47 MAX    27
2022 11 14 14 04 MIN     9
2022 11 15 05 29 MAX    26
2022 11 15 14 59 MIN     9
2022 11 16 06 17 MAX    24
2022 11 16 15 54 MIN     9
2022 11 17 00 31 MAX    21
2022 11 17 03 12 MIN    20
2022 11 17 07 24 MAX    22
2022 11 17 16 48 MIN     9
2022 11 18 00 37 MAX    20
2022 11 18 05 02 MIN    18
2022 11 18 09 00 MAX    20
2022 11 18 17 36 MIN    10
2022 11 19 00 46 MAX    20
2022 11 19 06 05 MIN    16
2022 11 19 10 51 MAX    18
2022 11 19 18 22 MIN    10
2022 11 20 01 01 MAX    20
2022 11 20 06 49 MIN    13
2022 11 20 12 40 MAX    18
2022 11 20 19 04 MIN    11
2022 11 21 01 14 MAX    20
2022 11 21 07 29 MIN    11
2022 11 21 14 05 MAX    19
2022 11 21 19 44 MIN    13
2022 11 22 01 28 MAX    21
2022 11 22 08 06 MIN     8
2022 11 22 15 22 MAX    20
2022 11 22 20 22 MIN    15
2022 11 23 01 47 MAX    22
2022 11 23 08 48 MIN     6
2022 11 23 16 34 MAX    22
2022 11 23 20 58 MIN    18
2022 11 24 02 12 MAX    24
2022 11 24 09 33 MIN     4
2022 11 24 17 50 MAX    23
2022 11 24 21 31 MIN    20
2022 11 25 02 47 MAX    27
2022 11 25 10 23 MIN     3
2022 11 25 19 02 MAX    24
2022 11 25 22 01 MIN    22
2022 11 26 03 23 MAX    29
2022 11 26 11 14 MIN     2
2022 11 26 20 08 MAX    25
2022 11 26 22 22 MIN    24
2022 11 27 04 07 MAX    31
2022 11 27 12 15 MIN     3
2022 11 28 04 54 MAX    31
2022 11 28 13 17 MIN     4
2022 11 29 05 48 MAX    30
2022 11 29 14 23 MIN     5
2022 11 30 06 55 MAX    28
2022 11 30 15 28 MIN     7
2022 11 30 23 46 MAX    22
2022 12 01 02 30 MIN    21
2022 12 01 08 20 MAX    25
2022 12 01 16 30 MIN     9
2022 12 02 00 01 MAX    21
2022 12 02 04 42 MIN    18
2022 12 02 10 04 MAX    23
2022 12 02 17 24 MIN    10
2022 12 03 00 11 MAX    21
2022 12 03 06 03 MIN    14
2022 12 03 11 46 MAX    21
2022 12 03 18 10 MIN    12
2022 12 04 00 25 MAX    21
2022 12 04 07 04 MIN    10
2022 12 04 13 24 MAX    19
2022 12 04 18 49 MIN    13
2022 12 05 00 43 MAX    21
2022 12 05 07 55 MIN     7
2022 12 05 14 47 MAX    19
2022 12 05 19 23 MIN    15
2022 12 06 01 02 MAX    21
2022 12 06 08 40 MIN     5
2022 12 06 16 12 MAX    18
2022 12 06 19 53 MIN    16
2022 12 07 01 25 MAX    22
2022 12 07 09 22 MIN     4
2022 12 07 17 25 MAX    19
2022 12 07 20 20 MIN    17
2022 12 08 01 44 MAX    22
2022 12 08 10 01 MIN     3
2022 12 08 18 52 MAX    19
2022 12 08 20 42 MIN    18
2022 12 09 02 12 MAX    23
2022 12 09 10 41 MIN     3
2022 12 10 02 45 MAX    24
2022 12 10 11 21 MIN     3
2022 12 11 03 18 MAX    24
2022 12 11 12 02 MIN     4
2022 12 12 03 58 MAX    24
2022 12 12 12 43 MIN     4
2022 12 13 04 43 MAX    24
2022 12 13 13 25 MIN     5
2022 12 13 21 52 MAX    18
2022 12 13 23 27 MIN    17
2022 12 14 05 24 MAX    22
2022 12 14 14 08 MIN     5
2022 12 14 22 33 MAX    17
2022 12 15 00 41 MIN    16
2022 12 15 06 10 MAX    20
2022 12 15 14 49 MIN     6
2022 12 15 22 33 MAX    17
2022 12 16 02 34 MIN    15
2022 12 16 07 01 MAX    17
2022 12 16 15 37 MIN     6
2022 12 16 23 00 MAX    16
2022 12 17 04 19 MIN    13
2022 12 17 08 23 MAX    15
2022 12 17 16 24 MIN     7
2022 12 17 23 17 MAX    16
2022 12 18 05 30 MIN    10
2022 12 18 10 29 MAX    13
2022 12 18 17 15 MIN     8
2022 12 18 23 33 MAX    16
2022 12 19 06 19 MIN     7
2022 12 19 13 06 MAX    13
2022 12 19 18 02 MIN    10
2022 12 19 23 51 MAX    16
2022 12 20 07 00 MIN     3
2022 12 20 14 51 MAX    14
2022 12 20 18 50 MIN    12
2022 12 21 00 15 MAX    17
2022 12 21 07 43 MIN     0
2022 12 21 16 04 MAX    16
2022 12 21 19 35 MIN    14
2022 12 22 00 49 MAX    19
2022 12 22 08 31 MIN    -2
2022 12 22 17 08 MAX    18
2022 12 22 20 12 MIN    16
2022 12 23 01 34 MAX    22
2022 12 23 09 20 MIN    -4
2022 12 23 18 12 MAX    19
2022 12 23 20 50 MIN    17
2022 12 24 02 18 MAX    24
2022 12 24 10 16 MIN    -4
2022 12 24 19 22 MAX    19
2022 12 24 21 22 MIN    18
2022 12 25 03 08 MAX    26
2022 12 25 11 11 MIN    -4
2022 12 25 20 18 MAX    19
2022 12 25 21 59 MIN    18
2022 12 26 04 00 MAX    27
2022 12 26 12 09 MIN    -3
2022 12 27 04 55 MAX    27
2022 12 27 13 06 MIN    -1
2022 12 28 05 54 MAX    25
2022 12 28 14 01 MIN     1
2022 12 28 21 46 MAX    17
2022 12 29 01 05 MIN    15
2022 12 29 07 01 MAX    22
2022 12 29 14 52 MIN     4
2022 12 29 22 05 MAX    16
2022 12 30 02 55 MIN    12
2022 12 30 08 24 MAX    19
2022 12 30 15 40 MIN     6
2022 12 30 22 23 MAX    16
2022 12 31 04 30 MIN     9
2022 12 31 10 08 MAX    15
2022 12 31 16 25 MIN     8
2022 12 31 22 45 MAX    16
